ID	Elements	Generation	Position	Velocity	F_damp	F_b_best	F_h_best	F_g_best	F_b_worst	F_h_worst	F_g_worst	mut_prob	flip_prob	mut_rate	v_max	v_min	Activity	Velocity_mag	Flag	Distance
0	['Pt', 'Pd', 'Au', 'Ru', 'Rh', 'Ir', 'Re', 'Os']	0	[0.79 0.03 0.03 0.03 0.03 0.03 0.03 0.03]	[-0.187  0.027  0.027  0.027  0.027  0.027  0.027  0.027]	0.67	1.95	1.4	0.12	0.07	0.31	0.04	0.32	0.17	0.43	0.2		0.4429187652207028	0.2	False	0.569
1	['Pt', 'Pd', 'Au', 'Ru', 'Rh', 'Ir', 'Re', 'Os']	0	[0.03 0.79 0.03 0.03 0.03 0.03 0.03 0.03]	[ 0.027 -0.187  0.027  0.027  0.027  0.027  0.027  0.027]	0.67	1.95	1.4	0.12	0.07	0.31	0.04	0.32	0.17	0.43	0.2		0.20560014505118765	0.2	False	0.689
2	['Pt', 'Pd', 'Au', 'Ru', 'Rh', 'Ir', 'Re', 'Os']	0	[0.03 0.03 0.79 0.03 0.03 0.03 0.03 0.03]	[ 0.027  0.027 -0.187  0.027  0.027  0.027  0.027  0.027]	0.67	1.95	1.4	0.12	0.07	0.31	0.04	0.32	0.17	0.43	0.2		0.2149894158498778	0.2	False	0.632
3	['Pt', 'Pd', 'Au', 'Ru', 'Rh', 'Ir', 'Re', 'Os']	0	[0.03 0.03 0.03 0.79 0.03 0.03 0.03 0.03]	[ 0.027  0.027  0.027 -0.187  0.027  0.027  0.027  0.027]	0.67	1.95	1.4	0.12	0.07	0.31	0.04	0.32	0.17	0.43	0.2		0.12265296114671781	0.2	False	0.925
4	['Pt', 'Pd', 'Au', 'Ru', 'Rh', 'Ir', 'Re', 'Os']	0	[0.03 0.03 0.03 0.03 0.79 0.03 0.03 0.03]	[ 0.027  0.027  0.027  0.027 -0.187  0.027  0.027  0.027]	0.67	1.95	1.4	0.12	0.07	0.31	0.04	0.32	0.17	0.43	0.2		0.2961943697576309	0.2	False	0.925
5	['Pt', 'Pd', 'Au', 'Ru', 'Rh', 'Ir', 'Re', 'Os']	0	[0.03 0.03 0.03 0.03 0.03 0.79 0.03 0.03]	[ 0.027  0.027  0.027  0.027  0.027 -0.187  0.027  0.027]	0.67	1.95	1.4	0.12	0.07	0.31	0.04	0.32	0.17	0.43	0.2		0.3414716944973704	0.2	False	0.925
6	['Pt', 'Pd', 'Au', 'Ru', 'Rh', 'Ir', 'Re', 'Os']	0	[0.03 0.03 0.03 0.03 0.03 0.03 0.79 0.03]	[ 0.027  0.027  0.027  0.027  0.027  0.027 -0.187  0.027]	0.67	1.95	1.4	0.12	0.07	0.31	0.04	0.32	0.17	0.43	0.2		0.3145140039050876	0.2	False	0.925
7	['Pt', 'Pd', 'Au', 'Ru', 'Rh', 'Ir', 'Re', 'Os']	0	[0.03 0.03 0.03 0.03 0.03 0.03 0.03 0.79]	[ 0.027  0.027  0.027  0.027  0.027  0.027  0.027 -0.187]	0.67	1.95	1.4	0.12	0.07	0.31	0.04	0.32	0.17	0.43	0.2		0.32838217395326336	0.2	False	0.839
0	['Pt', 'Pd', 'Au', 'Ru', 'Rh', 'Ir', 'Re', 'Os']	1	[0.856 0.001 0.001 0.137 0.001 0.001 0.002 0.   ]	[ 0.08  -0.038 -0.038  0.156 -0.038 -0.038 -0.043 -0.04 ]	0.67	1.95	1.4	0.12	0.07	0.31	0.04	0.32	0.17	0.43	0.2		0.39777230913196016	0.2	False	0.66
1	['Pt', 'Pd', 'Au', 'Ru', 'Rh', 'Ir', 'Re', 'Os']	1	[0.179 0.66  0.032 0.002 0.032 0.032 0.033 0.031]	[ 0.149 -0.13   0.002 -0.028  0.002  0.002  0.003  0.001]	0.67	1.95	1.4	0.12	0.07	0.31	0.04	0.32	0.17	0.43	0.2		0.3680007569737521	0.2	False	0.526
2	['Pt', 'Pd', 'Au', 'Ru', 'Rh', 'Ir', 'Re', 'Os']	1	[0.188 0.027 0.672 0.002 0.027 0.027 0.027 0.027]	[ 0.152 -0.01  -0.126  0.024 -0.01  -0.01  -0.01  -0.01 ]	0.67	1.95	1.4	0.12	0.07	0.31	0.04	0.32	0.17	0.43	0.2		0.3675846192138039	0.2	False	0.471
3	['Pt', 'Pd', 'Au', 'Ru', 'Rh', 'Ir', 'Re', 'Os']	1	[0.165 0.032 0.032 0.643 0.032 0.032 0.032 0.032]	[ 0.135  0.002  0.002 -0.147  0.002  0.002  0.002  0.002]	0.67	1.95	1.4	0.12	0.07	0.31	0.04	0.32	0.17	0.43	0.2		0.1706877881880471	0.2	False	0.758
4	['Pt', 'Pd', 'Au', 'Ru', 'Rh', 'Ir', 'Re', 'Os']	1	[0.18  0.032 0.032 0.001 0.661 0.032 0.032 0.032]	[ 0.143 -0.006 -0.006  0.023 -0.138 -0.006 -0.006 -0.006]	0.67	1.95	1.4	0.12	0.07	0.31	0.04	0.32	0.17	0.43	0.2		0.3056247716307394	0.2	False	0.769
5	['Pt', 'Pd', 'Au', 'Ru', 'Rh', 'Ir', 'Re', 'Os']	1	[0.183 0.03  0.03  0.001 0.03  0.666 0.03  0.031]	[ 0.146 -0.008 -0.008  0.024 -0.008 -0.132 -0.008 -0.007]	0.67	1.95	1.4	0.12	0.07	0.31	0.04	0.32	0.17	0.43	0.2		0.33548934740473707	0.199	False	0.774
6	['Pt', 'Pd', 'Au', 'Ru', 'Rh', 'Ir', 'Re', 'Os']	1	[0.18  0.033 0.033 0.001 0.029 0.033 0.661 0.033]	[ 0.143 -0.005 -0.005  0.023 -0.009 -0.005 -0.138 -0.005]	0.67	1.95	1.4	0.12	0.07	0.31	0.04	0.32	0.17	0.43	0.2		0.31091897875361024	0.2	False	0.769
7	['Pt', 'Pd', 'Au', 'Ru', 'Rh', 'Ir', 'Re', 'Os']	1	[0.18  0.03  0.03  0.008 0.03  0.03  0.03  0.66 ]	[ 0.15   0.     0.    -0.022  0.     0.     0.    -0.13 ]	0.67	1.95	1.4	0.12	0.07	0.31	0.04	0.32	0.17	0.43	0.2		0.37046217960045896	0.2	False	0.683
0	['Pt', 'Pd', 'Au', 'Ru', 'Rh', 'Ir', 'Re', 'Os']	2	[0.961 0.004 0.004 0.023 0.004 0.001 0.002 0.003]	[ 0.089 -0.039 -0.039  0.15  -0.039 -0.042 -0.042 -0.039]	0.67	1.95	1.4	0.12	0.07	0.31	0.04	0.32	0.17	0.43	0.2		0.37550430676762575	0.2	False	0.729
1	['Pt', 'Pd', 'Au', 'Ru', 'Rh', 'Ir', 'Re', 'Os']	2	[0.343 0.55  0.017 0.012 0.017 0.02  0.018 0.027]	[ 0.164 -0.111 -0.016  0.011 -0.016 -0.013 -0.016 -0.005]	0.67	1.95	1.4	0.12	0.07	0.31	0.04	0.32	0.17	0.43	0.2		0.6012258607008731	0.2	False	0.42
2	['Pt', 'Pd', 'Au', 'Ru', 'Rh', 'Ir', 'Re', 'Os']	2	[0.345 0.021 0.549 0.001 0.021 0.022 0.021 0.02 ]	[ 0.156 -0.007 -0.124  0.002 -0.007 -0.006 -0.007 -0.008]	0.67	1.95	1.4	0.12	0.07	0.31	0.04	0.32	0.17	0.43	0.2		0.6043279750713545	0.2	False	0.35
3	['Pt', 'Pd', 'Au', 'Ru', 'Rh', 'Ir', 'Re', 'Os']	2	[0.323 0.027 0.027 0.521 0.027 0.027 0.025 0.026]	[ 0.158 -0.005 -0.005 -0.122 -0.005 -0.005 -0.007 -0.006]	0.67	1.95	1.4	0.12	0.07	0.31	0.04	0.32	0.17	0.43	0.2		0.30869406400263744	0.2	False	0.636
4	['Pt', 'Pd', 'Au', 'Ru', 'Rh', 'Ir', 'Re', 'Os']	2	[0.32  0.031 0.031 0.009 0.518 0.03  0.031 0.031]	[ 0.14  -0.001 -0.001  0.008 -0.143 -0.002 -0.001 -0.001]	0.67	1.95	1.4	0.12	0.07	0.31	0.04	0.32	0.17	0.43	0.2		0.3276459395036016	0.2	False	0.629
5	['Pt', 'Pd', 'Au', 'Ru', 'Rh', 'Ir', 'Re', 'Os']	2	[0.306 0.001 0.001 0.    0.002 0.69  0.001 0.001]	[ 0.181 -0.021 -0.028 -0.061 -0.031  0.013 -0.028 -0.026]	0.67	1.95	1.4	0.12	0.07	0.31	0.04	0.32	0.17	0.43	0.2		0.34765480541520016	0.201	False	0.8
6	['Pt', 'Pd', 'Au', 'Ru', 'Rh', 'Ir', 'Re', 'Os']	2	[0.258 0.001 0.001 0.004 0.001 0.004 0.736 0.001]	[ 0.107 -0.011 -0.011 -0.037 -0.014 -0.126  0.103 -0.011]	0.67	1.95	1.4	0.12	0.07	0.31	0.04	0.32	0.17	0.43	0.2		0.32331511650471345	0.2	False	0.843
7	['Pt', 'Pd', 'Au', 'Ru', 'Rh', 'Ir', 'Re', 'Os']	2	[0.336 0.022 0.033 0.002 0.022 0.022 0.023 0.536]	[ 0.154 -0.01   0.001  0.007 -0.01  -0.01  -0.009 -0.126]	0.67	1.95	1.4	0.12	0.07	0.31	0.04	0.32	0.17	0.43	0.2		0.4482883656718161	0.2	False	0.561
0	['Pt', 'Pd', 'Au', 'Ru', 'Rh', 'Ir', 'Re', 'Os']	3	[0.812 0.013 0.136 0.009 0.012 0.01  0.011 0.001]	[-0.15   0.008  0.131 -0.015  0.007  0.008  0.008  0.003]	0.67	1.95	1.4	0.12	0.07	0.31	0.04	0.32	0.17	0.43	0.2		0.4772622702818947	0.2	False	0.554
1	['Pt', 'Pd', 'Au', 'Ru', 'Rh', 'Ir', 'Re', 'Os']	3	[0.355 0.414 0.153 0.036 0.008 0.011 0.01  0.017]	[ 0.01  -0.14   0.136  0.037 -0.011 -0.011 -0.01  -0.012]	0.67	1.95	1.4	0.12	0.07	0.31	0.04	0.32	0.17	0.43	0.2		0.8692692597529115	0.2	False	0.239
2	['Pt', 'Pd', 'Au', 'Ru', 'Rh', 'Ir', 'Re', 'Os']	3	[0.37  0.001 0.525 0.102 0.001 0.    0.    0.001]	[ 0.09  -0.05   0.032  0.133 -0.053 -0.05  -0.051 -0.051]	0.67	1.95	1.4	0.12	0.07	0.31	0.04	0.32	0.17	0.43	0.2		0.6152987906438352	0.2	False	0.365
3	['Pt', 'Pd', 'Au', 'Ru', 'Rh', 'Ir', 'Re', 'Os']	3	[0.351 0.024 0.157 0.372 0.028 0.025 0.023 0.024]	[ 0.028 -0.003  0.13  -0.149  0.001 -0.002 -0.002 -0.002]	0.67	1.95	1.4	0.12	0.07	0.31	0.04	0.32	0.17	0.43	0.2		0.45249102447946676	0.2	False	0.467
4	['Pt', 'Pd', 'Au', 'Ru', 'Rh', 'Ir', 'Re', 'Os']	3	[0.364 0.038 0.09  0.019 0.376 0.037 0.037 0.038]	[ 0.051  0.009  0.106 -0.036 -0.157  0.009  0.008  0.009]	0.67	1.95	1.4	0.12	0.07	0.31	0.04	0.32	0.17	0.43	0.2		0.3785060274472781	0.2	False	0.487
5	['Pt', 'Pd', 'Au', 'Ru', 'Rh', 'Ir', 'Re', 'Os']	3	[0.365 0.011 0.073 0.004 0.01  0.52  0.01  0.01 ]	[ 0.068  0.015  0.059 -0.006  0.013 -0.177  0.014  0.014]	0.67	1.95	1.4	0.12	0.07	0.31	0.04	0.32	0.17	0.43	0.2		0.32736352381087735	0.2	False	0.623
6	['Pt', 'Pd', 'Au', 'Ru', 'Rh', 'Ir', 'Re', 'Os']	3	[0.269 0.002 0.118 0.03  0.002 0.002 0.582 0.001]	[ 0.021 -0.011  0.13   0.033 -0.011 -0.004 -0.147 -0.01 ]	0.67	1.95	1.4	0.12	0.07	0.31	0.04	0.32	0.17	0.43	0.2		0.33212354888152984	0.201	False	0.671
7	['Pt', 'Pd', 'Au', 'Ru', 'Rh', 'Ir', 'Re', 'Os']	3	[0.369 0.018 0.145 0.033 0.018 0.019 0.02  0.377]	[ 0.034 -0.004  0.113  0.026 -0.004 -0.003 -0.003 -0.16 ]	0.67	1.95	1.4	0.12	0.07	0.31	0.04	0.32	0.17	0.43	0.2		0.5892635524943659	0.201	False	0.396
0	['Pt', 'Pd', 'Au', 'Ru', 'Rh', 'Ir', 'Re', 'Os']	4	[0.662 0.134 0.174 0.002 0.005 0.024 0.004 0.001]	[-0.153  0.12   0.037 -0.009 -0.009  0.026 -0.009 -0.004]	0.67	1.95	1.4	0.12	0.07	0.31	0.04	0.32	0.17	0.43	0.2		0.6848272552595706	0.2	False	0.37
1	['Pt', 'Pd', 'Au', 'Ru', 'Rh', 'Ir', 'Re', 'Os']	4	[0.307 0.356 0.185 0.031 0.011 0.104 0.01  0.001]	[-0.008 -0.02   0.091 -0.045 -0.04   0.143 -0.061 -0.059]	0.67	1.95	1.4	0.12	0.07	0.31	0.04	0.32	0.17	0.43	0.2		0.7655869423264029	0.2	False	0.219
2	['Pt', 'Pd', 'Au', 'Ru', 'Rh', 'Ir', 'Re', 'Os']	4	[0.361 0.13  0.387 0.073 0.002 0.034 0.004 0.009]	[ 0.003  0.145 -0.13  -0.018 -0.009  0.033 -0.011 -0.013]	0.67	1.95	1.4	0.12	0.07	0.31	0.04	0.32	0.17	0.43	0.2		0.8458113616437475	0.2	False	0.192
3	['Pt', 'Pd', 'Au', 'Ru', 'Rh', 'Ir', 'Re', 'Os']	4	[0.369 0.133 0.196 0.214 0.029 0.011 0.024 0.028]	[ 0.012  0.104  0.033 -0.165 -0.005  0.027 -0.005 -0.002]	0.67	1.95	1.4	0.12	0.07	0.31	0.04	0.32	0.17	0.43	0.2		0.7453611312149933	0.2	False	0.278
4	['Pt', 'Pd', 'Au', 'Ru', 'Rh', 'Ir', 'Re', 'Os']	4	[0.379 0.162 0.133 0.018 0.23  0.003 0.035 0.038]	[ 0.015  0.124  0.043 -0.001 -0.146 -0.034 -0.002  0.   ]	0.67	1.95	1.4	0.12	0.07	0.31	0.04	0.32	0.17	0.43	0.2		0.6365415499416194	0.2	False	0.308
5	['Pt', 'Pd', 'Au', 'Ru', 'Rh', 'Ir', 'Re', 'Os']	4	[0.348 0.159 0.079 0.003 0.008 0.387 0.008 0.011]	[-0.017  0.148  0.006 -0.001 -0.002 -0.133 -0.002  0.001]	0.67	1.95	1.4	0.12	0.07	0.31	0.04	0.32	0.17	0.43	0.2		0.3757268573440913	0.2	False	0.464
6	['Pt', 'Pd', 'Au', 'Ru', 'Rh', 'Ir', 'Re', 'Os']	4	[0.281 0.107 0.149 0.019 0.005 0.024 0.418 0.005]	[ 0.016  0.109  0.035 -0.007 -0.005  0.022 -0.161 -0.008]	0.67	1.95	1.4	0.12	0.07	0.31	0.04	0.32	0.17	0.43	0.2		0.41937064631162146	0.2	False	0.482
7	['Pt', 'Pd', 'Au', 'Ru', 'Rh', 'Ir', 'Re', 'Os']	4	[0.371 0.154 0.167 0.026 0.016 0.017 0.009 0.238]	[-0.002  0.133  0.018 -0.011 -0.006  0.027 -0.015 -0.144]	0.67	1.95	1.4	0.12	0.07	0.31	0.04	0.32	0.17	0.43	0.2		0.8578537525644305	0.2	False	0.218
0	['Pt', 'Pd', 'Au', 'Ru', 'Rh', 'Ir', 'Re', 'Os']	5	[0.508 0.183 0.193 0.    0.    0.011 0.002 0.111]	[-0.161  0.043  0.013 -0.008 -0.011  0.026 -0.008  0.105]	0.67	1.95	1.4	0.12	0.07	0.31	0.04	0.32	0.17	0.43	0.2		0.9213393338495091	0.2	False	0.203
1	['Pt', 'Pd', 'Au', 'Ru', 'Rh', 'Ir', 'Re', 'Os']	5	[0.38  0.297 0.186 0.005 0.005 0.011 0.002 0.121]	[ 0.053 -0.097 -0.029 -0.06  -0.05   0.096 -0.019  0.106]	0.67	1.95	1.4	0.12	0.07	0.31	0.04	0.32	0.17	0.43	0.2		1.0017895304413105	0.2	False	0.129
2	['Pt', 'Pd', 'Au', 'Ru', 'Rh', 'Ir', 'Re', 'Os']	5	[0.37  0.186 0.262 0.022 0.002 0.026 0.007 0.125]	[ 0.005  0.053 -0.132 -0.056 -0.014  0.049 -0.02   0.115]	0.67	1.95	1.4	0.12	0.07	0.31	0.04	0.32	0.17	0.43	0.2		0.981763222567825	0.2	False	0.088
3	['Pt', 'Pd', 'Au', 'Ru', 'Rh', 'Ir', 'Re', 'Os']	5	[0.387 0.193 0.211 0.047 0.02  0.021 0.016 0.109]	[ 0.016  0.058  0.013 -0.17  -0.011  0.024 -0.01   0.08 ]	0.67	1.95	1.4	0.12	0.07	0.31	0.04	0.32	0.17	0.43	0.2		0.9494310977522986	0.2	False	0.126
4	['Pt', 'Pd', 'Au', 'Ru', 'Rh', 'Ir', 'Re', 'Os']	5	[0.365 0.201 0.182 0.013 0.062 0.039 0.023 0.113]	[-0.014  0.04   0.05  -0.004 -0.169  0.032 -0.011  0.076]	0.67	1.95	1.4	0.12	0.07	0.31	0.04	0.32	0.17	0.43	0.2		0.8768477299015123	0.2	False	0.151
5	['Pt', 'Pd', 'Au', 'Ru', 'Rh', 'Ir', 'Re', 'Os']	5	[0.367 0.129 0.126 0.014 0.021 0.223 0.018 0.106]	[ 0.019 -0.03   0.047  0.011  0.013 -0.164  0.01   0.095]	0.67	1.95	1.4	0.12	0.07	0.31	0.04	0.32	0.17	0.43	0.2		0.5551922944127025	0.199	False	0.31
6	['Pt', 'Pd', 'Au', 'Ru', 'Rh', 'Ir', 'Re', 'Os']	5	[0.23  0.167 0.18  0.014 0.009 0.01  0.28  0.117]	[-0.057  0.055  0.026 -0.011 -0.002  0.026 -0.145  0.107]	0.67	1.95	1.4	0.12	0.07	0.31	0.04	0.32	0.17	0.43	0.2		0.5812384427695578	0.2	False	0.339
7	['Pt', 'Pd', 'Au', 'Ru', 'Rh', 'Ir', 'Re', 'Os']	5	[0.372 0.246 0.179 0.01  0.001 0.064 0.012 0.114]	[ 0.008  0.113  0.02  -0.006 -0.045  0.074 -0.027 -0.136]	0.67	1.95	1.4	0.12	0.07	0.31	0.04	0.32	0.17	0.43	0.2		0.9198336263953661	0.2	False	0.14
0	['Pt', 'Pd', 'Au', 'Ru', 'Rh', 'Ir', 'Re', 'Os']	6	[0.351 0.293 0.198 0.008 0.004 0.003 0.004 0.147]	[-0.158  0.114  0.007  0.005 -0.01   0.012 -0.008  0.038]	0.67	1.95	1.4	0.12	0.07	0.31	0.04	0.32	0.17	0.43	0.2		1.008205502159543	0.199	False	0.121
1	['Pt', 'Pd', 'Au', 'Ru', 'Rh', 'Ir', 'Re', 'Os']	6	[0.409 0.209 0.152 0.045 0.007 0.024 0.001 0.158]	[ 0.057 -0.094 -0.024  0.057  0.002 -0.05  -0.015  0.067]	0.67	1.95	1.4	0.12	0.07	0.31	0.04	0.32	0.17	0.43	0.2		0.9231678919861599	0.152	False	0.182
2	['Pt', 'Pd', 'Au', 'Ru', 'Rh', 'Ir', 'Re', 'Os']	6	[0.382 0.305 0.129 0.021 0.003 0.006 0.001 0.154]	[ 0.006  0.122 -0.152  0.03  -0.02   0.004 -0.013  0.024]	0.67	1.95	1.4	0.12	0.07	0.31	0.04	0.32	0.17	0.43	0.2		0.945367347241673	0.2	False	0.192
3	['Pt', 'Pd', 'Au', 'Ru', 'Rh', 'Ir', 'Re', 'Os']	6	[0.365 0.288 0.154 0.059 0.014 0.002 0.014 0.105]	[-0.02   0.121 -0.063  0.107 -0.071 -0.009 -0.066  0.002]	0.67	1.95	1.4	0.12	0.07	0.31	0.04	0.32	0.17	0.43	0.2		0.9596544987882045	0.2	False	0.164
4	['Pt', 'Pd', 'Au', 'Ru', 'Rh', 'Ir', 'Re', 'Os']	6	[0.351 0.274 0.181 0.004 0.068 0.004 0.014 0.101]	[-0.018  0.091 -0.002 -0.025  0.132 -0.086 -0.076 -0.016]	0.67	1.95	1.4	0.12	0.07	0.31	0.04	0.32	0.17	0.43	0.2		0.9435448664159454	0.2	False	0.14
5	['Pt', 'Pd', 'Au', 'Ru', 'Rh', 'Ir', 'Re', 'Os']	6	[0.387 0.223 0.161 0.007 0.008 0.057 0.018 0.142]	[ 0.017  0.091  0.032  0.016 -0.016 -0.17  -0.003  0.033]	0.67	1.95	1.4	0.12	0.07	0.31	0.04	0.32	0.17	0.43	0.2		0.9012355561655547	0.2	False	0.164
6	['Pt', 'Pd', 'Au', 'Ru', 'Rh', 'Ir', 'Re', 'Os']	6	[0.121 0.201 0.145 0.015 0.005 0.019 0.409 0.093]	[-0.127  0.032 -0.045  0.017  0.002  0.015  0.138 -0.032]	0.67	1.95	1.4	0.12	0.07	0.31	0.04	0.32	0.17	0.43	0.2		0.37892776753806356	0.2	False	0.497
7	['Pt', 'Pd', 'Au', 'Ru', 'Rh', 'Ir', 'Re', 'Os']	6	[0.399 0.359 0.211 0.007 0.006 0.011 0.003 0.   ]	[ 0.031  0.121  0.036  0.013  0.003 -0.084  0.006 -0.126]	0.67	1.95	1.4	0.12	0.07	0.31	0.04	0.32	0.17	0.43	0.2		0.9567245869250511	0.2	False	0.18
0	['Pt', 'Pd', 'Au', 'Ru', 'Rh', 'Ir', 'Re', 'Os']	7	[0.249 0.383 0.197 0.009 0.014 0.004 0.089 0.063]	[-0.093  0.124  0.021 -0.017 -0.032 -0.022  0.091 -0.073]	0.67	1.95	1.4	0.12	0.07	0.31	0.04	0.32	0.17	0.43	0.2		0.8096155236039897	0.2	False	0.219
1	['Pt', 'Pd', 'Au', 'Ru', 'Rh', 'Ir', 'Re', 'Os']	7	[0.368 0.278 0.179 0.001 0.036 0.004 0.043 0.097]	[-0.061  0.113  0.046  0.053 -0.092 -0.004  0.038 -0.092]	0.67	1.95	1.4	0.12	0.07	0.31	0.04	0.32	0.17	0.43	0.2		0.9593344985821581	0.2	False	0.138
2	['Pt', 'Pd', 'Au', 'Ru', 'Rh', 'Ir', 'Re', 'Os']	7	[0.38  0.179 0.24  0.019 0.005 0.01  0.066 0.101]	[ 0.016 -0.115  0.136 -0.048 -0.014 -0.002  0.064 -0.038]	0.67	1.95	1.4	0.12	0.07	0.31	0.04	0.32	0.17	0.43	0.2		0.9512325485658657	0.2	False	0.12
3	['Pt', 'Pd', 'Au', 'Ru', 'Rh', 'Ir', 'Re', 'Os']	7	[0.355 0.323 0.105 0.021 0.015 0.02  0.082 0.081]	[ 0.02   0.079 -0.032 -0.129 -0.003 -0.05   0.115  0.001]	0.67	1.95	1.4	0.12	0.07	0.31	0.04	0.32	0.17	0.43	0.2		0.8399880932043142	0.2	False	0.227
4	['Pt', 'Pd', 'Au', 'Ru', 'Rh', 'Ir', 'Re', 'Os']	7	[0.346 0.296 0.145 0.014 0.007 0.003 0.104 0.08 ]	[ 0.013  0.056 -0.036 -0.036 -0.108 -0.025  0.147 -0.012]	0.67	1.95	1.4	0.12	0.07	0.31	0.04	0.32	0.17	0.43	0.2		0.8861082025207443	0.2	False	0.194
5	['Pt', 'Pd', 'Au', 'Ru', 'Rh', 'Ir', 'Re', 'Os']	7	[0.36  0.279 0.143 0.023 0.028 0.026 0.024 0.117]	[-0.039  0.099 -0.024 -0.076 -0.08   0.112  0.044 -0.036]	0.67	1.95	1.4	0.12	0.07	0.31	0.04	0.32	0.17	0.43	0.2		0.9132421097600332	0.2	False	0.169
6	['Pt', 'Pd', 'Au', 'Ru', 'Rh', 'Ir', 'Re', 'Os']	7	[0.223 0.225 0.173 0.008 0.006 0.012 0.243 0.117]	[ 0.102  0.024  0.028 -0.007  0.001 -0.007 -0.166  0.024]	0.67	1.95	1.4	0.12	0.07	0.31	0.04	0.32	0.17	0.43	0.2		0.6376820861276821	0.2	False	0.304
7	['Pt', 'Pd', 'Au', 'Ru', 'Rh', 'Ir', 'Re', 'Os']	7	[0.387 0.338 0.17  0.035 0.016 0.001 0.033 0.018]	[ 0.058  0.04  -0.001 -0.1   -0.095  0.038  0.097 -0.036]	0.67	1.95	1.4	0.12	0.07	0.31	0.04	0.32	0.17	0.43	0.2		0.9357270757520793	0.19	False	0.188
0	['Pt', 'Pd', 'Au', 'Ru', 'Rh', 'Ir', 'Re', 'Os']	8	[0.363 0.29  0.187 0.023 0.006 0.005 0.015 0.12 ]	[ 0.105 -0.127 -0.034 -0.007 -0.047 -0.017  0.087  0.041]	0.67	1.95	1.4	0.12	0.07	0.31	0.04	0.32	0.17	0.43	0.2		0.9988430884503248	0.2	False	0.126
1	['Pt', 'Pd', 'Au', 'Ru', 'Rh', 'Ir', 'Re', 'Os']	8	[0.343 0.319 0.157 0.006 0.089 0.006 0.075 0.011]	[-0.036  0.053 -0.032 -0.03   0.069 -0.026  0.121 -0.119]	0.67	1.95	1.4	0.12	0.07	0.31	0.04	0.32	0.17	0.43	0.2		0.8237420275365896	0.201	False	0.216
2	['Pt', 'Pd', 'Au', 'Ru', 'Rh', 'Ir', 'Re', 'Os']	8	[0.382 0.211 0.222 0.025 0.01  0.011 0.059 0.08 ]	[-0.009  0.041 -0.043  0.032 -0.06  -0.07   0.156 -0.048]	0.67	1.95	1.4	0.12	0.07	0.31	0.04	0.32	0.17	0.43	0.2		0.9621625452290685	0.2	False	0.116
3	['Pt', 'Pd', 'Au', 'Ru', 'Rh', 'Ir', 'Re', 'Os']	8	[0.395 0.275 0.174 0.048 0.004 0.005 0.013 0.088]	[ 0.035 -0.128  0.088  0.053 -0.078 -0.012  0.068 -0.026]	0.67	1.95	1.4	0.12	0.07	0.31	0.04	0.32	0.17	0.43	0.2		0.9872387075814477	0.199	False	0.146
4	['Pt', 'Pd', 'Au', 'Ru', 'Rh', 'Ir', 'Re', 'Os']	8	[0.394 0.272 0.18  0.031 0.002 0.014 0.018 0.083]	[ 0.046 -0.075  0.024  0.015 -0.06  -0.07   0.149 -0.03 ]	0.67	1.95	1.4	0.12	0.07	0.31	0.04	0.32	0.17	0.43	0.2		0.9821583709290092	0.2	False	0.136
5	['Pt', 'Pd', 'Au', 'Ru', 'Rh', 'Ir', 'Re', 'Os']	8	[0.36  0.35  0.145 0.078 0.013 0.001 0.012 0.043]	[ 0.001  0.09   0.003  0.095 -0.002 -0.033 -0.063 -0.092]	0.67	1.95	1.4	0.12	0.07	0.31	0.04	0.32	0.17	0.43	0.2		0.9173982598933221	0.175	False	0.209
6	['Pt', 'Pd', 'Au', 'Ru', 'Rh', 'Ir', 'Re', 'Os']	8	[0.325 0.256 0.192 0.002 0.023 0.01  0.076 0.121]	[ 0.1    0.029  0.017  0.007  0.015 -0.004 -0.169  0.002]	0.67	1.95	1.4	0.12	0.07	0.31	0.04	0.32	0.17	0.43	0.2		0.9261020292480282	0.2	False	0.138
7	['Pt', 'Pd', 'Au', 'Ru', 'Rh', 'Ir', 'Re', 'Os']	8	[0.408 0.303 0.182 0.065 0.017 0.001 0.012 0.01 ]	[ 0.059 -0.029  0.045  0.136 -0.021 -0.054 -0.029 -0.106]	0.67	1.95	1.4	0.12	0.07	0.31	0.04	0.32	0.17	0.43	0.2		0.9531706150280486	0.2	False	0.181
0	['Pt', 'Pd', 'Au', 'Ru', 'Rh', 'Ir', 'Re', 'Os']	9	[0.346 0.2   0.18  0.013 0.036 0.014 0.002 0.219]	[-0.021 -0.109 -0.008  0.03   0.031 -0.022 -0.022  0.12 ]	0.67	1.95	1.4	0.12	0.07	0.31	0.04	0.32	0.17	0.43	0.2		0.9052196972672946	0.172	False	0.181
1	['Pt', 'Pd', 'Au', 'Ru', 'Rh', 'Ir', 'Re', 'Os']	9	[0.351 0.304 0.083 0.018 0.033 0.003 0.105 0.109]	[-0.012 -0.041 -0.114 -0.043  0.113 -0.018  0.015  0.1  ]	0.67	1.95	1.4	0.12	0.07	0.31	0.04	0.32	0.17	0.43	0.2		0.807611246114976	0.2	False	0.25
2	['Pt', 'Pd', 'Au', 'Ru', 'Rh', 'Ir', 'Re', 'Os']	9	[0.329 0.232 0.166 0.02  0.059 0.016 0.015 0.162]	[-0.036  0.049 -0.039 -0.068  0.074  0.004 -0.102  0.119]	0.67	1.95	1.4	0.12	0.07	0.31	0.04	0.32	0.17	0.43	0.2		0.8955739055874385	0.2	False	0.164
3	['Pt', 'Pd', 'Au', 'Ru', 'Rh', 'Ir', 'Re', 'Os']	9	[0.384 0.186 0.235 0.004 0.059 0.02  0.001 0.113]	[-0.019 -0.125  0.08   0.044  0.052 -0.039 -0.023  0.03 ]	0.67	1.95	1.4	0.12	0.07	0.31	0.04	0.32	0.17	0.43	0.2		0.9439459369966716	0.173	False	0.116
4	['Pt', 'Pd', 'Au', 'Ru', 'Rh', 'Ir', 'Re', 'Os']	9	[0.36  0.187 0.169 0.01  0.072 0.077 0.023 0.096]	[-0.054 -0.122 -0.024  0.032  0.084  0.078 -0.002  0.008]	0.67	1.95	1.4	0.12	0.07	0.31	0.04	0.32	0.17	0.43	0.2		0.7912356044723093	0.18	False	0.182
5	['Pt', 'Pd', 'Au', 'Ru', 'Rh', 'Ir', 'Re', 'Os']	9	[0.344 0.321 0.18  0.017 0.005 0.033 0.024 0.076]	[-0.025 -0.046  0.055 -0.096 -0.002  0.028  0.034  0.052]	0.67	1.95	1.4	0.12	0.07	0.31	0.04	0.32	0.17	0.43	0.2		0.9375240691193079	0.14	False	0.148
6	['Pt', 'Pd', 'Au', 'Ru', 'Rh', 'Ir', 'Re', 'Os']	9	[0.366 0.276 0.165 0.012 0.007 0.012 0.064 0.102]	[ 0.052  0.023 -0.043 -0.071 -0.032 -0.054  0.158 -0.032]	0.67	1.95	1.4	0.12	0.07	0.31	0.04	0.32	0.17	0.43	0.2		0.9418669506183182	0.2	False	0.154
7	['Pt', 'Pd', 'Au', 'Ru', 'Rh', 'Ir', 'Re', 'Os']	9	[0.423 0.211 0.308 0.009 0.036 0.003 0.005 0.   ]	[ 0.005 -0.125  0.139  0.035  0.033 -0.038 -0.017 -0.031]	0.67	1.95	1.4	0.12	0.07	0.31	0.04	0.32	0.17	0.43	0.2		0.9774299072373398	0.2	False	0.135
0	['Pt', 'Pd', 'Au', 'Ru', 'Rh', 'Ir', 'Re', 'Os']	10	[0.371 0.258 0.28  0.001 0.005 0.021 0.005 0.068]	[ 0.025  0.058  0.101 -0.02  -0.032  0.028 -0.007 -0.153]	0.67	1.95	1.4	0.12	0.07	0.31	0.04	0.32	0.17	0.43	0.2		1.0288846482932124	0.2	False	0.049
1	['Pt', 'Pd', 'Au', 'Ru', 'Rh', 'Ir', 'Re', 'Os']	10	[0.406 0.244 0.222 0.011 0.03  0.001 0.004 0.087]	[ 0.053 -0.063  0.137  0.022 -0.006 -0.003 -0.115 -0.025]	0.67	1.95	1.4	0.12	0.07	0.31	0.04	0.32	0.17	0.43	0.2		1.0130091348316175	0.2	False	0.102
2	['Pt', 'Pd', 'Au', 'Ru', 'Rh', 'Ir', 'Re', 'Os']	10	[0.39  0.18  0.297 0.007 0.002 0.011 0.024 0.086]	[ 0.062 -0.057  0.136  0.02  -0.071 -0.037  0.029 -0.082]	0.67	1.95	1.4	0.12	0.07	0.31	0.04	0.32	0.17	0.43	0.2		0.9976973158594997	0.2	False	0.086
3	['Pt', 'Pd', 'Au', 'Ru', 'Rh', 'Ir', 'Re', 'Os']	10	[0.433 0.268 0.242 0.002 0.001 0.041 0.01  0.003]	[ 0.036  0.08  -0.021 -0.033 -0.128  0.032 -0.062  0.096]	0.67	1.95	1.4	0.12	0.07	0.31	0.04	0.32	0.17	0.43	0.2		0.9584635035007174	0.2	False	0.148
4	['Pt', 'Pd', 'Au', 'Ru', 'Rh', 'Ir', 'Re', 'Os']	10	[0.429 0.253 0.269 0.003 0.01  0.001 0.005 0.027]	[ 0.039  0.035  0.079 -0.042  0.052  0.047 -0.073 -0.138]	0.67	1.95	1.4	0.12	0.07	0.31	0.04	0.32	0.17	0.43	0.2		1.0241264945356345	0.2	False	0.113
5	['Pt', 'Pd', 'Au', 'Ru', 'Rh', 'Ir', 'Re', 'Os']	10	[0.389 0.231 0.31  0.048 0.    0.002 0.003 0.018]	[ 0.039 -0.109  0.132  0.044 -0.017  0.019 -0.033 -0.074]	0.67	1.95	1.4	0.12	0.07	0.31	0.04	0.32	0.17	0.43	0.2		1.0187507546494121	0.2	False	0.105
6	['Pt', 'Pd', 'Au', 'Ru', 'Rh', 'Ir', 'Re', 'Os']	10	[0.42  0.233 0.26  0.023 0.008 0.014 0.026 0.018]	[ 0.066 -0.038  0.111  0.032 -0.026  0.024 -0.033 -0.137]	0.67	1.95	1.4	0.12	0.07	0.31	0.04	0.32	0.17	0.43	0.2		0.9873743262779879	0.201	False	0.122
7	['Pt', 'Pd', 'Au', 'Ru', 'Rh', 'Ir', 'Re', 'Os']	10	[0.408 0.092 0.403 0.024 0.015 0.004 0.006 0.041]	[ 0.011 -0.114  0.144 -0.033 -0.042  0.009 -0.025  0.05 ]	0.67	1.95	1.4	0.12	0.07	0.31	0.04	0.32	0.17	0.43	0.2		0.8633683393527527	0.2	False	0.208
0	['Pt', 'Pd', 'Au', 'Ru', 'Rh', 'Ir', 'Re', 'Os']	11	[0.309 0.336 0.299 0.029 0.005 0.006 0.021 0.005]	[-0.097  0.105  0.02   0.014 -0.026 -0.029 -0.053  0.065]	0.67	1.95	1.4	0.12	0.07	0.31	0.04	0.32	0.17	0.43	0.2		0.959835058927685	0.172	False	0.139
1	['Pt', 'Pd', 'Au', 'Ru', 'Rh', 'Ir', 'Re', 'Os']	11	[0.382 0.194 0.325 0.004 0.026 0.001 0.056 0.016]	[-0.013 -0.042  0.132  0.011 -0.068 -0.012  0.058 -0.066]	0.67	1.95	1.4	0.12	0.07	0.31	0.04	0.32	0.17	0.43	0.2		0.9576275377982251	0.179	False	0.125
2	['Pt', 'Pd', 'Au', 'Ru', 'Rh', 'Ir', 'Re', 'Os']	11	[0.401 0.268 0.271 0.01  0.037 0.004 0.006 0.   ]	[ 0.02   0.105 -0.02   0.017  0.035 -0.02  -0.037 -0.1  ]	0.67	1.95	1.4	0.12	0.07	0.31	0.04	0.32	0.17	0.43	0.2		0.9919421372009052	0.158	False	0.124
3	['Pt', 'Pd', 'Au', 'Ru', 'Rh', 'Ir', 'Re', 'Os']	11	[0.372 0.283 0.156 0.005 0.02  0.017 0.001 0.144]	[-0.058  0.023 -0.084 -0.004  0.018 -0.063  0.011  0.156]	0.67	1.95	1.4	0.12	0.07	0.31	0.04	0.32	0.17	0.43	0.2		0.955960174173853	0.2	False	0.158
4	['Pt', 'Pd', 'Au', 'Ru', 'Rh', 'Ir', 'Re', 'Os']	11	[0.376 0.291 0.256 0.033 0.005 0.007 0.006 0.023]	[-0.1    0.108 -0.008  0.056 -0.04  -0.001  0.012 -0.027]	0.67	1.95	1.4	0.12	0.07	0.31	0.04	0.32	0.17	0.43	0.2		1.0150822250312048	0.165	False	0.107
5	['Pt', 'Pd', 'Au', 'Ru', 'Rh', 'Ir', 'Re', 'Os']	11	[0.377 0.252 0.329 0.    0.    0.011 0.01  0.022]	[-0.033  0.022  0.019  0.06  -0.02  -0.041 -0.001 -0.006]	0.67	1.95	1.4	0.12	0.07	0.31	0.04	0.32	0.17	0.43	0.2		1.021315875870969	0.088	False	0.089
6	['Pt', 'Pd', 'Au', 'Ru', 'Rh', 'Ir', 'Re', 'Os']	11	[0.367 0.263 0.297 0.019 0.01  0.    0.041 0.004]	[-0.088  0.055  0.067 -0.035 -0.021 -0.033  0.084 -0.028]	0.67	1.95	1.4	0.12	0.07	0.31	0.04	0.32	0.17	0.43	0.2		0.9977157450603171	0.161	False	0.109
7	['Pt', 'Pd', 'Au', 'Ru', 'Rh', 'Ir', 'Re', 'Os']	11	[0.404 0.249 0.298 0.023 0.003 0.005 0.005 0.007]	[-0.009  0.155 -0.113  0.035 -0.018 -0.004 -0.006 -0.04 ]	0.67	1.95	1.4	0.12	0.07	0.31	0.04	0.32	0.17	0.43	0.2		1.0179147448308759	0.2	False	0.11
0	['Pt', 'Pd', 'Au', 'Ru', 'Rh', 'Ir', 'Re', 'Os']	12	[0.346 0.2   0.328 0.019 0.013 0.005 0.023 0.074]	[ 0.04  -0.164  0.031  0.039 -0.028 -0.03   0.033  0.078]	0.67	1.95	1.4	0.12	0.07	0.31	0.04	0.32	0.17	0.43	0.2		0.9944819946076384	0.2	False	0.071
1	['Pt', 'Pd', 'Au', 'Ru', 'Rh', 'Ir', 'Re', 'Os']	12	[0.395 0.234 0.246 0.006 0.035 0.027 0.006 0.055]	[ 0.013  0.055 -0.126 -0.049  0.059 -0.075  0.07   0.053]	0.67	1.95	1.4	0.12	0.07	0.31	0.04	0.32	0.17	0.43	0.2		0.9790878035141037	0.196	False	0.096
2	['Pt', 'Pd', 'Au', 'Ru', 'Rh', 'Ir', 'Re', 'Os']	12	[0.376 0.141 0.35  0.008 0.032 0.013 0.001 0.077]	[-0.032 -0.144  0.083  0.008  0.058 -0.031 -0.023  0.081]	0.67	1.95	1.4	0.12	0.07	0.31	0.04	0.32	0.17	0.43	0.2		0.9330895744770109	0.2	False	0.13
3	['Pt', 'Pd', 'Au', 'Ru', 'Rh', 'Ir', 'Re', 'Os']	12	[0.372 0.242 0.307 0.004 0.    0.027 0.001 0.048]	[-0.007 -0.051  0.155 -0.012  0.01   0.029 -0.013 -0.111]	0.67	1.95	1.4	0.12	0.07	0.31	0.04	0.32	0.17	0.43	0.2		1.015358773783104	0.2	False	0.064
4	['Pt', 'Pd', 'Au', 'Ru', 'Rh', 'Ir', 'Re', 'Os']	12	[0.382 0.208 0.348 0.    0.027 0.021 0.008 0.002]	[ 0.021 -0.104  0.14   0.04   0.03  -0.055 -0.058 -0.016]	0.67	1.95	1.4	0.12	0.07	0.31	0.04	0.32	0.17	0.43	0.2		0.9574981498829909	0.2	False	0.126
5	['Pt', 'Pd', 'Au', 'Ru', 'Rh', 'Ir', 'Re', 'Os']	12	[0.329 0.243 0.379 0.007 0.005 0.031 0.004 0.003]	[-0.052  0.002  0.083 -0.031 -0.019  0.05  -0.042  0.01 ]	0.67	1.95	1.4	0.12	0.07	0.31	0.04	0.32	0.17	0.43	0.2		0.9406483585758343	0.123	False	0.131
6	['Pt', 'Pd', 'Au', 'Ru', 'Rh', 'Ir', 'Re', 'Os']	12	[0.296 0.252 0.407 0.027 0.001 0.011 0.001 0.007]	[-0.077 -0.002  0.149  0.048 -0.007 -0.033 -0.07  -0.008]	0.67	1.95	1.4	0.12	0.07	0.31	0.04	0.32	0.17	0.43	0.2		0.9224358707757179	0.191	False	0.154
7	['Pt', 'Pd', 'Au', 'Ru', 'Rh', 'Ir', 'Re', 'Os']	12	[0.341 0.308 0.262 0.001 0.014 0.01  0.01  0.048]	[-0.05   0.116 -0.014 -0.001 -0.019 -0.053 -0.053  0.075]	0.67	1.95	1.4	0.12	0.07	0.31	0.04	0.32	0.17	0.43	0.2		1.0075613200478026	0.167	False	0.089
0	['Pt', 'Pd', 'Au', 'Ru', 'Rh', 'Ir', 'Re', 'Os']	13	[0.425 0.251 0.218 0.033 0.013 0.023 0.013 0.03 ]	[ 0.088  0.054 -0.14   0.038  0.012  0.014 -0.004 -0.061]	0.67	1.95	1.4	0.12	0.07	0.31	0.04	0.32	0.17	0.43	0.2		0.9698939697592008	0.189	False	0.139
1	['Pt', 'Pd', 'Au', 'Ru', 'Rh', 'Ir', 'Re', 'Os']	13	[0.451 0.257 0.174 0.002 0.038 0.04  0.031 0.014]	[ 0.065  0.009 -0.153 -0.03  -0.025  0.055  0.012  0.068]	0.67	1.95	1.4	0.12	0.07	0.31	0.04	0.32	0.17	0.43	0.2		0.8804389348499078	0.192	False	0.194
2	['Pt', 'Pd', 'Au', 'Ru', 'Rh', 'Ir', 'Re', 'Os']	13	[0.419 0.227 0.193 0.02  0.007 0.001 0.013 0.116]	[ 0.036  0.081 -0.172  0.014  0.028 -0.024  0.004  0.032]	0.67	1.95	1.4	0.12	0.07	0.31	0.04	0.32	0.17	0.43	0.2		0.9950306359158363	0.2	False	0.133
3	['Pt', 'Pd', 'Au', 'Ru', 'Rh', 'Ir', 'Re', 'Os']	13	[0.367 0.169 0.347 0.078 0.012 0.009 0.006 0.009]	[ 0.017 -0.076  0.079  0.096 -0.054 -0.029 -0.048  0.015]	0.67	1.95	1.4	0.12	0.07	0.31	0.04	0.32	0.17	0.43	0.2		0.9252946724345963	0.167	False	0.154
4	['Pt', 'Pd', 'Au', 'Ru', 'Rh', 'Ir', 'Re', 'Os']	13	[0.447 0.218 0.224 0.022 0.022 0.002 0.    0.058]	[ 0.079  0.01  -0.158 -0.044  0.042  0.009 -0.006  0.068]	0.67	1.95	1.4	0.12	0.07	0.31	0.04	0.32	0.17	0.43	0.2		0.9875956977101978	0.2	False	0.138
5	['Pt', 'Pd', 'Au', 'Ru', 'Rh', 'Ir', 'Re', 'Os']	13	[0.426 0.261 0.228 0.024 0.005 0.004 0.008 0.047]	[ 0.101  0.018 -0.161  0.021 -0.009  0.012 -0.027  0.045]	0.67	1.95	1.4	0.12	0.07	0.31	0.04	0.32	0.17	0.43	0.2		1.01599203575337	0.2	False	0.121
6	['Pt', 'Pd', 'Au', 'Ru', 'Rh', 'Ir', 'Re', 'Os']	13	[0.434 0.262 0.269 0.003 0.    0.001 0.007 0.027]	[ 0.137  0.009 -0.14  -0.033 -0.004  0.008  0.004  0.019]	0.67	1.95	1.4	0.12	0.07	0.31	0.04	0.32	0.17	0.43	0.2		1.029937193869866	0.2	False	0.116
7	['Pt', 'Pd', 'Au', 'Ru', 'Rh', 'Ir', 'Re', 'Os']	13	[0.45  0.202 0.309 0.01  0.001 0.002 0.012 0.007]	[ 0.127 -0.134  0.052 -0.045  0.003 -0.027  0.008  0.016]	0.67	1.95	1.4	0.12	0.07	0.31	0.04	0.32	0.17	0.43	0.2		0.9909181772861768	0.2	False	0.146
0	['Pt', 'Pd', 'Au', 'Ru', 'Rh', 'Ir', 'Re', 'Os']	14	[0.326 0.294 0.306 0.039 0.003 0.016 0.    0.021]	[-0.14   0.05   0.11   0.064 -0.02  -0.022 -0.022 -0.02 ]	0.67	1.95	1.4	0.12	0.07	0.31	0.04	0.32	0.17	0.43	0.2		0.9896604736618424	0.2	False	0.103
1	['Pt', 'Pd', 'Au', 'Ru', 'Rh', 'Ir', 'Re', 'Os']	14	[0.392 0.193 0.219 0.009 0.027 0.007 0.037 0.122]	[-0.098 -0.105  0.037 -0.017  0.048  0.03  -0.014  0.12 ]	0.67	1.95	1.4	0.12	0.07	0.31	0.04	0.32	0.17	0.43	0.2		0.964035336186077	0.2	False	0.12
2	['Pt', 'Pd', 'Au', 'Ru', 'Rh', 'Ir', 'Re', 'Os']	14	[0.417 0.222 0.314 0.025 0.001 0.004 0.004 0.009]	[ 0.004  0.001  0.133  0.04  -0.009 -0.009 -0.017 -0.142]	0.67	1.95	1.4	0.12	0.07	0.31	0.04	0.32	0.17	0.43	0.2		1.0111009190725646	0.2	False	0.12
3	['Pt', 'Pd', 'Au', 'Ru', 'Rh', 'Ir', 'Re', 'Os']	14	[0.395 0.242 0.277 0.028 0.002 0.024 0.005 0.024]	[ 0.025  0.087 -0.11   0.112 -0.016 -0.077 -0.027  0.007]	0.67	1.95	1.4	0.12	0.07	0.31	0.04	0.32	0.17	0.43	0.2		1.0002195415836108	0.2	False	0.099
4	['Pt', 'Pd', 'Au', 'Ru', 'Rh', 'Ir', 'Re', 'Os']	14	[0.406 0.279 0.231 0.038 0.002 0.012 0.023 0.003]	[-0.03   0.107  0.035  0.075  0.037 -0.049 -0.059 -0.116]	0.67	1.95	1.4	0.12	0.07	0.31	0.04	0.32	0.17	0.43	0.2		0.9802831177815381	0.2	False	0.142
5	['Pt', 'Pd', 'Au', 'Ru', 'Rh', 'Ir', 'Re', 'Os']	14	[0.379 0.2   0.357 0.036 0.002 0.008 0.009 0.01 ]	[-0.045 -0.061  0.155  0.057  0.001 -0.009 -0.019 -0.079]	0.67	1.95	1.4	0.12	0.07	0.31	0.04	0.32	0.17	0.43	0.2		0.9784952490123162	0.2	False	0.127
6	['Pt', 'Pd', 'Au', 'Ru', 'Rh', 'Ir', 'Re', 'Os']	14	[0.51  0.25  0.186 0.019 0.004 0.019 0.012 0.001]	[ 0.111  0.    -0.09   0.025 -0.019 -0.029  0.023 -0.021]	0.67	1.95	1.4	0.12	0.07	0.31	0.04	0.32	0.17	0.43	0.2		0.8976707241712942	0.153	False	0.222
7	['Pt', 'Pd', 'Au', 'Ru', 'Rh', 'Ir', 'Re', 'Os']	14	[0.424 0.254 0.292 0.006 0.006 0.004 0.002 0.006]	[-0.03   0.1   -0.015  0.023 -0.035 -0.005 -0.013 -0.025]	0.67	1.95	1.4	0.12	0.07	0.31	0.04	0.32	0.17	0.43	0.2		1.0178652704685553	0.117	False	0.12
0	['Pt', 'Pd', 'Au', 'Ru', 'Rh', 'Ir', 'Re', 'Os']	15	[0.29  0.262 0.233 0.051 0.019 0.014 0.017 0.115]	[-0.047 -0.043 -0.087  0.073  0.009 -0.01   0.01   0.094]	0.67	1.95	1.4	0.12	0.07	0.31	0.04	0.32	0.17	0.43	0.2		0.9458956996125869	0.162	False	0.109
1	['Pt', 'Pd', 'Au', 'Ru', 'Rh', 'Ir', 'Re', 'Os']	15	[0.384 0.245 0.306 0.006 0.011 0.016 0.036 0.001]	[-0.012  0.055  0.094  0.006 -0.021 -0.036  0.063 -0.149]	0.67	1.95	1.4	0.12	0.07	0.31	0.04	0.32	0.17	0.43	0.2		0.982752336964529	0.2	False	0.113
2	['Pt', 'Pd', 'Au', 'Ru', 'Rh', 'Ir', 'Re', 'Os']	15	[0.382 0.221 0.321 0.004 0.011 0.001 0.008 0.049]	[-0.02   0.037  0.05  -0.016 -0.063 -0.046 -0.036  0.094]	0.67	1.95	1.4	0.12	0.07	0.31	0.04	0.32	0.17	0.43	0.2		1.0283890589024234	0.144	False	0.071
3	['Pt', 'Pd', 'Au', 'Ru', 'Rh', 'Ir', 'Re', 'Os']	15	[0.362 0.286 0.283 0.022 0.027 0.013 0.004 0.003]	[-0.065  0.092  0.015  0.069 -0.081  0.047 -0.036 -0.04 ]	0.67	1.95	1.4	0.12	0.07	0.31	0.04	0.32	0.17	0.43	0.2		0.9867110033970894	0.172	False	0.112
4	['Pt', 'Pd', 'Au', 'Ru', 'Rh', 'Ir', 'Re', 'Os']	15	[0.391 0.233 0.334 0.011 0.018 0.002 0.001 0.003]	[-0.017 -0.065  0.166  0.023 -0.067  0.001  0.011 -0.051]	0.67	1.95	1.4	0.12	0.07	0.31	0.04	0.32	0.17	0.43	0.2		1.0043482925000593	0.2	False	0.114
5	['Pt', 'Pd', 'Au', 'Ru', 'Rh', 'Ir', 'Re', 'Os']	15	[0.327 0.3   0.331 0.009 0.025 0.001 0.005 0.004]	[-0.063  0.16  -0.025  0.03  -0.067  0.008 -0.039 -0.004]	0.67	1.95	1.4	0.12	0.07	0.31	0.04	0.32	0.17	0.43	0.2		0.9849271832763704	0.193	False	0.118
6	['Pt', 'Pd', 'Au', 'Ru', 'Rh', 'Ir', 'Re', 'Os']	15	[0.396 0.259 0.323 0.001 0.007 0.01  0.001 0.004]	[-0.137  0.     0.144  0.005 -0.02   0.015 -0.001 -0.006]	0.67	1.95	1.4	0.12	0.07	0.31	0.04	0.32	0.17	0.43	0.2		1.0155021277600775	0.2	False	0.11
7	['Pt', 'Pd', 'Au', 'Ru', 'Rh', 'Ir', 'Re', 'Os']	15	[0.401 0.277 0.254 0.018 0.013 0.002 0.001 0.026]	[ 0.004  0.083 -0.022 -0.065  0.005 -0.034 -0.034  0.064]	0.67	1.95	1.4	0.12	0.07	0.31	0.04	0.32	0.17	0.43	0.2		1.0228670080829807	0.135	False	0.107
0	['Pt', 'Pd', 'Au', 'Ru', 'Rh', 'Ir', 'Re', 'Os']	16	[0.378 0.175 0.292 0.03  0.    0.008 0.002 0.116]	[ 0.099 -0.139  0.06   0.071 -0.018 -0.032 -0.022 -0.019]	0.67	1.95	1.4	0.12	0.07	0.31	0.04	0.32	0.17	0.43	0.2		1.0028148093526166	0.2	False	0.088
1	['Pt', 'Pd', 'Au', 'Ru', 'Rh', 'Ir', 'Re', 'Os']	16	[0.457 0.181 0.242 0.006 0.001 0.044 0.006 0.068]	[ 0.084 -0.095 -0.095 -0.008 -0.025  0.045  0.018  0.076]	0.67	1.95	1.4	0.12	0.07	0.31	0.04	0.32	0.17	0.43	0.2		0.9397948866084529	0.184	False	0.15
2	['Pt', 'Pd', 'Au', 'Ru', 'Rh', 'Ir', 'Re', 'Os']	16	[0.412 0.228 0.259 0.021 0.001 0.001 0.016 0.06 ]	[ 0.058  0.018 -0.101  0.027  0.008 -0.01  -0.025  0.025]	0.67	1.95	1.4	0.12	0.07	0.31	0.04	0.32	0.17	0.43	0.2		1.0291808956365232	0.127	False	0.091
3	['Pt', 'Pd', 'Au', 'Ru', 'Rh', 'Ir', 'Re', 'Os']	16	[0.321 0.276 0.306 0.025 0.038 0.024 0.002 0.008]	[-0.067 -0.001  0.069  0.073  0.105 -0.107 -0.047 -0.026]	0.67	1.95	1.4	0.12	0.07	0.31	0.04	0.32	0.17	0.43	0.2		0.9439618640001475	0.2	False	0.113
4	['Pt', 'Pd', 'Au', 'Ru', 'Rh', 'Ir', 'Re', 'Os']	16	[0.416 0.161 0.283 0.005 0.085 0.034 0.004 0.007]	[ 0.072 -0.076 -0.044  0.011  0.137 -0.07  -0.037  0.008]	0.67	1.95	1.4	0.12	0.07	0.31	0.04	0.32	0.17	0.43	0.2		0.8605648200298994	0.195	False	0.172
5	['Pt', 'Pd', 'Au', 'Ru', 'Rh', 'Ir', 'Re', 'Os']	16	[0.445 0.2   0.295 0.013 0.015 0.006 0.012 0.019]	[ 0.144 -0.12  -0.043  0.013  0.035 -0.024 -0.024  0.019]	0.67	1.95	1.4	0.12	0.07	0.31	0.04	0.32	0.17	0.43	0.2		0.9859078848159433	0.2	False	0.137
6	['Pt', 'Pd', 'Au', 'Ru', 'Rh', 'Ir', 'Re', 'Os']	16	[0.385 0.208 0.335 0.004 0.001 0.015 0.013 0.042]	[-0.013 -0.077  0.024  0.     0.003 -0.016  0.012  0.066]	0.67	1.95	1.4	0.12	0.07	0.31	0.04	0.32	0.17	0.43	0.2		1.0057820586671495	0.108	False	0.089
7	['Pt', 'Pd', 'Au', 'Ru', 'Rh', 'Ir', 'Re', 'Os']	16	[0.392 0.216 0.305 0.046 0.009 0.013 0.003 0.009]	[ 0.019 -0.052  0.1    0.085 -0.052 -0.011 -0.019 -0.07 ]	0.67	1.95	1.4	0.12	0.07	0.31	0.04	0.32	0.17	0.43	0.2		0.9861382308921101	0.168	False	0.117
0	['Pt', 'Pd', 'Au', 'Ru', 'Rh', 'Ir', 'Re', 'Os']	17	[0.411 0.301 0.265 0.001 0.012 0.005 0.002 0.005]	[ 0.035  0.132 -0.027  0.018  0.006 -0.003 -0.02  -0.141]	0.67	1.95	1.4	0.12	0.07	0.31	0.04	0.32	0.17	0.43	0.2		1.0116021807191453	0.2	False	0.129
1	['Pt', 'Pd', 'Au', 'Ru', 'Rh', 'Ir', 'Re', 'Os']	17	[0.381 0.26  0.15  0.015 0.006 0.054 0.002 0.138]	[-0.083  0.087 -0.1   -0.037 -0.023  0.087 -0.009  0.078]	0.67	1.95	1.4	0.12	0.07	0.31	0.04	0.32	0.17	0.43	0.2		0.915070245883052	0.201	False	0.168
2	['Pt', 'Pd', 'Au', 'Ru', 'Rh', 'Ir', 'Re', 'Os']	17	[0.477 0.268 0.142 0.004 0.014 0.009 0.01  0.073]	[ 0.072  0.045 -0.12  -0.033  0.011  0.006  0.001  0.017]	0.67	1.95	1.4	0.12	0.07	0.31	0.04	0.32	0.17	0.43	0.2		0.9204352118600536	0.152	False	0.206
3	['Pt', 'Pd', 'Au', 'Ru', 'Rh', 'Ir', 'Re', 'Os']	17	[0.409 0.174 0.262 0.016 0.051 0.041 0.006 0.041]	[ 0.105 -0.139 -0.065  0.029  0.009  0.052 -0.025  0.034]	0.67	1.95	1.4	0.12	0.07	0.31	0.04	0.32	0.17	0.43	0.2		0.9042856191166391	0.2	False	0.137
4	['Pt', 'Pd', 'Au', 'Ru', 'Rh', 'Ir', 'Re', 'Os']	17	[0.435 0.247 0.215 0.012 0.01  0.038 0.007 0.029]	[ 0.005  0.099 -0.116 -0.06   0.072  0.057 -0.067  0.01 ]	0.67	1.95	1.4	0.12	0.07	0.31	0.04	0.32	0.17	0.43	0.2		0.9516765250912631	0.2	False	0.146
5	['Pt', 'Pd', 'Au', 'Ru', 'Rh', 'Ir', 'Re', 'Os']	17	[0.361 0.269 0.251 0.001 0.002 0.027 0.021 0.069]	[-0.096  0.088 -0.048 -0.002  0.014  0.028 -0.048  0.065]	0.67	1.95	1.4	0.12	0.07	0.31	0.04	0.32	0.17	0.43	0.2		1.004802269894685	0.163	False	0.071
6	['Pt', 'Pd', 'Au', 'Ru', 'Rh', 'Ir', 'Re', 'Os']	17	[0.464 0.267 0.184 0.019 0.    0.017 0.003 0.048]	[ 0.088  0.066 -0.163 -0.024 -0.006  0.025  0.005  0.008]	0.67	1.95	1.4	0.12	0.07	0.31	0.04	0.32	0.17	0.43	0.2		0.9618920209762922	0.2	False	0.174
7	['Pt', 'Pd', 'Au', 'Ru', 'Rh', 'Ir', 'Re', 'Os']	17	[0.323 0.37  0.242 0.005 0.032 0.009 0.001 0.013]	[-0.075  0.159 -0.068 -0.057  0.029  0.014 -0.004  0.002]	0.67	1.95	1.4	0.12	0.07	0.31	0.04	0.32	0.17	0.43	0.2		0.9347687413105954	0.2	False	0.165
0	['Pt', 'Pd', 'Au', 'Ru', 'Rh', 'Ir', 'Re', 'Os']	18	[0.336 0.374 0.227 0.014 0.001 0.018 0.004 0.027]	[-0.078  0.074 -0.04   0.009  0.007  0.012 -0.006  0.022]	0.67	1.95	1.4	0.12	0.07	0.31	0.04	0.32	0.17	0.43	0.2		0.9481614426837128	0.118	False	0.164
1	['Pt', 'Pd', 'Au', 'Ru', 'Rh', 'Ir', 'Re', 'Os']	18	[0.395 0.287 0.259 0.03  0.001 0.002 0.011 0.02 ]	[ 0.004  0.019  0.114  0.026 -0.03   0.046 -0.031 -0.148]	0.67	1.95	1.4	0.12	0.07	0.31	0.04	0.32	0.17	0.43	0.2		1.0248054518968346	0.2	False	0.112
2	['Pt', 'Pd', 'Au', 'Ru', 'Rh', 'Ir', 'Re', 'Os']	18	[0.49  0.222 0.238 0.017 0.008 0.012 0.011 0.001]	[ 0.015 -0.07   0.134 -0.063 -0.078  0.007 -0.023  0.078]	0.67	1.95	1.4	0.12	0.07	0.31	0.04	0.32	0.17	0.43	0.2		0.9420877369549947	0.2	False	0.186
3	['Pt', 'Pd', 'Au', 'Ru', 'Rh', 'Ir', 'Re', 'Os']	18	[0.394 0.281 0.265 0.037 0.001 0.013 0.003 0.005]	[-0.023  0.137  0.001  0.043  0.049 -0.097 -0.032 -0.077]	0.67	1.95	1.4	0.12	0.07	0.31	0.04	0.32	0.17	0.43	0.2		1.0054697953833314	0.2	False	0.121
4	['Pt', 'Pd', 'Au', 'Ru', 'Rh', 'Ir', 'Re', 'Os']	18	[0.375 0.316 0.222 0.037 0.02  0.003 0.012 0.009]	[-0.054  0.125  0.039  0.064 -0.081  0.005 -0.002 -0.096]	0.67	1.95	1.4	0.12	0.07	0.31	0.04	0.32	0.17	0.43	0.2		0.9770979494360144	0.2	False	0.146
5	['Pt', 'Pd', 'Au', 'Ru', 'Rh', 'Ir', 'Re', 'Os']	18	[0.345 0.312 0.317 0.    0.025 0.001 0.001 0.001]	[-0.053  0.059  0.102 -0.07  -0.108  0.    -0.011  0.081]	0.67	1.95	1.4	0.12	0.07	0.31	0.04	0.32	0.17	0.43	0.2		0.9965219772809406	0.2	False	0.121
6	['Pt', 'Pd', 'Au', 'Ru', 'Rh', 'Ir', 'Re', 'Os']	18	[0.389 0.311 0.255 0.017 0.016 0.    0.009 0.005]	[-0.107  0.074  0.115  0.036 -0.074 -0.033 -0.039  0.027]	0.67	1.95	1.4	0.12	0.07	0.31	0.04	0.32	0.17	0.43	0.2		1.0054308951612205	0.2	False	0.13
7	['Pt', 'Pd', 'Au', 'Ru', 'Rh', 'Ir', 'Re', 'Os']	18	[0.464 0.271 0.227 0.013 0.002 0.003 0.006 0.01 ]	[ 0.162 -0.109 -0.015  0.01   0.01  -0.021 -0.033 -0.004]	0.67	1.95	1.4	0.12	0.07	0.31	0.04	0.32	0.17	0.43	0.2		0.9846718430862496	0.2	False	0.165
0	['Pt', 'Pd', 'Au', 'Ru', 'Rh', 'Ir', 'Re', 'Os']	19	[0.344 0.223 0.344 0.01  0.003 0.002 0.001 0.075]	[ 0.006 -0.153  0.116  0.019 -0.008 -0.018 -0.01   0.047]	0.67	1.95	1.4	0.12	0.07	0.31	0.04	0.32	0.17	0.43	0.2		1.0251131975851906	0.2	False	0.059
1	['Pt', 'Pd', 'Au', 'Ru', 'Rh', 'Ir', 'Re', 'Os']	19	[0.37  0.247 0.313 0.005 0.007 0.009 0.007 0.046]	[-0.01  -0.03   0.097 -0.057 -0.021 -0.038 -0.025  0.084]	0.67	1.95	1.4	0.12	0.07	0.31	0.04	0.32	0.17	0.43	0.2		1.0310075203586435	0.152	False	0.061
2	['Pt', 'Pd', 'Au', 'Ru', 'Rh', 'Ir', 'Re', 'Os']	19	[0.335 0.252 0.313 0.01  0.011 0.004 0.006 0.068]	[-0.167  0.028  0.076  0.018  0.009 -0.003 -0.028  0.067]	0.67	1.95	1.4	0.12	0.07	0.31	0.04	0.32	0.17	0.43	0.2		1.0261311829814297	0.2	False	0.041
3	['Pt', 'Pd', 'Au', 'Ru', 'Rh', 'Ir', 'Re', 'Os']	19	[0.344 0.341 0.154 0.072 0.018 0.003 0.014 0.051]	[-0.061  0.069 -0.133  0.098  0.018 -0.01  -0.034  0.052]	0.67	1.95	1.4	0.12	0.07	0.31	0.04	0.32	0.17	0.43	0.2		0.9197254762590679	0.2	False	0.194
4	['Pt', 'Pd', 'Au', 'Ru', 'Rh', 'Ir', 'Re', 'Os']	19	[0.388 0.234 0.297 0.004 0.057 0.003 0.005 0.008]	[ 0.037 -0.092  0.121 -0.003  0.088 -0.056 -0.045 -0.051]	0.67	1.95	1.4	0.12	0.07	0.31	0.04	0.32	0.17	0.43	0.2		0.9769265156676963	0.2	False	0.116
5	['Pt', 'Pd', 'Au', 'Ru', 'Rh', 'Ir', 'Re', 'Os']	19	[0.344 0.196 0.302 0.013 0.073 0.013 0.017 0.043]	[ 0.023 -0.13   0.004 -0.013  0.114 -0.039 -0.039  0.08 ]	0.67	1.95	1.4	0.12	0.07	0.31	0.04	0.32	0.17	0.43	0.2		0.9217341357611879	0.2	False	0.11
6	['Pt', 'Pd', 'Au', 'Ru', 'Rh', 'Ir', 'Re', 'Os']	19	[0.356 0.217 0.318 0.042 0.039 0.004 0.013 0.013]	[-0.028 -0.12   0.116 -0.053  0.068 -0.044  0.027  0.033]	0.67	1.95	1.4	0.12	0.07	0.31	0.04	0.32	0.17	0.43	0.2		0.9621373958358439	0.2	False	0.112
7	['Pt', 'Pd', 'Au', 'Ru', 'Rh', 'Ir', 'Re', 'Os']	19	[0.373 0.256 0.321 0.002 0.007 0.011 0.014 0.012]	[-0.092 -0.013  0.1   -0.009  0.008  0.011  0.016 -0.023]	0.67	1.95	1.4	0.12	0.07	0.31	0.04	0.32	0.17	0.43	0.2		1.0093543707307053	0.14	False	0.095
0	['Pt', 'Pd', 'Au', 'Ru', 'Rh', 'Ir', 'Re', 'Os']	20	[0.394 0.185 0.318 0.043 0.009 0.004 0.008 0.041]	[ 0.065 -0.035 -0.021  0.051 -0.014  0.001 -0.018 -0.03 ]	0.67	1.95	1.4	0.12	0.07	0.31	0.04	0.32	0.17	0.43	0.2		0.9924086426283252	0.1	False	0.109
1	['Pt', 'Pd', 'Au', 'Ru', 'Rh', 'Ir', 'Re', 'Os']	20	[0.307 0.207 0.394 0.064 0.01  0.005 0.015 0.   ]	[-0.069 -0.034  0.148  0.085 -0.033 -0.015 -0.037 -0.045]	0.67	1.95	1.4	0.12	0.07	0.31	0.04	0.32	0.17	0.43	0.2		0.8969466628755867	0.199	False	0.164
2	['Pt', 'Pd', 'Au', 'Ru', 'Rh', 'Ir', 'Re', 'Os']	20	[0.443 0.199 0.272 0.009 0.005 0.006 0.004 0.059]	[ 0.112 -0.055 -0.042  0.015  0.013 -0.016 -0.016 -0.009]	0.67	1.95	1.4	0.12	0.07	0.31	0.04	0.32	0.17	0.43	0.2		1.0070924628413354	0.136	False	0.118
3	['Pt', 'Pd', 'Au', 'Ru', 'Rh', 'Ir', 'Re', 'Os']	20	[0.358 0.271 0.302 0.007 0.008 0.007 0.001 0.042]	[-0.004 -0.099  0.148  0.064 -0.054 -0.014 -0.012 -0.03 ]	0.67	1.95	1.4	0.12	0.07	0.31	0.04	0.32	0.17	0.43	0.2		1.0325721453639605	0.2	False	0.064
4	['Pt', 'Pd', 'Au', 'Ru', 'Rh', 'Ir', 'Re', 'Os']	20	[0.29  0.214 0.409 0.001 0.02  0.015 0.002 0.046]	[-0.125 -0.033  0.123 -0.012  0.069 -0.035 -0.023  0.036]	0.67	1.95	1.4	0.12	0.07	0.31	0.04	0.32	0.17	0.43	0.2		0.9064518544545859	0.2	False	0.143
5	['Pt', 'Pd', 'Au', 'Ru', 'Rh', 'Ir', 'Re', 'Os']	20	[0.371 0.209 0.367 0.025 0.001 0.    0.009 0.014]	[ 0.018 -0.015  0.11   0.006  0.093 -0.04  -0.057 -0.117]	0.67	1.95	1.4	0.12	0.07	0.31	0.04	0.32	0.17	0.43	0.2		0.9921653519212459	0.2	False	0.121
6	['Pt', 'Pd', 'Au', 'Ru', 'Rh', 'Ir', 'Re', 'Os']	20	[0.417 0.185 0.3   0.057 0.004 0.011 0.007 0.022]	[ 0.101 -0.067 -0.041  0.125 -0.002 -0.072 -0.052  0.007]	0.67	1.95	1.4	0.12	0.07	0.31	0.04	0.32	0.17	0.43	0.2		0.9752879796139695	0.2	False	0.135
7	['Pt', 'Pd', 'Au', 'Ru', 'Rh', 'Ir', 'Re', 'Os']	20	[0.394 0.258 0.313 0.019 0.003 0.005 0.002 0.001]	[ 0.033  0.001 -0.016  0.02  -0.009 -0.004  0.011 -0.036]	0.67	1.95	1.4	0.12	0.07	0.31	0.04	0.32	0.17	0.43	0.2		1.0180140885239073	0.057	False	0.111
0	['Pt', 'Pd', 'Au', 'Ru', 'Rh', 'Ir', 'Re', 'Os']	21	[0.315 0.303 0.209 0.102 0.008 0.015 0.025 0.026]	[-0.08   0.125 -0.111  0.063  0.013 -0.022  0.026 -0.014]	0.67	1.95	1.4	0.12	0.07	0.31	0.04	0.32	0.17	0.43	0.2		0.913192376469965	0.2	False	0.171
1	['Pt', 'Pd', 'Au', 'Ru', 'Rh', 'Ir', 'Re', 'Os']	21	[0.396 0.228 0.281 0.016 0.01  0.006 0.011 0.051]	[ 0.09   0.009 -0.15   0.069 -0.029 -0.041  0.006  0.045]	0.67	1.95	1.4	0.12	0.07	0.31	0.04	0.32	0.17	0.43	0.2		1.0248149260625636	0.2	False	0.077
2	['Pt', 'Pd', 'Au', 'Ru', 'Rh', 'Ir', 'Re', 'Os']	21	[0.406 0.337 0.192 0.002 0.    0.014 0.    0.043]	[-0.04   0.137 -0.083  0.007 -0.008  0.013 -0.007 -0.018]	0.67	1.95	1.4	0.12	0.07	0.31	0.04	0.32	0.17	0.43	0.2		0.9787351715073649	0.168	False	0.161
3	['Pt', 'Pd', 'Au', 'Ru', 'Rh', 'Ir', 'Re', 'Os']	21	[0.364 0.209 0.359 0.024 0.006 0.018 0.01  0.004]	[ 0.023 -0.066  0.09   0.037  0.019 -0.028 -0.029 -0.047]	0.67	1.95	1.4	0.12	0.07	0.31	0.04	0.32	0.17	0.43	0.2		0.9617505120504868	0.136	False	0.125
4	['Pt', 'Pd', 'Au', 'Ru', 'Rh', 'Ir', 'Re', 'Os']	21	[0.409 0.269 0.266 0.013 0.006 0.001 0.001 0.031]	[ 0.121  0.056 -0.145  0.009 -0.031  0.009 -0.005 -0.015]	0.67	1.95	1.4	0.12	0.07	0.31	0.04	0.32	0.17	0.43	0.2		1.035085810698458	0.201	False	0.1
5	['Pt', 'Pd', 'Au', 'Ru', 'Rh', 'Ir', 'Re', 'Os']	21	[0.359 0.313 0.256 0.035 0.002 0.    0.008 0.023]	[ 0.002  0.138 -0.114  0.064  0.001 -0.021 -0.016 -0.054]	0.67	1.95	1.4	0.12	0.07	0.31	0.04	0.32	0.17	0.43	0.2		1.0145820892907578	0.2	False	0.115
6	['Pt', 'Pd', 'Au', 'Ru', 'Rh', 'Ir', 'Re', 'Os']	21	[0.438 0.293 0.202 0.001 0.024 0.005 0.024 0.014]	[ 0.02   0.13  -0.131  0.039 -0.057  0.001  0.015 -0.017]	0.67	1.95	1.4	0.12	0.07	0.31	0.04	0.32	0.17	0.43	0.2		0.9617047487418577	0.199	False	0.167
7	['Pt', 'Pd', 'Au', 'Ru', 'Rh', 'Ir', 'Re', 'Os']	21	[0.425 0.343 0.162 0.027 0.005 0.004 0.008 0.018]	[ 0.032  0.088 -0.154  0.038  0.003 -0.008 -0.017  0.018]	0.67	1.95	1.4	0.12	0.07	0.31	0.04	0.32	0.17	0.43	0.2		0.939500352641172	0.186	False	0.202
0	['Pt', 'Pd', 'Au', 'Ru', 'Rh', 'Ir', 'Re', 'Os']	22	[0.381 0.267 0.261 0.039 0.006 0.006 0.001 0.042]	[ 0.059 -0.074  0.041  0.139 -0.065 -0.074 -0.019 -0.006]	0.67	1.95	1.4	0.12	0.07	0.31	0.04	0.32	0.17	0.43	0.2		1.028921783000415	0.201	False	0.088
1	['Pt', 'Pd', 'Au', 'Ru', 'Rh', 'Ir', 'Re', 'Os']	22	[0.458 0.247 0.237 0.003 0.012 0.005 0.018 0.02 ]	[ 0.088  0.025 -0.067  0.006  0.017  0.002 -0.024 -0.048]	0.67	1.95	1.4	0.12	0.07	0.31	0.04	0.32	0.17	0.43	0.2		0.9836142139354229	0.127	False	0.15
2	['Pt', 'Pd', 'Au', 'Ru', 'Rh', 'Ir', 'Re', 'Os']	22	[0.46  0.175 0.293 0.002 0.004 0.002 0.006 0.054]	[ 0.051 -0.166  0.098 -0.003  0.001  0.012  0.001  0.008]	0.67	1.95	1.4	0.12	0.07	0.31	0.04	0.32	0.17	0.43	0.2		0.9888012263805706	0.2	False	0.141
3	['Pt', 'Pd', 'Au', 'Ru', 'Rh', 'Ir', 'Re', 'Os']	22	[0.382 0.287 0.241 0.032 0.014 0.016 0.001 0.02 ]	[ 0.02   0.099 -0.158  0.049 -0.039  0.024 -0.011  0.017]	0.67	1.95	1.4	0.12	0.07	0.31	0.04	0.32	0.17	0.43	0.2		0.9936307785417378	0.2	False	0.117
4	['Pt', 'Pd', 'Au', 'Ru', 'Rh', 'Ir', 'Re', 'Os']	22	[0.499 0.277 0.155 0.002 0.035 0.024 0.004 0.002]	[ 0.131  0.033 -0.109  0.02   0.047 -0.041 -0.027 -0.053]	0.67	1.95	1.4	0.12	0.07	0.31	0.04	0.32	0.17	0.43	0.2		0.8658895469943162	0.195	False	0.235
5	['Pt', 'Pd', 'Au', 'Ru', 'Rh', 'Ir', 'Re', 'Os']	22	[0.431 0.207 0.3   0.019 0.016 0.003 0.002 0.016]	[ 0.107 -0.105  0.073  0.065 -0.048  0.001 -0.021 -0.073]	0.67	1.95	1.4	0.12	0.07	0.31	0.04	0.32	0.17	0.43	0.2		0.997024450385378	0.2	False	0.127
6	['Pt', 'Pd', 'Au', 'Ru', 'Rh', 'Ir', 'Re', 'Os']	22	[0.389 0.229 0.275 0.006 0.077 0.003 0.011 0.013]	[-0.058 -0.08   0.118 -0.019  0.115 -0.022 -0.006 -0.048]	0.67	1.95	1.4	0.12	0.07	0.31	0.04	0.32	0.17	0.43	0.2		0.9526996781134793	0.201	False	0.127
7	['Pt', 'Pd', 'Au', 'Ru', 'Rh', 'Ir', 'Re', 'Os']	22	[0.423 0.235 0.315 0.012 0.    0.001 0.003 0.004]	[-0.008 -0.119  0.154  0.028 -0.015 -0.008  0.001 -0.033]	0.67	1.95	1.4	0.12	0.07	0.31	0.04	0.32	0.17	0.43	0.2		1.0179395965241842	0.2	False	0.123
0	['Pt', 'Pd', 'Au', 'Ru', 'Rh', 'Ir', 'Re', 'Os']	23	[0.327 0.208 0.313 0.076 0.028 0.026 0.01  0.014]	[-0.065 -0.071  0.072  0.053  0.031  0.028 -0.017 -0.031]	0.67	1.95	1.4	0.12	0.07	0.31	0.04	0.32	0.17	0.43	0.2		0.9035466777669718	0.143	False	0.131
1	['Pt', 'Pd', 'Au', 'Ru', 'Rh', 'Ir', 'Re', 'Os']	23	[0.313 0.246 0.365 0.015 0.    0.001 0.01  0.052]	[-0.154 -0.008  0.122  0.005  0.004 -0.013  0.018  0.025]	0.67	1.95	1.4	0.12	0.07	0.31	0.04	0.32	0.17	0.43	0.2		0.996170827545479	0.2	False	0.091
2	['Pt', 'Pd', 'Au', 'Ru', 'Rh', 'Ir', 'Re', 'Os']	23	[0.371 0.045 0.287 0.094 0.039 0.027 0.04  0.093]	[-0.089 -0.13  -0.006  0.092  0.035  0.025  0.034  0.039]	0.67	1.95	1.4	0.12	0.07	0.31	0.04	0.32	0.17	0.43	0.2		0.7193808698447692	0.195	False	0.235
3	['Pt', 'Pd', 'Au', 'Ru', 'Rh', 'Ir', 'Re', 'Os']	23	[0.305 0.277 0.291 0.03  0.001 0.018 0.005 0.066]	[-0.118 -0.018  0.071  0.065  0.004 -0.029 -0.039  0.065]	0.67	1.95	1.4	0.12	0.07	0.31	0.04	0.32	0.17	0.43	0.2		0.9895921090599242	0.173	False	0.072
4	['Pt', 'Pd', 'Au', 'Ru', 'Rh', 'Ir', 'Re', 'Os']	23	[0.364 0.279 0.26  0.02  0.015 0.014 0.01  0.038]	[-0.162 -0.01   0.104  0.007  0.035  0.022 -0.024  0.027]	0.67	1.95	1.4	0.12	0.07	0.31	0.04	0.32	0.17	0.43	0.2		1.0078107532220113	0.2	False	0.086
5	['Pt', 'Pd', 'Au', 'Ru', 'Rh', 'Ir', 'Re', 'Os']	23	[0.271 0.262 0.367 0.012 0.048 0.021 0.004 0.009]	[-0.163  0.064  0.077 -0.04   0.04   0.02   0.005 -0.002]	0.67	1.95	1.4	0.12	0.07	0.31	0.04	0.32	0.17	0.43	0.2		0.8759258131134549	0.2	False	0.149
6	['Pt', 'Pd', 'Au', 'Ru', 'Rh', 'Ir', 'Re', 'Os']	23	[0.373 0.26  0.325 0.011 0.018 0.012 0.003 0.002]	[-0.037  0.044  0.076 -0.083  0.128 -0.075 -0.006 -0.047]	0.67	1.95	1.4	0.12	0.07	0.31	0.04	0.32	0.17	0.43	0.2		0.9993956386463934	0.2	False	0.107
7	['Pt', 'Pd', 'Au', 'Ru', 'Rh', 'Ir', 'Re', 'Os']	23	[0.334 0.302 0.289 0.037 0.002 0.005 0.007 0.016]	[-0.09   0.067 -0.026  0.025  0.002  0.004  0.007  0.012]	0.67	1.95	1.4	0.12	0.07	0.31	0.04	0.32	0.17	0.43	0.2		1.0004457832484577	0.119	False	0.108
0	['Pt', 'Pd', 'Au', 'Ru', 'Rh', 'Ir', 'Re', 'Os']	24	[0.355 0.325 0.23  0.017 0.003 0.039 0.011 0.021]	[ 0.004  0.118 -0.139  0.077 -0.005 -0.016 -0.014 -0.023]	0.67	1.95	1.4	0.12	0.07	0.31	0.04	0.32	0.17	0.43	0.2		0.951579990380371	0.2	False	0.137
1	['Pt', 'Pd', 'Au', 'Ru', 'Rh', 'Ir', 'Re', 'Os']	24	[0.398 0.305 0.228 0.047 0.003 0.003 0.011 0.005]	[ 0.09   0.064 -0.138  0.051  0.006 -0.002 -0.024 -0.046]	0.67	1.95	1.4	0.12	0.07	0.31	0.04	0.32	0.17	0.43	0.2		0.9930405122203867	0.192	False	0.148
2	['Pt', 'Pd', 'Au', 'Ru', 'Rh', 'Ir', 'Re', 'Os']	24	[0.386 0.224 0.251 0.031 0.014 0.011 0.02  0.059]	[ 0.015  0.179 -0.036 -0.063 -0.025 -0.016 -0.02  -0.034]	0.67	1.95	1.4	0.12	0.07	0.31	0.04	0.32	0.17	0.43	0.2		0.9990233496836693	0.2	False	0.088
3	['Pt', 'Pd', 'Au', 'Ru', 'Rh', 'Ir', 'Re', 'Os']	24	[0.329 0.257 0.25  0.083 0.    0.005 0.025 0.04 ]	[ 0.052 -0.063 -0.118  0.128 -0.045  0.01   0.018  0.02 ]	0.67	1.95	1.4	0.12	0.07	0.31	0.04	0.32	0.17	0.43	0.2		0.9734137556471716	0.2	False	0.119
4	['Pt', 'Pd', 'Au', 'Ru', 'Rh', 'Ir', 'Re', 'Os']	24	[0.336 0.306 0.314 0.    0.011 0.027 0.002 0.001]	[-0.044  0.048  0.093  0.018  0.025 -0.046  0.004 -0.098]	0.67	1.95	1.4	0.12	0.07	0.31	0.04	0.32	0.17	0.43	0.2		0.9703090284887981	0.16	False	0.119
5	['Pt', 'Pd', 'Au', 'Ru', 'Rh', 'Ir', 'Re', 'Os']	24	[0.37  0.316 0.259 0.03  0.002 0.    0.014 0.004]	[ 0.108  0.053 -0.146  0.022  0.035 -0.006 -0.046 -0.02 ]	0.67	1.95	1.4	0.12	0.07	0.31	0.04	0.32	0.17	0.43	0.2		1.0045093121290987	0.2	False	0.129
6	['Pt', 'Pd', 'Au', 'Ru', 'Rh', 'Ir', 'Re', 'Os']	24	[0.322 0.277 0.303 0.035 0.008 0.005 0.019 0.036]	[-0.038  0.094  0.018  0.096 -0.09   0.036 -0.015 -0.102]	0.67	1.95	1.4	0.12	0.07	0.31	0.04	0.32	0.17	0.43	0.2		0.9982217780040228	0.2	False	0.085
7	['Pt', 'Pd', 'Au', 'Ru', 'Rh', 'Ir', 'Re', 'Os']	24	[0.438 0.338 0.166 0.036 0.002 0.011 0.001 0.001]	[ 0.113  0.037 -0.142  0.063 -0.008 -0.037 -0.018 -0.008]	0.67	1.95	1.4	0.12	0.07	0.31	0.04	0.32	0.17	0.43	0.2		0.9277324151618926	0.2	False	0.211
0	['Pt', 'Pd', 'Au', 'Ru', 'Rh', 'Ir', 'Re', 'Os']	25	[0.345 0.266 0.23  0.061 0.015 0.073 0.009 0.002]	[-0.011 -0.075  0.002  0.06  -0.042  0.116 -0.021 -0.029]	0.67	1.95	1.4	0.12	0.07	0.31	0.04	0.32	0.17	0.43	0.2		0.8636591610018889	0.16	False	0.155
1	['Pt', 'Pd', 'Au', 'Ru', 'Rh', 'Ir', 'Re', 'Os']	25	[0.37  0.199 0.344 0.048 0.001 0.006 0.007 0.025]	[-0.034 -0.12   0.125  0.083 -0.025 -0.03  -0.017  0.019]	0.67	1.95	1.4	0.12	0.07	0.31	0.04	0.32	0.17	0.43	0.2		0.9869125816574202	0.201	False	0.114
2	['Pt', 'Pd', 'Au', 'Ru', 'Rh', 'Ir', 'Re', 'Os']	25	[0.367 0.328 0.189 0.017 0.005 0.001 0.023 0.067]	[-0.042  0.152 -0.11   0.041  0.    -0.009 -0.033  0.   ]	0.67	1.95	1.4	0.12	0.07	0.31	0.04	0.32	0.17	0.43	0.2		0.986375070080683	0.2	False	0.144
3	['Pt', 'Pd', 'Au', 'Ru', 'Rh', 'Ir', 'Re', 'Os']	25	[0.389 0.275 0.263 0.038 0.003 0.013 0.001 0.006]	[ 0.074  0.016  0.009  0.133 -0.047 -0.072 -0.019 -0.094]	0.67	1.95	1.4	0.12	0.07	0.31	0.04	0.32	0.17	0.43	0.2		1.0022688873096735	0.2	False	0.118
4	['Pt', 'Pd', 'Au', 'Ru', 'Rh', 'Ir', 'Re', 'Os']	25	[0.436 0.244 0.23  0.011 0.    0.047 0.006 0.023]	[ 0.138 -0.059 -0.086 -0.011  0.015  0.08  -0.032 -0.046]	0.67	1.95	1.4	0.12	0.07	0.31	0.04	0.32	0.17	0.43	0.2		0.9517626600090496	0.2	False	0.144
5	['Pt', 'Pd', 'Au', 'Ru', 'Rh', 'Ir', 'Re', 'Os']	25	[0.422 0.215 0.318 0.032 0.005 0.002 0.001 0.001]	[ 0.058 -0.131  0.066  0.053 -0.019 -0.013  0.003 -0.018]	0.67	1.95	1.4	0.12	0.07	0.31	0.04	0.32	0.17	0.43	0.2		1.0008124380853376	0.169	False	0.133
6	['Pt', 'Pd', 'Au', 'Ru', 'Rh', 'Ir', 'Re', 'Os']	25	[0.431 0.291 0.231 0.008 0.023 0.015 0.003 0.003]	[ 0.144  0.02  -0.091 -0.082  0.022 -0.05   0.007  0.03 ]	0.67	1.95	1.4	0.12	0.07	0.31	0.04	0.32	0.17	0.43	0.2		0.9751218906249792	0.2	False	0.152
7	['Pt', 'Pd', 'Au', 'Ru', 'Rh', 'Ir', 'Re', 'Os']	25	[0.376 0.255 0.328 0.003 0.002 0.02  0.003 0.005]	[-0.059 -0.081  0.166 -0.037  0.003  0.027 -0.009 -0.01 ]	0.67	1.95	1.4	0.12	0.07	0.31	0.04	0.32	0.17	0.43	0.2		1.0006755782445007	0.2	False	0.105
0	['Pt', 'Pd', 'Au', 'Ru', 'Rh', 'Ir', 'Re', 'Os']	26	[0.411 0.238 0.299 0.016 0.01  0.006 0.002 0.02 ]	[ 0.073 -0.124  0.079  0.012 -0.032  0.083 -0.065 -0.027]	0.67	1.95	1.4	0.12	0.07	0.31	0.04	0.32	0.17	0.43	0.2		1.0202917886132983	0.2	False	0.103
1	['Pt', 'Pd', 'Au', 'Ru', 'Rh', 'Ir', 'Re', 'Os']	26	[0.408 0.254 0.304 0.024 0.005 0.001 0.001 0.003]	[ 0.041  0.062 -0.055  0.071 -0.032 -0.017 -0.019 -0.051]	0.67	1.95	1.4	0.12	0.07	0.31	0.04	0.32	0.17	0.43	0.2		1.0220348804726094	0.134	False	0.116
2	['Pt', 'Pd', 'Au', 'Ru', 'Rh', 'Ir', 'Re', 'Os']	26	[0.462 0.215 0.279 0.014 0.004 0.002 0.019 0.006]	[ 0.097 -0.119  0.092 -0.005 -0.009 -0.006  0.034 -0.084]	0.67	1.95	1.4	0.12	0.07	0.31	0.04	0.32	0.17	0.43	0.2		0.9838346664042255	0.2	False	0.154
3	['Pt', 'Pd', 'Au', 'Ru', 'Rh', 'Ir', 'Re', 'Os']	26	[0.37  0.244 0.315 0.004 0.004 0.039 0.003 0.011]	[-0.011 -0.031  0.112  0.021 -0.04   0.074 -0.055 -0.069]	0.67	1.95	1.4	0.12	0.07	0.31	0.04	0.32	0.17	0.43	0.2		0.9747720294565723	0.17	False	0.101
4	['Pt', 'Pd', 'Au', 'Ru', 'Rh', 'Ir', 'Re', 'Os']	26	[0.375 0.29  0.289 0.007 0.006 0.011 0.002 0.017]	[-0.07   0.065  0.081 -0.048 -0.015  0.065 -0.005 -0.073]	0.67	1.95	1.4	0.12	0.07	0.31	0.04	0.32	0.17	0.43	0.2		1.0200489287833758	0.166	False	0.097
5	['Pt', 'Pd', 'Au', 'Ru', 'Rh', 'Ir', 'Re', 'Os']	26	[0.424 0.215 0.306 0.016 0.005 0.002 0.025 0.004]	[ 0.019  0.014 -0.014  0.095  0.01  -0.002 -0.08  -0.042]	0.67	1.95	1.4	0.12	0.07	0.31	0.04	0.32	0.17	0.43	0.2		0.9952408189130675	0.134	False	0.13
6	['Pt', 'Pd', 'Au', 'Ru', 'Rh', 'Ir', 'Re', 'Os']	26	[0.502 0.234 0.139 0.01  0.011 0.025 0.014 0.07 ]	[ 0.098 -0.072 -0.119  0.01  -0.007  0.035 -0.036  0.092]	0.67	1.95	1.4	0.12	0.07	0.31	0.04	0.32	0.17	0.43	0.2		0.8771733597053828	0.2	False	0.226
7	['Pt', 'Pd', 'Au', 'Ru', 'Rh', 'Ir', 'Re', 'Os']	26	[0.441 0.281 0.245 0.006 0.002 0.016 0.001 0.001]	[ 0.069  0.025 -0.095 -0.017 -0.003  0.029 -0.003 -0.004]	0.67	1.95	1.4	0.12	0.07	0.31	0.04	0.32	0.17	0.43	0.2		0.9878016016546722	0.125	False	0.15
0	['Pt', 'Pd', 'Au', 'Ru', 'Rh', 'Ir', 'Re', 'Os']	27	[0.318 0.244 0.338 0.025 0.014 0.023 0.03  0.014]	[-0.102  0.01   0.047  0.013  0.021  0.023  0.026 -0.039]	0.67	1.95	1.4	0.12	0.07	0.31	0.04	0.32	0.17	0.43	0.2		0.9413375574853846	0.127	False	0.11
1	['Pt', 'Pd', 'Au', 'Ru', 'Rh', 'Ir', 'Re', 'Os']	27	[0.363 0.248 0.345 0.004 0.012 0.    0.    0.028]	[-0.047 -0.005  0.045 -0.031  0.014 -0.003  0.     0.028]	0.67	1.95	1.4	0.12	0.07	0.31	0.04	0.32	0.17	0.43	0.2		1.0238674683234077	0.079	False	0.087
2	['Pt', 'Pd', 'Au', 'Ru', 'Rh', 'Ir', 'Re', 'Os']	27	[0.377 0.229 0.346 0.001 0.007 0.012 0.003 0.03 ]	[-0.088  0.013  0.067 -0.014  0.007  0.009 -0.017  0.023]	0.67	1.95	1.4	0.12	0.07	0.31	0.04	0.32	0.17	0.43	0.2		1.0118122116604382	0.117	False	0.092
3	['Pt', 'Pd', 'Au', 'Ru', 'Rh', 'Ir', 'Re', 'Os']	27	[0.296 0.273 0.383 0.002 0.001 0.008 0.006 0.022]	[-0.087  0.053  0.106 -0.007 -0.03   0.028  0.008 -0.07 ]	0.67	1.95	1.4	0.12	0.07	0.31	0.04	0.32	0.17	0.43	0.2		0.9567927132386804	0.168	False	0.129
4	['Pt', 'Pd', 'Au', 'Ru', 'Rh', 'Ir', 'Re', 'Os']	27	[0.385 0.227 0.333 0.003 0.02  0.014 0.013 0.   ]	[ 0.04  -0.073  0.093 -0.02   0.039 -0.061 -0.045  0.028]	0.67	1.95	1.4	0.12	0.07	0.31	0.04	0.32	0.17	0.43	0.2		0.9807763459261802	0.155	False	0.117
5	['Pt', 'Pd', 'Au', 'Ru', 'Rh', 'Ir', 'Re', 'Os']	27	[0.281 0.31  0.336 0.    0.005 0.008 0.041 0.014]	[-0.143  0.111  0.042 -0.007 -0.025 -0.009  0.062 -0.031]	0.67	1.95	1.4	0.12	0.07	0.31	0.04	0.32	0.17	0.43	0.2		0.9335476916306478	0.2	False	0.137
6	['Pt', 'Pd', 'Au', 'Ru', 'Rh', 'Ir', 'Re', 'Os']	27	[0.422 0.233 0.299 0.006 0.003 0.004 0.019 0.02 ]	[-0.094 -0.009  0.164 -0.014 -0.007  0.003  0.019 -0.061]	0.67	1.95	1.4	0.12	0.07	0.31	0.04	0.32	0.17	0.43	0.2		1.0179185611530852	0.2	False	0.111
7	['Pt', 'Pd', 'Au', 'Ru', 'Rh', 'Ir', 'Re', 'Os']	27	[0.366 0.274 0.322 0.005 0.003 0.005 0.004 0.015]	[-0.081 -0.007  0.085 -0.017  0.002  0.018 -0.01   0.011]	0.67	1.95	1.4	0.12	0.07	0.31	0.04	0.32	0.17	0.43	0.2		1.024177572902364	0.121	False	0.093
0	['Pt', 'Pd', 'Au', 'Ru', 'Rh', 'Ir', 'Re', 'Os']	28	[0.455 0.194 0.233 0.018 0.01  0.002 0.03  0.066]	[ 0.134 -0.057 -0.114 -0.013 -0.01  -0.032  0.046  0.047]	0.67	1.95	1.4	0.12	0.07	0.31	0.04	0.32	0.17	0.43	0.2		0.9739893981860155	0.2	False	0.145
1	['Pt', 'Pd', 'Au', 'Ru', 'Rh', 'Ir', 'Re', 'Os']	28	[0.399 0.217 0.284 0.034 0.008 0.002 0.003 0.051]	[ 0.044 -0.027 -0.059  0.034 -0.023  0.008 -0.006  0.03 ]	0.67	1.95	1.4	0.12	0.07	0.31	0.04	0.32	0.17	0.43	0.2		1.0249253344136184	0.094	False	0.086
2	['Pt', 'Pd', 'Au', 'Ru', 'Rh', 'Ir', 'Re', 'Os']	28	[0.427 0.293 0.171 0.015 0.007 0.001 0.014 0.079]	[ 0.047  0.061 -0.178  0.011 -0.003  0.01   0.008  0.046]	0.67	1.95	1.4	0.12	0.07	0.31	0.04	0.32	0.17	0.43	0.2		0.9854727637645828	0.2	False	0.159
3	['Pt', 'Pd', 'Au', 'Ru', 'Rh', 'Ir', 'Re', 'Os']	28	[0.419 0.275 0.248 0.039 0.005 0.002 0.002 0.003]	[ 0.142  0.015 -0.128  0.039 -0.014 -0.015 -0.004 -0.035]	0.67	1.95	1.4	0.12	0.07	0.31	0.04	0.32	0.17	0.43	0.2		1.0051935175948141	0.2	False	0.138
4	['Pt', 'Pd', 'Au', 'Ru', 'Rh', 'Ir', 'Re', 'Os']	28	[0.424 0.249 0.223 0.02  0.014 0.038 0.006 0.019]	[ 0.071  0.045 -0.157 -0.053 -0.021  0.057  0.017  0.04 ]	0.67	1.95	1.4	0.12	0.07	0.31	0.04	0.32	0.17	0.43	0.2		0.9506127113801399	0.2	False	0.142
5	['Pt', 'Pd', 'Au', 'Ru', 'Rh', 'Ir', 'Re', 'Os']	28	[0.425 0.229 0.313 0.004 0.003 0.011 0.001 0.008]	[ 0.166 -0.094 -0.027 -0.017 -0.014  0.01   0.021 -0.044]	0.67	1.95	1.4	0.12	0.07	0.31	0.04	0.32	0.17	0.43	0.2		1.0072612255332067	0.2	False	0.122
6	['Pt', 'Pd', 'Au', 'Ru', 'Rh', 'Ir', 'Re', 'Os']	28	[0.321 0.286 0.339 0.01  0.006 0.017 0.024 0.003]	[-0.112  0.093  0.075 -0.    -0.043 -0.051  0.054 -0.017]	0.67	1.95	1.4	0.12	0.07	0.31	0.04	0.32	0.17	0.43	0.2		0.964822078779247	0.185	False	0.119
7	['Pt', 'Pd', 'Au', 'Ru', 'Rh', 'Ir', 'Re', 'Os']	28	[0.335 0.238 0.363 0.033 0.005 0.017 0.004 0.   ]	[-0.028 -0.034  0.071  0.046 -0.017 -0.037  0.004 -0.006]	0.67	1.95	1.4	0.12	0.07	0.31	0.04	0.32	0.17	0.43	0.2		0.9577234114312783	0.104	False	0.126
0	['Pt', 'Pd', 'Au', 'Ru', 'Rh', 'Ir', 'Re', 'Os']	29	[0.319 0.316 0.272 0.03  0.009 0.002 0.018 0.042]	[-0.148  0.12   0.034  0.006 -0.009 -0.006  0.036 -0.032]	0.67	1.95	1.4	0.12	0.07	0.31	0.04	0.32	0.17	0.43	0.2		0.9962252591161052	0.2	False	0.104
1	['Pt', 'Pd', 'Au', 'Ru', 'Rh', 'Ir', 'Re', 'Os']	29	[0.386 0.201 0.323 0.02  0.003 0.004 0.007 0.051]	[-0.022 -0.026  0.05   0.059 -0.004 -0.023 -0.031 -0.004]	0.67	1.95	1.4	0.12	0.07	0.31	0.04	0.32	0.17	0.43	0.2		1.0166405344096503	0.093	False	0.084
2	['Pt', 'Pd', 'Au', 'Ru', 'Rh', 'Ir', 'Re', 'Os']	29	[0.435 0.156 0.314 0.028 0.003 0.001 0.011 0.06 ]	[ 0.007 -0.139  0.142  0.012  0.008 -0.004 -0.005 -0.021]	0.67	1.95	1.4	0.12	0.07	0.31	0.04	0.32	0.17	0.43	0.2		0.9813006415510552	0.2	False	0.137
3	['Pt', 'Pd', 'Au', 'Ru', 'Rh', 'Ir', 'Re', 'Os']	29	[0.362 0.171 0.303 0.056 0.016 0.003 0.011 0.069]	[-0.052 -0.106  0.075  0.096 -0.044 -0.023 -0.033  0.088]	0.67	1.95	1.4	0.12	0.07	0.31	0.04	0.32	0.17	0.43	0.2		0.9683038269238828	0.2	False	0.104
4	['Pt', 'Pd', 'Au', 'Ru', 'Rh', 'Ir', 'Re', 'Os']	29	[0.39  0.296 0.136 0.003 0.043 0.005 0.005 0.116]	[-0.06   0.048 -0.131 -0.007  0.039  0.031 -0.035  0.115]	0.67	1.95	1.4	0.12	0.07	0.31	0.04	0.32	0.17	0.43	0.2		0.9343390244330922	0.2	False	0.181
5	['Pt', 'Pd', 'Au', 'Ru', 'Rh', 'Ir', 'Re', 'Os']	29	[0.399 0.193 0.311 0.001 0.006 0.036 0.007 0.04 ]	[-0.034 -0.047 -0.001 -0.007 -0.012  0.047  0.009  0.044]	0.67	1.95	1.4	0.12	0.07	0.31	0.04	0.32	0.17	0.43	0.2		0.9710531656243322	0.089	False	0.104
6	['Pt', 'Pd', 'Au', 'Ru', 'Rh', 'Ir', 'Re', 'Os']	29	[0.452 0.227 0.243 0.013 0.003 0.026 0.008 0.035]	[ 0.139 -0.071 -0.112 -0.017 -0.019  0.029  0.022  0.029]	0.67	1.95	1.4	0.12	0.07	0.31	0.04	0.32	0.17	0.43	0.2		0.9774705564789778	0.2	False	0.139
7	['Pt', 'Pd', 'Au', 'Ru', 'Rh', 'Ir', 'Re', 'Os']	29	[0.18  0.308 0.324 0.028 0.018 0.02  0.039 0.076]	[-0.16   0.067 -0.043 -0.008  0.01   0.028  0.032  0.073]	0.67	1.95	1.4	0.12	0.07	0.31	0.04	0.32	0.17	0.43	0.2		0.7676293515565489	0.198	False	0.191
0	['Pt', 'Pd', 'Au', 'Ru', 'Rh', 'Ir', 'Re', 'Os']	30	[0.452 0.18  0.323 0.01  0.007 0.005 0.002 0.028]	[ 0.131 -0.138  0.049 -0.022  0.012  0.001 -0.018 -0.016]	0.67	1.95	1.4	0.12	0.07	0.31	0.04	0.32	0.17	0.43	0.2		0.9852781735816258	0.2	False	0.146
1	['Pt', 'Pd', 'Au', 'Ru', 'Rh', 'Ir', 'Re', 'Os']	30	[0.428 0.174 0.345 0.004 0.006 0.005 0.019 0.014]	[ 0.052 -0.033  0.027  0.006 -0.023 -0.006  0.022 -0.045]	0.67	1.95	1.4	0.12	0.07	0.31	0.04	0.32	0.17	0.43	0.2		0.9696000410494632	0.087	False	0.147
2	['Pt', 'Pd', 'Au', 'Ru', 'Rh', 'Ir', 'Re', 'Os']	30	[0.439 0.241 0.275 0.015 0.005 0.001 0.001 0.03 ]	[ 0.002  0.088 -0.044  0.037 -0.017 -0.009 -0.023 -0.034]	0.67	1.95	1.4	0.12	0.07	0.31	0.04	0.32	0.17	0.43	0.2		1.025827324710473	0.114	False	0.117
3	['Pt', 'Pd', 'Au', 'Ru', 'Rh', 'Ir', 'Re', 'Os']	30	[0.363 0.232 0.323 0.033 0.003 0.029 0.004 0.002]	[-0.008  0.09   0.023  0.104  0.002 -0.079 -0.016 -0.118]	0.67	1.95	1.4	0.12	0.07	0.31	0.04	0.32	0.17	0.43	0.2		0.9672498694966103	0.2	False	0.112
4	['Pt', 'Pd', 'Au', 'Ru', 'Rh', 'Ir', 'Re', 'Os']	30	[0.423 0.221 0.279 0.009 0.013 0.005 0.004 0.038]	[ 0.03  -0.084  0.145 -0.026  0.047 -0.025 -0.001 -0.087]	0.67	1.95	1.4	0.12	0.07	0.31	0.04	0.32	0.17	0.43	0.2		1.0149788684702536	0.2	False	0.104
5	['Pt', 'Pd', 'Au', 'Ru', 'Rh', 'Ir', 'Re', 'Os']	30	[0.356 0.235 0.34  0.    0.005 0.035 0.021 0.001]	[-0.053  0.065  0.047 -0.022 -0.008  0.082 -0.056 -0.056]	0.67	1.95	1.4	0.12	0.07	0.31	0.04	0.32	0.17	0.43	0.2		0.9537754584232823	0.151	False	0.116
6	['Pt', 'Pd', 'Au', 'Ru', 'Rh', 'Ir', 'Re', 'Os']	30	[0.513 0.175 0.286 0.014 0.007 0.004 0.001 0.009]	[ 0.088 -0.094  0.059  0.015 -0.03   0.023 -0.009 -0.052]	0.67	1.95	1.4	0.12	0.07	0.31	0.04	0.32	0.17	0.43	0.2		0.9333076703931584	0.157	False	0.202
7	['Pt', 'Pd', 'Au', 'Ru', 'Rh', 'Ir', 'Re', 'Os']	30	[0.008 0.387 0.356 0.032 0.038 0.068 0.045 0.06 ]	[-0.172  0.079  0.032  0.004  0.02   0.048  0.006 -0.016]	0.67	1.95	1.4	0.12	0.07	0.31	0.04	0.32	0.17	0.43	0.2		0.3033409065078997	0.2	False	0.387
