ID	Elements	Generation	Position	Velocity	F_damp	F_b_best	F_h_best	F_g_best	F_b_worst	F_h_worst	F_g_worst	mut_prob	flip_prob	mut_rate	v_max	v_min	Activity	Velocity_mag	Flag	Distance
0	['Pt', 'Pd', 'Au', 'Ru', 'Rh', 'Ir', 'Re', 'Os']	0	[0.79 0.03 0.03 0.03 0.03 0.03 0.03 0.03]	[-0.187  0.027  0.027  0.027  0.027  0.027  0.027  0.027]	0.74	1.67	1.76	0.42	0.02	0.05	0.01	0.11	0.82	0.37	0.2		0.44291876522070495	0.2	False	0.569
1	['Pt', 'Pd', 'Au', 'Ru', 'Rh', 'Ir', 'Re', 'Os']	0	[0.03 0.79 0.03 0.03 0.03 0.03 0.03 0.03]	[ 0.027 -0.187  0.027  0.027  0.027  0.027  0.027  0.027]	0.74	1.67	1.76	0.42	0.02	0.05	0.01	0.11	0.82	0.37	0.2		0.20560014505118607	0.2	False	0.689
2	['Pt', 'Pd', 'Au', 'Ru', 'Rh', 'Ir', 'Re', 'Os']	0	[0.03 0.03 0.79 0.03 0.03 0.03 0.03 0.03]	[ 0.027  0.027 -0.187  0.027  0.027  0.027  0.027  0.027]	0.74	1.67	1.76	0.42	0.02	0.05	0.01	0.11	0.82	0.37	0.2		0.2149894158498787	0.2	False	0.632
3	['Pt', 'Pd', 'Au', 'Ru', 'Rh', 'Ir', 'Re', 'Os']	0	[0.03 0.03 0.03 0.79 0.03 0.03 0.03 0.03]	[ 0.027  0.027  0.027 -0.187  0.027  0.027  0.027  0.027]	0.74	1.67	1.76	0.42	0.02	0.05	0.01	0.11	0.82	0.37	0.2		0.12265296114671817	0.2	False	0.925
4	['Pt', 'Pd', 'Au', 'Ru', 'Rh', 'Ir', 'Re', 'Os']	0	[0.03 0.03 0.03 0.03 0.79 0.03 0.03 0.03]	[ 0.027  0.027  0.027  0.027 -0.187  0.027  0.027  0.027]	0.74	1.67	1.76	0.42	0.02	0.05	0.01	0.11	0.82	0.37	0.2		0.2961943697576316	0.2	False	0.925
5	['Pt', 'Pd', 'Au', 'Ru', 'Rh', 'Ir', 'Re', 'Os']	0	[0.03 0.03 0.03 0.03 0.03 0.79 0.03 0.03]	[ 0.027  0.027  0.027  0.027  0.027 -0.187  0.027  0.027]	0.74	1.67	1.76	0.42	0.02	0.05	0.01	0.11	0.82	0.37	0.2		0.34147169449736997	0.2	False	0.925
6	['Pt', 'Pd', 'Au', 'Ru', 'Rh', 'Ir', 'Re', 'Os']	0	[0.03 0.03 0.03 0.03 0.03 0.03 0.79 0.03]	[ 0.027  0.027  0.027  0.027  0.027  0.027 -0.187  0.027]	0.74	1.67	1.76	0.42	0.02	0.05	0.01	0.11	0.82	0.37	0.2		0.314514003905087	0.2	False	0.925
7	['Pt', 'Pd', 'Au', 'Ru', 'Rh', 'Ir', 'Re', 'Os']	0	[0.03 0.03 0.03 0.03 0.03 0.03 0.03 0.79]	[ 0.027  0.027  0.027  0.027  0.027  0.027  0.027 -0.187]	0.74	1.67	1.76	0.42	0.02	0.05	0.01	0.11	0.82	0.37	0.2		0.3283821739532633	0.2	False	0.839
0	['Pt', 'Pd', 'Au', 'Ru', 'Rh', 'Ir', 'Re', 'Os']	1	[0.697 0.049 0.049 0.004 0.049 0.049 0.055 0.049]	[-0.093  0.019  0.019 -0.026  0.019  0.019  0.025  0.019]	0.74	1.67	1.76	0.42	0.02	0.05	0.01	0.11	0.82	0.37	0.2		0.4953146093204601	0.108	False	0.484
1	['Pt', 'Pd', 'Au', 'Ru', 'Rh', 'Ir', 'Re', 'Os']	1	[0.168 0.646 0.032 0.028 0.032 0.032 0.032 0.032]	[ 0.138 -0.144  0.002 -0.002  0.002  0.002  0.002  0.002]	0.74	1.67	1.76	0.42	0.02	0.05	0.01	0.11	0.82	0.37	0.2		0.36292035913083964	0.2	False	0.52
2	['Pt', 'Pd', 'Au', 'Ru', 'Rh', 'Ir', 'Re', 'Os']	1	[0.168 0.032 0.646 0.028 0.032 0.032 0.032 0.032]	[ 0.138  0.002 -0.144 -0.002  0.002  0.002  0.002  0.002]	0.74	1.67	1.76	0.42	0.02	0.05	0.01	0.11	0.82	0.37	0.2		0.3508993436465652	0.2	False	0.457
3	['Pt', 'Pd', 'Au', 'Ru', 'Rh', 'Ir', 'Re', 'Os']	1	[0.167 0.032 0.032 0.644 0.032 0.029 0.032 0.032]	[ 0.137  0.002  0.002 -0.146  0.002 -0.001  0.002  0.002]	0.74	1.67	1.76	0.42	0.02	0.05	0.01	0.11	0.82	0.37	0.2		0.1720735159905877	0.2	False	0.758
4	['Pt', 'Pd', 'Au', 'Ru', 'Rh', 'Ir', 'Re', 'Os']	1	[0.168 0.032 0.032 0.028 0.646 0.032 0.032 0.032]	[ 0.138  0.002  0.002 -0.002 -0.144  0.002  0.002  0.002]	0.74	1.67	1.76	0.42	0.02	0.05	0.01	0.11	0.82	0.37	0.2		0.2996809545564713	0.2	False	0.76
5	['Pt', 'Pd', 'Au', 'Ru', 'Rh', 'Ir', 'Re', 'Os']	1	[0.178 0.028 0.028 0.025 0.028 0.656 0.028 0.028]	[ 0.148 -0.002 -0.002 -0.005 -0.002 -0.134 -0.002 -0.002]	0.74	1.67	1.76	0.42	0.02	0.05	0.01	0.11	0.82	0.37	0.2		0.329348854311313	0.2	False	0.768
6	['Pt', 'Pd', 'Au', 'Ru', 'Rh', 'Ir', 'Re', 'Os']	1	[0.132 0.    0.    0.003 0.    0.    0.864 0.   ]	[ 0.148 -0.042 -0.042 -0.032 -0.042 -0.042  0.093 -0.042]	0.74	1.67	1.76	0.42	0.02	0.05	0.01	0.11	0.82	0.37	0.2		0.32518274114601753	0.2	False	0.978
7	['Pt', 'Pd', 'Au', 'Ru', 'Rh', 'Ir', 'Re', 'Os']	1	[0.168 0.032 0.032 0.028 0.032 0.032 0.032 0.646]	[ 0.138  0.002  0.002 -0.002  0.002  0.002  0.002 -0.144]	0.74	1.67	1.76	0.42	0.02	0.05	0.01	0.11	0.82	0.37	0.2		0.3684198073283309	0.2	False	0.674
0	['Pt', 'Pd', 'Au', 'Ru', 'Rh', 'Ir', 'Re', 'Os']	2	[0.643 0.048 0.048 0.056 0.048 0.049 0.059 0.048]	[-0.061  0.     0.     0.053  0.     0.001  0.006  0.   ]	0.74	1.67	1.76	0.42	0.02	0.05	0.01	0.11	0.82	0.37	0.2		0.5117688522052413	0.081	False	0.452
1	['Pt', 'Pd', 'Au', 'Ru', 'Rh', 'Ir', 'Re', 'Os']	2	[0.304 0.5   0.037 0.019 0.037 0.03  0.038 0.037]	[ 0.136 -0.146  0.005 -0.009  0.005 -0.002  0.006  0.005]	0.74	1.67	1.76	0.42	0.02	0.05	0.01	0.11	0.82	0.37	0.2		0.6211672384174263	0.2	False	0.377
2	['Pt', 'Pd', 'Au', 'Ru', 'Rh', 'Ir', 'Re', 'Os']	2	[0.303 0.036 0.499 0.018 0.036 0.036 0.038 0.036]	[ 0.135  0.004 -0.147 -0.01   0.004  0.004  0.006  0.004]	0.74	1.67	1.76	0.42	0.02	0.05	0.01	0.11	0.82	0.37	0.2		0.5982849223198721	0.2	False	0.31
3	['Pt', 'Pd', 'Au', 'Ru', 'Rh', 'Ir', 'Re', 'Os']	2	[0.296 0.03  0.037 0.492 0.037 0.034 0.038 0.037]	[ 0.129 -0.002  0.005 -0.152  0.005  0.005  0.006  0.005]	0.74	1.67	1.76	0.42	0.02	0.05	0.01	0.11	0.82	0.37	0.2		0.3038634422520356	0.2	False	0.609
4	['Pt', 'Pd', 'Au', 'Ru', 'Rh', 'Ir', 'Re', 'Os']	2	[0.303 0.036 0.036 0.018 0.499 0.036 0.038 0.036]	[ 0.135  0.004  0.004 -0.01  -0.147  0.004  0.006  0.004]	0.74	1.67	1.76	0.42	0.02	0.05	0.01	0.11	0.82	0.37	0.2		0.3237820529121794	0.2	False	0.611
5	['Pt', 'Pd', 'Au', 'Ru', 'Rh', 'Ir', 'Re', 'Os']	2	[0.309 0.036 0.022 0.016 0.036 0.506 0.038 0.036]	[ 0.131  0.008 -0.006 -0.009  0.008 -0.15   0.01   0.008]	0.74	1.67	1.76	0.42	0.02	0.05	0.01	0.11	0.82	0.37	0.2		0.31671074153472556	0.2	False	0.623
6	['Pt', 'Pd', 'Au', 'Ru', 'Rh', 'Ir', 'Re', 'Os']	2	[0.257 0.006 0.006 0.003 0.006 0.006 0.709 0.006]	[ 0.124  0.005  0.005  0.004  0.005  0.005 -0.156  0.005]	0.74	1.67	1.76	0.42	0.02	0.05	0.01	0.11	0.82	0.37	0.2		0.3222989423219009	0.2	False	0.816
7	['Pt', 'Pd', 'Au', 'Ru', 'Rh', 'Ir', 'Re', 'Os']	2	[0.303 0.036 0.037 0.018 0.036 0.036 0.037 0.499]	[ 0.135  0.004  0.005 -0.01   0.004  0.004  0.005 -0.147]	0.74	1.67	1.76	0.42	0.02	0.05	0.01	0.11	0.82	0.37	0.2		0.4583217054917744	0.2	False	0.53
0	['Pt', 'Pd', 'Au', 'Ru', 'Rh', 'Ir', 'Re', 'Os']	3	[0.521 0.206 0.044 0.045 0.044 0.043 0.053 0.044]	[-0.122  0.158 -0.004 -0.011 -0.004 -0.006 -0.006 -0.004]	0.74	1.67	1.76	0.42	0.02	0.05	0.01	0.11	0.82	0.37	0.2		0.6838910807808913	0.2	False	0.329
1	['Pt', 'Pd', 'Au', 'Ru', 'Rh', 'Ir', 'Re', 'Os']	3	[0.391 0.574 0.001 0.023 0.001 0.01  0.    0.   ]	[ 0.083  0.069 -0.046 -0.002 -0.046  0.032 -0.045 -0.044]	0.74	1.67	1.76	0.42	0.02	0.05	0.01	0.11	0.82	0.37	0.2		0.5894382382162702	0.144	False	0.455
2	['Pt', 'Pd', 'Au', 'Ru', 'Rh', 'Ir', 'Re', 'Os']	3	[0.318 0.172 0.353 0.013 0.037 0.035 0.039 0.037]	[ 0.015  0.136 -0.146 -0.005  0.001 -0.001  0.001  0.001]	0.74	1.67	1.76	0.42	0.02	0.05	0.01	0.11	0.82	0.37	0.2		0.8651640590525835	0.2	False	0.135
3	['Pt', 'Pd', 'Au', 'Ru', 'Rh', 'Ir', 'Re', 'Os']	3	[0.312 0.162 0.038 0.343 0.038 0.033 0.039 0.038]	[ 0.016  0.132  0.001 -0.149  0.001 -0.001  0.001  0.001]	0.74	1.67	1.76	0.42	0.02	0.05	0.01	0.11	0.82	0.37	0.2		0.5137646771475303	0.2	False	0.451
4	['Pt', 'Pd', 'Au', 'Ru', 'Rh', 'Ir', 'Re', 'Os']	3	[0.318 0.172 0.037 0.013 0.353 0.035 0.039 0.037]	[ 0.015  0.136  0.001 -0.005 -0.146 -0.001  0.001  0.001]	0.74	1.67	1.76	0.42	0.02	0.05	0.01	0.11	0.82	0.37	0.2		0.43308382797671463	0.2	False	0.456
5	['Pt', 'Pd', 'Au', 'Ru', 'Rh', 'Ir', 'Re', 'Os']	3	[0.249 0.196 0.028 0.014 0.036 0.403 0.037 0.036]	[-0.06   0.16   0.006 -0.002  0.    -0.103 -0.001 -0.   ]	0.74	1.67	1.76	0.42	0.02	0.05	0.01	0.11	0.82	0.37	0.2		0.3176841390451328	0.2	False	0.506
6	['Pt', 'Pd', 'Au', 'Ru', 'Rh', 'Ir', 'Re', 'Os']	3	[0.258 0.136 0.015 0.005 0.    0.013 0.558 0.015]	[ 0.001  0.13   0.009  0.002 -0.006  0.007 -0.151  0.009]	0.74	1.67	1.76	0.42	0.02	0.05	0.01	0.11	0.82	0.37	0.2		0.3462195910010314	0.2	False	0.649
7	['Pt', 'Pd', 'Au', 'Ru', 'Rh', 'Ir', 'Re', 'Os']	3	[0.318 0.172 0.038 0.013 0.037 0.035 0.038 0.353]	[ 0.015  0.136  0.001 -0.005  0.001 -0.001  0.001 -0.146]	0.74	1.67	1.76	0.42	0.02	0.05	0.01	0.11	0.82	0.37	0.2		0.629093135026564	0.2	False	0.379
0	['Pt', 'Pd', 'Au', 'Ru', 'Rh', 'Ir', 'Re', 'Os']	4	[0.394 0.235 0.096 0.038 0.055 0.07  0.06  0.055]	[-0.155  0.024  0.121 -0.017  0.003  0.022 -0.001  0.003]	0.74	1.67	1.76	0.42	0.02	0.05	0.01	0.11	0.82	0.37	0.2		0.7421911925526397	0.2	False	0.242
1	['Pt', 'Pd', 'Au', 'Ru', 'Rh', 'Ir', 'Re', 'Os']	4	[0.355 0.426 0.127 0.017 0.017 0.024 0.018 0.017]	[-0.036 -0.148  0.126 -0.006  0.016  0.014  0.018  0.017]	0.74	1.67	1.76	0.42	0.02	0.05	0.01	0.11	0.82	0.37	0.2		0.8166593872550778	0.2	False	0.263
2	['Pt', 'Pd', 'Au', 'Ru', 'Rh', 'Ir', 'Re', 'Os']	4	[0.341 0.275 0.255 0.001 0.038 0.016 0.04  0.038]	[ 0.023  0.103 -0.098 -0.012  0.001 -0.019  0.001  0.001]	0.74	1.67	1.76	0.42	0.02	0.05	0.01	0.11	0.82	0.37	0.2		0.9626502502639414	0.146	False	0.099
3	['Pt', 'Pd', 'Au', 'Ru', 'Rh', 'Ir', 'Re', 'Os']	4	[0.319 0.184 0.165 0.19  0.038 0.03  0.039 0.038]	[ 0.007  0.022  0.127 -0.153 -0.    -0.003  0.    -0.   ]	0.74	1.67	1.76	0.42	0.02	0.05	0.01	0.11	0.82	0.37	0.2		0.7284994048722196	0.2	False	0.26
4	['Pt', 'Pd', 'Au', 'Ru', 'Rh', 'Ir', 'Re', 'Os']	4	[0.322 0.192 0.168 0.011 0.203 0.031 0.039 0.037]	[ 0.004  0.02   0.131 -0.002 -0.15  -0.004  0.     0.   ]	0.74	1.67	1.76	0.42	0.02	0.05	0.01	0.11	0.82	0.37	0.2		0.6630753958517488	0.2	False	0.263
5	['Pt', 'Pd', 'Au', 'Ru', 'Rh', 'Ir', 'Re', 'Os']	4	[0.29  0.128 0.193 0.002 0.018 0.329 0.019 0.018]	[ 0.041 -0.068  0.165 -0.012 -0.018 -0.074 -0.018 -0.018]	0.74	1.67	1.76	0.42	0.02	0.05	0.01	0.11	0.82	0.37	0.2		0.3885224757134383	0.2	False	0.382
6	['Pt', 'Pd', 'Au', 'Ru', 'Rh', 'Ir', 'Re', 'Os']	4	[0.278 0.161 0.119 0.007 0.011 0.008 0.391 0.023]	[ 0.02   0.025  0.104  0.002  0.011 -0.005 -0.167  0.008]	0.74	1.67	1.76	0.42	0.02	0.05	0.01	0.11	0.82	0.37	0.2		0.46362441435751106	0.2	False	0.453
7	['Pt', 'Pd', 'Au', 'Ru', 'Rh', 'Ir', 'Re', 'Os']	4	[0.313 0.192 0.169 0.016 0.038 0.032 0.039 0.204]	[-0.005  0.02   0.131  0.003  0.001 -0.003  0.001 -0.149]	0.74	1.67	1.76	0.42	0.02	0.05	0.01	0.11	0.82	0.37	0.2		0.8397853688302692	0.2	False	0.192
0	['Pt', 'Pd', 'Au', 'Ru', 'Rh', 'Ir', 'Re', 'Os']	5	[0.297 0.292 0.249 0.001 0.046 0.025 0.047 0.046]	[-0.107  0.048  0.145  0.03  -0.019 -0.055 -0.023 -0.019]	0.74	1.67	1.76	0.42	0.02	0.05	0.01	0.11	0.82	0.37	0.2		0.9070679462484887	0.2	False	0.123
1	['Pt', 'Pd', 'Au', 'Ru', 'Rh', 'Ir', 'Re', 'Os']	5	[0.334 0.272 0.25  0.026 0.031 0.025 0.033 0.031]	[-0.021 -0.154  0.123  0.009  0.014  0.001  0.015  0.014]	0.74	1.67	1.76	0.42	0.02	0.05	0.01	0.11	0.82	0.37	0.2		0.944062855679537	0.2	False	0.107
2	['Pt', 'Pd', 'Au', 'Ru', 'Rh', 'Ir', 'Re', 'Os']	5	[0.361 0.357 0.168 0.012 0.031 0.009 0.033 0.031]	[ 0.018  0.082 -0.093  0.005 -0.01   0.019 -0.01  -0.01 ]	0.74	1.67	1.76	0.42	0.02	0.05	0.01	0.11	0.82	0.37	0.2		0.9114153551527331	0.128	False	0.19
3	['Pt', 'Pd', 'Au', 'Ru', 'Rh', 'Ir', 'Re', 'Os']	5	[0.338 0.252 0.255 0.026 0.038 0.015 0.04  0.038]	[ 0.019  0.068  0.09  -0.164  0.    -0.015  0.001  0.   ]	0.74	1.67	1.76	0.42	0.02	0.05	0.01	0.11	0.82	0.37	0.2		0.9502603944239858	0.201	False	0.1
4	['Pt', 'Pd', 'Au', 'Ru', 'Rh', 'Ir', 'Re', 'Os']	5	[0.354 0.122 0.278 0.015 0.061 0.068 0.054 0.052]	[ 0.032 -0.07   0.11   0.004 -0.142  0.037  0.015  0.015]	0.74	1.67	1.76	0.42	0.02	0.05	0.01	0.11	0.82	0.37	0.2		0.7638006831670656	0.2	False	0.175
5	['Pt', 'Pd', 'Au', 'Ru', 'Rh', 'Ir', 'Re', 'Os']	5	[0.261 0.201 0.264 0.006 0.034 0.162 0.035 0.034]	[-0.029  0.073  0.071  0.004  0.016 -0.167  0.016  0.016]	0.74	1.67	1.76	0.42	0.02	0.05	0.01	0.11	0.82	0.37	0.2		0.6278109523298094	0.2	False	0.211
6	['Pt', 'Pd', 'Au', 'Ru', 'Rh', 'Ir', 'Re', 'Os']	5	[0.309 0.215 0.192 0.002 0.027 0.007 0.216 0.03 ]	[ 0.031  0.054  0.073 -0.005  0.016 -0.001 -0.175  0.007]	0.74	1.67	1.76	0.42	0.02	0.05	0.01	0.11	0.82	0.37	0.2		0.721855479804762	0.2	False	0.259
7	['Pt', 'Pd', 'Au', 'Ru', 'Rh', 'Ir', 'Re', 'Os']	5	[0.335 0.26  0.265 0.003 0.039 0.015 0.04  0.046]	[ 0.022  0.068  0.096 -0.013  0.001 -0.017  0.001 -0.158]	0.74	1.67	1.76	0.42	0.02	0.05	0.01	0.11	0.82	0.37	0.2		0.9634486499671193	0.199	False	0.088
0	['Pt', 'Pd', 'Au', 'Ru', 'Rh', 'Ir', 'Re', 'Os']	6	[0.282 0.257 0.384 0.006 0.005 0.045 0.003 0.02 ]	[-0.02  -0.041  0.136  0.001 -0.048  0.055 -0.051 -0.032]	0.74	1.67	1.76	0.42	0.02	0.05	0.01	0.11	0.82	0.37	0.2		0.88936054432076	0.172	False	0.142
1	['Pt', 'Pd', 'Au', 'Ru', 'Rh', 'Ir', 'Re', 'Os']	6	[0.325 0.126 0.365 0.02  0.049 0.004 0.05  0.064]	[-0.021 -0.163  0.108  0.03   0.007  0.008  0.006  0.023]	0.74	1.67	1.76	0.42	0.02	0.05	0.01	0.11	0.82	0.37	0.2		0.8455434901152472	0.2	False	0.164
2	['Pt', 'Pd', 'Au', 'Ru', 'Rh', 'Ir', 'Re', 'Os']	6	[0.331 0.221 0.307 0.007 0.043 0.001 0.044 0.051]	[-0.033 -0.139  0.136  0.014  0.009 -0.013  0.008  0.017]	0.74	1.67	1.76	0.42	0.02	0.05	0.01	0.11	0.82	0.37	0.2		0.9638213586206601	0.2	False	0.087
3	['Pt', 'Pd', 'Au', 'Ru', 'Rh', 'Ir', 'Re', 'Os']	6	[0.297 0.26  0.278 0.122 0.007 0.032 0.005 0.004]	[-0.037  0.028  0.047  0.159 -0.057 -0.04  -0.062 -0.04 ]	0.74	1.67	1.76	0.42	0.02	0.05	0.01	0.11	0.82	0.37	0.2		0.8764203016658723	0.2	False	0.169
4	['Pt', 'Pd', 'Au', 'Ru', 'Rh', 'Ir', 'Re', 'Os']	6	[0.336 0.261 0.3   0.008 0.039 0.    0.027 0.036]	[-0.036  0.138  0.008 -0.013  0.081 -0.097 -0.046 -0.034]	0.74	1.67	1.76	0.42	0.02	0.05	0.01	0.11	0.82	0.37	0.2		0.9914135905142283	0.2	False	0.082
5	['Pt', 'Pd', 'Au', 'Ru', 'Rh', 'Ir', 'Re', 'Os']	6	[0.311 0.268 0.282 0.003 0.037 0.013 0.038 0.043]	[ 0.014  0.036 -0.027 -0.062 -0.046  0.168 -0.046 -0.038]	0.74	1.67	1.76	0.42	0.02	0.05	0.01	0.11	0.82	0.37	0.2		0.9537880721141907	0.2	False	0.092
6	['Pt', 'Pd', 'Au', 'Ru', 'Rh', 'Ir', 'Re', 'Os']	6	[0.358 0.283 0.154 0.014 0.057 0.026 0.045 0.06 ]	[ 0.049  0.068 -0.038  0.012  0.03   0.019 -0.171  0.03 ]	0.74	1.67	1.76	0.42	0.02	0.05	0.01	0.11	0.82	0.37	0.2		0.8770302437000772	0.2	False	0.174
7	['Pt', 'Pd', 'Au', 'Ru', 'Rh', 'Ir', 'Re', 'Os']	6	[0.351 0.31  0.193 0.002 0.025 0.018 0.026 0.079]	[ 0.015  0.056 -0.09  -0.005 -0.021 -0.05  -0.021  0.116]	0.74	1.67	1.76	0.42	0.02	0.05	0.01	0.11	0.82	0.37	0.2		0.9616089910412933	0.168	False	0.131
0	['Pt', 'Pd', 'Au', 'Ru', 'Rh', 'Ir', 'Re', 'Os']	7	[0.344 0.282 0.219 0.001 0.059 0.003 0.046 0.046]	[ 0.051  0.013 -0.181 -0.006  0.043  0.035  0.031  0.014]	0.74	1.67	1.76	0.42	0.02	0.05	0.01	0.11	0.82	0.37	0.2		0.9436985393342388	0.2	False	0.127
1	['Pt', 'Pd', 'Au', 'Ru', 'Rh', 'Ir', 'Re', 'Os']	7	[0.338 0.29  0.266 0.019 0.03  0.017 0.02  0.024]	[ 0.013  0.164 -0.099 -0.001 -0.019  0.013 -0.03  -0.04 ]	0.74	1.67	1.76	0.42	0.02	0.05	0.01	0.11	0.82	0.37	0.2		0.9706259256244838	0.2	False	0.103
2	['Pt', 'Pd', 'Au', 'Ru', 'Rh', 'Ir', 'Re', 'Os']	7	[0.351 0.239 0.234 0.027 0.066 0.01  0.028 0.05 ]	[ 0.02   0.018 -0.073  0.02   0.023  0.009 -0.016 -0.001]	0.74	1.67	1.76	0.42	0.02	0.05	0.01	0.11	0.82	0.37	0.2		0.9368328572103872	0.086	False	0.114
3	['Pt', 'Pd', 'Au', 'Ru', 'Rh', 'Ir', 'Re', 'Os']	7	[0.346 0.252 0.283 0.027 0.027 0.023 0.015 0.032]	[ 0.021 -0.073 -0.051  0.169 -0.027  0.016 -0.043 -0.013]	0.74	1.67	1.76	0.42	0.02	0.05	0.01	0.11	0.82	0.37	0.2		0.9732845901124094	0.2	False	0.085
4	['Pt', 'Pd', 'Au', 'Ru', 'Rh', 'Ir', 'Re', 'Os']	7	[0.276 0.334 0.268 0.007 0.04  0.063 0.001 0.017]	[-0.062  0.097 -0.028 -0.015  0.011  0.058  0.013 -0.074]	0.74	1.67	1.76	0.42	0.02	0.05	0.01	0.11	0.82	0.37	0.2		0.8436724479206261	0.153	False	0.161
5	['Pt', 'Pd', 'Au', 'Ru', 'Rh', 'Ir', 'Re', 'Os']	7	[0.224 0.287 0.299 0.028 0.066 0.089 0.001 0.002]	[-0.103  0.012  0.01   0.015  0.023  0.074  0.029 -0.059]	0.74	1.67	1.76	0.42	0.02	0.05	0.01	0.11	0.82	0.37	0.2		0.6983404793284795	0.146	False	0.2
6	['Pt', 'Pd', 'Au', 'Ru', 'Rh', 'Ir', 'Re', 'Os']	7	[0.33  0.266 0.293 0.008 0.02  0.014 0.053 0.015]	[-0.031 -0.019  0.149 -0.039 -0.041 -0.057  0.087 -0.049]	0.74	1.67	1.76	0.42	0.02	0.05	0.01	0.11	0.82	0.37	0.2		0.9558616770196611	0.2	False	0.107
7	['Pt', 'Pd', 'Au', 'Ru', 'Rh', 'Ir', 'Re', 'Os']	7	[0.317 0.22  0.35  0.006 0.035 0.029 0.02  0.022]	[-0.036 -0.092  0.158 -0.011  0.009  0.038 -0.007 -0.059]	0.74	1.67	1.76	0.42	0.02	0.05	0.01	0.11	0.82	0.37	0.2		0.9168239046847042	0.2	False	0.114
0	['Pt', 'Pd', 'Au', 'Ru', 'Rh', 'Ir', 'Re', 'Os']	8	[0.384 0.24  0.205 0.038 0.029 0.06  0.011 0.033]	[ 0.04  -0.042 -0.014  0.037 -0.03   0.057 -0.035 -0.013]	0.74	1.67	1.76	0.42	0.02	0.05	0.01	0.11	0.82	0.37	0.2		0.8943292334442772	0.102	False	0.144
1	['Pt', 'Pd', 'Au', 'Ru', 'Rh', 'Ir', 'Re', 'Os']	8	[0.373 0.322 0.244 0.015 0.008 0.022 0.01  0.01 ]	[ 0.032  0.029 -0.028 -0.009 -0.028  0.     0.024 -0.02 ]	0.74	1.67	1.76	0.42	0.02	0.05	0.01	0.11	0.82	0.37	0.2		0.9787442444390866	0.067	False	0.133
2	['Pt', 'Pd', 'Au', 'Ru', 'Rh', 'Ir', 'Re', 'Os']	8	[0.321 0.246 0.387 0.002 0.029 0.004 0.009 0.005]	[-0.058 -0.016  0.149  0.001  0.074 -0.031 -0.045 -0.075]	0.74	1.67	1.76	0.42	0.02	0.05	0.01	0.11	0.82	0.37	0.2		0.9486116375107216	0.2	False	0.136
3	['Pt', 'Pd', 'Au', 'Ru', 'Rh', 'Ir', 'Re', 'Os']	8	[0.37  0.204 0.256 0.118 0.007 0.019 0.012 0.023]	[ 0.02  -0.053 -0.031  0.088 -0.024 -0.008  0.02  -0.013]	0.74	1.67	1.76	0.42	0.02	0.05	0.01	0.11	0.82	0.37	0.2		0.9284993042888496	0.115	False	0.158
4	['Pt', 'Pd', 'Au', 'Ru', 'Rh', 'Ir', 'Re', 'Os']	8	[0.216 0.218 0.268 0.061 0.057 0.01  0.108 0.067]	[-0.078 -0.136 -0.016  0.04   0.002  0.057  0.095  0.036]	0.74	1.67	1.76	0.42	0.02	0.05	0.01	0.11	0.82	0.37	0.2		0.725207659749942	0.2	False	0.2
5	['Pt', 'Pd', 'Au', 'Ru', 'Rh', 'Ir', 'Re', 'Os']	8	[0.363 0.244 0.276 0.002 0.013 0.014 0.047 0.037]	[ 0.126 -0.07  -0.048 -0.051 -0.08   0.083  0.026  0.014]	0.74	1.67	1.76	0.42	0.02	0.05	0.01	0.11	0.82	0.37	0.2		0.9869838771603636	0.2	False	0.086
6	['Pt', 'Pd', 'Au', 'Ru', 'Rh', 'Ir', 'Re', 'Os']	8	[0.384 0.255 0.195 0.031 0.034 0.001 0.053 0.047]	[ 0.054 -0.011 -0.098  0.023  0.014 -0.013 -0.     0.032]	0.74	1.67	1.76	0.42	0.02	0.05	0.01	0.11	0.82	0.37	0.2		0.9491262759198793	0.121	False	0.141
7	['Pt', 'Pd', 'Au', 'Ru', 'Rh', 'Ir', 'Re', 'Os']	8	[0.39  0.292 0.195 0.019 0.032 0.005 0.04  0.025]	[ 0.073  0.072 -0.155  0.013 -0.003 -0.024  0.02   0.003]	0.74	1.67	1.76	0.42	0.02	0.05	0.01	0.11	0.82	0.37	0.2		0.9521488184232596	0.189	False	0.152
0	['Pt', 'Pd', 'Au', 'Ru', 'Rh', 'Ir', 'Re', 'Os']	9	[0.304 0.166 0.299 0.099 0.008 0.048 0.051 0.023]	[-0.101 -0.094  0.088  0.052 -0.037  0.088  0.029 -0.025]	0.74	1.67	1.76	0.42	0.02	0.05	0.01	0.11	0.82	0.37	0.2		0.7978144686834414	0.2	False	0.173
1	['Pt', 'Pd', 'Au', 'Ru', 'Rh', 'Ir', 'Re', 'Os']	9	[0.42  0.179 0.2   0.002 0.046 0.029 0.032 0.096]	[ 0.047 -0.146 -0.045 -0.019  0.038  0.006  0.033  0.086]	0.74	1.67	1.76	0.42	0.02	0.05	0.01	0.11	0.82	0.37	0.2		0.9015181519076849	0.189	False	0.155
2	['Pt', 'Pd', 'Au', 'Ru', 'Rh', 'Ir', 'Re', 'Os']	9	[0.366 0.217 0.218 0.002 0.064 0.004 0.071 0.063]	[ 0.044 -0.03  -0.17  -0.001  0.034  0.006  0.061  0.057]	0.74	1.67	1.76	0.42	0.02	0.05	0.01	0.11	0.82	0.37	0.2		0.9124384206417033	0.2	False	0.136
3	['Pt', 'Pd', 'Au', 'Ru', 'Rh', 'Ir', 'Re', 'Os']	9	[0.347 0.268 0.292 0.045 0.019 0.005 0.001 0.034]	[-0.073  0.046  0.008  0.163 -0.025 -0.061 -0.03  -0.027]	0.74	1.67	1.76	0.42	0.02	0.05	0.01	0.11	0.82	0.37	0.2		1.0103777898186543	0.2	False	0.085
4	['Pt', 'Pd', 'Au', 'Ru', 'Rh', 'Ir', 'Re', 'Os']	9	[0.362 0.215 0.278 0.019 0.093 0.003 0.019 0.018]	[ 0.137 -0.019 -0.005  0.063  0.022 -0.023 -0.108 -0.067]	0.74	1.67	1.76	0.42	0.02	0.05	0.01	0.11	0.82	0.37	0.2		0.9162211552401216	0.2	False	0.134
5	['Pt', 'Pd', 'Au', 'Ru', 'Rh', 'Ir', 'Re', 'Os']	9	[0.432 0.182 0.234 0.034 0.026 0.035 0.031 0.021]	[ 0.08  -0.074 -0.05   0.026  0.032  0.024 -0.02  -0.02 ]	0.74	1.67	1.76	0.42	0.02	0.05	0.01	0.11	0.82	0.37	0.2		0.8978914297163725	0.132	False	0.161
6	['Pt', 'Pd', 'Au', 'Ru', 'Rh', 'Ir', 'Re', 'Os']	9	[0.321 0.249 0.362 0.025 0.003 0.014 0.021 0.006]	[-0.071 -0.012  0.164  0.044 -0.045  0.007 -0.039 -0.048]	0.74	1.67	1.76	0.42	0.02	0.05	0.01	0.11	0.82	0.37	0.2		0.9565096839463334	0.2	False	0.122
7	['Pt', 'Pd', 'Au', 'Ru', 'Rh', 'Ir', 'Re', 'Os']	9	[0.307 0.211 0.343 0.033 0.004 0.005 0.046 0.053]	[-0.089 -0.087  0.146  0.04  -0.033 -0.004  0.002  0.024]	0.74	1.67	1.76	0.42	0.02	0.05	0.01	0.11	0.82	0.37	0.2		0.950368637625234	0.2	False	0.103
0	['Pt', 'Pd', 'Au', 'Ru', 'Rh', 'Ir', 'Re', 'Os']	10	[0.334 0.31  0.263 0.007 0.038 0.001 0.007 0.038]	[ 0.006  0.129 -0.065  0.086  0.006 -0.077 -0.074 -0.01 ]	0.74	1.67	1.76	0.42	0.02	0.05	0.01	0.11	0.82	0.37	0.2		0.9931355191837634	0.2	False	0.103
1	['Pt', 'Pd', 'Au', 'Ru', 'Rh', 'Ir', 'Re', 'Os']	10	[0.368 0.332 0.122 0.063 0.033 0.029 0.023 0.034]	[-0.052  0.153 -0.078  0.061 -0.013 -0.    -0.009 -0.062]	0.74	1.67	1.76	0.42	0.02	0.05	0.01	0.11	0.82	0.37	0.2		0.8528943291176896	0.2	False	0.223
2	['Pt', 'Pd', 'Au', 'Ru', 'Rh', 'Ir', 'Re', 'Os']	10	[0.318 0.277 0.323 0.048 0.01  0.    0.003 0.026]	[-0.068  0.059  0.112  0.027 -0.108 -0.026  0.059 -0.055]	0.74	1.67	1.76	0.42	0.02	0.05	0.01	0.11	0.82	0.37	0.2		0.9952070531459161	0.2	False	0.101
3	['Pt', 'Pd', 'Au', 'Ru', 'Rh', 'Ir', 'Re', 'Os']	10	[0.278 0.288 0.279 0.114 0.017 0.029 0.006 0.   ]	[-0.067  0.03  -0.006  0.084 -0.04   0.032  0.008 -0.042]	0.74	1.67	1.76	0.42	0.02	0.05	0.01	0.11	0.82	0.37	0.2		0.8575319814312021	0.13	False	0.177
4	['Pt', 'Pd', 'Au', 'Ru', 'Rh', 'Ir', 'Re', 'Os']	10	[0.348 0.287 0.282 0.025 0.028 0.015 0.021 0.001]	[-0.052  0.084 -0.024 -0.02   0.139 -0.066  0.013 -0.074]	0.74	1.67	1.76	0.42	0.02	0.05	0.01	0.11	0.82	0.37	0.2		0.9676721495035825	0.2	False	0.117
5	['Pt', 'Pd', 'Au', 'Ru', 'Rh', 'Ir', 'Re', 'Os']	10	[0.307 0.299 0.31  0.016 0.012 0.014 0.003 0.034]	[-0.134  0.111  0.07  -0.026 -0.022  0.038 -0.043  0.006]	0.74	1.67	1.76	0.42	0.02	0.05	0.01	0.11	0.82	0.37	0.2		0.9804799291061259	0.2	False	0.096
6	['Pt', 'Pd', 'Au', 'Ru', 'Rh', 'Ir', 'Re', 'Os']	10	[0.318 0.279 0.323 0.003 0.001 0.011 0.054 0.014]	[-0.005  0.042 -0.057  0.012 -0.027 -0.055  0.08   0.01 ]	0.74	1.67	1.76	0.42	0.02	0.05	0.01	0.11	0.82	0.37	0.2		0.9654891245758059	0.124	False	0.113
7	['Pt', 'Pd', 'Au', 'Ru', 'Rh', 'Ir', 'Re', 'Os']	10	[0.345 0.313 0.205 0.    0.032 0.02  0.081 0.003]	[ 0.027  0.094 -0.159 -0.049  0.016  0.006  0.023  0.043]	0.74	1.67	1.76	0.42	0.02	0.05	0.01	0.11	0.82	0.37	0.2		0.8845672209522069	0.2	False	0.174
0	['Pt', 'Pd', 'Au', 'Ru', 'Rh', 'Ir', 'Re', 'Os']	11	[0.255 0.286 0.272 0.103 0.01  0.024 0.025 0.026]	[-0.095 -0.022  0.021  0.136  0.011  0.02   0.029 -0.1  ]	0.74	1.67	1.76	0.42	0.02	0.05	0.01	0.11	0.82	0.37	0.2		0.8499195403523356	0.199	False	0.169
1	['Pt', 'Pd', 'Au', 'Ru', 'Rh', 'Ir', 'Re', 'Os']	11	[0.325 0.338 0.303 0.033 0.    0.    0.003 0.001]	[-0.069 -0.017  0.169 -0.055  0.012 -0.054  0.003  0.012]	0.74	1.67	1.76	0.42	0.02	0.05	0.01	0.11	0.82	0.37	0.2		0.9845782712416902	0.2	False	0.139
2	['Pt', 'Pd', 'Au', 'Ru', 'Rh', 'Ir', 'Re', 'Os']	11	[0.252 0.29  0.357 0.026 0.056 0.001 0.012 0.012]	[-0.096  0.018  0.049 -0.032  0.066 -0.022  0.012  0.005]	0.74	1.67	1.76	0.42	0.02	0.05	0.01	0.11	0.82	0.37	0.2		0.8695652339720161	0.134	False	0.162
3	['Pt', 'Pd', 'Au', 'Ru', 'Rh', 'Ir', 'Re', 'Os']	11	[0.314 0.173 0.275 0.161 0.013 0.011 0.    0.065]	[ 0.053 -0.167 -0.005  0.069  0.024 -0.026 -0.007  0.058]	0.74	1.67	1.76	0.42	0.02	0.05	0.01	0.11	0.82	0.37	0.2		0.8670992807455267	0.2	False	0.188
4	['Pt', 'Pd', 'Au', 'Ru', 'Rh', 'Ir', 'Re', 'Os']	11	[0.213 0.252 0.35  0.003 0.063 0.079 0.023 0.025]	[-0.136 -0.029  0.082 -0.032  0.047  0.083 -0.05   0.035]	0.74	1.67	1.76	0.42	0.02	0.05	0.01	0.11	0.82	0.37	0.2		0.7046110128654155	0.199	False	0.194
5	['Pt', 'Pd', 'Au', 'Ru', 'Rh', 'Ir', 'Re', 'Os']	11	[0.331 0.237 0.332 0.026 0.007 0.002 0.036 0.023]	[ 0.022 -0.065  0.02   0.008  0.015 -0.019  0.031 -0.013]	0.74	1.67	1.76	0.42	0.02	0.05	0.01	0.11	0.82	0.37	0.2		0.9813906000335093	0.083	False	0.098
6	['Pt', 'Pd', 'Au', 'Ru', 'Rh', 'Ir', 'Re', 'Os']	11	[0.296 0.293 0.275 0.09  0.001 0.033 0.012 0.003]	[-0.043  0.004 -0.078  0.102 -0.029  0.027  0.028 -0.011]	0.74	1.67	1.76	0.42	0.02	0.05	0.01	0.11	0.82	0.37	0.2		0.8977795123315828	0.144	False	0.155
7	['Pt', 'Pd', 'Au', 'Ru', 'Rh', 'Ir', 'Re', 'Os']	11	[0.306 0.243 0.312 0.013 0.026 0.002 0.038 0.058]	[-0.073 -0.11   0.1   -0.012 -0.034 -0.009  0.1    0.038]	0.74	1.67	1.76	0.42	0.02	0.05	0.01	0.11	0.82	0.37	0.2		0.9709577026962424	0.2	False	0.079
0	['Pt', 'Pd', 'Au', 'Ru', 'Rh', 'Ir', 'Re', 'Os']	12	[0.377 0.352 0.223 0.004 0.032 0.    0.002 0.011]	[ 0.113  0.04  -0.109  0.078 -0.017 -0.017 -0.085 -0.004]	0.74	1.67	1.76	0.42	0.02	0.05	0.01	0.11	0.82	0.37	0.2		0.9703847457970702	0.2	False	0.161
1	['Pt', 'Pd', 'Au', 'Ru', 'Rh', 'Ir', 'Re', 'Os']	12	[0.276 0.273 0.408 0.001 0.001 0.034 0.01  0.   ]	[-0.054 -0.071  0.114  0.023 -0.01   0.024 -0.024 -0.001]	0.74	1.67	1.76	0.42	0.02	0.05	0.01	0.11	0.82	0.37	0.2		0.8758313555662434	0.151	False	0.17
2	['Pt', 'Pd', 'Au', 'Ru', 'Rh', 'Ir', 'Re', 'Os']	12	[0.374 0.322 0.244 0.025 0.027 0.001 0.008 0.004]	[ 0.121  0.022 -0.139 -0.015  0.067 -0.018 -0.015 -0.023]	0.74	1.67	1.76	0.42	0.02	0.05	0.01	0.11	0.82	0.37	0.2		0.9861720498745867	0.201	False	0.14
3	['Pt', 'Pd', 'Au', 'Ru', 'Rh', 'Ir', 'Re', 'Os']	12	[0.283 0.227 0.227 0.241 0.004 0.017 0.009 0.005]	[-0.077  0.07  -0.106  0.114 -0.03   0.001 -0.029  0.057]	0.74	1.67	1.76	0.42	0.02	0.05	0.01	0.11	0.82	0.37	0.2		0.7679487628656649	0.2	False	0.279
4	['Pt', 'Pd', 'Au', 'Ru', 'Rh', 'Ir', 'Re', 'Os']	12	[0.352 0.31  0.299 0.017 0.001 0.013 0.001 0.018]	[ 0.126  0.036 -0.084 -0.012 -0.097  0.069 -0.002 -0.036]	0.74	1.67	1.76	0.42	0.02	0.05	0.01	0.11	0.82	0.37	0.2		1.0121340648752926	0.2	False	0.104
5	['Pt', 'Pd', 'Au', 'Ru', 'Rh', 'Ir', 'Re', 'Os']	12	[0.385 0.366 0.198 0.001 0.005 0.013 0.001 0.024]	[ 0.055  0.13  -0.133 -0.028 -0.001  0.012 -0.038  0.002]	0.74	1.67	1.76	0.42	0.02	0.05	0.01	0.11	0.82	0.37	0.2		0.9562453088697955	0.2	False	0.176
6	['Pt', 'Pd', 'Au', 'Ru', 'Rh', 'Ir', 'Re', 'Os']	12	[0.326 0.299 0.3   0.037 0.008 0.007 0.015 0.012]	[ 0.019 -0.024  0.01   0.16  -0.075  0.019 -0.029 -0.08 ]	0.74	1.67	1.76	0.42	0.02	0.05	0.01	0.11	0.82	0.37	0.2		0.9855081041458658	0.2	False	0.111
7	['Pt', 'Pd', 'Au', 'Ru', 'Rh', 'Ir', 'Re', 'Os']	12	[0.281 0.32  0.331 0.009 0.032 0.01  0.002 0.015]	[-0.062  0.095  0.006 -0.03   0.044 -0.047 -0.079  0.073]	0.74	1.67	1.76	0.42	0.02	0.05	0.01	0.11	0.82	0.37	0.2		0.9298179995977647	0.172	False	0.138
0	['Pt', 'Pd', 'Au', 'Ru', 'Rh', 'Ir', 'Re', 'Os']	13	[0.315 0.229 0.33  0.038 0.012 0.01  0.037 0.033]	[-0.071 -0.137  0.112  0.033  0.035 -0.017  0.024  0.02 ]	0.74	1.67	1.76	0.42	0.02	0.05	0.01	0.11	0.82	0.37	0.2		0.9539712154896762	0.2	False	0.101
1	['Pt', 'Pd', 'Au', 'Ru', 'Rh', 'Ir', 'Re', 'Os']	13	[0.381 0.315 0.254 0.023 0.008 0.01  0.011 0.002]	[ 0.099  0.035 -0.166  0.014 -0.002  0.033 -0.007 -0.006]	0.74	1.67	1.76	0.42	0.02	0.05	0.01	0.11	0.82	0.37	0.2		0.9935252233205072	0.2	False	0.133
2	['Pt', 'Pd', 'Au', 'Ru', 'Rh', 'Ir', 'Re', 'Os']	13	[0.438 0.274 0.112 0.042 0.017 0.037 0.002 0.081]	[ 0.062 -0.05  -0.134  0.015 -0.012  0.034  0.007  0.075]	0.74	1.67	1.76	0.42	0.02	0.05	0.01	0.11	0.82	0.37	0.2		0.8789158303336924	0.178	False	0.218
3	['Pt', 'Pd', 'Au', 'Ru', 'Rh', 'Ir', 'Re', 'Os']	13	[0.33  0.297 0.271 0.067 0.002 0.009 0.023 0.014]	[ 0.046  0.069  0.043 -0.175 -0.003 -0.009  0.013  0.014]	0.74	1.67	1.76	0.42	0.02	0.05	0.01	0.11	0.82	0.37	0.2		0.9746498405090434	0.2	False	0.126
4	['Pt', 'Pd', 'Au', 'Ru', 'Rh', 'Ir', 'Re', 'Os']	13	[0.406 0.297 0.196 0.002 0.077 0.011 0.018 0.007]	[ 0.08  -0.004 -0.117 -0.012  0.076  0.01  -0.032 -0.002]	0.74	1.67	1.76	0.42	0.02	0.05	0.01	0.11	0.82	0.37	0.2		0.9162015172834432	0.165	False	0.177
5	['Pt', 'Pd', 'Au', 'Ru', 'Rh', 'Ir', 'Re', 'Os']	13	[0.347 0.237 0.344 0.005 0.003 0.009 0.025 0.026]	[-0.039 -0.13   0.146  0.005 -0.003 -0.005  0.024  0.002]	0.74	1.67	1.76	0.42	0.02	0.05	0.01	0.11	0.82	0.37	0.2		0.9959823828864285	0.2	False	0.091
6	['Pt', 'Pd', 'Au', 'Ru', 'Rh', 'Ir', 'Re', 'Os']	13	[0.37  0.241 0.279 0.056 0.036 0.004 0.022 0.001]	[ 0.072 -0.107 -0.042  0.028  0.042 -0.026  0.035 -0.002]	0.74	1.67	1.76	0.42	0.02	0.05	0.01	0.11	0.82	0.37	0.2		0.9631776950606858	0.151	False	0.125
7	['Pt', 'Pd', 'Au', 'Ru', 'Rh', 'Ir', 'Re', 'Os']	13	[0.396 0.242 0.239 0.001 0.001 0.018 0.009 0.095]	[ 0.117 -0.09  -0.105 -0.009  0.016  0.015 -0.024  0.079]	0.74	1.67	1.76	0.42	0.02	0.05	0.01	0.11	0.82	0.37	0.2		1.0220887454478293	0.2	False	0.08
0	['Pt', 'Pd', 'Au', 'Ru', 'Rh', 'Ir', 'Re', 'Os']	14	[0.424 0.287 0.206 0.01  0.046 0.016 0.007 0.006]	[ 0.101  0.046 -0.147  0.03   0.021 -0.009 -0.064  0.022]	0.74	1.67	1.76	0.42	0.02	0.05	0.01	0.11	0.82	0.37	0.2		0.9437026823829344	0.2	False	0.164
1	['Pt', 'Pd', 'Au', 'Ru', 'Rh', 'Ir', 'Re', 'Os']	14	[0.449 0.219 0.156 0.01  0.018 0.03  0.001 0.123]	[ 0.063 -0.102 -0.104  0.025  0.005  0.015 -0.017  0.116]	0.74	1.67	1.76	0.42	0.02	0.05	0.01	0.11	0.82	0.37	0.2		0.9198127077971299	0.2	False	0.183
2	['Pt', 'Pd', 'Au', 'Ru', 'Rh', 'Ir', 'Re', 'Os']	14	[0.357 0.241 0.286 0.015 0.002 0.009 0.008 0.082]	[-0.085 -0.037  0.171 -0.031  0.014 -0.032  0.002 -0.003]	0.74	1.67	1.76	0.42	0.02	0.05	0.01	0.11	0.82	0.37	0.2		1.0351634890028063	0.2	False	0.032
3	['Pt', 'Pd', 'Au', 'Ru', 'Rh', 'Ir', 'Re', 'Os']	14	[0.39  0.22  0.246 0.063 0.001 0.001 0.016 0.077]	[ 0.066 -0.092 -0.032  0.122 -0.028 -0.037 -0.067  0.069]	0.74	1.67	1.76	0.42	0.02	0.05	0.01	0.11	0.82	0.37	0.2		1.016596836804524	0.2	False	0.101
4	['Pt', 'Pd', 'Au', 'Ru', 'Rh', 'Ir', 'Re', 'Os']	14	[0.365 0.231 0.273 0.014 0.037 0.004 0.001 0.092]	[-0.071 -0.101  0.072 -0.046  0.101 -0.03  -0.007  0.081]	0.74	1.67	1.76	0.42	0.02	0.05	0.01	0.11	0.82	0.37	0.2		1.0193283270963003	0.2	False	0.054
5	['Pt', 'Pd', 'Au', 'Ru', 'Rh', 'Ir', 'Re', 'Os']	14	[0.365 0.096 0.384 0.013 0.008 0.01  0.002 0.116]	[ 0.018 -0.165  0.044  0.007  0.    -0.015  0.009  0.101]	0.74	1.67	1.76	0.42	0.02	0.05	0.01	0.11	0.82	0.37	0.2		0.8772126459124852	0.2	False	0.178
6	['Pt', 'Pd', 'Au', 'Ru', 'Rh', 'Ir', 'Re', 'Os']	14	[0.405 0.258 0.207 0.002 0.032 0.01  0.008 0.088]	[ 0.06   0.027 -0.134  0.044 -0.038  0.007 -0.067  0.1  ]	0.74	1.67	1.76	0.42	0.02	0.05	0.01	0.11	0.82	0.37	0.2		0.9965654546625968	0.2	False	0.114
7	['Pt', 'Pd', 'Au', 'Ru', 'Rh', 'Ir', 'Re', 'Os']	14	[0.315 0.199 0.192 0.009 0.04  0.056 0.016 0.175]	[-0.081 -0.043 -0.047  0.008  0.039  0.038  0.007  0.08 ]	0.74	1.67	1.76	0.42	0.02	0.05	0.01	0.11	0.82	0.37	0.2		0.8546094393206738	0.142	False	0.162
0	['Pt', 'Pd', 'Au', 'Ru', 'Rh', 'Ir', 'Re', 'Os']	15	[0.318 0.293 0.134 0.036 0.01  0.061 0.003 0.145]	[-0.107  0.005 -0.073  0.025 -0.037  0.044  0.008  0.138]	0.74	1.67	1.76	0.42	0.02	0.05	0.01	0.11	0.82	0.37	0.2		0.8558093626989696	0.2	False	0.194
1	['Pt', 'Pd', 'Au', 'Ru', 'Rh', 'Ir', 'Re', 'Os']	15	[0.343 0.26  0.293 0.02  0.006 0.044 0.001 0.037]	[-0.11   0.037  0.133  0.006  0.018  0.01  -0.004 -0.09 ]	0.74	1.67	1.76	0.42	0.02	0.05	0.01	0.11	0.82	0.37	0.2		0.9722193954052034	0.2	False	0.081
2	['Pt', 'Pd', 'Au', 'Ru', 'Rh', 'Ir', 'Re', 'Os']	15	[0.297 0.213 0.401 0.01  0.001 0.012 0.001 0.068]	[-0.068 -0.035  0.115  0.017 -0.006  0.012 -0.015 -0.02 ]	0.74	1.67	1.76	0.42	0.02	0.05	0.01	0.11	0.82	0.37	0.2		0.9403597762641587	0.141	False	0.125
3	['Pt', 'Pd', 'Au', 'Ru', 'Rh', 'Ir', 'Re', 'Os']	15	[0.354 0.212 0.291 0.002 0.    0.008 0.04  0.107]	[-0.044 -0.009  0.057 -0.075 -0.005 -0.015  0.052  0.038]	0.74	1.67	1.76	0.42	0.02	0.05	0.01	0.11	0.82	0.37	0.2		1.0125212306336793	0.124	False	0.057
4	['Pt', 'Pd', 'Au', 'Ru', 'Rh', 'Ir', 'Re', 'Os']	15	[0.316 0.194 0.38  0.013 0.03  0.001 0.02  0.062]	[-0.052 -0.04   0.105  0.021 -0.01  -0.008  0.017 -0.033]	0.74	1.67	1.76	0.42	0.02	0.05	0.01	0.11	0.82	0.37	0.2		0.9425607332613541	0.132	False	0.117
5	['Pt', 'Pd', 'Au', 'Ru', 'Rh', 'Ir', 'Re', 'Os']	15	[0.35  0.258 0.291 0.004 0.01  0.004 0.022 0.053]	[-0.013  0.164 -0.092 -0.007  0.004 -0.013  0.019 -0.061]	0.74	1.67	1.76	0.42	0.02	0.05	0.01	0.11	0.82	0.37	0.2		1.0235633211958852	0.2	False	0.054
6	['Pt', 'Pd', 'Au', 'Ru', 'Rh', 'Ir', 'Re', 'Os']	15	[0.396 0.198 0.219 0.01  0.039 0.036 0.034 0.079]	[-0.004 -0.095  0.033 -0.015  0.101 -0.065  0.051 -0.004]	0.74	1.67	1.76	0.42	0.02	0.05	0.01	0.11	0.82	0.37	0.2		0.921299583189443	0.166	False	0.126
7	['Pt', 'Pd', 'Au', 'Ru', 'Rh', 'Ir', 'Re', 'Os']	15	[0.358 0.226 0.267 0.001 0.02  0.103 0.    0.026]	[ 0.031  0.014  0.066 -0.01   0.042  0.035 -0.001 -0.177]	0.74	1.67	1.76	0.42	0.02	0.05	0.01	0.11	0.82	0.37	0.2		0.8592915595485793	0.2	False	0.135
0	['Pt', 'Pd', 'Au', 'Ru', 'Rh', 'Ir', 'Re', 'Os']	16	[0.364 0.312 0.011 0.118 0.057 0.012 0.065 0.061]	[ 0.046  0.019 -0.123  0.082  0.047 -0.049  0.062 -0.084]	0.74	1.67	1.76	0.42	0.02	0.05	0.01	0.11	0.82	0.37	0.2		0.6985413040167572	0.2	False	0.333
1	['Pt', 'Pd', 'Au', 'Ru', 'Rh', 'Ir', 'Re', 'Os']	16	[0.268 0.295 0.259 0.004 0.038 0.065 0.006 0.071]	[-0.1    0.059 -0.041  0.024 -0.082  0.039 -0.024  0.124]	0.74	1.67	1.76	0.42	0.02	0.05	0.01	0.11	0.82	0.37	0.2		0.8602509965185623	0.2	False	0.13
2	['Pt', 'Pd', 'Au', 'Ru', 'Rh', 'Ir', 'Re', 'Os']	16	[0.386 0.271 0.234 0.013 0.008 0.007 0.022 0.063]	[ 0.089  0.058 -0.167  0.003  0.007 -0.005  0.021 -0.005]	0.74	1.67	1.76	0.42	0.02	0.05	0.01	0.11	0.82	0.37	0.2		1.0200300262225124	0.199	False	0.091
3	['Pt', 'Pd', 'Au', 'Ru', 'Rh', 'Ir', 'Re', 'Os']	16	[0.381 0.307 0.265 0.026 0.009 0.012 0.009 0.007]	[ 0.002  0.086 -0.064 -0.002 -0.02  -0.013 -0.095  0.105]	0.74	1.67	1.76	0.42	0.02	0.05	0.01	0.11	0.82	0.37	0.2		1.0018632691491454	0.179	False	0.123
4	['Pt', 'Pd', 'Au', 'Ru', 'Rh', 'Ir', 'Re', 'Os']	16	[0.387 0.285 0.219 0.006 0.048 0.    0.005 0.067]	[ 0.071  0.091 -0.161 -0.007  0.018 -0.001 -0.015  0.005]	0.74	1.67	1.76	0.42	0.02	0.05	0.01	0.11	0.82	0.37	0.2		1.00299433491323	0.2	False	0.112
5	['Pt', 'Pd', 'Au', 'Ru', 'Rh', 'Ir', 'Re', 'Os']	16	[0.342 0.37  0.229 0.002 0.001 0.015 0.023 0.009]	[-0.009  0.113 -0.064  0.003 -0.01   0.013  0.    -0.046]	0.74	1.67	1.76	0.42	0.02	0.05	0.01	0.11	0.82	0.37	0.2		0.9399070349898146	0.139	False	0.169
6	['Pt', 'Pd', 'Au', 'Ru', 'Rh', 'Ir', 'Re', 'Os']	16	[0.32  0.272 0.304 0.003 0.011 0.056 0.02  0.027]	[-0.087  0.083  0.095 -0.008 -0.032  0.082 -0.073 -0.06 ]	0.74	1.67	1.76	0.42	0.02	0.05	0.01	0.11	0.82	0.37	0.2		0.9291848959635693	0.2	False	0.102
7	['Pt', 'Pd', 'Au', 'Ru', 'Rh', 'Ir', 'Re', 'Os']	16	[0.308 0.186 0.207 0.001 0.01  0.218 0.037 0.034]	[-0.045 -0.032 -0.057  0.001  0.014  0.161  0.037 -0.078]	0.74	1.67	1.76	0.42	0.02	0.05	0.01	0.11	0.82	0.37	0.2		0.5753603413818481	0.2	False	0.26
0	['Pt', 'Pd', 'Au', 'Ru', 'Rh', 'Ir', 'Re', 'Os']	17	[0.364 0.291 0.186 0.038 0.031 0.023 0.029 0.038]	[-0.    -0.021  0.175 -0.08  -0.026  0.011 -0.036 -0.023]	0.74	1.67	1.76	0.42	0.02	0.05	0.01	0.11	0.82	0.37	0.2		0.9282311615749261	0.2	False	0.15
1	['Pt', 'Pd', 'Au', 'Ru', 'Rh', 'Ir', 'Re', 'Os']	17	[0.41  0.283 0.216 0.015 0.027 0.002 0.015 0.042]	[ 0.147 -0.039 -0.076 -0.011  0.042  0.051 -0.054 -0.059]	0.74	1.67	1.76	0.42	0.02	0.05	0.01	0.11	0.82	0.37	0.2		0.9986540649542874	0.199	False	0.128
2	['Pt', 'Pd', 'Au', 'Ru', 'Rh', 'Ir', 'Re', 'Os']	17	[0.406 0.263 0.211 0.012 0.    0.003 0.007 0.101]	[ 0.019 -0.01  -0.025 -0.003 -0.01   0.008 -0.017  0.037]	0.74	1.67	1.76	0.42	0.02	0.05	0.01	0.11	0.82	0.37	0.2		1.0281075935226305	0.053	False	0.107
3	['Pt', 'Pd', 'Au', 'Ru', 'Rh', 'Ir', 'Re', 'Os']	17	[0.359 0.187 0.3   0.005 0.007 0.013 0.009 0.137]	[-0.028 -0.133  0.034 -0.038  0.006  0.015  0.008  0.136]	0.74	1.67	1.76	0.42	0.02	0.05	0.01	0.11	0.82	0.37	0.2		1.0005188396478577	0.2	False	0.076
4	['Pt', 'Pd', 'Au', 'Ru', 'Rh', 'Ir', 'Re', 'Os']	17	[0.39  0.218 0.237 0.009 0.055 0.002 0.003 0.101]	[-0.007 -0.091  0.011 -0.007  0.093 -0.014 -0.013  0.03 ]	0.74	1.67	1.76	0.42	0.02	0.05	0.01	0.11	0.82	0.37	0.2		0.9915364318272908	0.136	False	0.099
5	['Pt', 'Pd', 'Au', 'Ru', 'Rh', 'Ir', 'Re', 'Os']	17	[0.388 0.202 0.275 0.009 0.006 0.011 0.013 0.09 ]	[ 0.042 -0.173  0.042  0.003  0.001  0.019 -0.014  0.078]	0.74	1.67	1.76	0.42	0.02	0.05	0.01	0.11	0.82	0.37	0.2		1.0142218313942009	0.2	False	0.07
6	['Pt', 'Pd', 'Au', 'Ru', 'Rh', 'Ir', 'Re', 'Os']	17	[0.427 0.28  0.181 0.003 0.002 0.003 0.024 0.094]	[ 0.099 -0.01  -0.153 -0.026 -0.028  0.043  0.021  0.055]	0.74	1.67	1.76	0.42	0.02	0.05	0.01	0.11	0.82	0.37	0.2		0.9943806342239683	0.2	False	0.147
7	['Pt', 'Pd', 'Au', 'Ru', 'Rh', 'Ir', 'Re', 'Os']	17	[0.379 0.249 0.232 0.006 0.007 0.047 0.022 0.06 ]	[ 0.071  0.063  0.025  0.005 -0.003 -0.171 -0.015  0.026]	0.74	1.67	1.76	0.42	0.02	0.05	0.01	0.11	0.82	0.37	0.2		0.962668451585529	0.2	False	0.099
0	['Pt', 'Pd', 'Au', 'Ru', 'Rh', 'Ir', 'Re', 'Os']	18	[0.332 0.267 0.307 0.025 0.014 0.004 0.    0.05 ]	[-0.08  -0.068  0.159  0.048 -0.024 -0.027  0.003 -0.011]	0.74	1.67	1.76	0.42	0.02	0.05	0.01	0.11	0.82	0.37	0.2		1.0182443730754087	0.2	False	0.063
1	['Pt', 'Pd', 'Au', 'Ru', 'Rh', 'Ir', 'Re', 'Os']	18	[0.487 0.177 0.171 0.002 0.01  0.026 0.034 0.103]	[ 0.08  -0.113 -0.049  0.002 -0.046  0.024  0.039  0.063]	0.74	1.67	1.76	0.42	0.02	0.05	0.01	0.11	0.82	0.37	0.2		0.8819296550026874	0.172	False	0.207
2	['Pt', 'Pd', 'Au', 'Ru', 'Rh', 'Ir', 'Re', 'Os']	18	[0.329 0.213 0.339 0.004 0.004 0.017 0.003 0.092]	[-0.078 -0.051  0.127 -0.009  0.001  0.013  0.007 -0.01 ]	0.74	1.67	1.76	0.42	0.02	0.05	0.01	0.11	0.82	0.37	0.2		0.9963821167710223	0.159	False	0.061
3	['Pt', 'Pd', 'Au', 'Ru', 'Rh', 'Ir', 'Re', 'Os']	18	[0.472 0.143 0.164 0.072 0.013 0.013 0.04  0.101]	[ 0.113 -0.044 -0.136  0.067  0.006  0.     0.031 -0.036]	0.74	1.67	1.76	0.42	0.02	0.05	0.01	0.11	0.82	0.37	0.2		0.8470800048023732	0.2	False	0.228
4	['Pt', 'Pd', 'Au', 'Ru', 'Rh', 'Ir', 'Re', 'Os']	18	[0.356 0.247 0.281 0.003 0.027 0.007 0.005 0.091]	[-0.05   0.026  0.044 -0.025  0.079 -0.031 -0.023 -0.021]	0.74	1.67	1.76	0.42	0.02	0.05	0.01	0.11	0.82	0.37	0.2		1.0288500818985329	0.118	False	0.036
5	['Pt', 'Pd', 'Au', 'Ru', 'Rh', 'Ir', 'Re', 'Os']	18	[0.371 0.282 0.227 0.001 0.    0.01  0.002 0.097]	[-0.021  0.081 -0.054 -0.    -0.002  0.015 -0.023  0.004]	0.74	1.67	1.76	0.42	0.02	0.05	0.01	0.11	0.82	0.37	0.2		1.030718444376737	0.103	False	0.083
6	['Pt', 'Pd', 'Au', 'Ru', 'Rh', 'Ir', 'Re', 'Os']	18	[0.404 0.186 0.205 0.007 0.018 0.04  0.033 0.122]	[-0.028 -0.105  0.022 -0.011  0.013  0.036  0.047  0.026]	0.74	1.67	1.76	0.42	0.02	0.05	0.01	0.11	0.82	0.37	0.2		0.9221734611192363	0.129	False	0.14
7	['Pt', 'Pd', 'Au', 'Ru', 'Rh', 'Ir', 'Re', 'Os']	18	[0.272 0.265 0.227 0.011 0.006 0.077 0.015 0.127]	[-0.115  0.025  0.001 -0.016 -0.036  0.119 -0.061  0.083]	0.74	1.67	1.76	0.42	0.02	0.05	0.01	0.11	0.82	0.37	0.2		0.8578507255184902	0.2	False	0.137
0	['Pt', 'Pd', 'Au', 'Ru', 'Rh', 'Ir', 'Re', 'Os']	19	[0.356 0.256 0.303 0.015 0.006 0.009 0.024 0.029]	[ 0.015 -0.038 -0.027 -0.036  0.002 -0.014  0.015  0.083]	0.74	1.67	1.76	0.42	0.02	0.05	0.01	0.11	0.82	0.37	0.2		1.010214288779874	0.105	False	0.078
1	['Pt', 'Pd', 'Au', 'Ru', 'Rh', 'Ir', 'Re', 'Os']	19	[0.359 0.3   0.251 0.01  0.002 0.004 0.006 0.074]	[-0.13   0.121  0.078  0.006  0.009 -0.024 -0.03  -0.031]	0.74	1.67	1.76	0.42	0.02	0.05	0.01	0.11	0.82	0.37	0.2		1.0388639316478148	0.201	False	0.076
2	['Pt', 'Pd', 'Au', 'Ru', 'Rh', 'Ir', 'Re', 'Os']	19	[0.383 0.322 0.181 0.001 0.006 0.    0.007 0.099]	[ 0.054  0.109 -0.159 -0.004  0.008 -0.018  0.004  0.007]	0.74	1.67	1.76	0.42	0.02	0.05	0.01	0.11	0.82	0.37	0.2		0.9991836158237903	0.201	False	0.143
3	['Pt', 'Pd', 'Au', 'Ru', 'Rh', 'Ir', 'Re', 'Os']	19	[0.394 0.312 0.101 0.044 0.02  0.026 0.026 0.094]	[-0.078  0.169 -0.063 -0.028  0.007  0.013 -0.014 -0.007]	0.74	1.67	1.76	0.42	0.02	0.05	0.01	0.11	0.82	0.37	0.2		0.8747128177441534	0.2	False	0.222
4	['Pt', 'Pd', 'Au', 'Ru', 'Rh', 'Ir', 'Re', 'Os']	19	[0.346 0.334 0.229 0.013 0.009 0.005 0.004 0.079]	[-0.012  0.09  -0.056  0.01  -0.021 -0.002  0.005 -0.014]	0.74	1.67	1.76	0.42	0.02	0.05	0.01	0.11	0.82	0.37	0.2		1.0109523600256687	0.111	False	0.113
5	['Pt', 'Pd', 'Au', 'Ru', 'Rh', 'Ir', 'Re', 'Os']	19	[0.341 0.331 0.213 0.    0.003 0.002 0.013 0.087]	[-0.03   0.053 -0.013 -0.001 -0.004 -0.007  0.012 -0.009]	0.74	1.67	1.76	0.42	0.02	0.05	0.01	0.11	0.82	0.37	0.2		1.0011206862711848	0.064	False	0.121
6	['Pt', 'Pd', 'Au', 'Ru', 'Rh', 'Ir', 'Re', 'Os']	19	[0.342 0.331 0.261 0.003 0.008 0.003 0.011 0.056]	[-0.089  0.139  0.041 -0.013 -0.032  0.024  0.022 -0.093]	0.74	1.67	1.76	0.42	0.02	0.05	0.01	0.11	0.82	0.37	0.2		1.0173545121252856	0.2	False	0.101
7	['Pt', 'Pd', 'Au', 'Ru', 'Rh', 'Ir', 'Re', 'Os']	19	[0.142 0.32  0.314 0.091 0.013 0.003 0.004 0.114]	[-0.134  0.051  0.083  0.076  0.003 -0.078  0.014 -0.017]	0.74	1.67	1.76	0.42	0.02	0.05	0.01	0.11	0.82	0.37	0.2		0.6975844658092851	0.2	False	0.239
0	['Pt', 'Pd', 'Au', 'Ru', 'Rh', 'Ir', 'Re', 'Os']	20	[0.321 0.305 0.188 0.002 0.006 0.    0.022 0.157]	[-0.045  0.045 -0.131  0.002 -0.026 -0.008  0.032  0.13 ]	0.74	1.67	1.76	0.42	0.02	0.05	0.01	0.11	0.82	0.37	0.2		0.9731358572842208	0.2	False	0.142
1	['Pt', 'Pd', 'Au', 'Ru', 'Rh', 'Ir', 'Re', 'Os']	20	[0.381 0.33  0.259 0.001 0.011 0.009 0.013 0.003]	[ 0.039  0.051  0.02  -0.005 -0.025  0.012  0.018 -0.11 ]	0.74	1.67	1.76	0.42	0.02	0.05	0.01	0.11	0.82	0.37	0.2		0.9924775690900609	0.133	False	0.137
2	['Pt', 'Pd', 'Au', 'Ru', 'Rh', 'Ir', 'Re', 'Os']	20	[0.352 0.238 0.344 0.022 0.005 0.005 0.006 0.03 ]	[-0.033 -0.086  0.161  0.019  0.008  0.003 -0.003 -0.071]	0.74	1.67	1.76	0.42	0.02	0.05	0.01	0.11	0.82	0.37	0.2		1.0106241857077345	0.2	False	0.087
3	['Pt', 'Pd', 'Au', 'Ru', 'Rh', 'Ir', 'Re', 'Os']	20	[0.364 0.311 0.072 0.085 0.011 0.011 0.079 0.081]	[-0.066 -0.029  0.164  0.024 -0.04  -0.047  0.039 -0.045]	0.74	1.67	1.76	0.42	0.02	0.05	0.01	0.11	0.82	0.37	0.2		0.8118576624460337	0.2	False	0.265
4	['Pt', 'Pd', 'Au', 'Ru', 'Rh', 'Ir', 'Re', 'Os']	20	[0.401 0.19  0.324 0.01  0.001 0.003 0.012 0.079]	[ 0.05  -0.151  0.091  0.015  0.004 -0.007  0.003 -0.005]	0.74	1.67	1.76	0.42	0.02	0.05	0.01	0.11	0.82	0.37	0.2		1.023090576866309	0.184	False	0.086
5	['Pt', 'Pd', 'Au', 'Ru', 'Rh', 'Ir', 'Re', 'Os']	20	[0.407 0.215 0.295 0.    0.005 0.008 0.009 0.053]	[ 0.067 -0.119  0.083 -0.005  0.005 -0.014  0.018 -0.035]	0.74	1.67	1.76	0.42	0.02	0.05	0.01	0.11	0.82	0.37	0.2		1.0233942516571082	0.165	False	0.083
6	['Pt', 'Pd', 'Au', 'Ru', 'Rh', 'Ir', 'Re', 'Os']	20	[0.322 0.365 0.263 0.005 0.028 0.011 0.007 0.013]	[-0.022  0.038  0.002 -0.004  0.03   0.009 -0.004 -0.048]	0.74	1.67	1.76	0.42	0.02	0.05	0.01	0.11	0.82	0.37	0.2		0.9456741513090581	0.072	False	0.155
7	['Pt', 'Pd', 'Au', 'Ru', 'Rh', 'Ir', 'Re', 'Os']	20	[0.321 0.289 0.275 0.027 0.001 0.005 0.007 0.079]	[ 0.178 -0.032 -0.04  -0.065 -0.013  0.006  0.002 -0.036]	0.74	1.67	1.76	0.42	0.02	0.05	0.01	0.11	0.82	0.37	0.2		1.0227367307058404	0.2	False	0.065
0	['Pt', 'Pd', 'Au', 'Ru', 'Rh', 'Ir', 'Re', 'Os']	21	[0.428 0.247 0.108 0.05  0.048 0.042 0.034 0.044]	[ 0.107 -0.058 -0.08   0.048  0.042  0.042  0.012 -0.113]	0.74	1.67	1.76	0.42	0.02	0.05	0.01	0.11	0.82	0.37	0.2		0.8111036097573419	0.2	False	0.232
1	['Pt', 'Pd', 'Au', 'Ru', 'Rh', 'Ir', 'Re', 'Os']	21	[0.405 0.169 0.308 0.002 0.02  0.003 0.001 0.102]	[ 0.022 -0.164  0.047 -0.005  0.023 -0.008 -0.014  0.098]	0.74	1.67	1.76	0.42	0.02	0.05	0.01	0.11	0.82	0.37	0.2		0.9993504465265792	0.2	False	0.1
2	['Pt', 'Pd', 'Au', 'Ru', 'Rh', 'Ir', 'Re', 'Os']	21	[0.439 0.153 0.254 0.031 0.005 0.008 0.    0.115]	[ 0.086 -0.09  -0.095  0.042 -0.015  0.    -0.012  0.084]	0.74	1.67	1.76	0.42	0.02	0.05	0.01	0.11	0.82	0.37	0.2		0.9670224034372625	0.184	False	0.144
3	['Pt', 'Pd', 'Au', 'Ru', 'Rh', 'Ir', 'Re', 'Os']	21	[0.38  0.245 0.248 0.042 0.    0.    0.034 0.064]	[ 0.016 -0.066  0.176 -0.043 -0.011 -0.011 -0.045 -0.017]	0.74	1.67	1.76	0.42	0.02	0.05	0.01	0.11	0.82	0.37	0.2		1.0225014576765314	0.2	False	0.089
4	['Pt', 'Pd', 'Au', 'Ru', 'Rh', 'Ir', 'Re', 'Os']	21	[0.445 0.127 0.271 0.003 0.064 0.035 0.009 0.065]	[ 0.042 -0.065 -0.055  0.01   0.061  0.03  -0.005 -0.016]	0.74	1.67	1.76	0.42	0.02	0.05	0.01	0.11	0.82	0.37	0.2		0.8648812361211689	0.119	False	0.178
5	['Pt', 'Pd', 'Au', 'Ru', 'Rh', 'Ir', 'Re', 'Os']	21	[0.376 0.267 0.235 0.005 0.004 0.006 0.    0.1  ]	[-0.033  0.053 -0.063  0.001 -0.002  0.01  -0.013  0.048]	0.74	1.67	1.76	0.42	0.02	0.05	0.01	0.11	0.82	0.37	0.2		1.038529875562459	0.102	False	0.073
6	['Pt', 'Pd', 'Au', 'Ru', 'Rh', 'Ir', 'Re', 'Os']	21	[0.418 0.21  0.297 0.005 0.    0.003 0.001 0.078]	[ 0.089 -0.164  0.027  0.     0.02  -0.016 -0.014  0.058]	0.74	1.67	1.76	0.42	0.02	0.05	0.01	0.11	0.82	0.37	0.2		1.0400874637414728	0.199	False	0.082
7	['Pt', 'Pd', 'Au', 'Ru', 'Rh', 'Ir', 'Re', 'Os']	21	[0.475 0.199 0.27  0.03  0.008 0.001 0.002 0.018]	[ 0.156 -0.093 -0.006  0.047 -0.017 -0.009 -0.014 -0.064]	0.74	1.67	1.76	0.42	0.02	0.05	0.01	0.11	0.82	0.37	0.2		0.9755469901024234	0.2	False	0.164
0	['Pt', 'Pd', 'Au', 'Ru', 'Rh', 'Ir', 'Re', 'Os']	22	[0.39  0.215 0.286 0.011 0.003 0.001 0.06  0.035]	[-0.038 -0.032  0.178 -0.039 -0.045 -0.041  0.026 -0.009]	0.74	1.67	1.76	0.42	0.02	0.05	0.01	0.11	0.82	0.37	0.2		0.993270894580341	0.2	False	0.105
1	['Pt', 'Pd', 'Au', 'Ru', 'Rh', 'Ir', 'Re', 'Os']	22	[0.364 0.322 0.223 0.    0.03  0.004 0.005 0.062]	[-0.041  0.16  -0.086 -0.012  0.042 -0.011 -0.014 -0.039]	0.74	1.67	1.76	0.42	0.02	0.05	0.01	0.11	0.82	0.37	0.2		1.0022329572382351	0.196	False	0.117
2	['Pt', 'Pd', 'Au', 'Ru', 'Rh', 'Ir', 'Re', 'Os']	22	[0.341 0.293 0.296 0.006 0.009 0.007 0.006 0.047]	[-0.107  0.142  0.039  0.029  0.004 -0.012 -0.019 -0.076]	0.74	1.67	1.76	0.42	0.02	0.05	0.01	0.11	0.82	0.37	0.2		1.0253484340002677	0.2	False	0.07
3	['Pt', 'Pd', 'Au', 'Ru', 'Rh', 'Ir', 'Re', 'Os']	22	[0.392 0.128 0.346 0.041 0.003 0.007 0.069 0.028]	[ 0.008 -0.14   0.106  0.072 -0.011 -0.021  0.034 -0.047]	0.74	1.67	1.76	0.42	0.02	0.05	0.01	0.11	0.82	0.37	0.2		0.891749576657948	0.2	False	0.174
4	['Pt', 'Pd', 'Au', 'Ru', 'Rh', 'Ir', 'Re', 'Os']	22	[0.342 0.258 0.268 0.004 0.019 0.058 0.004 0.069]	[-0.134  0.128 -0.022 -0.023  0.066  0.007 -0.009 -0.014]	0.74	1.67	1.76	0.42	0.02	0.05	0.01	0.11	0.82	0.37	0.2		0.9562412124925577	0.2	False	0.077
5	['Pt', 'Pd', 'Au', 'Ru', 'Rh', 'Ir', 'Re', 'Os']	22	[0.425 0.169 0.316 0.001 0.004 0.001 0.004 0.072]	[ 0.05  -0.104  0.084 -0.001  0.003 -0.    -0.001 -0.031]	0.74	1.67	1.76	0.42	0.02	0.05	0.01	0.11	0.82	0.37	0.2		1.0023799801809992	0.146	False	0.115
6	['Pt', 'Pd', 'Au', 'Ru', 'Rh', 'Ir', 'Re', 'Os']	22	[0.365 0.093 0.345 0.002 0.02  0.003 0.048 0.135]	[-0.054 -0.118  0.048 -0.004  0.02   0.005  0.047  0.057]	0.74	1.67	1.76	0.42	0.02	0.05	0.01	0.11	0.82	0.37	0.2		0.8684309490086215	0.157	False	0.176
7	['Pt', 'Pd', 'Au', 'Ru', 'Rh', 'Ir', 'Re', 'Os']	22	[0.307 0.246 0.299 0.026 0.019 0.005 0.001 0.102]	[-0.17   0.048  0.03  -0.004  0.02  -0.007 -0.002  0.085]	0.74	1.67	1.76	0.42	0.02	0.05	0.01	0.11	0.82	0.37	0.2		1.0014280405008666	0.2	False	0.054
0	['Pt', 'Pd', 'Au', 'Ru', 'Rh', 'Ir', 'Re', 'Os']	23	[0.268 0.296 0.359 0.006 0.007 0.002 0.026 0.039]	[-0.145  0.08   0.071 -0.02  -0.03  -0.025  0.075 -0.005]	0.74	1.67	1.76	0.42	0.02	0.05	0.01	0.11	0.82	0.37	0.2		0.9399144222920068	0.2	False	0.13
1	['Pt', 'Pd', 'Au', 'Ru', 'Rh', 'Ir', 'Re', 'Os']	23	[0.304 0.297 0.352 0.001 0.028 0.007 0.002 0.018]	[-0.066 -0.03   0.132 -0.004  0.047 -0.021 -0.009 -0.05 ]	0.74	1.67	1.76	0.42	0.02	0.05	0.01	0.11	0.82	0.37	0.2		0.9646627238735872	0.167	False	0.121
2	['Pt', 'Pd', 'Au', 'Ru', 'Rh', 'Ir', 'Re', 'Os']	23	[0.323 0.288 0.293 0.028 0.003 0.007 0.009 0.052]	[-0.025 -0.01  -0.007  0.023  0.009 -0.003  0.011  0.003]	0.74	1.67	1.76	0.42	0.02	0.05	0.01	0.11	0.82	0.37	0.2		1.013314474724256	0.039	False	0.074
3	['Pt', 'Pd', 'Au', 'Ru', 'Rh', 'Ir', 'Re', 'Os']	23	[0.382 0.263 0.223 0.014 0.011 0.019 0.086 0.015]	[-0.018  0.139 -0.14   0.017  0.001  0.011  0.011 -0.021]	0.74	1.67	1.76	0.42	0.02	0.05	0.01	0.11	0.82	0.37	0.2		0.9276687826908812	0.2	False	0.15
4	['Pt', 'Pd', 'Au', 'Ru', 'Rh', 'Ir', 'Re', 'Os']	23	[0.273 0.328 0.287 0.004 0.002 0.088 0.017 0.022]	[-0.084  0.082  0.021 -0.03  -0.027  0.139 -0.042 -0.058]	0.74	1.67	1.76	0.42	0.02	0.05	0.01	0.11	0.82	0.37	0.2		0.83086266699241	0.2	False	0.162
5	['Pt', 'Pd', 'Au', 'Ru', 'Rh', 'Ir', 'Re', 'Os']	23	[0.328 0.333 0.258 0.002 0.005 0.003 0.002 0.059]	[-0.098  0.163 -0.059  0.     0.     0.001  0.004 -0.014]	0.74	1.67	1.76	0.42	0.02	0.05	0.01	0.11	0.82	0.37	0.2		1.0094475565843717	0.2	False	0.104
6	['Pt', 'Pd', 'Au', 'Ru', 'Rh', 'Ir', 'Re', 'Os']	23	[0.379 0.265 0.299 0.003 0.006 0.001 0.001 0.06 ]	[ 0.002  0.162 -0.059 -0.012 -0.027 -0.015  0.037 -0.089]	0.74	1.67	1.76	0.42	0.02	0.05	0.01	0.11	0.82	0.37	0.2		1.0559047223413154	0.2	False	0.052
7	['Pt', 'Pd', 'Au', 'Ru', 'Rh', 'Ir', 'Re', 'Os']	23	[0.302 0.401 0.269 0.014 0.012 0.004 0.    0.001]	[-0.014  0.154 -0.04   0.027  0.018 -0.02  -0.01  -0.115]	0.74	1.67	1.76	0.42	0.02	0.05	0.01	0.11	0.82	0.37	0.2		0.9110614982943781	0.2	False	0.19
0	['Pt', 'Pd', 'Au', 'Ru', 'Rh', 'Ir', 'Re', 'Os']	24	[0.415 0.25  0.243 0.004 0.007 0.014 0.001 0.069]	[ 0.144 -0.052 -0.123 -0.016 -0.005  0.006  0.02   0.025]	0.74	1.67	1.76	0.42	0.02	0.05	0.01	0.11	0.82	0.37	0.2		1.024088753762844	0.2	False	0.093
1	['Pt', 'Pd', 'Au', 'Ru', 'Rh', 'Ir', 'Re', 'Os']	24	[0.424 0.231 0.239 0.    0.001 0.012 0.005 0.097]	[ 0.117 -0.073 -0.121 -0.01   0.019  0.009 -0.017  0.075]	0.74	1.67	1.76	0.42	0.02	0.05	0.01	0.11	0.82	0.37	0.2		1.0237033806340141	0.2	False	0.099
2	['Pt', 'Pd', 'Au', 'Ru', 'Rh', 'Ir', 'Re', 'Os']	24	[0.219 0.184 0.319 0.005 0.052 0.026 0.033 0.167]	[-0.112 -0.112  0.019  0.025  0.042  0.012  0.017  0.109]	0.74	1.67	1.76	0.42	0.02	0.05	0.01	0.11	0.82	0.37	0.2		0.7891808602820474	0.2	False	0.176
3	['Pt', 'Pd', 'Au', 'Ru', 'Rh', 'Ir', 'Re', 'Os']	24	[0.366 0.2   0.274 0.01  0.01  0.004 0.047 0.1  ]	[-0.042 -0.101  0.041 -0.027 -0.058 -0.019  0.123  0.083]	0.74	1.67	1.76	0.42	0.02	0.05	0.01	0.11	0.82	0.37	0.2		0.9973072655742758	0.2	False	0.077
4	['Pt', 'Pd', 'Au', 'Ru', 'Rh', 'Ir', 'Re', 'Os']	24	[0.132 0.288 0.375 0.053 0.077 0.038 0.038 0.021]	[-0.141 -0.04   0.088  0.049  0.075 -0.05   0.021 -0.001]	0.74	1.67	1.76	0.42	0.02	0.05	0.01	0.11	0.82	0.37	0.2		0.5615935038025408	0.2	False	0.269
5	['Pt', 'Pd', 'Au', 'Ru', 'Rh', 'Ir', 'Re', 'Os']	24	[0.462 0.207 0.277 0.006 0.01  0.004 0.012 0.013]	[ 0.133 -0.127  0.018  0.003  0.004  0.005  0.009 -0.047]	0.74	1.67	1.76	0.42	0.02	0.05	0.01	0.11	0.82	0.37	0.2		0.9798446024028853	0.191	False	0.151
6	['Pt', 'Pd', 'Au', 'Ru', 'Rh', 'Ir', 'Re', 'Os']	24	[0.376 0.368 0.243 0.002 0.008 0.01  0.006 0.001]	[-0.018  0.108 -0.081 -0.016 -0.004 -0.009 -0.027  0.047]	0.74	1.67	1.76	0.42	0.02	0.05	0.01	0.11	0.82	0.37	0.2		0.9679923212522568	0.148	False	0.167
7	['Pt', 'Pd', 'Au', 'Ru', 'Rh', 'Ir', 'Re', 'Os']	24	[0.386 0.233 0.286 0.004 0.014 0.009 0.003 0.066]	[ 0.085 -0.168  0.018 -0.01   0.003  0.011 -0.004  0.066]	0.74	1.67	1.76	0.42	0.02	0.05	0.01	0.11	0.82	0.37	0.2		1.031657945627426	0.2	False	0.057
0	['Pt', 'Pd', 'Au', 'Ru', 'Rh', 'Ir', 'Re', 'Os']	25	[0.462 0.189 0.247 0.011 0.007 0.001 0.008 0.078]	[ 0.049 -0.064  0.004  0.011 -0.    -0.016  0.006  0.009]	0.74	1.67	1.76	0.42	0.02	0.05	0.01	0.11	0.82	0.37	0.2		0.989644545729969	0.083	False	0.141
1	['Pt', 'Pd', 'Au', 'Ru', 'Rh', 'Ir', 'Re', 'Os']	25	[0.341 0.296 0.275 0.005 0.035 0.001 0.01  0.048]	[-0.088  0.062  0.033  0.001  0.03   0.008  0.008 -0.054]	0.74	1.67	1.76	0.42	0.02	0.05	0.01	0.11	0.82	0.37	0.2		1.0107186491759548	0.129	False	0.083
2	['Pt', 'Pd', 'Au', 'Ru', 'Rh', 'Ir', 'Re', 'Os']	25	[0.38  0.231 0.282 0.012 0.008 0.007 0.003 0.082]	[ 0.161  0.047 -0.037  0.007 -0.044 -0.019 -0.03  -0.085]	0.74	1.67	1.76	0.42	0.02	0.05	0.01	0.11	0.82	0.37	0.2		1.0388710117547484	0.2	False	0.047
3	['Pt', 'Pd', 'Au', 'Ru', 'Rh', 'Ir', 'Re', 'Os']	25	[0.397 0.263 0.271 0.006 0.066 0.002 0.    0.006]	[ 0.019  0.053 -0.017  0.001  0.045 -0.021  0.034 -0.113]	0.74	1.67	1.76	0.42	0.02	0.05	0.01	0.11	0.82	0.37	0.2		0.9779562075707309	0.141	False	0.128
4	['Pt', 'Pd', 'Au', 'Ru', 'Rh', 'Ir', 'Re', 'Os']	25	[0.294 0.239 0.31  0.082 0.03  0.002 0.005 0.056]	[ 0.155 -0.058 -0.075  0.02  -0.056  0.03  -0.042  0.026]	0.74	1.67	1.76	0.42	0.02	0.05	0.01	0.11	0.82	0.37	0.2		0.9431997191618919	0.2	False	0.114
5	['Pt', 'Pd', 'Au', 'Ru', 'Rh', 'Ir', 'Re', 'Os']	25	[0.329 0.249 0.249 0.001 0.    0.004 0.01  0.149]	[-0.136  0.04  -0.03   0.003 -0.015 -0.012  0.016  0.135]	0.74	1.67	1.76	0.42	0.02	0.05	0.01	0.11	0.82	0.37	0.2		1.0187553290922882	0.2	False	0.075
6	['Pt', 'Pd', 'Au', 'Ru', 'Rh', 'Ir', 'Re', 'Os']	25	[0.384 0.211 0.293 0.001 0.002 0.004 0.012 0.11 ]	[ 0.005 -0.161  0.048 -0.004 -0.009  0.001  0.011  0.107]	0.74	1.67	1.76	0.42	0.02	0.05	0.01	0.11	0.82	0.37	0.2		1.0388425384783042	0.2	False	0.055
7	['Pt', 'Pd', 'Au', 'Ru', 'Rh', 'Ir', 'Re', 'Os']	25	[0.463 0.119 0.301 0.014 0.003 0.005 0.    0.094]	[ 0.077 -0.116  0.014  0.012 -0.012 -0.005  0.     0.028]	0.74	1.67	1.76	0.42	0.02	0.05	0.01	0.11	0.82	0.37	0.2		0.9369157659128564	0.143	False	0.174
0	['Pt', 'Pd', 'Au', 'Ru', 'Rh', 'Ir', 'Re', 'Os']	26	[0.307 0.301 0.301 0.001 0.005 0.011 0.006 0.07 ]	[-0.157  0.111  0.053 -0.013 -0.003  0.009  0.011 -0.009]	0.74	1.67	1.76	0.42	0.02	0.05	0.01	0.11	0.82	0.37	0.2		1.0054115668461039	0.2	False	0.074
1	['Pt', 'Pd', 'Au', 'Ru', 'Rh', 'Ir', 'Re', 'Os']	26	[0.376 0.205 0.27  0.001 0.049 0.004 0.01  0.097]	[ 0.033 -0.112 -0.013 -0.014  0.073 -0.004 -0.013  0.049]	0.74	1.67	1.76	0.42	0.02	0.05	0.01	0.11	0.82	0.37	0.2		0.9943538230217344	0.148	False	0.078
2	['Pt', 'Pd', 'Au', 'Ru', 'Rh', 'Ir', 'Re', 'Os']	26	[0.478 0.13  0.229 0.014 0.018 0.003 0.013 0.117]	[ 0.106 -0.101 -0.051 -0.028  0.022 -0.     0.012  0.04 ]	0.74	1.67	1.76	0.42	0.02	0.05	0.01	0.11	0.82	0.37	0.2		0.9077062975982917	0.165	False	0.192
3	['Pt', 'Pd', 'Au', 'Ru', 'Rh', 'Ir', 'Re', 'Os']	26	[0.338 0.212 0.233 0.011 0.069 0.015 0.034 0.095]	[-0.08  -0.071 -0.055 -0.005  0.122 -0.034  0.029  0.094]	0.74	1.67	1.76	0.42	0.02	0.05	0.01	0.11	0.82	0.37	0.2		0.9208566885979721	0.2	False	0.111
4	['Pt', 'Pd', 'Au', 'Ru', 'Rh', 'Ir', 'Re', 'Os']	26	[0.407 0.177 0.196 0.113 0.024 0.013 0.017 0.067]	[ 0.123 -0.07  -0.128  0.032  0.044 -0.022  0.011  0.01 ]	0.74	1.67	1.76	0.42	0.02	0.05	0.01	0.11	0.82	0.37	0.2		0.8960950479476137	0.2	False	0.185
5	['Pt', 'Pd', 'Au', 'Ru', 'Rh', 'Ir', 'Re', 'Os']	26	[0.401 0.283 0.273 0.008 0.002 0.008 0.012 0.004]	[ 0.071  0.033  0.023  0.005 -0.005  0.006  0.015 -0.149]	0.74	1.67	1.76	0.42	0.02	0.05	0.01	0.11	0.82	0.37	0.2		1.0118773881964427	0.171	False	0.118
6	['Pt', 'Pd', 'Au', 'Ru', 'Rh', 'Ir', 'Re', 'Os']	26	[0.373 0.247 0.326 0.009 0.003 0.    0.026 0.034]	[-0.013  0.036  0.033  0.007 -0.005 -0.006  0.03  -0.082]	0.74	1.67	1.76	0.42	0.02	0.05	0.01	0.11	0.82	0.37	0.2		1.0305181225540307	0.102	False	0.08
7	['Pt', 'Pd', 'Au', 'Ru', 'Rh', 'Ir', 'Re', 'Os']	26	[0.355 0.282 0.282 0.002 0.01  0.006 0.003 0.059]	[-0.108  0.163 -0.019 -0.012  0.007  0.001  0.003 -0.035]	0.74	1.67	1.76	0.42	0.02	0.05	0.01	0.11	0.82	0.37	0.2		1.03706785062531	0.2	False	0.057
0	['Pt', 'Pd', 'Au', 'Ru', 'Rh', 'Ir', 'Re', 'Os']	27	[0.468 0.257 0.216 0.014 0.007 0.003 0.001 0.033]	[ 0.161 -0.044 -0.086  0.01   0.002 -0.008  0.003 -0.037]	0.74	1.67	1.76	0.42	0.02	0.05	0.01	0.11	0.82	0.37	0.2		0.9857518185311545	0.192	False	0.161
1	['Pt', 'Pd', 'Au', 'Ru', 'Rh', 'Ir', 'Re', 'Os']	27	[0.303 0.317 0.229 0.019 0.116 0.01  0.008 0.012]	[-0.113  0.11  -0.074 -0.01   0.056 -0.015 -0.027  0.073]	0.74	1.67	1.76	0.42	0.02	0.05	0.01	0.11	0.82	0.37	0.2		0.8536444662732356	0.2	False	0.183
2	['Pt', 'Pd', 'Au', 'Ru', 'Rh', 'Ir', 'Re', 'Os']	27	[0.363 0.272 0.284 0.008 0.009 0.004 0.    0.063]	[-0.119  0.139  0.052  0.017 -0.012 -0.002 -0.016 -0.058]	0.74	1.67	1.76	0.42	0.02	0.05	0.01	0.11	0.82	0.37	0.2		1.045261513848607	0.2	False	0.049
3	['Pt', 'Pd', 'Au', 'Ru', 'Rh', 'Ir', 'Re', 'Os']	27	[0.351 0.293 0.278 0.005 0.019 0.021 0.02  0.02 ]	[ 0.006  0.091  0.046 -0.051  0.085  0.02  -0.093 -0.103]	0.74	1.67	1.76	0.42	0.02	0.05	0.01	0.11	0.82	0.37	0.2		0.9848395384487789	0.2	False	0.1
4	['Pt', 'Pd', 'Au', 'Ru', 'Rh', 'Ir', 'Re', 'Os']	27	[0.365 0.268 0.272 0.025 0.01  0.005 0.004 0.067]	[-0.083  0.077  0.059  0.124 -0.05  -0.029 -0.064 -0.033]	0.74	1.67	1.76	0.42	0.02	0.05	0.01	0.11	0.82	0.37	0.2		1.0404004336465662	0.2	False	0.056
5	['Pt', 'Pd', 'Au', 'Ru', 'Rh', 'Ir', 'Re', 'Os']	27	[0.295 0.255 0.235 0.012 0.004 0.026 0.02  0.146]	[-0.108 -0.029 -0.039  0.004 -0.005  0.026  0.008  0.143]	0.74	1.67	1.76	0.42	0.02	0.05	0.01	0.11	0.82	0.37	0.2		0.9535125315074848	0.188	False	0.103
6	['Pt', 'Pd', 'Au', 'Ru', 'Rh', 'Ir', 'Re', 'Os']	27	[0.251 0.317 0.338 0.055 0.001 0.005 0.041 0.012]	[-0.143  0.096  0.024  0.06  -0.01   0.     0.028 -0.056]	0.74	1.67	1.76	0.42	0.02	0.05	0.01	0.11	0.82	0.37	0.2		0.8827111891275645	0.194	False	0.168
7	['Pt', 'Pd', 'Au', 'Ru', 'Rh', 'Ir', 'Re', 'Os']	27	[0.26  0.378 0.255 0.021 0.01  0.    0.002 0.075]	[-0.094  0.105 -0.023  0.02  -0.025 -0.001 -0.003  0.022]	0.74	1.67	1.76	0.42	0.02	0.05	0.01	0.11	0.82	0.37	0.2		0.9128858716125221	0.148	False	0.166
0	['Pt', 'Pd', 'Au', 'Ru', 'Rh', 'Ir', 'Re', 'Os']	28	[0.316 0.242 0.319 0.012 0.001 0.006 0.002 0.103]	[-0.155 -0.018  0.101  0.02  -0.011  0.001 -0.006  0.068]	0.74	1.67	1.76	0.42	0.02	0.05	0.01	0.11	0.82	0.37	0.2		1.0198704550496995	0.2	False	0.042
1	['Pt', 'Pd', 'Au', 'Ru', 'Rh', 'Ir', 'Re', 'Os']	28	[0.347 0.275 0.256 0.006 0.033 0.008 0.006 0.082]	[ 0.021 -0.096 -0.003 -0.034  0.147 -0.042 -0.049  0.056]	0.74	1.67	1.76	0.42	0.02	0.05	0.01	0.11	0.82	0.37	0.2		1.0151595366533763	0.2	False	0.064
2	['Pt', 'Pd', 'Au', 'Ru', 'Rh', 'Ir', 'Re', 'Os']	28	[0.286 0.368 0.315 0.001 0.003 0.006 0.009 0.014]	[-0.077  0.098  0.032 -0.007  0.01  -0.012  0.006 -0.049]	0.74	1.67	1.76	0.42	0.02	0.05	0.01	0.11	0.82	0.37	0.2		0.9347423626338529	0.139	False	0.161
3	['Pt', 'Pd', 'Au', 'Ru', 'Rh', 'Ir', 'Re', 'Os']	28	[0.402 0.184 0.24  0.014 0.014 0.019 0.074 0.062]	[ 0.066 -0.114 -0.034 -0.022 -0.047  0.006  0.088  0.056]	0.74	1.67	1.76	0.42	0.02	0.05	0.01	0.11	0.82	0.37	0.2		0.928410179997202	0.179	False	0.135
4	['Pt', 'Pd', 'Au', 'Ru', 'Rh', 'Ir', 'Re', 'Os']	28	[0.281 0.301 0.324 0.035 0.026 0.001 0.048 0.001]	[-0.099  0.039  0.062  0.012  0.029 -0.004  0.042 -0.08 ]	0.74	1.67	1.76	0.42	0.02	0.05	0.01	0.11	0.82	0.37	0.2		0.9111623345979529	0.156	False	0.148
5	['Pt', 'Pd', 'Au', 'Ru', 'Rh', 'Ir', 'Re', 'Os']	28	[0.425 0.221 0.281 0.007 0.004 0.007 0.014 0.032]	[ 0.132 -0.045  0.041 -0.012 -0.026  0.021  0.02  -0.132]	0.74	1.67	1.76	0.42	0.02	0.05	0.01	0.11	0.82	0.37	0.2		1.0115341103671136	0.2	False	0.108
6	['Pt', 'Pd', 'Au', 'Ru', 'Rh', 'Ir', 'Re', 'Os']	28	[0.396 0.266 0.272 0.    0.    0.004 0.015 0.068]	[ 0.136 -0.081 -0.097  0.034 -0.026 -0.036  0.032  0.037]	0.74	1.67	1.76	0.42	0.02	0.05	0.01	0.11	0.82	0.37	0.2		1.0514933878454271	0.2	False	0.066
7	['Pt', 'Pd', 'Au', 'Ru', 'Rh', 'Ir', 'Re', 'Os']	28	[0.333 0.42  0.215 0.    0.001 0.    0.004 0.026]	[ 0.111  0.07  -0.038  0.025  0.006 -0.023 -0.008 -0.143]	0.74	1.67	1.76	0.42	0.02	0.05	0.01	0.11	0.82	0.37	0.2		0.917076447757154	0.2	False	0.205
0	['Pt', 'Pd', 'Au', 'Ru', 'Rh', 'Ir', 'Re', 'Os']	29	[0.463 0.273 0.21  0.015 0.002 0.002 0.002 0.035]	[ 0.146  0.029 -0.112  0.02  -0.004 -0.006 -0.002 -0.071]	0.74	1.67	1.76	0.42	0.02	0.05	0.01	0.11	0.82	0.37	0.2		0.9914202255263975	0.2	False	0.161
1	['Pt', 'Pd', 'Au', 'Ru', 'Rh', 'Ir', 'Re', 'Os']	29	[0.467 0.18  0.27  0.015 0.001 0.022 0.002 0.059]	[ 0.131 -0.106  0.014  0.012 -0.04   0.021 -0.004 -0.027]	0.74	1.67	1.76	0.42	0.02	0.05	0.01	0.11	0.82	0.37	0.2		0.97030968548462	0.177	False	0.148
2	['Pt', 'Pd', 'Au', 'Ru', 'Rh', 'Ir', 'Re', 'Os']	29	[0.413 0.239 0.261 0.002 0.004 0.003 0.002 0.077]	[ 0.126 -0.131 -0.055  0.001 -0.     0.007 -0.008  0.062]	0.74	1.67	1.76	0.42	0.02	0.05	0.01	0.11	0.82	0.37	0.2		1.043099443274776	0.2	False	0.079
3	['Pt', 'Pd', 'Au', 'Ru', 'Rh', 'Ir', 'Re', 'Os']	29	[0.365 0.282 0.248 0.021 0.026 0.002 0.005 0.061]	[-0.094  0.141 -0.015 -0.066  0.014 -0.021  0.072 -0.031]	0.74	1.67	1.76	0.42	0.02	0.05	0.01	0.11	0.82	0.37	0.2		1.0232323499659473	0.2	False	0.081
4	['Pt', 'Pd', 'Au', 'Ru', 'Rh', 'Ir', 'Re', 'Os']	29	[0.418 0.25  0.256 0.001 0.004 0.002 0.002 0.081]	[ 0.126 -0.086 -0.105  0.01   0.002 -0.033  0.025  0.061]	0.74	1.67	1.76	0.42	0.02	0.05	0.01	0.11	0.82	0.37	0.2		1.0475354756527944	0.2	False	0.083
5	['Pt', 'Pd', 'Au', 'Ru', 'Rh', 'Ir', 'Re', 'Os']	29	[0.413 0.304 0.155 0.022 0.033 0.002 0.003 0.06 ]	[-0.006  0.105 -0.14  -0.039  0.032 -0.008  0.016  0.04 ]	0.74	1.67	1.76	0.42	0.02	0.05	0.01	0.11	0.82	0.37	0.2		0.9518923241521293	0.187	False	0.176
6	['Pt', 'Pd', 'Au', 'Ru', 'Rh', 'Ir', 'Re', 'Os']	29	[0.47  0.199 0.252 0.001 0.006 0.014 0.006 0.074]	[ 0.081 -0.07  -0.02  -0.003 -0.013  0.014  0.003  0.008]	0.74	1.67	1.76	0.42	0.02	0.05	0.01	0.11	0.82	0.37	0.2		0.9855300167290266	0.111	False	0.142
7	['Pt', 'Pd', 'Au', 'Ru', 'Rh', 'Ir', 'Re', 'Os']	29	[0.416 0.252 0.285 0.001 0.004 0.002 0.004 0.031]	[ 0.084 -0.167  0.071  0.002  0.004  0.002  0.001  0.006]	0.74	1.67	1.76	0.42	0.02	0.05	0.01	0.11	0.82	0.37	0.2		1.0354619237708067	0.2	False	0.097
0	['Pt', 'Pd', 'Au', 'Ru', 'Rh', 'Ir', 'Re', 'Os']	30	[0.378 0.22  0.318 0.006 0.015 0.022 0.002 0.043]	[-0.104 -0.068  0.109 -0.005  0.004  0.012 -0.01   0.061]	0.74	1.67	1.76	0.42	0.02	0.05	0.01	0.11	0.82	0.37	0.2		1.0009723710345362	0.177	False	0.077
1	['Pt', 'Pd', 'Au', 'Ru', 'Rh', 'Ir', 'Re', 'Os']	30	[0.338 0.32  0.241 0.027 0.009 0.009 0.005 0.069]	[-0.137  0.14  -0.034  0.008  0.002  0.024 -0.009  0.006]	0.74	1.67	1.76	0.42	0.02	0.05	0.01	0.11	0.82	0.37	0.2		1.0082925733399484	0.2	False	0.102
2	['Pt', 'Pd', 'Au', 'Ru', 'Rh', 'Ir', 'Re', 'Os']	30	[0.397 0.226 0.259 0.002 0.007 0.003 0.009 0.099]	[-0.016 -0.013 -0.002 -0.004  0.003  0.     0.009  0.023]	0.74	1.67	1.76	0.42	0.02	0.05	0.01	0.11	0.82	0.37	0.2		1.03713811549085	0.033	False	0.068
3	['Pt', 'Pd', 'Au', 'Ru', 'Rh', 'Ir', 'Re', 'Os']	30	[0.356 0.283 0.237 0.077 0.016 0.009 0.004 0.028]	[-0.012  0.005 -0.016  0.128 -0.009 -0.044  0.002 -0.054]	0.74	1.67	1.76	0.42	0.02	0.05	0.01	0.11	0.82	0.37	0.2		0.9814924933546585	0.148	False	0.129
4	['Pt', 'Pd', 'Au', 'Ru', 'Rh', 'Ir', 'Re', 'Os']	30	[0.494 0.183 0.195 0.01  0.001 0.018 0.006 0.107]	[ 0.081 -0.066 -0.06  -0.012  0.005  0.016  0.007  0.029]	0.74	1.67	1.76	0.42	0.02	0.05	0.01	0.11	0.82	0.37	0.2		0.9260688666524901	0.126	False	0.192
5	['Pt', 'Pd', 'Au', 'Ru', 'Rh', 'Ir', 'Re', 'Os']	30	[0.342 0.221 0.276 0.027 0.003 0.005 0.015 0.103]	[-0.082 -0.095  0.134  0.038  0.024 -0.026 -0.038  0.046]	0.74	1.67	1.76	0.42	0.02	0.05	0.01	0.11	0.82	0.37	0.2		1.0168007139430435	0.2	False	0.05
6	['Pt', 'Pd', 'Au', 'Ru', 'Rh', 'Ir', 'Re', 'Os']	30	[0.317 0.306 0.308 0.007 0.001 0.012 0.016 0.055]	[-0.157  0.106  0.055 -0.012  0.003  0.019  0.008 -0.021]	0.74	1.67	1.76	0.42	0.02	0.05	0.01	0.11	0.82	0.37	0.2		1.0071937269168891	0.2	False	0.082
7	['Pt', 'Pd', 'Au', 'Ru', 'Rh', 'Ir', 'Re', 'Os']	30	[0.318 0.266 0.251 0.015 0.009 0.002 0.001 0.131]	[-0.102  0.02  -0.032  0.012 -0.009 -0.003  0.     0.113]	0.74	1.67	1.76	0.42	0.02	0.05	0.01	0.11	0.82	0.37	0.2		1.0173925547429368	0.158	False	0.07
