ID	Elements	Generation	Position	Velocity	F_damp	F_b_best	F_h_best	F_g_best	F_b_worst	F_h_worst	F_g_worst	mut_prob	flip_prob	mut_rate	v_max	v_min	Activity	Velocity_mag	Flag	Distance
0	['Pt', 'Pd', 'Au', 'Ru', 'Rh', 'Ir', 'Re', 'Os']	0	[0.79 0.03 0.03 0.03 0.03 0.03 0.03 0.03]	[-0.187  0.027  0.027  0.027  0.027  0.027  0.027  0.027]	0.67	1.95	1.4	0.12	0.07	0.31	0.04	0.32	0.17	0.43	0.2		0.4429187652207028	0.2	False	0.569
1	['Pt', 'Pd', 'Au', 'Ru', 'Rh', 'Ir', 'Re', 'Os']	0	[0.03 0.79 0.03 0.03 0.03 0.03 0.03 0.03]	[ 0.027 -0.187  0.027  0.027  0.027  0.027  0.027  0.027]	0.67	1.95	1.4	0.12	0.07	0.31	0.04	0.32	0.17	0.43	0.2		0.20560014505118765	0.2	False	0.689
2	['Pt', 'Pd', 'Au', 'Ru', 'Rh', 'Ir', 'Re', 'Os']	0	[0.03 0.03 0.79 0.03 0.03 0.03 0.03 0.03]	[ 0.027  0.027 -0.187  0.027  0.027  0.027  0.027  0.027]	0.67	1.95	1.4	0.12	0.07	0.31	0.04	0.32	0.17	0.43	0.2		0.2149894158498778	0.2	False	0.632
3	['Pt', 'Pd', 'Au', 'Ru', 'Rh', 'Ir', 'Re', 'Os']	0	[0.03 0.03 0.03 0.79 0.03 0.03 0.03 0.03]	[ 0.027  0.027  0.027 -0.187  0.027  0.027  0.027  0.027]	0.67	1.95	1.4	0.12	0.07	0.31	0.04	0.32	0.17	0.43	0.2		0.12265296114671781	0.2	False	0.925
4	['Pt', 'Pd', 'Au', 'Ru', 'Rh', 'Ir', 'Re', 'Os']	0	[0.03 0.03 0.03 0.03 0.79 0.03 0.03 0.03]	[ 0.027  0.027  0.027  0.027 -0.187  0.027  0.027  0.027]	0.67	1.95	1.4	0.12	0.07	0.31	0.04	0.32	0.17	0.43	0.2		0.2961943697576309	0.2	False	0.925
5	['Pt', 'Pd', 'Au', 'Ru', 'Rh', 'Ir', 'Re', 'Os']	0	[0.03 0.03 0.03 0.03 0.03 0.79 0.03 0.03]	[ 0.027  0.027  0.027  0.027  0.027 -0.187  0.027  0.027]	0.67	1.95	1.4	0.12	0.07	0.31	0.04	0.32	0.17	0.43	0.2		0.3414716944973704	0.2	False	0.925
6	['Pt', 'Pd', 'Au', 'Ru', 'Rh', 'Ir', 'Re', 'Os']	0	[0.03 0.03 0.03 0.03 0.03 0.03 0.79 0.03]	[ 0.027  0.027  0.027  0.027  0.027  0.027 -0.187  0.027]	0.67	1.95	1.4	0.12	0.07	0.31	0.04	0.32	0.17	0.43	0.2		0.3145140039050876	0.2	False	0.925
7	['Pt', 'Pd', 'Au', 'Ru', 'Rh', 'Ir', 'Re', 'Os']	0	[0.03 0.03 0.03 0.03 0.03 0.03 0.03 0.79]	[ 0.027  0.027  0.027  0.027  0.027  0.027  0.027 -0.187]	0.67	1.95	1.4	0.12	0.07	0.31	0.04	0.32	0.17	0.43	0.2		0.32838217395326336	0.2	False	0.839
0	['Pt', 'Pd', 'Au', 'Ru', 'Rh', 'Ir', 'Re', 'Os']	1	[0.867 0.    0.    0.112 0.003 0.015 0.002 0.   ]	[ 0.102 -0.03  -0.03   0.138 -0.034 -0.064 -0.052 -0.03 ]	0.67	1.95	1.4	0.12	0.07	0.31	0.04	0.32	0.17	0.43	0.2		0.39411086699318754	0.2	False	0.665
1	['Pt', 'Pd', 'Au', 'Ru', 'Rh', 'Ir', 'Re', 'Os']	1	[0.17  0.65  0.035 0.004 0.035 0.035 0.035 0.035]	[ 0.14  -0.14   0.005 -0.026  0.005  0.005  0.005  0.005]	0.67	1.95	1.4	0.12	0.07	0.31	0.04	0.32	0.17	0.43	0.2		0.3628813918939948	0.2	False	0.52
2	['Pt', 'Pd', 'Au', 'Ru', 'Rh', 'Ir', 'Re', 'Os']	1	[0.178 0.032 0.661 0.004 0.032 0.032 0.032 0.032]	[ 0.141 -0.006 -0.138  0.025 -0.006 -0.006 -0.006 -0.006]	0.67	1.95	1.4	0.12	0.07	0.31	0.04	0.32	0.17	0.43	0.2		0.3609891459063549	0.199	False	0.464
3	['Pt', 'Pd', 'Au', 'Ru', 'Rh', 'Ir', 'Re', 'Os']	1	[0.169 0.031 0.031 0.646 0.031 0.031 0.031 0.031]	[ 0.139  0.001  0.001 -0.144  0.001  0.001  0.001  0.001]	0.67	1.95	1.4	0.12	0.07	0.31	0.04	0.32	0.17	0.43	0.2		0.1722043683089145	0.2	False	0.76
4	['Pt', 'Pd', 'Au', 'Ru', 'Rh', 'Ir', 'Re', 'Os']	1	[0.157 0.041 0.036 0.    0.64  0.042 0.042 0.042]	[ 0.127  0.011  0.006 -0.03  -0.15   0.012  0.012  0.012]	0.67	1.95	1.4	0.12	0.07	0.31	0.04	0.32	0.17	0.43	0.2		0.3010820197583204	0.2	False	0.753
5	['Pt', 'Pd', 'Au', 'Ru', 'Rh', 'Ir', 'Re', 'Os']	1	[0.162 0.036 0.037 0.016 0.036 0.641 0.036 0.036]	[ 0.132  0.006  0.007 -0.014  0.006 -0.149  0.006  0.006]	0.67	1.95	1.4	0.12	0.07	0.31	0.04	0.32	0.17	0.43	0.2		0.3244823534991653	0.2	False	0.754
6	['Pt', 'Pd', 'Au', 'Ru', 'Rh', 'Ir', 'Re', 'Os']	1	[0.178 0.031 0.031 0.002 0.032 0.031 0.66  0.031]	[ 0.142 -0.006 -0.006  0.024 -0.005 -0.006 -0.138 -0.006]	0.67	1.95	1.4	0.12	0.07	0.31	0.04	0.32	0.17	0.43	0.2		0.310150867058139	0.2	False	0.77
7	['Pt', 'Pd', 'Au', 'Ru', 'Rh', 'Ir', 'Re', 'Os']	1	[0.178 0.031 0.032 0.002 0.031 0.031 0.031 0.66 ]	[ 0.142 -0.006 -0.005  0.024 -0.006 -0.006 -0.006 -0.138]	0.67	1.95	1.4	0.12	0.07	0.31	0.04	0.32	0.17	0.43	0.2		0.3709508616301093	0.2	False	0.683
0	['Pt', 'Pd', 'Au', 'Ru', 'Rh', 'Ir', 'Re', 'Os']	2	[0.964 0.    0.    0.025 0.002 0.    0.008 0.   ]	[ 0.102 -0.04  -0.04   0.139 -0.038 -0.022 -0.061 -0.04 ]	0.67	1.95	1.4	0.12	0.07	0.31	0.04	0.32	0.17	0.43	0.2		0.3732865556128141	0.2	False	0.735
1	['Pt', 'Pd', 'Au', 'Ru', 'Rh', 'Ir', 'Re', 'Os']	2	[0.324 0.525 0.023 0.012 0.036 0.034 0.024 0.023]	[ 0.153 -0.126 -0.013  0.012  0.    -0.002 -0.012 -0.013]	0.67	1.95	1.4	0.12	0.07	0.31	0.04	0.32	0.17	0.43	0.2		0.6007290626947936	0.2	False	0.403
2	['Pt', 'Pd', 'Au', 'Ru', 'Rh', 'Ir', 'Re', 'Os']	2	[0.335 0.026 0.539 0.005 0.024 0.028 0.025 0.024]	[ 0.156 -0.007 -0.123  0.007 -0.009 -0.005 -0.008 -0.009]	0.67	1.95	1.4	0.12	0.07	0.31	0.04	0.32	0.17	0.43	0.2		0.6036748118985151	0.2	False	0.34
3	['Pt', 'Pd', 'Au', 'Ru', 'Rh', 'Ir', 'Re', 'Os']	2	[0.333 0.02  0.02  0.534 0.021 0.023 0.019 0.03 ]	[ 0.164 -0.011 -0.011 -0.112 -0.01  -0.008 -0.012 -0.001]	0.67	1.95	1.4	0.12	0.07	0.31	0.04	0.32	0.17	0.43	0.2		0.3061786978519001	0.2	False	0.65
4	['Pt', 'Pd', 'Au', 'Ru', 'Rh', 'Ir', 'Re', 'Os']	2	[0.313 0.031 0.024 0.014 0.518 0.035 0.032 0.032]	[ 0.157 -0.009 -0.011  0.011 -0.122 -0.006 -0.009 -0.009]	0.67	1.95	1.4	0.12	0.07	0.31	0.04	0.32	0.17	0.43	0.2		0.32263577442826274	0.2	False	0.633
5	['Pt', 'Pd', 'Au', 'Ru', 'Rh', 'Ir', 'Re', 'Os']	2	[0.331 0.025 0.025 0.002 0.028 0.537 0.028 0.025]	[ 0.169 -0.011 -0.012 -0.014 -0.008 -0.104 -0.008 -0.011]	0.67	1.95	1.4	0.12	0.07	0.31	0.04	0.32	0.17	0.43	0.2		0.32741092918379006	0.2	False	0.65
6	['Pt', 'Pd', 'Au', 'Ru', 'Rh', 'Ir', 'Re', 'Os']	2	[0.343 0.021 0.018 0.002 0.019 0.021 0.551 0.018]	[ 0.165 -0.01  -0.013  0.003 -0.013 -0.01  -0.109 -0.013]	0.67	1.95	1.4	0.12	0.07	0.31	0.04	0.32	0.17	0.43	0.2		0.33362785677111845	0.2	False	0.666
7	['Pt', 'Pd', 'Au', 'Ru', 'Rh', 'Ir', 'Re', 'Os']	2	[0.335 0.023 0.024 0.003 0.024 0.025 0.024 0.538]	[ 0.157 -0.008 -0.008  0.004 -0.007 -0.006 -0.007 -0.122]	0.67	1.95	1.4	0.12	0.07	0.31	0.04	0.32	0.17	0.43	0.2		0.4432768416864114	0.2	False	0.567
0	['Pt', 'Pd', 'Au', 'Ru', 'Rh', 'Ir', 'Re', 'Os']	3	[0.792 0.02  0.093 0.018 0.021 0.022 0.015 0.019]	[-0.172  0.02   0.093 -0.007  0.019  0.022  0.007  0.019]	0.67	1.95	1.4	0.12	0.07	0.31	0.04	0.32	0.17	0.43	0.2		0.4710970197656317	0.2	False	0.547
1	['Pt', 'Pd', 'Au', 'Ru', 'Rh', 'Ir', 'Re', 'Os']	3	[0.342 0.389 0.162 0.025 0.027 0.026 0.016 0.014]	[ 0.016 -0.139  0.138  0.028 -0.011 -0.01  -0.01  -0.011]	0.67	1.95	1.4	0.12	0.07	0.31	0.04	0.32	0.17	0.43	0.2		0.8601399579883029	0.2	False	0.219
2	['Pt', 'Pd', 'Au', 'Ru', 'Rh', 'Ir', 'Re', 'Os']	3	[0.426 0.002 0.44  0.131 0.    0.004 0.    0.003]	[ 0.109 -0.022 -0.108  0.117 -0.024 -0.022 -0.023 -0.028]	0.67	1.95	1.4	0.12	0.07	0.31	0.04	0.32	0.17	0.43	0.2		0.6800924024747146	0.2	False	0.337
3	['Pt', 'Pd', 'Au', 'Ru', 'Rh', 'Ir', 'Re', 'Os']	3	[0.357 0.02  0.149 0.383 0.02  0.023 0.019 0.029]	[ 0.024 -0.     0.129 -0.151 -0.001  0.    -0.    -0.001]	0.67	1.95	1.4	0.12	0.07	0.31	0.04	0.32	0.17	0.43	0.2		0.45131346438248243	0.2	False	0.478
4	['Pt', 'Pd', 'Au', 'Ru', 'Rh', 'Ir', 'Re', 'Os']	3	[0.276 0.033 0.174 0.015 0.395 0.037 0.039 0.033]	[-0.041 -0.001  0.147  0.022 -0.127 -0.001  0.004 -0.002]	0.67	1.95	1.4	0.12	0.07	0.31	0.04	0.32	0.17	0.43	0.2		0.367016819010134	0.2	False	0.482
5	['Pt', 'Pd', 'Au', 'Ru', 'Rh', 'Ir', 'Re', 'Os']	3	[0.228 0.019 0.188 0.019 0.02  0.492 0.02  0.018]	[-0.104 -0.006  0.163  0.016 -0.008 -0.045 -0.008 -0.007]	0.67	1.95	1.4	0.12	0.07	0.31	0.04	0.32	0.17	0.43	0.2		0.27087567018317493	0.2	False	0.575
6	['Pt', 'Pd', 'Au', 'Ru', 'Rh', 'Ir', 'Re', 'Os']	3	[0.356 0.011 0.154 0.034 0.008 0.011 0.411 0.007]	[ 0.014 -0.009  0.138  0.027 -0.01  -0.009 -0.14  -0.01 ]	0.67	1.95	1.4	0.12	0.07	0.31	0.04	0.32	0.17	0.43	0.2		0.40295817883011154	0.2	False	0.507
7	['Pt', 'Pd', 'Au', 'Ru', 'Rh', 'Ir', 'Re', 'Os']	3	[0.269 0.003 0.1   0.051 0.003 0.006 0.003 0.561]	[-0.096 -0.039  0.138  0.059 -0.037 -0.039 -0.037  0.051]	0.67	1.95	1.4	0.12	0.07	0.31	0.04	0.32	0.17	0.43	0.2		0.4346086676027683	0.2	False	0.568
0	['Pt', 'Pd', 'Au', 'Ru', 'Rh', 'Ir', 'Re', 'Os']	4	[0.644 0.144 0.128 0.011 0.026 0.013 0.013 0.017]	[-0.154  0.12   0.031 -0.012  0.001  0.027 -0.007 -0.007]	0.67	1.95	1.4	0.12	0.07	0.31	0.04	0.32	0.17	0.43	0.2		0.6765219920154757	0.2	False	0.368
1	['Pt', 'Pd', 'Au', 'Ru', 'Rh', 'Ir', 'Re', 'Os']	4	[0.355 0.329 0.194 0.002 0.007 0.095 0.008 0.011]	[ 0.05  -0.037  0.072 -0.053 -0.052  0.135 -0.057 -0.058]	0.67	1.95	1.4	0.12	0.07	0.31	0.04	0.32	0.17	0.43	0.2		0.8431651830663522	0.199	False	0.186
2	['Pt', 'Pd', 'Au', 'Ru', 'Rh', 'Ir', 'Re', 'Os']	4	[0.424 0.142 0.307 0.1   0.    0.024 0.005 0.004]	[ 0.005  0.148 -0.128 -0.025 -0.006  0.026 -0.009 -0.011]	0.67	1.95	1.4	0.12	0.07	0.31	0.04	0.32	0.17	0.43	0.2		0.8932347179696243	0.2	False	0.192
3	['Pt', 'Pd', 'Au', 'Ru', 'Rh', 'Ir', 'Re', 'Os']	4	[0.375 0.151 0.171 0.24  0.019 0.012 0.014 0.02 ]	[ 0.012  0.126  0.016 -0.15  -0.007  0.027 -0.011 -0.015]	0.67	1.95	1.4	0.12	0.07	0.31	0.04	0.32	0.17	0.43	0.2		0.7421791380019769	0.2	False	0.303
4	['Pt', 'Pd', 'Au', 'Ru', 'Rh', 'Ir', 'Re', 'Os']	4	[0.293 0.186 0.193 0.006 0.277 0.002 0.024 0.018]	[ 0.008  0.146  0.01  -0.018 -0.128  0.03  -0.024 -0.024]	0.67	1.95	1.4	0.12	0.07	0.31	0.04	0.32	0.17	0.43	0.2		0.6053111081761822	0.2	False	0.321
5	['Pt', 'Pd', 'Au', 'Ru', 'Rh', 'Ir', 'Re', 'Os']	4	[0.135 0.175 0.111 0.029 0.033 0.464 0.029 0.028]	[-0.093  0.156 -0.077  0.01   0.013 -0.028  0.009  0.01 ]	0.67	1.95	1.4	0.12	0.07	0.31	0.04	0.32	0.17	0.43	0.2		0.25325200647335455	0.2	False	0.558
6	['Pt', 'Pd', 'Au', 'Ru', 'Rh', 'Ir', 'Re', 'Os']	4	[0.367 0.147 0.136 0.027 0.01  0.033 0.268 0.004]	[ 0.011  0.136 -0.018 -0.007  0.002  0.022 -0.143 -0.003]	0.67	1.95	1.4	0.12	0.07	0.31	0.04	0.32	0.17	0.43	0.2		0.5798915021001249	0.2	False	0.347
7	['Pt', 'Pd', 'Au', 'Ru', 'Rh', 'Ir', 'Re', 'Os']	4	[0.309 0.124 0.098 0.028 0.007 0.019 0.003 0.411]	[ 0.039  0.12  -0.003 -0.024  0.003  0.019 -0.001 -0.152]	0.67	1.95	1.4	0.12	0.07	0.31	0.04	0.32	0.17	0.43	0.2		0.6278654254799647	0.2	False	0.395
0	['Pt', 'Pd', 'Au', 'Ru', 'Rh', 'Ir', 'Re', 'Os']	5	[0.511 0.157 0.259 0.027 0.003 0.03  0.001 0.007]	[-0.132  0.016  0.136  0.019 -0.035  0.036 -0.012 -0.029]	0.67	1.95	1.4	0.12	0.07	0.31	0.04	0.32	0.17	0.43	0.2		0.8852189641149255	0.2	False	0.216
1	['Pt', 'Pd', 'Au', 'Ru', 'Rh', 'Ir', 'Re', 'Os']	5	[0.431 0.251 0.263 0.032 0.01  0.012 0.    0.002]	[ 0.069 -0.135  0.059  0.008 -0.044  0.099 -0.028 -0.027]	0.67	1.95	1.4	0.12	0.07	0.31	0.04	0.32	0.17	0.43	0.2		0.9930804504854467	0.2	False	0.137
2	['Pt', 'Pd', 'Au', 'Ru', 'Rh', 'Ir', 'Re', 'Os']	5	[0.501 0.177 0.21  0.031 0.003 0.06  0.013 0.01 ]	[ 0.109  0.058 -0.101 -0.067 -0.029  0.087 -0.03  -0.029]	0.67	1.95	1.4	0.12	0.07	0.31	0.04	0.32	0.17	0.43	0.2		0.8451333996734818	0.2	False	0.222
3	['Pt', 'Pd', 'Au', 'Ru', 'Rh', 'Ir', 'Re', 'Os']	5	[0.442 0.168 0.263 0.091 0.003 0.028 0.004 0.003]	[ 0.072  0.022  0.098 -0.146 -0.028  0.035 -0.024 -0.029]	0.67	1.95	1.4	0.12	0.07	0.31	0.04	0.32	0.17	0.43	0.2		0.9054988361448209	0.2	False	0.187
4	['Pt', 'Pd', 'Au', 'Ru', 'Rh', 'Ir', 'Re', 'Os']	5	[0.377 0.188 0.257 0.026 0.115 0.03  0.001 0.003]	[ 0.075 -0.008  0.055  0.01  -0.175  0.018  0.014  0.01 ]	0.67	1.95	1.4	0.12	0.07	0.31	0.04	0.32	0.17	0.43	0.2		0.8335674358025416	0.2	False	0.175
5	['Pt', 'Pd', 'Au', 'Ru', 'Rh', 'Ir', 'Re', 'Os']	5	[0.246 0.036 0.169 0.084 0.003 0.443 0.011 0.012]	[ 0.111 -0.139  0.058  0.055 -0.03  -0.021 -0.018 -0.016]	0.67	1.95	1.4	0.12	0.07	0.31	0.04	0.32	0.17	0.43	0.2		0.2564372003369701	0.2	False	0.534
6	['Pt', 'Pd', 'Au', 'Ru', 'Rh', 'Ir', 'Re', 'Os']	5	[0.422 0.162 0.238 0.048 0.002 0.006 0.113 0.   ]	[ 0.048  0.007  0.095  0.013 -0.016  0.029 -0.164 -0.012]	0.67	1.95	1.4	0.12	0.07	0.31	0.04	0.32	0.17	0.43	0.2		0.8567390682674936	0.2	False	0.205
7	['Pt', 'Pd', 'Au', 'Ru', 'Rh', 'Ir', 'Re', 'Os']	5	[0.376 0.144 0.174 0.034 0.002 0.019 0.003 0.246]	[ 0.066  0.018  0.075  0.004 -0.014  0.03  -0.011 -0.169]	0.67	1.95	1.4	0.12	0.07	0.31	0.04	0.32	0.17	0.43	0.2		0.8558071617390843	0.2	False	0.225
0	['Pt', 'Pd', 'Au', 'Ru', 'Rh', 'Ir', 'Re', 'Os']	6	[0.388 0.258 0.304 0.001 0.006 0.032 0.003 0.002]	[-0.127  0.118  0.056 -0.047 -0.023  0.059 -0.023 -0.012]	0.67	1.95	1.4	0.12	0.07	0.31	0.04	0.32	0.17	0.43	0.2		0.9860955014020436	0.2	False	0.11
1	['Pt', 'Pd', 'Au', 'Ru', 'Rh', 'Ir', 'Re', 'Os']	6	[0.514 0.147 0.293 0.008 0.008 0.015 0.01  0.004]	[ 0.131 -0.124  0.059 -0.005 -0.035  0.031 -0.027 -0.029]	0.67	1.95	1.4	0.12	0.07	0.31	0.04	0.32	0.17	0.43	0.2		0.8947292709346835	0.2	False	0.217
2	['Pt', 'Pd', 'Au', 'Ru', 'Rh', 'Ir', 'Re', 'Os']	6	[0.425 0.222 0.279 0.015 0.014 0.045 0.006 0.002]	[-0.117  0.051  0.085 -0.034 -0.053  0.108 -0.015 -0.025]	0.67	1.95	1.4	0.12	0.07	0.31	0.04	0.32	0.17	0.43	0.2		0.9465621899550221	0.2	False	0.138
3	['Pt', 'Pd', 'Au', 'Ru', 'Rh', 'Ir', 'Re', 'Os']	6	[0.462 0.216 0.275 0.004 0.015 0.018 0.004 0.007]	[ 0.021  0.067  0.008  0.113 -0.096  0.039 -0.074 -0.078]	0.67	1.95	1.4	0.12	0.07	0.31	0.04	0.32	0.17	0.43	0.2		0.9678876343436333	0.2	False	0.153
4	['Pt', 'Pd', 'Au', 'Ru', 'Rh', 'Ir', 'Re', 'Os']	6	[0.446 0.239 0.274 0.001 0.002 0.021 0.008 0.007]	[ 0.065  0.04  -0.009 -0.094  0.118  0.025 -0.072 -0.073]	0.67	1.95	1.4	0.12	0.07	0.31	0.04	0.32	0.17	0.43	0.2		0.9865697841735344	0.2	False	0.138
5	['Pt', 'Pd', 'Au', 'Ru', 'Rh', 'Ir', 'Re', 'Os']	6	[0.208 0.177 0.121 0.035 0.015 0.444 0.002 0.003]	[-0.064  0.134 -0.075  0.098 -0.009 -0.021 -0.032 -0.032]	0.67	1.95	1.4	0.12	0.07	0.31	0.04	0.32	0.17	0.43	0.2		0.2875012275699258	0.199	False	0.515
6	['Pt', 'Pd', 'Au', 'Ru', 'Rh', 'Ir', 'Re', 'Os']	6	[0.449 0.218 0.271 0.008 0.015 0.025 0.    0.003]	[ 0.02   0.061  0.029 -0.107 -0.072  0.006  0.122 -0.059]	0.67	1.95	1.4	0.12	0.07	0.31	0.04	0.32	0.17	0.43	0.2		0.962068944516935	0.2	False	0.148
7	['Pt', 'Pd', 'Au', 'Ru', 'Rh', 'Ir', 'Re', 'Os']	6	[0.43  0.207 0.23  0.001 0.008 0.029 0.004 0.087]	[ 0.056  0.065  0.058 -0.033 -0.016  0.04  -0.009 -0.162]	0.67	1.95	1.4	0.12	0.07	0.31	0.04	0.32	0.17	0.43	0.2		0.9789098237655391	0.2	False	0.119
0	['Pt', 'Pd', 'Au', 'Ru', 'Rh', 'Ir', 'Re', 'Os']	7	[0.306 0.257 0.276 0.076 0.043 0.023 0.013 0.001]	[-0.09   0.05   0.004  0.125 -0.078  0.037 -0.017 -0.031]	0.67	1.95	1.4	0.12	0.07	0.31	0.04	0.32	0.17	0.43	0.2		0.8855734596769083	0.187	False	0.144
1	['Pt', 'Pd', 'Au', 'Ru', 'Rh', 'Ir', 'Re', 'Os']	7	[0.431 0.252 0.255 0.018 0.    0.032 0.011 0.001]	[-0.077  0.158 -0.021 -0.059 -0.019  0.059 -0.011 -0.031]	0.67	1.95	1.4	0.12	0.07	0.31	0.04	0.32	0.17	0.43	0.2		0.9699526165381889	0.2	False	0.141
2	['Pt', 'Pd', 'Au', 'Ru', 'Rh', 'Ir', 'Re', 'Os']	7	[0.479 0.309 0.177 0.007 0.002 0.032 0.003 0.001]	[ 0.053  0.093 -0.132 -0.017 -0.006  0.065 -0.028 -0.029]	0.67	1.95	1.4	0.12	0.07	0.31	0.04	0.32	0.17	0.43	0.2		0.9071201254546504	0.188	False	0.215
3	['Pt', 'Pd', 'Au', 'Ru', 'Rh', 'Ir', 'Re', 'Os']	7	[0.467 0.221 0.247 0.014 0.004 0.043 0.002 0.001]	[ 0.048  0.048 -0.06  -0.08  -0.037  0.144 -0.057 -0.005]	0.67	1.95	1.4	0.12	0.07	0.31	0.04	0.32	0.17	0.43	0.2		0.9309526002943167	0.2	False	0.171
4	['Pt', 'Pd', 'Au', 'Ru', 'Rh', 'Ir', 'Re', 'Os']	7	[0.483 0.191 0.224 0.026 0.045 0.013 0.002 0.015]	[ 0.12  -0.039 -0.043  0.055 -0.109  0.073 -0.041 -0.017]	0.67	1.95	1.4	0.12	0.07	0.31	0.04	0.32	0.17	0.43	0.2		0.9048490587640714	0.2	False	0.192
5	['Pt', 'Pd', 'Au', 'Ru', 'Rh', 'Ir', 'Re', 'Os']	7	[0.192 0.086 0.13  0.015 0.018 0.481 0.047 0.037]	[-0.016 -0.091  0.009 -0.02   0.003  0.037  0.045  0.034]	0.67	1.95	1.4	0.12	0.07	0.31	0.04	0.32	0.17	0.43	0.2		0.27248677575692154	0.117	False	0.565
6	['Pt', 'Pd', 'Au', 'Ru', 'Rh', 'Ir', 'Re', 'Os']	7	[0.477 0.213 0.237 0.017 0.005 0.009 0.019 0.015]	[ 0.108  0.028 -0.042  0.048 -0.032  0.074 -0.092 -0.092]	0.67	1.95	1.4	0.12	0.07	0.31	0.04	0.32	0.17	0.43	0.2		0.9542075930856699	0.2	False	0.172
7	['Pt', 'Pd', 'Au', 'Ru', 'Rh', 'Ir', 'Re', 'Os']	7	[0.448 0.227 0.271 0.006 0.018 0.005 0.012 0.009]	[ 0.018  0.021  0.058 -0.048 -0.085  0.002 -0.097  0.131]	0.67	1.95	1.4	0.12	0.07	0.31	0.04	0.32	0.17	0.43	0.2		0.986783611640351	0.2	False	0.141
0	['Pt', 'Pd', 'Au', 'Ru', 'Rh', 'Ir', 'Re', 'Os']	8	[0.381 0.265 0.312 0.003 0.001 0.008 0.01  0.015]	[ 0.112 -0.023  0.033  0.053  0.031  0.001 -0.089 -0.119]	0.67	1.95	1.4	0.12	0.07	0.31	0.04	0.32	0.17	0.43	0.2		1.0235961543888668	0.2	False	0.093
1	['Pt', 'Pd', 'Au', 'Ru', 'Rh', 'Ir', 'Re', 'Os']	8	[0.411 0.232 0.254 0.014 0.002 0.072 0.011 0.002]	[ 0.011  0.011  0.042 -0.053 -0.064  0.159 -0.036 -0.069]	0.67	1.95	1.4	0.12	0.07	0.31	0.04	0.32	0.17	0.43	0.2		0.9094025550877438	0.2	False	0.146
2	['Pt', 'Pd', 'Au', 'Ru', 'Rh', 'Ir', 'Re', 'Os']	8	[0.453 0.209 0.305 0.001 0.004 0.029 0.    0.007]	[-0.026 -0.111  0.151 -0.011 -0.013  0.057 -0.019 -0.026]	0.67	1.95	1.4	0.12	0.07	0.31	0.04	0.32	0.17	0.43	0.2		0.9705405100539402	0.201	False	0.148
3	['Pt', 'Pd', 'Au', 'Ru', 'Rh', 'Ir', 'Re', 'Os']	8	[0.469 0.205 0.239 0.04  0.017 0.003 0.    0.026]	[ 0.045  0.013  0.027  0.091 -0.092  0.08  -0.065 -0.099]	0.67	1.95	1.4	0.12	0.07	0.31	0.04	0.32	0.17	0.43	0.2		0.9644116267664573	0.2	False	0.165
4	['Pt', 'Pd', 'Au', 'Ru', 'Rh', 'Ir', 'Re', 'Os']	8	[0.465 0.244 0.26  0.007 0.    0.002 0.012 0.009]	[-0.047  0.115  0.076 -0.015  0.054 -0.01  -0.104 -0.069]	0.67	1.95	1.4	0.12	0.07	0.31	0.04	0.32	0.17	0.43	0.2		0.9947956719654758	0.2	False	0.153
5	['Pt', 'Pd', 'Au', 'Ru', 'Rh', 'Ir', 'Re', 'Os']	8	[0.257 0.139 0.158 0.006 0.04  0.398 0.002 0.008]	[ 0.062  0.05   0.025  0.016  0.019 -0.087 -0.053 -0.032]	0.67	1.95	1.4	0.12	0.07	0.31	0.04	0.32	0.17	0.43	0.2		0.32478153657075437	0.138	False	0.458
6	['Pt', 'Pd', 'Au', 'Ru', 'Rh', 'Ir', 'Re', 'Os']	8	[0.459 0.205 0.253 0.025 0.031 0.016 0.002 0.001]	[ 0.013  0.035  0.089 -0.084 -0.138 -0.008  0.049  0.044]	0.67	1.95	1.4	0.12	0.07	0.31	0.04	0.32	0.17	0.43	0.2		0.9389938720111366	0.2	False	0.167
7	['Pt', 'Pd', 'Au', 'Ru', 'Rh', 'Ir', 'Re', 'Os']	8	[0.456 0.196 0.259 0.006 0.007 0.041 0.015 0.016]	[ 0.088 -0.009  0.038 -0.041 -0.051  0.11  -0.016 -0.118]	0.67	1.95	1.4	0.12	0.07	0.31	0.04	0.32	0.17	0.43	0.2		0.9314530325698889	0.2	False	0.158
0	['Pt', 'Pd', 'Au', 'Ru', 'Rh', 'Ir', 'Re', 'Os']	9	[0.338 0.222 0.322 0.027 0.019 0.038 0.02  0.008]	[-0.006 -0.006  0.095 -0.106 -0.091  0.104 -0.013  0.023]	0.67	1.95	1.4	0.12	0.07	0.31	0.04	0.32	0.17	0.43	0.2		0.9232418772234641	0.2	False	0.113
1	['Pt', 'Pd', 'Au', 'Ru', 'Rh', 'Ir', 'Re', 'Os']	9	[0.434 0.145 0.339 0.008 0.024 0.039 0.003 0.005]	[ 0.016 -0.124  0.094 -0.031  0.014  0.107 -0.031 -0.044]	0.67	1.95	1.4	0.12	0.07	0.31	0.04	0.32	0.17	0.43	0.2		0.8936085868002746	0.2	False	0.175
2	['Pt', 'Pd', 'Au', 'Ru', 'Rh', 'Ir', 'Re', 'Os']	9	[0.366 0.191 0.365 0.02  0.001 0.037 0.014 0.013]	[-0.075  0.015  0.116 -0.011 -0.026  0.093 -0.052 -0.06 ]	0.67	1.95	1.4	0.12	0.07	0.31	0.04	0.32	0.17	0.43	0.2		0.9336603103498284	0.188	False	0.132
3	['Pt', 'Pd', 'Au', 'Ru', 'Rh', 'Ir', 'Re', 'Os']	9	[0.406 0.251 0.301 0.008 0.001 0.012 0.008 0.014]	[-0.109  0.076  0.103  0.029 -0.004 -0.068 -0.067  0.04 ]	0.67	1.95	1.4	0.12	0.07	0.31	0.04	0.32	0.17	0.43	0.2		1.0185220287045278	0.2	False	0.104
4	['Pt', 'Pd', 'Au', 'Ru', 'Rh', 'Ir', 'Re', 'Os']	9	[0.359 0.278 0.312 0.001 0.007 0.025 0.013 0.006]	[-0.119  0.085  0.112 -0.03  -0.048  0.041 -0.008 -0.033]	0.67	1.95	1.4	0.12	0.07	0.31	0.04	0.32	0.17	0.43	0.2		0.9885554694102732	0.2	False	0.103
5	['Pt', 'Pd', 'Au', 'Ru', 'Rh', 'Ir', 'Re', 'Os']	9	[0.108 0.144 0.159 0.017 0.025 0.509 0.023 0.023]	[-0.162 -0.004 -0.008  0.002  0.05   0.105  0.012  0.006]	0.67	1.95	1.4	0.12	0.07	0.31	0.04	0.32	0.17	0.43	0.2		0.25328822078917257	0.2	False	0.597
6	['Pt', 'Pd', 'Au', 'Ru', 'Rh', 'Ir', 'Re', 'Os']	9	[0.38  0.235 0.314 0.013 0.017 0.001 0.029 0.002]	[-0.115  0.057  0.106  0.007  0.057  0.015 -0.079 -0.049]	0.67	1.95	1.4	0.12	0.07	0.31	0.04	0.32	0.17	0.43	0.2		0.9928425050151362	0.2	False	0.111
7	['Pt', 'Pd', 'Au', 'Ru', 'Rh', 'Ir', 'Re', 'Os']	9	[0.481 0.316 0.145 0.014 0.001 0.004 0.004 0.031]	[ 0.021  0.129 -0.138 -0.027 -0.03   0.035 -0.021  0.031]	0.67	1.95	1.4	0.12	0.07	0.31	0.04	0.32	0.17	0.43	0.2		0.917171172932699	0.201	False	0.225
0	['Pt', 'Pd', 'Au', 'Ru', 'Rh', 'Ir', 'Re', 'Os']	10	[0.437 0.141 0.357 0.024 0.001 0.008 0.018 0.008]	[ 0.12  -0.128  0.032  0.035 -0.001  0.033 -0.075 -0.016]	0.67	1.95	1.4	0.12	0.07	0.31	0.04	0.32	0.17	0.43	0.2		0.9283317235093111	0.2	False	0.179
1	['Pt', 'Pd', 'Au', 'Ru', 'Rh', 'Ir', 'Re', 'Os']	10	[0.446 0.244 0.256 0.013 0.    0.031 0.004 0.004]	[ 0.024  0.135 -0.097 -0.062 -0.013  0.075 -0.033 -0.03 ]	0.67	1.95	1.4	0.12	0.07	0.31	0.04	0.32	0.17	0.43	0.2		0.9702307733026079	0.2	False	0.147
2	['Pt', 'Pd', 'Au', 'Ru', 'Rh', 'Ir', 'Re', 'Os']	10	[0.471 0.235 0.281 0.001 0.014 0.003 0.001 0.002]	[ 0.135  0.052 -0.122 -0.004 -0.053  0.025 -0.017 -0.016]	0.67	1.95	1.4	0.12	0.07	0.31	0.04	0.32	0.17	0.43	0.2		0.9874753437834523	0.199	False	0.158
3	['Pt', 'Pd', 'Au', 'Ru', 'Rh', 'Ir', 'Re', 'Os']	10	[0.406 0.291 0.179 0.001 0.015 0.107 0.    0.002]	[ 0.013  0.064 -0.143 -0.007 -0.024  0.119  0.002 -0.023]	0.67	1.95	1.4	0.12	0.07	0.31	0.04	0.32	0.17	0.43	0.2		0.8250754578524491	0.2	False	0.202
4	['Pt', 'Pd', 'Au', 'Ru', 'Rh', 'Ir', 'Re', 'Os']	10	[0.45  0.219 0.261 0.    0.003 0.029 0.009 0.028]	[ 0.15  -0.052 -0.041 -0.037  0.02   0.071 -0.058 -0.053]	0.67	1.95	1.4	0.12	0.07	0.31	0.04	0.32	0.17	0.43	0.2		0.9747110543276687	0.2	False	0.136
5	['Pt', 'Pd', 'Au', 'Ru', 'Rh', 'Ir', 'Re', 'Os']	10	[0.274 0.097 0.135 0.003 0.033 0.413 0.024 0.028]	[ 0.166 -0.047 -0.024 -0.014  0.008 -0.096  0.001  0.005]	0.67	1.95	1.4	0.12	0.07	0.31	0.04	0.32	0.17	0.43	0.2		0.3171713795718336	0.2	False	0.484
6	['Pt', 'Pd', 'Au', 'Ru', 'Rh', 'Ir', 'Re', 'Os']	10	[0.343 0.232 0.324 0.007 0.011 0.05  0.022 0.004]	[-0.015  0.051  0.077 -0.056 -0.111  0.096  0.032 -0.074]	0.67	1.95	1.4	0.12	0.07	0.31	0.04	0.32	0.17	0.43	0.2		0.9223551233703626	0.2	False	0.115
7	['Pt', 'Pd', 'Au', 'Ru', 'Rh', 'Ir', 'Re', 'Os']	10	[0.428 0.226 0.272 0.002 0.01  0.037 0.013 0.007]	[-0.05  -0.093  0.158 -0.015 -0.031  0.038 -0.03   0.024]	0.67	1.95	1.4	0.12	0.07	0.31	0.04	0.32	0.17	0.43	0.2		0.9593268323901012	0.2	False	0.133
0	['Pt', 'Pd', 'Au', 'Ru', 'Rh', 'Ir', 'Re', 'Os']	11	[0.399 0.268 0.273 0.    0.01  0.021 0.012 0.01 ]	[-0.032  0.165 -0.087 -0.002 -0.043  0.029  0.005 -0.035]	0.67	1.95	1.4	0.12	0.07	0.31	0.04	0.32	0.17	0.43	0.2		0.996516986723111	0.2	False	0.111
1	['Pt', 'Pd', 'Au', 'Ru', 'Rh', 'Ir', 'Re', 'Os']	11	[0.456 0.236 0.2   0.018 0.027 0.042 0.005 0.013]	[ 0.071  0.041 -0.041 -0.005 -0.095  0.129 -0.073 -0.027]	0.67	1.95	1.4	0.12	0.07	0.31	0.04	0.32	0.17	0.43	0.2		0.9061853159288511	0.2	False	0.178
2	['Pt', 'Pd', 'Au', 'Ru', 'Rh', 'Ir', 'Re', 'Os']	11	[0.533 0.235 0.164 0.004 0.    0.058 0.005 0.007]	[ 0.122  0.042 -0.108 -0.039 -0.019  0.082 -0.04  -0.04 ]	0.67	1.95	1.4	0.12	0.07	0.31	0.04	0.32	0.17	0.43	0.2		0.8268607847043506	0.2	False	0.254
3	['Pt', 'Pd', 'Au', 'Ru', 'Rh', 'Ir', 'Re', 'Os']	11	[0.439 0.26  0.262 0.004 0.011 0.025 0.    0.003]	[ 0.025 -0.055  0.088 -0.028 -0.073  0.135 -0.044 -0.049]	0.67	1.95	1.4	0.12	0.07	0.31	0.04	0.32	0.17	0.43	0.2		0.9820872121446131	0.2	False	0.14
4	['Pt', 'Pd', 'Au', 'Ru', 'Rh', 'Ir', 'Re', 'Os']	11	[0.509 0.211 0.234 0.    0.005 0.017 0.007 0.018]	[ 0.139  0.009 -0.028 -0.071 -0.071  0.075 -0.062  0.01 ]	0.67	1.95	1.4	0.12	0.07	0.31	0.04	0.32	0.17	0.43	0.2		0.929905705269781	0.2	False	0.196
5	['Pt', 'Pd', 'Au', 'Ru', 'Rh', 'Ir', 'Re', 'Os']	11	[0.22  0.146 0.147 0.012 0.002 0.473 0.004 0.001]	[-0.063  0.042  0.004  0.001  0.027  0.054 -0.028 -0.038]	0.67	1.95	1.4	0.12	0.07	0.31	0.04	0.32	0.17	0.43	0.2		0.2970136917927745	0.108	False	0.534
6	['Pt', 'Pd', 'Au', 'Ru', 'Rh', 'Ir', 'Re', 'Os']	11	[0.427 0.226 0.293 0.001 0.001 0.014 0.023 0.009]	[ 0.137  0.002 -0.036 -0.03  -0.025  0.083 -0.103 -0.028]	0.67	1.95	1.4	0.12	0.07	0.31	0.04	0.32	0.17	0.43	0.2		0.9934990857345263	0.2	False	0.125
7	['Pt', 'Pd', 'Au', 'Ru', 'Rh', 'Ir', 'Re', 'Os']	11	[0.422 0.145 0.342 0.001 0.028 0.047 0.004 0.007]	[ 0.008 -0.101  0.119 -0.031 -0.054  0.103 -0.025 -0.018]	0.67	1.95	1.4	0.12	0.07	0.31	0.04	0.32	0.17	0.43	0.2		0.8826190381885173	0.2	False	0.172
0	['Pt', 'Pd', 'Au', 'Ru', 'Rh', 'Ir', 'Re', 'Os']	12	[0.302 0.329 0.268 0.016 0.005 0.046 0.004 0.022]	[-0.086  0.119  0.034 -0.019 -0.013  0.092 -0.056 -0.071]	0.67	1.95	1.4	0.12	0.07	0.31	0.04	0.32	0.17	0.43	0.2		0.9185571300258941	0.2	False	0.134
1	['Pt', 'Pd', 'Au', 'Ru', 'Rh', 'Ir', 'Re', 'Os']	12	[0.416 0.24  0.294 0.017 0.012 0.005 0.012 0.001]	[-0.069  0.006  0.16  -0.06   0.04   0.015 -0.041 -0.052]	0.67	1.95	1.4	0.12	0.07	0.31	0.04	0.32	0.17	0.43	0.2		1.0027055634584254	0.2	False	0.122
2	['Pt', 'Pd', 'Au', 'Ru', 'Rh', 'Ir', 'Re', 'Os']	12	[0.447 0.235 0.269 0.003 0.001 0.028 0.008 0.013]	[-0.103  0.002  0.131 -0.01  -0.031  0.088 -0.038 -0.04 ]	0.67	1.95	1.4	0.12	0.07	0.31	0.04	0.32	0.17	0.43	0.2		0.9804086010853112	0.2	False	0.138
3	['Pt', 'Pd', 'Au', 'Ru', 'Rh', 'Ir', 'Re', 'Os']	12	[0.368 0.201 0.355 0.022 0.007 0.016 0.018 0.018]	[-0.058 -0.042  0.16   0.043  0.007  0.011 -0.059 -0.063]	0.67	1.95	1.4	0.12	0.07	0.31	0.04	0.32	0.17	0.43	0.2		0.9684238809661554	0.2	False	0.117
4	['Pt', 'Pd', 'Au', 'Ru', 'Rh', 'Ir', 'Re', 'Os']	12	[0.42  0.23  0.274 0.018 0.006 0.001 0.031 0.021]	[-0.09   0.074  0.106 -0.011  0.031  0.044 -0.065 -0.089]	0.67	1.95	1.4	0.12	0.07	0.31	0.04	0.32	0.17	0.43	0.2		1.0060409743223575	0.2	False	0.116
5	['Pt', 'Pd', 'Au', 'Ru', 'Rh', 'Ir', 'Re', 'Os']	12	[0.088 0.14  0.13  0.005 0.063 0.468 0.057 0.054]	[-0.136 -0.004 -0.016 -0.005  0.051 -0.003  0.057  0.057]	0.67	1.95	1.4	0.12	0.07	0.31	0.04	0.32	0.17	0.43	0.2		0.23817063804103678	0.167	False	0.581
6	['Pt', 'Pd', 'Au', 'Ru', 'Rh', 'Ir', 'Re', 'Os']	12	[0.466 0.209 0.227 0.007 0.015 0.003 0.043 0.026]	[ 0.104  0.008 -0.076 -0.035 -0.071  0.035  0.104 -0.069]	0.67	1.95	1.4	0.12	0.07	0.31	0.04	0.32	0.17	0.43	0.2		0.9469270435719792	0.2	False	0.168
7	['Pt', 'Pd', 'Au', 'Ru', 'Rh', 'Ir', 'Re', 'Os']	12	[0.444 0.251 0.268 0.002 0.004 0.012 0.014 0.002]	[ 0.025  0.139 -0.106 -0.034  0.004  0.059 -0.057 -0.029]	0.67	1.95	1.4	0.12	0.07	0.31	0.04	0.32	0.17	0.43	0.2		0.9916423215308203	0.2	False	0.141
0	['Pt', 'Pd', 'Au', 'Ru', 'Rh', 'Ir', 'Re', 'Os']	13	[0.405 0.244 0.301 0.011 0.    0.022 0.007 0.002]	[ 0.128 -0.115  0.038 -0.01  -0.037  0.065 -0.052 -0.017]	0.67	1.95	1.4	0.12	0.07	0.31	0.04	0.32	0.17	0.43	0.2		0.9961937820671094	0.2	False	0.115
1	['Pt', 'Pd', 'Au', 'Ru', 'Rh', 'Ir', 'Re', 'Os']	13	[0.398 0.149 0.337 0.022 0.004 0.063 0.018 0.005]	[ 0.031 -0.067  0.112  0.002 -0.063  0.102 -0.077 -0.04 ]	0.67	1.95	1.4	0.12	0.07	0.31	0.04	0.32	0.17	0.43	0.2		0.8665824823887502	0.2	False	0.166
2	['Pt', 'Pd', 'Au', 'Ru', 'Rh', 'Ir', 'Re', 'Os']	13	[0.433 0.189 0.295 0.    0.013 0.051 0.006 0.017]	[ 0.026 -0.026  0.092 -0.061 -0.077  0.129 -0.059 -0.023]	0.67	1.95	1.4	0.12	0.07	0.31	0.04	0.32	0.17	0.43	0.2		0.9321439265301796	0.2	False	0.143
3	['Pt', 'Pd', 'Au', 'Ru', 'Rh', 'Ir', 'Re', 'Os']	13	[0.424 0.231 0.282 0.017 0.011 0.036 0.003 0.   ]	[ 0.114  0.072 -0.095 -0.011 -0.068  0.069 -0.042 -0.039]	0.67	1.95	1.4	0.12	0.07	0.31	0.04	0.32	0.17	0.43	0.2		0.9641878468683707	0.2	False	0.134
4	['Pt', 'Pd', 'Au', 'Ru', 'Rh', 'Ir', 'Re', 'Os']	13	[0.388 0.214 0.289 0.016 0.001 0.045 0.018 0.029]	[ 0.     0.035  0.102 -0.093 -0.07   0.102 -0.067 -0.009]	0.67	1.95	1.4	0.12	0.07	0.31	0.04	0.32	0.17	0.43	0.2		0.9605308727088964	0.201	False	0.103
5	['Pt', 'Pd', 'Au', 'Ru', 'Rh', 'Ir', 'Re', 'Os']	13	[0.264 0.111 0.135 0.015 0.002 0.428 0.031 0.017]	[ 0.165 -0.046 -0.011 -0.006  0.05  -0.057 -0.043 -0.054]	0.67	1.95	1.4	0.12	0.07	0.31	0.04	0.32	0.17	0.43	0.2		0.30832065161879857	0.2	False	0.495
6	['Pt', 'Pd', 'Au', 'Ru', 'Rh', 'Ir', 'Re', 'Os']	13	[0.43  0.211 0.286 0.025 0.021 0.003 0.01  0.009]	[-0.031  0.031  0.124 -0.065  0.053  0.01  -0.124  0.002]	0.67	1.95	1.4	0.12	0.07	0.31	0.04	0.32	0.17	0.43	0.2		0.985731242040947	0.2	False	0.133
7	['Pt', 'Pd', 'Au', 'Ru', 'Rh', 'Ir', 'Re', 'Os']	13	[0.467 0.267 0.187 0.003 0.013 0.026 0.019 0.016]	[ 0.098  0.085 -0.083 -0.048 -0.067  0.079 -0.057 -0.007]	0.67	1.95	1.4	0.12	0.07	0.31	0.04	0.32	0.17	0.43	0.2		0.9242716199062688	0.2	False	0.187
0	['Pt', 'Pd', 'Au', 'Ru', 'Rh', 'Ir', 'Re', 'Os']	14	[0.377 0.193 0.345 0.013 0.005 0.025 0.013 0.021]	[-0.003 -0.046  0.13  -0.007 -0.067  0.091 -0.017 -0.082]	0.67	1.95	1.4	0.12	0.07	0.31	0.04	0.32	0.17	0.43	0.2		0.9628758898376497	0.197	False	0.115
1	['Pt', 'Pd', 'Au', 'Ru', 'Rh', 'Ir', 'Re', 'Os']	14	[0.434 0.241 0.284 0.01  0.001 0.02  0.001 0.005]	[ 0.041  0.124 -0.089 -0.036 -0.052  0.09  -0.032 -0.045]	0.67	1.95	1.4	0.12	0.07	0.31	0.04	0.32	0.17	0.43	0.2		0.9956277727061313	0.2	False	0.13
2	['Pt', 'Pd', 'Au', 'Ru', 'Rh', 'Ir', 'Re', 'Os']	14	[0.459 0.25  0.277 0.01  0.    0.002 0.    0.008]	[ 0.053  0.129 -0.043 -0.059 -0.048  0.081 -0.063 -0.05 ]	0.67	1.95	1.4	0.12	0.07	0.31	0.04	0.32	0.17	0.43	0.2		1.0096033652908751	0.2	False	0.145
3	['Pt', 'Pd', 'Au', 'Ru', 'Rh', 'Ir', 'Re', 'Os']	14	[0.391 0.276 0.257 0.005 0.016 0.019 0.017 0.022]	[-0.019  0.118 -0.005  0.011 -0.023  0.096 -0.084 -0.093]	0.67	1.95	1.4	0.12	0.07	0.31	0.04	0.32	0.17	0.43	0.2		0.9965625499981243	0.2	False	0.106
4	['Pt', 'Pd', 'Au', 'Ru', 'Rh', 'Ir', 'Re', 'Os']	14	[0.411 0.232 0.295 0.013 0.002 0.    0.027 0.021]	[ 0.065  0.055  0.032 -0.007 -0.013  0.075 -0.152 -0.054]	0.67	1.95	1.4	0.12	0.07	0.31	0.04	0.32	0.17	0.43	0.2		1.018541740065055	0.2	False	0.106
5	['Pt', 'Pd', 'Au', 'Ru', 'Rh', 'Ir', 'Re', 'Os']	14	[0.151 0.133 0.103 0.003 0.074 0.511 0.025 0.002]	[-0.13   0.013 -0.044 -0.023  0.065  0.077  0.04   0.003]	0.67	1.95	1.4	0.12	0.07	0.31	0.04	0.32	0.17	0.43	0.2		0.27494647606746786	0.177	False	0.607
6	['Pt', 'Pd', 'Au', 'Ru', 'Rh', 'Ir', 'Re', 'Os']	14	[0.364 0.232 0.333 0.001 0.028 0.011 0.008 0.018]	[-0.09   0.067  0.114  0.042 -0.055 -0.016  0.029 -0.092]	0.67	1.95	1.4	0.12	0.07	0.31	0.04	0.32	0.17	0.43	0.2		0.9886543244210322	0.2	False	0.096
7	['Pt', 'Pd', 'Au', 'Ru', 'Rh', 'Ir', 'Re', 'Os']	14	[0.42  0.241 0.28  0.007 0.009 0.01  0.004 0.026]	[-0.101 -0.062  0.158 -0.019  0.001  0.027 -0.008  0.005]	0.67	1.95	1.4	0.12	0.07	0.31	0.04	0.32	0.17	0.43	0.2		1.0164457280836237	0.2	False	0.105
0	['Pt', 'Pd', 'Au', 'Ru', 'Rh', 'Ir', 'Re', 'Os']	15	[0.367 0.264 0.305 0.001 0.018 0.004 0.029 0.002]	[ 0.007  0.148 -0.045 -0.033  0.03   0.03  -0.111 -0.026]	0.67	1.95	1.4	0.12	0.07	0.31	0.04	0.32	0.17	0.43	0.2		0.9952889660045008	0.2	False	0.106
1	['Pt', 'Pd', 'Au', 'Ru', 'Rh', 'Ir', 'Re', 'Os']	15	[0.427 0.224 0.238 0.004 0.013 0.071 0.001 0.021]	[ 0.047  0.03  -0.021 -0.041 -0.041  0.156 -0.053 -0.077]	0.67	1.95	1.4	0.12	0.07	0.31	0.04	0.32	0.17	0.43	0.2		0.9109452739959931	0.2	False	0.148
2	['Pt', 'Pd', 'Au', 'Ru', 'Rh', 'Ir', 'Re', 'Os']	15	[0.447 0.259 0.197 0.018 0.019 0.02  0.016 0.028]	[ 0.065  0.104 -0.06   0.004 -0.016  0.077 -0.088 -0.086]	0.67	1.95	1.4	0.12	0.07	0.31	0.04	0.32	0.17	0.43	0.2		0.9502739885204277	0.2	False	0.163
3	['Pt', 'Pd', 'Au', 'Ru', 'Rh', 'Ir', 'Re', 'Os']	15	[0.41  0.222 0.313 0.012 0.017 0.029 0.    0.   ]	[ 0.028 -0.155  0.12  -0.015  0.023  0.005 -0.01   0.003]	0.67	1.95	1.4	0.12	0.07	0.31	0.04	0.32	0.17	0.43	0.2		0.9712905279120083	0.2	False	0.126
4	['Pt', 'Pd', 'Au', 'Ru', 'Rh', 'Ir', 'Re', 'Os']	15	[0.431 0.205 0.281 0.021 0.005 0.001 0.022 0.034]	[ 0.099  0.012  0.036 -0.07   0.017  0.025  0.029 -0.148]	0.67	1.95	1.4	0.12	0.07	0.31	0.04	0.32	0.17	0.43	0.2		1.0036000842374666	0.2	False	0.119
5	['Pt', 'Pd', 'Au', 'Ru', 'Rh', 'Ir', 'Re', 'Os']	15	[0.185 0.103 0.189 0.005 0.028 0.39  0.046 0.056]	[ 0.019 -0.051  0.075 -0.022  0.083 -0.15   0.005  0.041]	0.67	1.95	1.4	0.12	0.07	0.31	0.04	0.32	0.17	0.43	0.2		0.2739796736191891	0.2	False	0.467
6	['Pt', 'Pd', 'Au', 'Ru', 'Rh', 'Ir', 'Re', 'Os']	15	[0.426 0.199 0.274 0.022 0.014 0.038 0.007 0.014]	[ 0.137 -0.011 -0.052 -0.083  0.012  0.076 -0.075 -0.004]	0.67	1.95	1.4	0.12	0.07	0.31	0.04	0.32	0.17	0.43	0.2		0.9441987869431818	0.2	False	0.136
7	['Pt', 'Pd', 'Au', 'Ru', 'Rh', 'Ir', 'Re', 'Os']	15	[0.38  0.18  0.367 0.003 0.002 0.057 0.007 0.001]	[-0.033 -0.064  0.15  -0.039 -0.035  0.081 -0.052 -0.007]	0.67	1.95	1.4	0.12	0.07	0.31	0.04	0.32	0.17	0.43	0.2		0.900300883385641	0.2	False	0.153
0	['Pt', 'Pd', 'Au', 'Ru', 'Rh', 'Ir', 'Re', 'Os']	16	[0.414 0.229 0.243 0.019 0.001 0.037 0.033 0.013]	[ 0.11  -0.025 -0.07  -0.062 -0.058  0.059  0.095 -0.05 ]	0.67	1.95	1.4	0.12	0.07	0.31	0.04	0.32	0.17	0.43	0.2		0.9464362745678843	0.2	False	0.135
1	['Pt', 'Pd', 'Au', 'Ru', 'Rh', 'Ir', 'Re', 'Os']	16	[0.342 0.255 0.38  0.003 0.    0.001 0.001 0.017]	[-0.125  0.009  0.138 -0.038 -0.018  0.05  -0.027  0.011]	0.67	1.95	1.4	0.12	0.07	0.31	0.04	0.32	0.17	0.43	0.2		1.0006298985307789	0.2	False	0.116
2	['Pt', 'Pd', 'Au', 'Ru', 'Rh', 'Ir', 'Re', 'Os']	16	[0.473 0.222 0.275 0.023 0.    0.001 0.003 0.006]	[ 0.05  -0.08   0.157 -0.074 -0.033 -0.006 -0.01  -0.004]	0.67	1.95	1.4	0.12	0.07	0.31	0.04	0.32	0.17	0.43	0.2		0.9889500097731556	0.2	False	0.161
3	['Pt', 'Pd', 'Au', 'Ru', 'Rh', 'Ir', 'Re', 'Os']	16	[0.281 0.213 0.362 0.002 0.013 0.073 0.015 0.044]	[-0.155 -0.013  0.056  0.    -0.044  0.09   0.016  0.05 ]	0.67	1.95	1.4	0.12	0.07	0.31	0.04	0.32	0.17	0.43	0.2		0.8390713619606807	0.2	False	0.137
4	['Pt', 'Pd', 'Au', 'Ru', 'Rh', 'Ir', 'Re', 'Os']	16	[0.456 0.215 0.284 0.001 0.008 0.018 0.016 0.002]	[ 0.087  0.043  0.022 -0.023 -0.047  0.01  -0.154  0.061]	0.67	1.95	1.4	0.12	0.07	0.31	0.04	0.32	0.17	0.43	0.2		0.9686151807584253	0.2	False	0.152
5	['Pt', 'Pd', 'Au', 'Ru', 'Rh', 'Ir', 'Re', 'Os']	16	[0.291 0.08  0.081 0.017 0.041 0.469 0.019 0.   ]	[ 0.099 -0.034 -0.121  0.002  0.003  0.071  0.05  -0.069]	0.67	1.95	1.4	0.12	0.07	0.31	0.04	0.32	0.17	0.43	0.2		0.3039632132252219	0.195	False	0.559
6	['Pt', 'Pd', 'Au', 'Ru', 'Rh', 'Ir', 'Re', 'Os']	16	[0.48  0.194 0.256 0.007 0.022 0.016 0.007 0.012]	[ 0.116  0.006 -0.018  0.038 -0.071  0.081 -0.048 -0.104]	0.67	1.95	1.4	0.12	0.07	0.31	0.04	0.32	0.17	0.43	0.2		0.9371204582714971	0.2	False	0.175
7	['Pt', 'Pd', 'Au', 'Ru', 'Rh', 'Ir', 'Re', 'Os']	16	[0.462 0.204 0.265 0.001 0.003 0.047 0.008 0.01 ]	[ 0.101  0.031 -0.12  -0.025 -0.033  0.104 -0.019 -0.039]	0.67	1.95	1.4	0.12	0.07	0.31	0.04	0.32	0.17	0.43	0.2		0.9319545160047487	0.2	False	0.162
0	['Pt', 'Pd', 'Au', 'Ru', 'Rh', 'Ir', 'Re', 'Os']	17	[0.319 0.238 0.336 0.024 0.004 0.038 0.02  0.009]	[-0.113  0.015  0.119  0.01  -0.003  0.073 -0.082 -0.019]	0.67	1.95	1.4	0.12	0.07	0.31	0.04	0.32	0.17	0.43	0.2		0.9261484188275497	0.2	False	0.115
1	['Pt', 'Pd', 'Au', 'Ru', 'Rh', 'Ir', 'Re', 'Os']	17	[0.374 0.175 0.344 0.031 0.006 0.051 0.007 0.007]	[ 0.104 -0.054  0.008 -0.01  -0.054  0.09  -0.054 -0.031]	0.67	1.95	1.4	0.12	0.07	0.31	0.04	0.32	0.17	0.43	0.2		0.9012319634056285	0.169	False	0.143
2	['Pt', 'Pd', 'Au', 'Ru', 'Rh', 'Ir', 'Re', 'Os']	17	[0.446 0.311 0.12  0.    0.006 0.039 0.042 0.037]	[-0.03   0.091 -0.164  0.018 -0.01   0.026  0.039  0.03 ]	0.67	1.95	1.4	0.12	0.07	0.31	0.04	0.32	0.17	0.43	0.2		0.8588613877787232	0.199	False	0.229
3	['Pt', 'Pd', 'Au', 'Ru', 'Rh', 'Ir', 'Re', 'Os']	17	[0.343 0.259 0.348 0.    0.006 0.025 0.021 0.002]	[ 0.08   0.058 -0.025 -0.022 -0.019  0.11  -0.085 -0.097]	0.67	1.95	1.4	0.12	0.07	0.31	0.04	0.32	0.17	0.43	0.2		0.9674110778207163	0.2	False	0.115
4	['Pt', 'Pd', 'Au', 'Ru', 'Rh', 'Ir', 'Re', 'Os']	17	[0.349 0.262 0.332 0.022 0.    0.029 0.005 0.001]	[-0.144  0.081  0.082 -0.052  0.005  0.052 -0.004 -0.02 ]	0.67	1.95	1.4	0.12	0.07	0.31	0.04	0.32	0.17	0.43	0.2		0.974537292291646	0.2	False	0.111
5	['Pt', 'Pd', 'Au', 'Ru', 'Rh', 'Ir', 'Re', 'Os']	17	[0.161 0.168 0.021 0.048 0.026 0.482 0.057 0.035]	[-0.16   0.073  0.082  0.012 -0.037 -0.007  0.02   0.017]	0.67	1.95	1.4	0.12	0.07	0.31	0.04	0.32	0.17	0.43	0.2		0.26758174972765797	0.2	False	0.603
6	['Pt', 'Pd', 'Au', 'Ru', 'Rh', 'Ir', 'Re', 'Os']	17	[0.374 0.239 0.347 0.022 0.003 0.007 0.001 0.002]	[-0.13   0.064  0.123 -0.046  0.014  0.02  -0.025 -0.021]	0.67	1.95	1.4	0.12	0.07	0.31	0.04	0.32	0.17	0.43	0.2		1.001892822032232	0.199	False	0.114
7	['Pt', 'Pd', 'Au', 'Ru', 'Rh', 'Ir', 'Re', 'Os']	17	[0.367 0.296 0.302 0.012 0.006 0.015 0.    0.003]	[-0.117  0.123  0.052 -0.026 -0.04   0.066 -0.029 -0.029]	0.67	1.95	1.4	0.12	0.07	0.31	0.04	0.32	0.17	0.43	0.2		1.005241162360767	0.2	False	0.111
0	['Pt', 'Pd', 'Au', 'Ru', 'Rh', 'Ir', 'Re', 'Os']	18	[0.324 0.279 0.33  0.017 0.016 0.003 0.001 0.02 ]	[ 0.029  0.108  0.004 -0.007 -0.111  0.06   0.022 -0.105]	0.67	1.95	1.4	0.12	0.07	0.31	0.04	0.32	0.17	0.43	0.2		0.9958344466712237	0.2	False	0.097
1	['Pt', 'Pd', 'Au', 'Ru', 'Rh', 'Ir', 'Re', 'Os']	18	[0.438 0.234 0.281 0.001 0.008 0.025 0.007 0.002]	[ 0.089  0.082 -0.104 -0.002 -0.066  0.083 -0.034 -0.047]	0.67	1.95	1.4	0.12	0.07	0.31	0.04	0.32	0.17	0.43	0.2		0.9781207365688942	0.2	False	0.137
2	['Pt', 'Pd', 'Au', 'Ru', 'Rh', 'Ir', 'Re', 'Os']	18	[0.421 0.281 0.258 0.003 0.002 0.03  0.003 0.003]	[-0.034 -0.04   0.156 -0.04  -0.032  0.059  0.014 -0.082]	0.67	1.95	1.4	0.12	0.07	0.31	0.04	0.32	0.17	0.43	0.2		0.984748138011244	0.2	False	0.135
3	['Pt', 'Pd', 'Au', 'Ru', 'Rh', 'Ir', 'Re', 'Os']	18	[0.439 0.257 0.268 0.007 0.022 0.004 0.007 0.001]	[ 0.155  0.015 -0.097 -0.017 -0.054  0.002  0.036 -0.04 ]	0.67	1.95	1.4	0.12	0.07	0.31	0.04	0.32	0.17	0.43	0.2		0.9953612100750293	0.2	False	0.139
4	['Pt', 'Pd', 'Au', 'Ru', 'Rh', 'Ir', 'Re', 'Os']	18	[0.357 0.241 0.293 0.021 0.005 0.066 0.007 0.012]	[ 0.059  0.01  -0.02   0.003 -0.057  0.15  -0.072 -0.072]	0.67	1.95	1.4	0.12	0.07	0.31	0.04	0.32	0.17	0.43	0.2		0.9237432526476657	0.2	False	0.113
5	['Pt', 'Pd', 'Au', 'Ru', 'Rh', 'Ir', 'Re', 'Os']	18	[0.149 0.164 0.204 0.004 0.008 0.444 0.006 0.019]	[-0.012 -0.004  0.183 -0.044 -0.018 -0.038 -0.051 -0.016]	0.67	1.95	1.4	0.12	0.07	0.31	0.04	0.32	0.17	0.43	0.2		0.2688548050124565	0.201	False	0.511
6	['Pt', 'Pd', 'Au', 'Ru', 'Rh', 'Ir', 'Re', 'Os']	18	[0.331 0.339 0.229 0.013 0.021 0.028 0.028 0.006]	[-0.042  0.126 -0.13   0.034 -0.036  0.031  0.04  -0.022]	0.67	1.95	1.4	0.12	0.07	0.31	0.04	0.32	0.17	0.43	0.2		0.9174573998675732	0.2	False	0.156
7	['Pt', 'Pd', 'Au', 'Ru', 'Rh', 'Ir', 'Re', 'Os']	18	[0.383 0.251 0.303 0.018 0.022 0.018 0.    0.005]	[ 0.101 -0.033  0.068  0.002 -0.09   0.084 -0.074 -0.059]	0.67	1.95	1.4	0.12	0.07	0.31	0.04	0.32	0.17	0.43	0.2		0.991630506417502	0.2	False	0.106
0	['Pt', 'Pd', 'Au', 'Ru', 'Rh', 'Ir', 'Re', 'Os']	19	[0.369 0.285 0.283 0.003 0.004 0.007 0.025 0.011]	[ 0.137  0.044 -0.081 -0.039  0.035  0.009 -0.1   -0.005]	0.67	1.95	1.4	0.12	0.07	0.31	0.04	0.32	0.17	0.43	0.2		1.0080855657923138	0.2	False	0.102
1	['Pt', 'Pd', 'Au', 'Ru', 'Rh', 'Ir', 'Re', 'Os']	19	[0.341 0.267 0.294 0.017 0.011 0.067 0.001 0.001]	[-0.108  0.078  0.05  -0.052 -0.015  0.118 -0.039 -0.032]	0.67	1.95	1.4	0.12	0.07	0.31	0.04	0.32	0.17	0.43	0.2		0.9126268036598042	0.199	False	0.123
2	['Pt', 'Pd', 'Au', 'Ru', 'Rh', 'Ir', 'Re', 'Os']	19	[0.368 0.218 0.335 0.006 0.008 0.047 0.013 0.006]	[-0.032 -0.045  0.138 -0.031 -0.049  0.103 -0.052 -0.031]	0.67	1.95	1.4	0.12	0.07	0.31	0.04	0.32	0.17	0.43	0.2		0.9405664992330613	0.2	False	0.118
3	['Pt', 'Pd', 'Au', 'Ru', 'Rh', 'Ir', 'Re', 'Os']	19	[0.336 0.25  0.278 0.006 0.022 0.056 0.026 0.031]	[-0.088  0.05   0.075  0.047 -0.036  0.099 -0.075 -0.072]	0.67	1.95	1.4	0.12	0.07	0.31	0.04	0.32	0.17	0.43	0.2		0.9216330278300338	0.201	False	0.099
4	['Pt', 'Pd', 'Au', 'Ru', 'Rh', 'Ir', 'Re', 'Os']	19	[0.412 0.235 0.291 0.008 0.005 0.025 0.011 0.016]	[ 0.094  0.     0.007 -0.043 -0.01   0.12  -0.067 -0.101]	0.67	1.95	1.4	0.12	0.07	0.31	0.04	0.32	0.17	0.43	0.2		0.9945495682351069	0.2	False	0.11
5	['Pt', 'Pd', 'Au', 'Ru', 'Rh', 'Ir', 'Re', 'Os']	19	[0.187 0.079 0.189 0.012 0.045 0.451 0.008 0.028]	[ 0.038 -0.085 -0.015  0.008  0.037  0.007  0.002  0.009]	0.67	1.95	1.4	0.12	0.07	0.31	0.04	0.32	0.17	0.43	0.2		0.26586007417082114	0.102	False	0.528
6	['Pt', 'Pd', 'Au', 'Ru', 'Rh', 'Ir', 'Re', 'Os']	19	[0.339 0.222 0.335 0.023 0.009 0.049 0.01  0.006]	[ 0.004 -0.148  0.124 -0.031  0.019  0.02   0.029 -0.015]	0.67	1.95	1.4	0.12	0.07	0.31	0.04	0.32	0.17	0.43	0.2		0.9186342467571129	0.2	False	0.119
7	['Pt', 'Pd', 'Au', 'Ru', 'Rh', 'Ir', 'Re', 'Os']	19	[0.441 0.209 0.306 0.03  0.    0.002 0.011 0.002]	[ 0.147 -0.056  0.035 -0.072  0.027  0.035 -0.052 -0.064]	0.67	1.95	1.4	0.12	0.07	0.31	0.04	0.32	0.17	0.43	0.2		0.9942625049932341	0.2	False	0.144
0	['Pt', 'Pd', 'Au', 'Ru', 'Rh', 'Ir', 'Re', 'Os']	20	[0.368 0.258 0.238 0.022 0.022 0.019 0.033 0.027]	[ 0.055 -0.002 -0.041  0.057 -0.095 -0.012  0.124 -0.086]	0.67	1.95	1.4	0.12	0.07	0.31	0.04	0.32	0.17	0.43	0.2		0.964481767755774	0.2	False	0.109
1	['Pt', 'Pd', 'Au', 'Ru', 'Rh', 'Ir', 'Re', 'Os']	20	[0.389 0.249 0.284 0.004 0.009 0.054 0.005 0.007]	[ 0.078 -0.02  -0.008 -0.029 -0.055  0.151 -0.049 -0.068]	0.67	1.95	1.4	0.12	0.07	0.31	0.04	0.32	0.17	0.43	0.2		0.9530663097408527	0.201	False	0.116
2	['Pt', 'Pd', 'Au', 'Ru', 'Rh', 'Ir', 'Re', 'Os']	20	[0.441 0.262 0.249 0.004 0.007 0.015 0.007 0.017]	[ 0.109  0.069 -0.11  -0.033 -0.012  0.072 -0.039 -0.057]	0.67	1.95	1.4	0.12	0.07	0.31	0.04	0.32	0.17	0.43	0.2		0.9959350363631643	0.2	False	0.135
3	['Pt', 'Pd', 'Au', 'Ru', 'Rh', 'Ir', 'Re', 'Os']	20	[0.389 0.281 0.308 0.001 0.006 0.009 0.01  0.001]	[ 0.095  0.038  0.036 -0.104 -0.05   0.093 -0.071 -0.037]	0.67	1.95	1.4	0.12	0.07	0.31	0.04	0.32	0.17	0.43	0.2		1.0144178513093	0.2	False	0.112
4	['Pt', 'Pd', 'Au', 'Ru', 'Rh', 'Ir', 'Re', 'Os']	20	[0.406 0.273 0.269 0.001 0.    0.016 0.03  0.001]	[ 0.019  0.12  -0.017 -0.044 -0.003  0.079 -0.127 -0.026]	0.67	1.95	1.4	0.12	0.07	0.31	0.04	0.32	0.17	0.43	0.2		0.9927127248018905	0.2	False	0.125
5	['Pt', 'Pd', 'Au', 'Ru', 'Rh', 'Ir', 'Re', 'Os']	20	[0.193 0.202 0.056 0.007 0.018 0.454 0.058 0.01 ]	[-0.005  0.115 -0.147 -0.016  0.049 -0.008  0.04  -0.029]	0.67	1.95	1.4	0.12	0.07	0.31	0.04	0.32	0.17	0.43	0.2		0.28274397485729197	0.2	False	0.552
6	['Pt', 'Pd', 'Au', 'Ru', 'Rh', 'Ir', 'Re', 'Os']	20	[0.373 0.203 0.336 0.017 0.007 0.049 0.007 0.002]	[ 0.076 -0.009  0.023 -0.019 -0.07   0.138 -0.069 -0.07 ]	0.67	1.95	1.4	0.12	0.07	0.31	0.04	0.32	0.17	0.43	0.2		0.9272066203428166	0.201	False	0.128
7	['Pt', 'Pd', 'Au', 'Ru', 'Rh', 'Ir', 'Re', 'Os']	20	[0.419 0.275 0.237 0.019 0.015 0.006 0.024 0.007]	[-0.002  0.139 -0.078  0.078 -0.058  0.017 -0.057 -0.039]	0.67	1.95	1.4	0.12	0.07	0.31	0.04	0.32	0.17	0.43	0.2		0.9871326738270283	0.2	False	0.139
0	['Pt', 'Pd', 'Au', 'Ru', 'Rh', 'Ir', 'Re', 'Os']	21	[0.389 0.231 0.298 0.027 0.    0.028 0.004 0.011]	[ 0.045 -0.048  0.121 -0.064  0.006  0.057 -0.118  0.   ]	0.67	1.95	1.4	0.12	0.07	0.31	0.04	0.32	0.17	0.43	0.2		0.9856956406478428	0.2	False	0.106
1	['Pt', 'Pd', 'Au', 'Ru', 'Rh', 'Ir', 'Re', 'Os']	21	[0.456 0.19  0.317 0.004 0.    0.022 0.005 0.005]	[ 0.11  -0.085  0.057 -0.051 -0.04   0.096 -0.051 -0.037]	0.67	1.95	1.4	0.12	0.07	0.31	0.04	0.32	0.17	0.43	0.2		0.9636584635711174	0.2	False	0.157
2	['Pt', 'Pd', 'Au', 'Ru', 'Rh', 'Ir', 'Re', 'Os']	21	[0.468 0.223 0.237 0.017 0.011 0.031 0.009 0.01 ]	[ 0.112 -0.037  0.024 -0.096 -0.076  0.096 -0.033  0.01 ]	0.67	1.95	1.4	0.12	0.07	0.31	0.04	0.32	0.17	0.43	0.2		0.940148266874623	0.2	False	0.168
3	['Pt', 'Pd', 'Au', 'Ru', 'Rh', 'Ir', 'Re', 'Os']	21	[0.428 0.199 0.295 0.028 0.003 0.009 0.003 0.038]	[ 0.13  -0.075  0.042  0.066 -0.027 -0.017 -0.021 -0.099]	0.67	1.95	1.4	0.12	0.07	0.31	0.04	0.32	0.17	0.43	0.2		1.0046823956826876	0.2	False	0.116
4	['Pt', 'Pd', 'Au', 'Ru', 'Rh', 'Ir', 'Re', 'Os']	21	[0.383 0.223 0.302 0.019 0.017 0.003 0.022 0.028]	[ 0.005 -0.043  0.104 -0.078 -0.039  0.046  0.097 -0.091]	0.67	1.95	1.4	0.12	0.07	0.31	0.04	0.32	0.17	0.43	0.2		1.004927502285135	0.2	False	0.09
5	['Pt', 'Pd', 'Au', 'Ru', 'Rh', 'Ir', 'Re', 'Os']	21	[0.188 0.106 0.199 0.001 0.03  0.436 0.034 0.002]	[-0.019 -0.115  0.138 -0.02  -0.001 -0.033  0.073 -0.022]	0.67	1.95	1.4	0.12	0.07	0.31	0.04	0.32	0.17	0.43	0.2		0.26232466883232675	0.2	False	0.509
6	['Pt', 'Pd', 'Au', 'Ru', 'Rh', 'Ir', 'Re', 'Os']	21	[0.391 0.248 0.33  0.021 0.    0.    0.003 0.001]	[ 0.05   0.115 -0.008 -0.076 -0.064  0.086 -0.025 -0.078]	0.67	1.95	1.4	0.12	0.07	0.31	0.04	0.32	0.17	0.43	0.2		1.0200659331826654	0.2	False	0.113
7	['Pt', 'Pd', 'Au', 'Ru', 'Rh', 'Ir', 'Re', 'Os']	21	[0.442 0.178 0.325 0.004 0.006 0.031 0.005 0.009]	[ 0.044 -0.117  0.131 -0.059 -0.022  0.036  0.021 -0.035]	0.67	1.95	1.4	0.12	0.07	0.31	0.04	0.32	0.17	0.43	0.2		0.9477263502525164	0.2	False	0.154
0	['Pt', 'Pd', 'Au', 'Ru', 'Rh', 'Ir', 'Re', 'Os']	22	[0.34  0.224 0.346 0.007 0.023 0.015 0.012 0.02 ]	[-0.044  0.026  0.117  0.028 -0.087  0.074 -0.016 -0.098]	0.67	1.95	1.4	0.12	0.07	0.31	0.04	0.32	0.17	0.43	0.2		0.9654165778978705	0.2	False	0.101
1	['Pt', 'Pd', 'Au', 'Ru', 'Rh', 'Ir', 'Re', 'Os']	22	[0.389 0.218 0.296 0.013 0.002 0.056 0.003 0.021]	[-0.053  0.099  0.021 -0.067 -0.056  0.128 -0.05  -0.021]	0.67	1.95	1.4	0.12	0.07	0.31	0.04	0.32	0.17	0.43	0.2		0.9504389047816206	0.2	False	0.11
2	['Pt', 'Pd', 'Au', 'Ru', 'Rh', 'Ir', 'Re', 'Os']	22	[0.445 0.208 0.299 0.012 0.005 0.01  0.001 0.028]	[-0.02  -0.005  0.139 -0.005 -0.009  0.066 -0.052 -0.114]	0.67	1.95	1.4	0.12	0.07	0.31	0.04	0.32	0.17	0.43	0.2		1.0030171472802407	0.2	False	0.127
3	['Pt', 'Pd', 'Au', 'Ru', 'Rh', 'Ir', 'Re', 'Os']	22	[0.324 0.273 0.354 0.    0.019 0.027 0.002 0.005]	[-0.131  0.098  0.079 -0.003 -0.06   0.029 -0.043  0.031]	0.67	1.95	1.4	0.12	0.07	0.31	0.04	0.32	0.17	0.43	0.2		0.9544013104028477	0.201	False	0.119
4	['Pt', 'Pd', 'Au', 'Ru', 'Rh', 'Ir', 'Re', 'Os']	22	[0.412 0.205 0.326 0.009 0.024 0.012 0.001 0.007]	[ 0.094 -0.047  0.079 -0.047  0.067 -0.002 -0.126 -0.017]	0.67	1.95	1.4	0.12	0.07	0.31	0.04	0.32	0.17	0.43	0.2		0.9798285316056543	0.2	False	0.126
5	['Pt', 'Pd', 'Au', 'Ru', 'Rh', 'Ir', 'Re', 'Os']	22	[0.192 0.102 0.168 0.015 0.009 0.465 0.03  0.015]	[ 0.001 -0.013 -0.06   0.008  0.022  0.045 -0.013  0.01 ]	0.67	1.95	1.4	0.12	0.07	0.31	0.04	0.32	0.17	0.43	0.2		0.26861657789568855	0.081	False	0.538
6	['Pt', 'Pd', 'Au', 'Ru', 'Rh', 'Ir', 'Re', 'Os']	22	[0.395 0.257 0.296 0.001 0.005 0.018 0.007 0.013]	[ 0.077  0.102 -0.111  0.023 -0.066  0.038  0.008 -0.071]	0.67	1.95	1.4	0.12	0.07	0.31	0.04	0.32	0.17	0.43	0.2		1.0091859843269908	0.2	False	0.1
7	['Pt', 'Pd', 'Au', 'Ru', 'Rh', 'Ir', 'Re', 'Os']	22	[0.381 0.244 0.293 0.    0.008 0.033 0.02  0.021]	[-0.049  0.135 -0.007 -0.035 -0.052  0.096 -0.078 -0.009]	0.67	1.95	1.4	0.12	0.07	0.31	0.04	0.32	0.17	0.43	0.2		0.9829936968814115	0.2	False	0.094
0	['Pt', 'Pd', 'Au', 'Ru', 'Rh', 'Ir', 'Re', 'Os']	23	[0.361 0.292 0.292 0.005 0.008 0.    0.026 0.001]	[ 0.053  0.138 -0.084 -0.058  0.04   0.013 -0.073 -0.028]	0.67	1.95	1.4	0.12	0.07	0.31	0.04	0.32	0.17	0.43	0.2		1.003935173650793	0.2	False	0.112
1	['Pt', 'Pd', 'Au', 'Ru', 'Rh', 'Ir', 'Re', 'Os']	23	[0.402 0.263 0.28  0.017 0.012 0.009 0.012 0.003]	[ 0.04   0.104 -0.019  0.035 -0.098  0.074 -0.096 -0.04 ]	0.67	1.95	1.4	0.12	0.07	0.31	0.04	0.32	0.17	0.43	0.2		1.0042323869766356	0.2	False	0.115
2	['Pt', 'Pd', 'Au', 'Ru', 'Rh', 'Ir', 'Re', 'Os']	23	[0.386 0.289 0.244 0.    0.006 0.042 0.035 0.007]	[-0.071  0.148 -0.065  0.017 -0.018  0.065 -0.065 -0.012]	0.67	1.95	1.4	0.12	0.07	0.31	0.04	0.32	0.17	0.43	0.2		0.9499115090449206	0.2	False	0.133
3	['Pt', 'Pd', 'Au', 'Ru', 'Rh', 'Ir', 'Re', 'Os']	23	[0.398 0.254 0.27  0.003 0.003 0.042 0.03  0.005]	[ 0.13  -0.005 -0.099 -0.01  -0.01   0.088 -0.067 -0.028]	0.67	1.95	1.4	0.12	0.07	0.31	0.04	0.32	0.17	0.43	0.2		0.9594034562308515	0.2	False	0.122
4	['Pt', 'Pd', 'Au', 'Ru', 'Rh', 'Ir', 'Re', 'Os']	23	[0.51  0.092 0.312 0.005 0.006 0.05  0.014 0.007]	[ 0.136 -0.124 -0.002 -0.013 -0.008  0.064 -0.043 -0.01 ]	0.67	1.95	1.4	0.12	0.07	0.31	0.04	0.32	0.17	0.43	0.2		0.8105031987661746	0.2	False	0.249
5	['Pt', 'Pd', 'Au', 'Ru', 'Rh', 'Ir', 'Re', 'Os']	23	[0.192 0.184 0.057 0.002 0.046 0.46  0.014 0.039]	[-0.01   0.076 -0.126  0.001  0.029 -0.015  0.031  0.015]	0.67	1.95	1.4	0.12	0.07	0.31	0.04	0.32	0.17	0.43	0.2		0.3005747130517993	0.154	False	0.553
6	['Pt', 'Pd', 'Au', 'Ru', 'Rh', 'Ir', 'Re', 'Os']	23	[0.405 0.259 0.252 0.028 0.01  0.035 0.001 0.002]	[ 0.08   0.063 -0.036 -0.107 -0.038  0.113 -0.042 -0.034]	0.67	1.95	1.4	0.12	0.07	0.31	0.04	0.32	0.17	0.43	0.2		0.9650198863691357	0.2	False	0.131
7	['Pt', 'Pd', 'Au', 'Ru', 'Rh', 'Ir', 'Re', 'Os']	23	[0.419 0.29  0.256 0.002 0.013 0.004 0.002 0.013]	[ 0.089  0.106 -0.066 -0.07  -0.076  0.054  0.013 -0.049]	0.67	1.95	1.4	0.12	0.07	0.31	0.04	0.32	0.17	0.43	0.2		1.013612247933197	0.2	False	0.127
0	['Pt', 'Pd', 'Au', 'Ru', 'Rh', 'Ir', 'Re', 'Os']	24	[0.405 0.261 0.23  0.011 0.021 0.017 0.007 0.031]	[ 0.134  0.004 -0.049  0.002 -0.089  0.046  0.042 -0.089]	0.67	1.95	1.4	0.12	0.07	0.31	0.04	0.32	0.17	0.43	0.2		0.9869341203148294	0.2	False	0.117
1	['Pt', 'Pd', 'Au', 'Ru', 'Rh', 'Ir', 'Re', 'Os']	24	[0.418 0.269 0.233 0.036 0.019 0.001 0.005 0.017]	[ 0.088  0.07  -0.024 -0.134  0.004  0.04   0.033 -0.078]	0.67	1.95	1.4	0.12	0.07	0.31	0.04	0.32	0.17	0.43	0.2		0.9988611556056028	0.2	False	0.134
2	['Pt', 'Pd', 'Au', 'Ru', 'Rh', 'Ir', 'Re', 'Os']	24	[0.448 0.265 0.215 0.01  0.005 0.035 0.02  0.012]	[ 0.115 -0.011 -0.019 -0.073 -0.05   0.103  0.019 -0.085]	0.67	1.95	1.4	0.12	0.07	0.31	0.04	0.32	0.17	0.43	0.2		0.9454613418039493	0.2	False	0.163
3	['Pt', 'Pd', 'Au', 'Ru', 'Rh', 'Ir', 'Re', 'Os']	24	[0.467 0.241 0.23  0.004 0.024 0.013 0.011 0.017]	[ 0.131 -0.001 -0.044 -0.017 -0.083  0.079  0.02  -0.086]	0.67	1.95	1.4	0.12	0.07	0.31	0.04	0.32	0.17	0.43	0.2		0.9600952125338018	0.201	False	0.163
4	['Pt', 'Pd', 'Au', 'Ru', 'Rh', 'Ir', 'Re', 'Os']	24	[0.485 0.207 0.254 0.005 0.001 0.015 0.016 0.012]	[-0.02   0.151 -0.061 -0.025  0.003  0.073 -0.066 -0.054]	0.67	1.95	1.4	0.12	0.07	0.31	0.04	0.32	0.17	0.43	0.2		0.9512722026856806	0.2	False	0.174
5	['Pt', 'Pd', 'Au', 'Ru', 'Rh', 'Ir', 'Re', 'Os']	24	[0.195 0.084 0.203 0.002 0.09  0.396 0.017 0.009]	[-0.006 -0.111  0.139 -0.013  0.035 -0.074 -0.006  0.037]	0.67	1.95	1.4	0.12	0.07	0.31	0.04	0.32	0.17	0.43	0.2		0.26045201903336934	0.2	False	0.484
6	['Pt', 'Pd', 'Au', 'Ru', 'Rh', 'Ir', 'Re', 'Os']	24	[0.398 0.238 0.286 0.016 0.007 0.02  0.007 0.021]	[ 0.022 -0.005  0.102  0.013 -0.073  0.1   -0.055 -0.104]	0.67	1.95	1.4	0.12	0.07	0.31	0.04	0.32	0.17	0.43	0.2		1.0017331860777767	0.2	False	0.098
7	['Pt', 'Pd', 'Au', 'Ru', 'Rh', 'Ir', 'Re', 'Os']	24	[0.465 0.228 0.243 0.001 0.016 0.004 0.039 0.003]	[ 0.14  -0.064  0.028 -0.053 -0.006  0.03  -0.104  0.028]	0.67	1.95	1.4	0.12	0.07	0.31	0.04	0.32	0.17	0.43	0.2		0.9538795679325767	0.2	False	0.168
0	['Pt', 'Pd', 'Au', 'Ru', 'Rh', 'Ir', 'Re', 'Os']	25	[0.39  0.234 0.292 0.016 0.035 0.004 0.002 0.01 ]	[-0.018 -0.042  0.139 -0.073  0.08  -0.024 -0.079  0.017]	0.67	1.95	1.4	0.12	0.07	0.31	0.04	0.32	0.17	0.43	0.2		0.9923444278758065	0.2	False	0.107
1	['Pt', 'Pd', 'Au', 'Ru', 'Rh', 'Ir', 'Re', 'Os']	25	[0.423 0.223 0.272 0.051 0.02  0.005 0.003 0.001]	[ 0.026 -0.072  0.092  0.132 -0.055 -0.051 -0.047 -0.026]	0.67	1.95	1.4	0.12	0.07	0.31	0.04	0.32	0.17	0.43	0.2		0.9800130814524297	0.2	False	0.14
2	['Pt', 'Pd', 'Au', 'Ru', 'Rh', 'Ir', 'Re', 'Os']	25	[0.479 0.199 0.274 0.    0.003 0.036 0.003 0.017]	[ 0.056 -0.112  0.105 -0.022 -0.024  0.089 -0.048 -0.043]	0.67	1.95	1.4	0.12	0.07	0.31	0.04	0.32	0.17	0.43	0.2		0.9443005433357738	0.2	False	0.168
3	['Pt', 'Pd', 'Au', 'Ru', 'Rh', 'Ir', 'Re', 'Os']	25	[0.398 0.23  0.312 0.014 0.033 0.001 0.016 0.001]	[-0.078  0.007  0.145 -0.025  0.074 -0.022 -0.075 -0.025]	0.67	1.95	1.4	0.12	0.07	0.31	0.04	0.32	0.17	0.43	0.2		0.9894152014393569	0.2	False	0.119
4	['Pt', 'Pd', 'Au', 'Ru', 'Rh', 'Ir', 'Re', 'Os']	25	[0.356 0.321 0.259 0.003 0.029 0.012 0.001 0.014]	[-0.144  0.135  0.009 -0.009  0.021  0.     0.003 -0.015]	0.67	1.95	1.4	0.12	0.07	0.31	0.04	0.32	0.17	0.43	0.2		0.9838946347803097	0.2	False	0.123
5	['Pt', 'Pd', 'Au', 'Ru', 'Rh', 'Ir', 'Re', 'Os']	25	[0.181 0.114 0.117 0.008 0.061 0.453 0.009 0.056]	[-0.041  0.011 -0.126 -0.017  0.134  0.043 -0.034  0.031]	0.67	1.95	1.4	0.12	0.07	0.31	0.04	0.32	0.17	0.43	0.2		0.28531141871347376	0.2	False	0.54
6	['Pt', 'Pd', 'Au', 'Ru', 'Rh', 'Ir', 'Re', 'Os']	25	[0.381 0.219 0.345 0.036 0.    0.003 0.005 0.003]	[-0.004 -0.008  0.147 -0.135 -0.006 -0.006 -0.002  0.014]	0.67	1.95	1.4	0.12	0.07	0.31	0.04	0.32	0.17	0.43	0.2		0.9969948815540881	0.2	False	0.121
7	['Pt', 'Pd', 'Au', 'Ru', 'Rh', 'Ir', 'Re', 'Os']	25	[0.389 0.223 0.32  0.018 0.003 0.007 0.039 0.   ]	[-0.096  0.007  0.126 -0.06  -0.025 -0.012  0.096 -0.035]	0.67	1.95	1.4	0.12	0.07	0.31	0.04	0.32	0.17	0.43	0.2		0.9847902431172355	0.2	False	0.121
0	['Pt', 'Pd', 'Au', 'Ru', 'Rh', 'Ir', 'Re', 'Os']	26	[0.318 0.207 0.385 0.011 0.017 0.032 0.001 0.012]	[-0.075 -0.012  0.158  0.01  -0.015  0.046 -0.041 -0.071]	0.67	1.95	1.4	0.12	0.07	0.31	0.04	0.32	0.17	0.43	0.2		0.9039751238850977	0.2	False	0.139
1	['Pt', 'Pd', 'Au', 'Ru', 'Rh', 'Ir', 'Re', 'Os']	26	[0.348 0.178 0.386 0.006 0.011 0.046 0.017 0.004]	[-0.068 -0.032  0.16  -0.06   0.011  0.056 -0.037 -0.03 ]	0.67	1.95	1.4	0.12	0.07	0.31	0.04	0.32	0.17	0.43	0.2		0.8812087879036068	0.201	False	0.156
2	['Pt', 'Pd', 'Au', 'Ru', 'Rh', 'Ir', 'Re', 'Os']	26	[0.409 0.201 0.338 0.013 0.001 0.037 0.002 0.011]	[-0.087  0.024  0.121 -0.058 -0.041  0.099 -0.049 -0.01 ]	0.67	1.95	1.4	0.12	0.07	0.31	0.04	0.32	0.17	0.43	0.2		0.9647344664901756	0.2	False	0.13
3	['Pt', 'Pd', 'Au', 'Ru', 'Rh', 'Ir', 'Re', 'Os']	26	[0.341 0.224 0.368 0.01  0.018 0.01  0.014 0.02 ]	[-0.067  0.032  0.151 -0.003 -0.036  0.024 -0.003 -0.099]	0.67	1.95	1.4	0.12	0.07	0.31	0.04	0.32	0.17	0.43	0.2		0.9692246742423734	0.2	False	0.112
4	['Pt', 'Pd', 'Au', 'Ru', 'Rh', 'Ir', 'Re', 'Os']	26	[0.38  0.194 0.345 0.    0.004 0.043 0.009 0.02 ]	[ 0.036 -0.14   0.108 -0.024  0.035  0.05  -0.011 -0.054]	0.67	1.95	1.4	0.12	0.07	0.31	0.04	0.32	0.17	0.43	0.2		0.9459092047032125	0.2	False	0.12
5	['Pt', 'Pd', 'Au', 'Ru', 'Rh', 'Ir', 'Re', 'Os']	26	[0.16  0.104 0.191 0.03  0.015 0.447 0.004 0.047]	[-0.033 -0.02   0.075  0.016 -0.099 -0.016 -0.014  0.091]	0.67	1.95	1.4	0.12	0.07	0.31	0.04	0.32	0.17	0.43	0.2		0.25801062873388947	0.161	False	0.523
6	['Pt', 'Pd', 'Au', 'Ru', 'Rh', 'Ir', 'Re', 'Os']	26	[0.361 0.182 0.366 0.014 0.01  0.029 0.    0.03 ]	[ 0.023 -0.01   0.101  0.059 -0.086  0.07  -0.054 -0.103]	0.67	1.95	1.4	0.12	0.07	0.31	0.04	0.32	0.17	0.43	0.2		0.9421817873747569	0.2	False	0.123
7	['Pt', 'Pd', 'Au', 'Ru', 'Rh', 'Ir', 'Re', 'Os']	26	[0.368 0.207 0.336 0.006 0.001 0.046 0.026 0.01 ]	[ 0.024  0.032  0.082 -0.01  -0.049  0.093 -0.138 -0.035]	0.67	1.95	1.4	0.12	0.07	0.31	0.04	0.32	0.17	0.43	0.2		0.9356027306969932	0.2	False	0.12
0	['Pt', 'Pd', 'Au', 'Ru', 'Rh', 'Ir', 'Re', 'Os']	27	[0.308 0.242 0.327 0.003 0.009 0.066 0.022 0.003]	[ 0.019  0.088 -0.055 -0.026 -0.052  0.136 -0.075 -0.034]	0.67	1.95	1.4	0.12	0.07	0.31	0.04	0.32	0.17	0.43	0.2		0.8743156079476166	0.2	False	0.13
1	['Pt', 'Pd', 'Au', 'Ru', 'Rh', 'Ir', 'Re', 'Os']	27	[0.359 0.257 0.308 0.019 0.001 0.04  0.008 0.005]	[ 0.029  0.119 -0.09  -0.021 -0.058  0.1   -0.033 -0.047]	0.67	1.95	1.4	0.12	0.07	0.31	0.04	0.32	0.17	0.43	0.2		0.9666011762218594	0.2	False	0.106
2	['Pt', 'Pd', 'Au', 'Ru', 'Rh', 'Ir', 'Re', 'Os']	27	[0.38  0.269 0.293 0.003 0.015 0.028 0.005 0.02 ]	[-0.011  0.128 -0.034  0.022 -0.062  0.092 -0.052 -0.082]	0.67	1.95	1.4	0.12	0.07	0.31	0.04	0.32	0.17	0.43	0.2		0.998783922087576	0.2	False	0.094
3	['Pt', 'Pd', 'Au', 'Ru', 'Rh', 'Ir', 'Re', 'Os']	27	[0.37  0.229 0.323 0.017 0.018 0.023 0.018 0.007]	[ 0.106  0.058 -0.043 -0.017 -0.063  0.066 -0.122  0.015]	0.67	1.95	1.4	0.12	0.07	0.31	0.04	0.32	0.17	0.43	0.2		0.970156896727056	0.2	False	0.107
4	['Pt', 'Pd', 'Au', 'Ru', 'Rh', 'Ir', 'Re', 'Os']	27	[0.389 0.142 0.302 0.015 0.002 0.071 0.051 0.021]	[ 0.053 -0.084 -0.064  0.019  0.006  0.096 -0.102  0.076]	0.67	1.95	1.4	0.12	0.07	0.31	0.04	0.32	0.17	0.43	0.2		0.837888907174027	0.2	False	0.165
5	['Pt', 'Pd', 'Au', 'Ru', 'Rh', 'Ir', 'Re', 'Os']	27	[0.149 0.111 0.174 0.06  0.039 0.426 0.036 0.004]	[-0.015  0.005 -0.022  0.03   0.045 -0.026  0.033 -0.05 ]	0.67	1.95	1.4	0.12	0.07	0.31	0.04	0.32	0.17	0.43	0.2		0.2128919185716011	0.089	False	0.522
6	['Pt', 'Pd', 'Au', 'Ru', 'Rh', 'Ir', 'Re', 'Os']	27	[0.356 0.244 0.346 0.021 0.002 0.017 0.003 0.003]	[ 0.002  0.134 -0.027 -0.108 -0.041  0.065 -0.055  0.03 ]	0.67	1.95	1.4	0.12	0.07	0.31	0.04	0.32	0.17	0.43	0.2		0.9854335299391754	0.2	False	0.111
7	['Pt', 'Pd', 'Au', 'Ru', 'Rh', 'Ir', 'Re', 'Os']	27	[0.416 0.246 0.307 0.002 0.025 0.004 0.001 0.   ]	[ 0.101  0.082 -0.056 -0.054 -0.105  0.052  0.029 -0.048]	0.67	1.95	1.4	0.12	0.07	0.31	0.04	0.32	0.17	0.43	0.2		1.0042692188484703	0.2	False	0.123
0	['Pt', 'Pd', 'Au', 'Ru', 'Rh', 'Ir', 'Re', 'Os']	28	[0.376 0.226 0.234 0.018 0.002 0.103 0.013 0.011]	[ 0.11  -0.024 -0.146  0.01  -0.011  0.061  0.034 -0.033]	0.67	1.95	1.4	0.12	0.07	0.31	0.04	0.32	0.17	0.43	0.2		0.8430952501150009	0.2	False	0.157
1	['Pt', 'Pd', 'Au', 'Ru', 'Rh', 'Ir', 'Re', 'Os']	28	[0.45  0.258 0.228 0.014 0.014 0.025 0.005 0.002]	[ 0.137  0.015 -0.094  0.001 -0.059  0.076 -0.041 -0.035]	0.67	1.95	1.4	0.12	0.07	0.31	0.04	0.32	0.17	0.43	0.2		0.955466108030421	0.2	False	0.161
2	['Pt', 'Pd', 'Au', 'Ru', 'Rh', 'Ir', 'Re', 'Os']	28	[0.473 0.249 0.214 0.01  0.01  0.029 0.007 0.022]	[ 0.142 -0.028 -0.117 -0.039 -0.021  0.059 -0.001  0.005]	0.67	1.95	1.4	0.12	0.07	0.31	0.04	0.32	0.17	0.43	0.2		0.9458464978744126	0.2	False	0.172
3	['Pt', 'Pd', 'Au', 'Ru', 'Rh', 'Ir', 'Re', 'Os']	28	[0.443 0.242 0.255 0.022 0.015 0.01  0.007 0.01 ]	[ 0.137  0.037 -0.098  0.047 -0.046  0.002 -0.003 -0.076]	0.67	1.95	1.4	0.12	0.07	0.31	0.04	0.32	0.17	0.43	0.2		0.9875678690982781	0.2	False	0.14
4	['Pt', 'Pd', 'Au', 'Ru', 'Rh', 'Ir', 'Re', 'Os']	28	[0.503 0.02  0.337 0.02  0.043 0.007 0.008 0.055]	[ 0.1   -0.145  0.018 -0.013  0.024  0.061 -0.063  0.017]	0.67	1.95	1.4	0.12	0.07	0.31	0.04	0.32	0.17	0.43	0.2		0.749989384773226	0.2	False	0.286
5	['Pt', 'Pd', 'Au', 'Ru', 'Rh', 'Ir', 'Re', 'Os']	28	[0.238 0.126 0.093 0.072 0.009 0.449 0.008 0.003]	[ 0.093  0.009 -0.101  0.117 -0.043  0.018 -0.067 -0.026]	0.67	1.95	1.4	0.12	0.07	0.31	0.04	0.32	0.17	0.43	0.2		0.279185101452806	0.2	False	0.536
6	['Pt', 'Pd', 'Au', 'Ru', 'Rh', 'Ir', 'Re', 'Os']	28	[0.428 0.229 0.267 0.002 0.03  0.    0.01  0.026]	[ 0.141  0.014 -0.08   0.039 -0.072  0.034 -0.001 -0.075]	0.67	1.95	1.4	0.12	0.07	0.31	0.04	0.32	0.17	0.43	0.2		1.000000319741094	0.2	False	0.119
7	['Pt', 'Pd', 'Au', 'Ru', 'Rh', 'Ir', 'Re', 'Os']	28	[0.481 0.252 0.221 0.005 0.001 0.001 0.034 0.005]	[ 0.135  0.041 -0.105 -0.003  0.041  0.008 -0.072 -0.046]	0.67	1.95	1.4	0.12	0.07	0.31	0.04	0.32	0.17	0.43	0.2		0.9552190463984565	0.2	False	0.183
0	['Pt', 'Pd', 'Au', 'Ru', 'Rh', 'Ir', 'Re', 'Os']	29	[0.397 0.248 0.279 0.004 0.004 0.049 0.    0.002]	[ 0.002  0.003  0.036 -0.018 -0.054  0.164 -0.066 -0.066]	0.67	1.95	1.4	0.12	0.07	0.31	0.04	0.32	0.17	0.43	0.2		0.9586281894512434	0.2	False	0.121
1	['Pt', 'Pd', 'Au', 'Ru', 'Rh', 'Ir', 'Re', 'Os']	29	[0.419 0.181 0.314 0.023 0.002 0.039 0.008 0.01 ]	[-0.012 -0.074  0.144 -0.004 -0.029  0.083 -0.049 -0.059]	0.67	1.95	1.4	0.12	0.07	0.31	0.04	0.32	0.17	0.43	0.2		0.9411474504376454	0.2	False	0.141
2	['Pt', 'Pd', 'Au', 'Ru', 'Rh', 'Ir', 'Re', 'Os']	29	[0.484 0.189 0.238 0.006 0.003 0.059 0.027 0.009]	[ 0.053 -0.046  0.071  0.019 -0.056  0.118 -0.078 -0.08 ]	0.67	1.95	1.4	0.12	0.07	0.31	0.04	0.32	0.17	0.43	0.2		0.8781157391654903	0.2	False	0.195
3	['Pt', 'Pd', 'Au', 'Ru', 'Rh', 'Ir', 'Re', 'Os']	29	[0.428 0.217 0.271 0.001 0.009 0.036 0.02  0.023]	[ 0.023  0.005  0.081  0.055 -0.059  0.087 -0.109 -0.083]	0.67	1.95	1.4	0.12	0.07	0.31	0.04	0.32	0.17	0.43	0.2		0.9643612801792529	0.2	False	0.125
4	['Pt', 'Pd', 'Au', 'Ru', 'Rh', 'Ir', 'Re', 'Os']	29	[0.456 0.188 0.301 0.003 0.006 0.023 0.002 0.013]	[-0.049  0.173 -0.037  0.013 -0.059  0.022 -0.02  -0.043]	0.67	1.95	1.4	0.12	0.07	0.31	0.04	0.32	0.17	0.43	0.2		0.9616034197419647	0.2	False	0.152
5	['Pt', 'Pd', 'Au', 'Ru', 'Rh', 'Ir', 'Re', 'Os']	29	[0.171 0.09  0.142 0.066 0.028 0.443 0.007 0.048]	[-0.095 -0.058  0.043  0.125  0.007 -0.023 -0.037  0.038]	0.67	1.95	1.4	0.12	0.07	0.31	0.04	0.32	0.17	0.43	0.2		0.24811743763668842	0.182	False	0.535
6	['Pt', 'Pd', 'Au', 'Ru', 'Rh', 'Ir', 'Re', 'Os']	29	[0.432 0.208 0.279 0.033 0.011 0.017 0.007 0.007]	[ 0.065  0.003  0.085 -0.153  0.016  0.04  -0.056  0.001]	0.67	1.95	1.4	0.12	0.07	0.31	0.04	0.32	0.17	0.43	0.2		0.9714872094455373	0.2	False	0.138
7	['Pt', 'Pd', 'Au', 'Ru', 'Rh', 'Ir', 'Re', 'Os']	29	[0.417 0.208 0.278 0.    0.01  0.042 0.002 0.042]	[-0.081 -0.047  0.126 -0.033  0.001  0.058  0.061 -0.085]	0.67	1.95	1.4	0.12	0.07	0.31	0.04	0.32	0.17	0.43	0.2		0.9709718838121295	0.2	False	0.109
0	['Pt', 'Pd', 'Au', 'Ru', 'Rh', 'Ir', 'Re', 'Os']	30	[0.366 0.223 0.345 0.004 0.011 0.023 0.009 0.002]	[-0.025 -0.015  0.132 -0.052 -0.033  0.107 -0.064 -0.049]	0.67	1.95	1.4	0.12	0.07	0.31	0.04	0.32	0.17	0.43	0.2		0.9670676461157965	0.2	False	0.116
1	['Pt', 'Pd', 'Au', 'Ru', 'Rh', 'Ir', 'Re', 'Os']	30	[0.406 0.213 0.281 0.003 0.02  0.058 0.003 0.013]	[-0.002  0.08  -0.038 -0.016 -0.085  0.145 -0.043 -0.041]	0.67	1.95	1.4	0.12	0.07	0.31	0.04	0.32	0.17	0.43	0.2		0.9295436405995448	0.2	False	0.127
2	['Pt', 'Pd', 'Au', 'Ru', 'Rh', 'Ir', 'Re', 'Os']	30	[0.472 0.225 0.274 0.01  0.004 0.024 0.002 0.003]	[-0.035  0.062  0.062 -0.088 -0.074  0.12   0.013 -0.06 ]	0.67	1.95	1.4	0.12	0.07	0.31	0.04	0.32	0.17	0.43	0.2		0.9662913036490655	0.2	False	0.162
3	['Pt', 'Pd', 'Au', 'Ru', 'Rh', 'Ir', 'Re', 'Os']	30	[0.419 0.223 0.321 0.03  0.002 0.002 0.001 0.01 ]	[-0.007  0.026  0.125 -0.131 -0.063  0.049  0.006 -0.005]	0.67	1.95	1.4	0.12	0.07	0.31	0.04	0.32	0.17	0.43	0.2		1.0151236630649512	0.2	False	0.122
4	['Pt', 'Pd', 'Au', 'Ru', 'Rh', 'Ir', 'Re', 'Os']	30	[0.368 0.284 0.237 0.018 0.008 0.059 0.005 0.012]	[-0.083  0.138 -0.055 -0.043 -0.01   0.09  -0.037 -0.   ]	0.67	1.95	1.4	0.12	0.07	0.31	0.04	0.32	0.17	0.43	0.2		0.9297186855257948	0.201	False	0.131
5	['Pt', 'Pd', 'Au', 'Ru', 'Rh', 'Ir', 'Re', 'Os']	30	[0.224 0.115 0.16  0.002 0.002 0.458 0.018 0.018]	[ 0.04  -0.004 -0.015  0.056 -0.084 -0.02  -0.026  0.053]	0.67	1.95	1.4	0.12	0.07	0.31	0.04	0.32	0.17	0.43	0.2		0.2971401410238081	0.126	False	0.52
6	['Pt', 'Pd', 'Au', 'Ru', 'Rh', 'Ir', 'Re', 'Os']	30	[0.396 0.186 0.329 0.011 0.023 0.005 0.022 0.022]	[-0.017  0.005  0.119  0.078 -0.101  0.026 -0.017 -0.093]	0.67	1.95	1.4	0.12	0.07	0.31	0.04	0.32	0.17	0.43	0.2		0.9724638138089476	0.2	False	0.12
7	['Pt', 'Pd', 'Au', 'Ru', 'Rh', 'Ir', 'Re', 'Os']	30	[0.417 0.194 0.299 0.018 0.019 0.038 0.007 0.007]	[ 0.015 -0.009  0.05  -0.086 -0.101  0.111 -0.051  0.071]	0.67	1.95	1.4	0.12	0.07	0.31	0.04	0.32	0.17	0.43	0.2		0.9400429585417787	0.201	False	0.136
