ID	Elements	Generation	Position	Velocity	F_damp	F_b_best	F_h_best	F_g_best	F_b_worst	F_h_worst	F_g_worst	mut_prob	flip_prob	mut_rate	v_max	v_min	Activity	Velocity_mag	Flag	Distance
0	['Pt', 'Pd', 'Au', 'Ru', 'Rh', 'Ir', 'Re', 'Os']	0	[0.79 0.03 0.03 0.03 0.03 0.03 0.03 0.03]	[-0.187  0.027  0.027  0.027  0.027  0.027  0.027  0.027]	0.63	1.11	1.0	1.76	0.08	0.11	0.02	0.13	0.54	0.19	0.2		0.4429187652207028	0.2	False	0.569
1	['Pt', 'Pd', 'Au', 'Ru', 'Rh', 'Ir', 'Re', 'Os']	0	[0.03 0.79 0.03 0.03 0.03 0.03 0.03 0.03]	[ 0.027 -0.187  0.027  0.027  0.027  0.027  0.027  0.027]	0.63	1.11	1.0	1.76	0.08	0.11	0.02	0.13	0.54	0.19	0.2		0.20560014505118765	0.2	False	0.689
2	['Pt', 'Pd', 'Au', 'Ru', 'Rh', 'Ir', 'Re', 'Os']	0	[0.03 0.03 0.79 0.03 0.03 0.03 0.03 0.03]	[ 0.027  0.027 -0.187  0.027  0.027  0.027  0.027  0.027]	0.63	1.11	1.0	1.76	0.08	0.11	0.02	0.13	0.54	0.19	0.2		0.2149894158498778	0.2	False	0.632
3	['Pt', 'Pd', 'Au', 'Ru', 'Rh', 'Ir', 'Re', 'Os']	0	[0.03 0.03 0.03 0.79 0.03 0.03 0.03 0.03]	[ 0.027  0.027  0.027 -0.187  0.027  0.027  0.027  0.027]	0.63	1.11	1.0	1.76	0.08	0.11	0.02	0.13	0.54	0.19	0.2		0.12265296114671781	0.2	False	0.925
4	['Pt', 'Pd', 'Au', 'Ru', 'Rh', 'Ir', 'Re', 'Os']	0	[0.03 0.03 0.03 0.03 0.79 0.03 0.03 0.03]	[ 0.027  0.027  0.027  0.027 -0.187  0.027  0.027  0.027]	0.63	1.11	1.0	1.76	0.08	0.11	0.02	0.13	0.54	0.19	0.2		0.2961943697576309	0.2	False	0.925
5	['Pt', 'Pd', 'Au', 'Ru', 'Rh', 'Ir', 'Re', 'Os']	0	[0.03 0.03 0.03 0.03 0.03 0.79 0.03 0.03]	[ 0.027  0.027  0.027  0.027  0.027 -0.187  0.027  0.027]	0.63	1.11	1.0	1.76	0.08	0.11	0.02	0.13	0.54	0.19	0.2		0.3414716944973704	0.2	False	0.925
6	['Pt', 'Pd', 'Au', 'Ru', 'Rh', 'Ir', 'Re', 'Os']	0	[0.03 0.03 0.03 0.03 0.03 0.03 0.79 0.03]	[ 0.027  0.027  0.027  0.027  0.027  0.027 -0.187  0.027]	0.63	1.11	1.0	1.76	0.08	0.11	0.02	0.13	0.54	0.19	0.2		0.3145140039050876	0.2	False	0.925
7	['Pt', 'Pd', 'Au', 'Ru', 'Rh', 'Ir', 'Re', 'Os']	0	[0.03 0.03 0.03 0.03 0.03 0.03 0.03 0.79]	[ 0.027  0.027  0.027  0.027  0.027  0.027  0.027 -0.187]	0.63	1.11	1.0	1.76	0.08	0.11	0.02	0.13	0.54	0.19	0.2		0.32838217395326336	0.2	False	0.839
0	['Pt', 'Pd', 'Au', 'Ru', 'Rh', 'Ir', 'Re', 'Os']	1	[0.756 0.032 0.032 0.052 0.031 0.032 0.032 0.032]	[-0.05  -0.004 -0.004  0.078 -0.006 -0.004 -0.004 -0.004]	0.63	1.11	1.0	1.76	0.08	0.11	0.02	0.13	0.54	0.19	0.2		0.4575035829479267	0.094	False	0.543
1	['Pt', 'Pd', 'Au', 'Ru', 'Rh', 'Ir', 'Re', 'Os']	1	[0.172 0.649 0.031 0.025 0.031 0.029 0.031 0.031]	[ 0.142 -0.141  0.001 -0.005  0.001 -0.001  0.001  0.001]	0.63	1.11	1.0	1.76	0.08	0.11	0.02	0.13	0.54	0.19	0.2		0.3670723487315112	0.2	False	0.521
2	['Pt', 'Pd', 'Au', 'Ru', 'Rh', 'Ir', 'Re', 'Os']	1	[0.171 0.031 0.649 0.025 0.031 0.031 0.031 0.031]	[ 0.141  0.001 -0.141 -0.005  0.001  0.001  0.001  0.001]	0.63	1.11	1.0	1.76	0.08	0.11	0.02	0.13	0.54	0.19	0.2		0.3539340808599202	0.199	False	0.458
3	['Pt', 'Pd', 'Au', 'Ru', 'Rh', 'Ir', 'Re', 'Os']	1	[0.126 0.001 0.    0.874 0.    0.    0.    0.   ]	[ 0.133 -0.036 -0.041  0.11  -0.041 -0.041 -0.041 -0.041]	0.63	1.11	1.0	1.76	0.08	0.11	0.02	0.13	0.54	0.19	0.2		0.1663094774487639	0.199	False	0.988
4	['Pt', 'Pd', 'Au', 'Ru', 'Rh', 'Ir', 'Re', 'Os']	1	[0.171 0.031 0.031 0.025 0.649 0.031 0.031 0.031]	[ 0.141  0.001  0.001 -0.005 -0.141  0.001  0.001  0.001]	0.63	1.11	1.0	1.76	0.08	0.11	0.02	0.13	0.54	0.19	0.2		0.30070718320270307	0.199	False	0.762
5	['Pt', 'Pd', 'Au', 'Ru', 'Rh', 'Ir', 'Re', 'Os']	1	[0.172 0.032 0.032 0.025 0.03  0.649 0.029 0.032]	[ 0.142  0.002  0.002 -0.005 -0.    -0.141 -0.001  0.002]	0.63	1.11	1.0	1.76	0.08	0.11	0.02	0.13	0.54	0.19	0.2		0.3269124172192957	0.2	False	0.761
6	['Pt', 'Pd', 'Au', 'Ru', 'Rh', 'Ir', 'Re', 'Os']	1	[0.171 0.031 0.031 0.025 0.031 0.031 0.649 0.031]	[ 0.141  0.001  0.001 -0.005  0.001  0.001 -0.141  0.001]	0.63	1.11	1.0	1.76	0.08	0.11	0.02	0.13	0.54	0.19	0.2		0.30714692156651163	0.199	False	0.762
7	['Pt', 'Pd', 'Au', 'Ru', 'Rh', 'Ir', 'Re', 'Os']	1	[0.171 0.031 0.031 0.025 0.031 0.031 0.031 0.649]	[ 0.141  0.001  0.001 -0.005  0.001  0.001  0.001 -0.141]	0.63	1.11	1.0	1.76	0.08	0.11	0.02	0.13	0.54	0.19	0.2		0.3688241333902895	0.199	False	0.676
0	['Pt', 'Pd', 'Au', 'Ru', 'Rh', 'Ir', 'Re', 'Os']	2	[0.797 0.015 0.018 0.101 0.015 0.018 0.018 0.018]	[ 0.041 -0.017 -0.014  0.049 -0.016 -0.014 -0.014 -0.014]	0.63	1.11	1.0	1.76	0.08	0.11	0.02	0.13	0.54	0.19	0.2		0.4283855835692125	0.074	False	0.594
1	['Pt', 'Pd', 'Au', 'Ru', 'Rh', 'Ir', 'Re', 'Os']	2	[0.314 0.508 0.032 0.022 0.031 0.03  0.032 0.032]	[ 0.142 -0.141  0.001 -0.003 -0.     0.001  0.001  0.001]	0.63	1.11	1.0	1.76	0.08	0.11	0.02	0.13	0.54	0.19	0.2		0.6206370785284124	0.2	False	0.384
2	['Pt', 'Pd', 'Au', 'Ru', 'Rh', 'Ir', 'Re', 'Os']	2	[0.313 0.032 0.508 0.022 0.031 0.032 0.032 0.032]	[ 0.142  0.001 -0.141 -0.003  0.     0.001  0.001  0.001]	0.63	1.11	1.0	1.76	0.08	0.11	0.02	0.13	0.54	0.19	0.2		0.6031459710266528	0.2	False	0.317
3	['Pt', 'Pd', 'Au', 'Ru', 'Rh', 'Ir', 'Re', 'Os']	2	[0.123 0.    0.    0.877 0.    0.    0.    0.   ]	[ 0.096  0.013  0.013 -0.173  0.013  0.013  0.013  0.013]	0.63	1.11	1.0	1.76	0.08	0.11	0.02	0.13	0.54	0.19	0.2		0.1663945229133089	0.2	False	0.992
4	['Pt', 'Pd', 'Au', 'Ru', 'Rh', 'Ir', 'Re', 'Os']	2	[0.267 0.    0.    0.    0.734 0.    0.    0.   ]	[ 0.133 -0.042 -0.042 -0.034  0.111 -0.042 -0.042 -0.042]	0.63	1.11	1.0	1.76	0.08	0.11	0.02	0.13	0.54	0.19	0.2		0.31621422654372666	0.2	False	0.842
5	['Pt', 'Pd', 'Au', 'Ru', 'Rh', 'Ir', 'Re', 'Os']	2	[0.314 0.033 0.033 0.022 0.031 0.508 0.028 0.033]	[ 0.142  0.001  0.001 -0.003  0.001 -0.141 -0.001  0.001]	0.63	1.11	1.0	1.76	0.08	0.11	0.02	0.13	0.54	0.19	0.2		0.31700970169607534	0.2	False	0.62
6	['Pt', 'Pd', 'Au', 'Ru', 'Rh', 'Ir', 'Re', 'Os']	2	[0.309 0.033 0.033 0.023 0.032 0.033 0.504 0.033]	[ 0.138  0.002  0.002 -0.002  0.001  0.002 -0.145  0.002]	0.63	1.11	1.0	1.76	0.08	0.11	0.02	0.13	0.54	0.19	0.2		0.33093654438572134	0.2	False	0.617
7	['Pt', 'Pd', 'Au', 'Ru', 'Rh', 'Ir', 'Re', 'Os']	2	[0.312 0.031 0.031 0.022 0.031 0.032 0.031 0.508]	[ 0.141  0.     0.    -0.003  0.     0.001  0.    -0.141]	0.63	1.11	1.0	1.76	0.08	0.11	0.02	0.13	0.54	0.19	0.2		0.4534104839236466	0.199	False	0.54
0	['Pt', 'Pd', 'Au', 'Ru', 'Rh', 'Ir', 'Re', 'Os']	3	[0.665 0.16  0.024 0.066 0.022 0.015 0.024 0.024]	[-0.132  0.145  0.006 -0.035  0.007 -0.003  0.006  0.006]	0.63	1.11	1.0	1.76	0.08	0.11	0.02	0.13	0.54	0.19	0.2		0.5763401173727669	0.2	False	0.441
1	['Pt', 'Pd', 'Au', 'Ru', 'Rh', 'Ir', 'Re', 'Os']	3	[0.423 0.427 0.005 0.131 0.003 0.002 0.005 0.005]	[ 0.109 -0.081 -0.027  0.109 -0.028 -0.028 -0.027 -0.027]	0.63	1.11	1.0	1.76	0.08	0.11	0.02	0.13	0.54	0.19	0.2		0.7155527294480932	0.185	False	0.387
2	['Pt', 'Pd', 'Au', 'Ru', 'Rh', 'Ir', 'Re', 'Os']	3	[0.327 0.177 0.372 0.007 0.029 0.03  0.03  0.03 ]	[ 0.014  0.145 -0.136 -0.015 -0.002 -0.002 -0.002 -0.002]	0.63	1.11	1.0	1.76	0.08	0.11	0.02	0.13	0.54	0.19	0.2		0.8878965918263264	0.2	False	0.136
3	['Pt', 'Pd', 'Au', 'Ru', 'Rh', 'Ir', 'Re', 'Os']	3	[0.164 0.097 0.006 0.708 0.006 0.006 0.006 0.006]	[ 0.041  0.097  0.006 -0.169  0.006  0.006  0.006  0.006]	0.63	1.11	1.0	1.76	0.08	0.11	0.02	0.13	0.54	0.19	0.2		0.19882811945030698	0.2	False	0.809
4	['Pt', 'Pd', 'Au', 'Ru', 'Rh', 'Ir', 'Re', 'Os']	3	[0.287 0.119 0.003 0.005 0.575 0.001 0.003 0.003]	[ 0.021  0.12   0.004  0.004 -0.158  0.001  0.004  0.004]	0.63	1.11	1.0	1.76	0.08	0.11	0.02	0.13	0.54	0.19	0.2		0.34273082296293833	0.2	False	0.67
5	['Pt', 'Pd', 'Au', 'Ru', 'Rh', 'Ir', 'Re', 'Os']	3	[0.292 0.181 0.037 0.012 0.034 0.376 0.034 0.037]	[-0.022  0.148  0.004 -0.01   0.003 -0.132  0.006  0.004]	0.63	1.11	1.0	1.76	0.08	0.11	0.02	0.13	0.54	0.19	0.2		0.34569284857337396	0.2	False	0.474
6	['Pt', 'Pd', 'Au', 'Ru', 'Rh', 'Ir', 'Re', 'Os']	3	[0.259 0.14  0.002 0.014 0.    0.002 0.583 0.002]	[-0.122  0.127 -0.022  0.002 -0.022 -0.022  0.083 -0.022]	0.63	1.11	1.0	1.76	0.08	0.11	0.02	0.13	0.54	0.19	0.2		0.3423130119818599	0.2	False	0.677
7	['Pt', 'Pd', 'Au', 'Ru', 'Rh', 'Ir', 'Re', 'Os']	3	[0.327 0.17  0.032 0.01  0.031 0.032 0.032 0.365]	[ 0.015  0.139  0.001 -0.012  0.    -0.     0.001 -0.143]	0.63	1.11	1.0	1.76	0.08	0.11	0.02	0.13	0.54	0.19	0.2		0.6248327418944017	0.2	False	0.39
0	['Pt', 'Pd', 'Au', 'Ru', 'Rh', 'Ir', 'Re', 'Os']	4	[0.528 0.183 0.162 0.027 0.026 0.021 0.027 0.027]	[-0.137  0.023  0.138 -0.039  0.004  0.006  0.003  0.003]	0.63	1.11	1.0	1.76	0.08	0.11	0.02	0.13	0.54	0.19	0.2		0.825070695139017	0.2	False	0.251
1	['Pt', 'Pd', 'Au', 'Ru', 'Rh', 'Ir', 'Re', 'Os']	4	[0.349 0.495 0.123 0.021 0.004 0.004 0.001 0.001]	[-0.078  0.071  0.123 -0.116  0.    -0.001  0.     0.   ]	0.63	1.11	1.0	1.76	0.08	0.11	0.02	0.13	0.54	0.19	0.2		0.7608917332366958	0.2	False	0.319
2	['Pt', 'Pd', 'Au', 'Ru', 'Rh', 'Ir', 'Re', 'Os']	4	[0.357 0.264 0.267 0.094 0.004 0.006 0.006 0.003]	[ 0.035  0.097 -0.112  0.082 -0.025 -0.024 -0.024 -0.027]	0.63	1.11	1.0	1.76	0.08	0.11	0.02	0.13	0.54	0.19	0.2		0.9764819555822264	0.18	False	0.14
3	['Pt', 'Pd', 'Au', 'Ru', 'Rh', 'Ir', 'Re', 'Os']	4	[0.205 0.121 0.092 0.534 0.011 0.012 0.012 0.012]	[ 0.041  0.024  0.086 -0.174  0.005  0.006  0.006  0.006]	0.63	1.11	1.0	1.76	0.08	0.11	0.02	0.13	0.54	0.19	0.2		0.3289578690921795	0.2	False	0.612
4	['Pt', 'Pd', 'Au', 'Ru', 'Rh', 'Ir', 'Re', 'Os']	4	[0.303 0.144 0.11  0.004 0.409 0.008 0.01  0.01 ]	[ 0.015  0.024  0.106  0.007 -0.167  0.006  0.006  0.006]	0.63	1.11	1.0	1.76	0.08	0.11	0.02	0.13	0.54	0.19	0.2		0.43997192033729376	0.2	False	0.474
5	['Pt', 'Pd', 'Au', 'Ru', 'Rh', 'Ir', 'Re', 'Os']	4	[0.305 0.195 0.171 0.004 0.032 0.23  0.033 0.034]	[ 0.01   0.011  0.131  0.012 -0.005 -0.149 -0.004 -0.006]	0.63	1.11	1.0	1.76	0.08	0.11	0.02	0.13	0.54	0.19	0.2		0.5339267052391145	0.2	False	0.285
6	['Pt', 'Pd', 'Au', 'Ru', 'Rh', 'Ir', 'Re', 'Os']	4	[0.274 0.163 0.117 0.001 0.007 0.009 0.422 0.009]	[ 0.015  0.023  0.115 -0.013  0.007  0.007 -0.161  0.007]	0.63	1.11	1.0	1.76	0.08	0.11	0.02	0.13	0.54	0.19	0.2		0.43902979037204115	0.201	False	0.483
7	['Pt', 'Pd', 'Au', 'Ru', 'Rh', 'Ir', 'Re', 'Os']	4	[0.333 0.186 0.166 0.006 0.028 0.029 0.03  0.218]	[ 0.004  0.014  0.132  0.012 -0.005 -0.005 -0.004 -0.149]	0.63	1.11	1.0	1.76	0.08	0.11	0.02	0.13	0.54	0.19	0.2		0.8565143041288221	0.2	False	0.197
0	['Pt', 'Pd', 'Au', 'Ru', 'Rh', 'Ir', 'Re', 'Os']	5	[0.382 0.255 0.272 0.05  0.011 0.011 0.011 0.01 ]	[-0.146  0.072  0.11   0.023 -0.015 -0.01  -0.016 -0.017]	0.63	1.11	1.0	1.76	0.08	0.11	0.02	0.13	0.54	0.19	0.2		0.9944860201453207	0.2	False	0.113
1	['Pt', 'Pd', 'Au', 'Ru', 'Rh', 'Ir', 'Re', 'Os']	5	[0.354 0.343 0.253 0.035 0.005 0.004 0.003 0.001]	[ 0.005 -0.152  0.13   0.014  0.001 -0.     0.002 -0.   ]	0.63	1.11	1.0	1.76	0.08	0.11	0.02	0.13	0.54	0.19	0.2		0.9820931254029959	0.201	False	0.148
2	['Pt', 'Pd', 'Au', 'Ru', 'Rh', 'Ir', 'Re', 'Os']	5	[0.411 0.347 0.161 0.071 0.003 0.001 0.001 0.006]	[ 0.055  0.086 -0.115 -0.027  0.    -0.001 -0.001  0.002]	0.63	1.11	1.0	1.76	0.08	0.11	0.02	0.13	0.54	0.19	0.2		0.9333404282147335	0.156	False	0.215
3	['Pt', 'Pd', 'Au', 'Ru', 'Rh', 'Ir', 'Re', 'Os']	5	[0.278 0.085 0.175 0.372 0.021 0.023 0.023 0.022]	[ 0.073 -0.036  0.083 -0.162  0.01   0.011  0.011  0.01 ]	0.63	1.11	1.0	1.76	0.08	0.11	0.02	0.13	0.54	0.19	0.2		0.4830286343487522	0.2	False	0.44
4	['Pt', 'Pd', 'Au', 'Ru', 'Rh', 'Ir', 'Re', 'Os']	5	[0.331 0.2   0.183 0.026 0.235 0.007 0.011 0.007]	[ 0.028  0.056  0.073  0.022 -0.174 -0.001  0.001 -0.003]	0.63	1.11	1.0	1.76	0.08	0.11	0.02	0.13	0.54	0.19	0.2		0.6656255706903272	0.2	False	0.285
5	['Pt', 'Pd', 'Au', 'Ru', 'Rh', 'Ir', 'Re', 'Os']	5	[0.343 0.246 0.256 0.045 0.014 0.069 0.016 0.014]	[ 0.038  0.051  0.085  0.041 -0.018 -0.161 -0.017 -0.02 ]	0.63	1.11	1.0	1.76	0.08	0.11	0.02	0.13	0.54	0.19	0.2		0.885755678183838	0.2	False	0.129
6	['Pt', 'Pd', 'Au', 'Ru', 'Rh', 'Ir', 'Re', 'Os']	5	[0.331 0.228 0.06  0.045 0.025 0.027 0.26  0.026]	[ 0.057  0.065 -0.057  0.044  0.018  0.018 -0.162  0.017]	0.63	1.11	1.0	1.76	0.08	0.11	0.02	0.13	0.54	0.19	0.2		0.5641744125405523	0.2	False	0.367
7	['Pt', 'Pd', 'Au', 'Ru', 'Rh', 'Ir', 'Re', 'Os']	5	[0.354 0.238 0.25  0.042 0.007 0.042 0.01  0.052]	[ 0.021  0.052  0.084  0.036 -0.021  0.013 -0.02  -0.166]	0.63	1.11	1.0	1.76	0.08	0.11	0.02	0.13	0.54	0.19	0.2		0.957490540059432	0.2	False	0.093
0	['Pt', 'Pd', 'Au', 'Ru', 'Rh', 'Ir', 'Re', 'Os']	6	[0.293 0.38  0.186 0.035 0.027 0.03  0.026 0.024]	[-0.089  0.125 -0.086 -0.015  0.016  0.019  0.015  0.014]	0.63	1.11	1.0	1.76	0.08	0.11	0.02	0.13	0.54	0.19	0.2		0.8383236475120577	0.179	False	0.206
1	['Pt', 'Pd', 'Au', 'Ru', 'Rh', 'Ir', 'Re', 'Os']	6	[0.414 0.172 0.336 0.034 0.011 0.011 0.012 0.006]	[ 0.06  -0.171  0.083 -0.001  0.006  0.007  0.009  0.005]	0.63	1.11	1.0	1.76	0.08	0.11	0.02	0.13	0.54	0.19	0.2		0.953247420790639	0.2	False	0.148
2	['Pt', 'Pd', 'Au', 'Ru', 'Rh', 'Ir', 'Re', 'Os']	6	[0.383 0.228 0.313 0.031 0.011 0.014 0.014 0.007]	[-0.028 -0.119  0.152 -0.04   0.008  0.013  0.013  0.001]	0.63	1.11	1.0	1.76	0.08	0.11	0.02	0.13	0.54	0.19	0.2		0.9879782311336425	0.2	False	0.109
3	['Pt', 'Pd', 'Au', 'Ru', 'Rh', 'Ir', 'Re', 'Os']	6	[0.331 0.152 0.225 0.199 0.018 0.019 0.028 0.027]	[ 0.053  0.067  0.05  -0.173 -0.003 -0.004  0.005  0.005]	0.63	1.11	1.0	1.76	0.08	0.11	0.02	0.13	0.54	0.19	0.2		0.7682389212715164	0.2	False	0.249
4	['Pt', 'Pd', 'Au', 'Ru', 'Rh', 'Ir', 'Re', 'Os']	6	[0.376 0.253 0.254 0.032 0.061 0.008 0.01  0.007]	[ 0.045  0.053  0.071  0.006 -0.174  0.001 -0.001  0.   ]	0.63	1.11	1.0	1.76	0.08	0.11	0.02	0.13	0.54	0.19	0.2		0.9520215549735873	0.2	False	0.128
5	['Pt', 'Pd', 'Au', 'Ru', 'Rh', 'Ir', 'Re', 'Os']	6	[0.375 0.249 0.278 0.007 0.008 0.067 0.008 0.01 ]	[ 0.05   0.015  0.038 -0.054 -0.063  0.144 -0.065 -0.065]	0.63	1.11	1.0	1.76	0.08	0.11	0.02	0.13	0.54	0.19	0.2		0.9298824630435627	0.2	False	0.118
6	['Pt', 'Pd', 'Au', 'Ru', 'Rh', 'Ir', 'Re', 'Os']	6	[0.379 0.209 0.177 0.05  0.026 0.027 0.106 0.026]	[ 0.048 -0.019  0.117  0.005  0.001  0.    -0.154  0.   ]	0.63	1.11	1.0	1.76	0.08	0.11	0.02	0.13	0.54	0.19	0.2		0.8255643557984844	0.2	False	0.196
7	['Pt', 'Pd', 'Au', 'Ru', 'Rh', 'Ir', 'Re', 'Os']	6	[0.423 0.299 0.154 0.035 0.    0.002 0.    0.08 ]	[ 0.068  0.059 -0.119 -0.018 -0.018 -0.061 -0.022  0.113]	0.63	1.11	1.0	1.76	0.08	0.11	0.02	0.13	0.54	0.19	0.2		0.9748062127889363	0.2	False	0.175
0	['Pt', 'Pd', 'Au', 'Ru', 'Rh', 'Ir', 'Re', 'Os']	7	[0.381 0.249 0.303 0.032 0.009 0.01  0.01  0.007]	[ 0.088 -0.131  0.117 -0.003 -0.018 -0.02  -0.016 -0.017]	0.63	1.11	1.0	1.76	0.08	0.11	0.02	0.13	0.54	0.19	0.2		1.003399087905318	0.2	False	0.105
1	['Pt', 'Pd', 'Au', 'Ru', 'Rh', 'Ir', 'Re', 'Os']	7	[0.364 0.34  0.241 0.028 0.005 0.007 0.005 0.005]	[-0.05   0.168 -0.095 -0.006 -0.006 -0.004 -0.007 -0.001]	0.63	1.11	1.0	1.76	0.08	0.11	0.02	0.13	0.54	0.19	0.2		0.9822411983936286	0.2	False	0.147
2	['Pt', 'Pd', 'Au', 'Ru', 'Rh', 'Ir', 'Re', 'Os']	7	[0.403 0.229 0.314 0.005 0.013 0.015 0.014 0.008]	[ 0.02   0.001  0.001 -0.026  0.002  0.001 -0.     0.001]	0.63	1.11	1.0	1.76	0.08	0.11	0.02	0.13	0.54	0.19	0.2		0.9943919787582418	0.033	False	0.112
3	['Pt', 'Pd', 'Au', 'Ru', 'Rh', 'Ir', 'Re', 'Os']	7	[0.308 0.166 0.208 0.294 0.007 0.006 0.003 0.007]	[-0.085 -0.007 -0.072  0.165 -0.009 -0.009  0.006  0.01 ]	0.63	1.11	1.0	1.76	0.08	0.11	0.02	0.13	0.54	0.19	0.2		0.7043441057755868	0.199	False	0.335
4	['Pt', 'Pd', 'Au', 'Ru', 'Rh', 'Ir', 'Re', 'Os']	7	[0.336 0.182 0.28  0.017 0.16  0.004 0.009 0.012]	[-0.067 -0.114  0.034  0.001  0.146 -0.006  0.004  0.002]	0.63	1.11	1.0	1.76	0.08	0.11	0.02	0.13	0.54	0.19	0.2		0.7984082358483608	0.2	False	0.197
5	['Pt', 'Pd', 'Au', 'Ru', 'Rh', 'Ir', 'Re', 'Os']	7	[0.365 0.199 0.279 0.037 0.009 0.081 0.008 0.026]	[-0.    -0.088  0.024 -0.097  0.026  0.053  0.024  0.059]	0.63	1.11	1.0	1.76	0.08	0.11	0.02	0.13	0.54	0.19	0.2		0.8774232563461235	0.159	False	0.13
6	['Pt', 'Pd', 'Au', 'Ru', 'Rh', 'Ir', 'Re', 'Os']	7	[0.364 0.173 0.321 0.04  0.018 0.047 0.02  0.015]	[-0.045 -0.069  0.132 -0.04  -0.037 -0.006  0.106 -0.041]	0.63	1.11	1.0	1.76	0.08	0.11	0.02	0.13	0.54	0.19	0.2		0.8898790742613778	0.2	False	0.135
7	['Pt', 'Pd', 'Au', 'Ru', 'Rh', 'Ir', 'Re', 'Os']	7	[0.367 0.192 0.269 0.013 0.001 0.018 0.001 0.131]	[-0.065 -0.123  0.13   0.014 -0.011  0.009 -0.011  0.057]	0.63	1.11	1.0	1.76	0.08	0.11	0.02	0.13	0.54	0.19	0.2		1.0005200272128256	0.2	False	0.078
0	['Pt', 'Pd', 'Au', 'Ru', 'Rh', 'Ir', 'Re', 'Os']	8	[0.408 0.18  0.395 0.013 0.001 0.001 0.003 0.002]	[ 0.023 -0.084  0.096  0.036 -0.012 -0.011 -0.035 -0.012]	0.63	1.11	1.0	1.76	0.08	0.11	0.02	0.13	0.54	0.19	0.2		0.962452783450477	0.14	False	0.165
1	['Pt', 'Pd', 'Au', 'Ru', 'Rh', 'Ir', 'Re', 'Os']	8	[0.41  0.197 0.365 0.012 0.002 0.003 0.004 0.   ]	[ 0.04  -0.151  0.119  0.03  -0.009 -0.01  -0.007 -0.012]	0.63	1.11	1.0	1.76	0.08	0.11	0.02	0.13	0.54	0.19	0.2		0.9833634348070033	0.2	False	0.144
2	['Pt', 'Pd', 'Au', 'Ru', 'Rh', 'Ir', 'Re', 'Os']	8	[0.402 0.311 0.262 0.013 0.001 0.    0.001 0.011]	[-0.001  0.082 -0.052  0.008 -0.012 -0.015 -0.013  0.003]	0.63	1.11	1.0	1.76	0.08	0.11	0.02	0.13	0.54	0.19	0.2		1.0239029276231504	0.1	False	0.126
3	['Pt', 'Pd', 'Au', 'Ru', 'Rh', 'Ir', 'Re', 'Os']	8	[0.285 0.25  0.165 0.134 0.039 0.04  0.044 0.043]	[-0.023  0.084 -0.043 -0.16   0.032  0.034  0.041  0.036]	0.63	1.11	1.0	1.76	0.08	0.11	0.02	0.13	0.54	0.19	0.2		0.7594106278373662	0.2	False	0.221
4	['Pt', 'Pd', 'Au', 'Ru', 'Rh', 'Ir', 'Re', 'Os']	8	[0.392 0.256 0.309 0.018 0.012 0.006 0.007 0.002]	[ 0.02   0.043 -0.014 -0.049  0.162 -0.048 -0.053 -0.063]	0.63	1.11	1.0	1.76	0.08	0.11	0.02	0.13	0.54	0.19	0.2		1.0108611732869492	0.2	False	0.11
5	['Pt', 'Pd', 'Au', 'Ru', 'Rh', 'Ir', 'Re', 'Os']	8	[0.345 0.235 0.285 0.056 0.011 0.05  0.015 0.008]	[-0.048  0.041 -0.007  0.014 -0.068  0.16  -0.072 -0.02 ]	0.63	1.11	1.0	1.76	0.08	0.11	0.02	0.13	0.54	0.19	0.2		0.9142010775383895	0.2	False	0.122
6	['Pt', 'Pd', 'Au', 'Ru', 'Rh', 'Ir', 'Re', 'Os']	8	[0.349 0.266 0.328 0.011 0.    0.013 0.031 0.   ]	[-0.044  0.13  -0.009  0.043 -0.049  0.057 -0.117 -0.01 ]	0.63	1.11	1.0	1.76	0.08	0.11	0.02	0.13	0.54	0.19	0.2		0.9850664001870082	0.2	False	0.111
7	['Pt', 'Pd', 'Au', 'Ru', 'Rh', 'Ir', 'Re', 'Os']	8	[0.372 0.221 0.355 0.005 0.003 0.001 0.001 0.034]	[-0.029  0.     0.071 -0.046 -0.046 -0.063 -0.043  0.155]	0.63	1.11	1.0	1.76	0.08	0.11	0.02	0.13	0.54	0.19	0.2		1.0183014827139216	0.2	False	0.093
0	['Pt', 'Pd', 'Au', 'Ru', 'Rh', 'Ir', 'Re', 'Os']	9	[0.391 0.328 0.263 0.015 0.001 0.001 0.004 0.   ]	[-0.017  0.148 -0.132  0.002 -0.003 -0.003  0.005  0.001]	0.63	1.11	1.0	1.76	0.08	0.11	0.02	0.13	0.54	0.19	0.2		1.0092751878458373	0.199	False	0.139
1	['Pt', 'Pd', 'Au', 'Ru', 'Rh', 'Ir', 'Re', 'Os']	9	[0.438 0.321 0.218 0.01  0.    0.005 0.002 0.001]	[ 0.031  0.129 -0.147 -0.024  0.002  0.007  0.005 -0.002]	0.63	1.11	1.0	1.76	0.08	0.11	0.02	0.13	0.54	0.19	0.2		0.9803542407351316	0.2	False	0.172
2	['Pt', 'Pd', 'Au', 'Ru', 'Rh', 'Ir', 'Re', 'Os']	9	[0.427 0.373 0.178 0.002 0.003 0.002 0.004 0.011]	[ 0.03   0.071 -0.089  0.014  0.002 -0.004  0.003 -0.028]	0.63	1.11	1.0	1.76	0.08	0.11	0.02	0.13	0.54	0.19	0.2		0.9377625194337624	0.122	False	0.21
3	['Pt', 'Pd', 'Au', 'Ru', 'Rh', 'Ir', 'Re', 'Os']	9	[0.397 0.287 0.255 0.013 0.008 0.008 0.013 0.019]	[ 0.112  0.037  0.09  -0.121 -0.031 -0.032 -0.031 -0.024]	0.63	1.11	1.0	1.76	0.08	0.11	0.02	0.13	0.54	0.19	0.2		1.0127943777315633	0.2	False	0.112
4	['Pt', 'Pd', 'Au', 'Ru', 'Rh', 'Ir', 'Re', 'Os']	9	[0.415 0.366 0.193 0.004 0.012 0.001 0.001 0.012]	[ 0.034  0.138 -0.131  0.021 -0.04   0.002  0.004 -0.028]	0.63	1.11	1.0	1.76	0.08	0.11	0.02	0.13	0.54	0.19	0.2		0.9552462780726412	0.2	False	0.192
5	['Pt', 'Pd', 'Au', 'Ru', 'Rh', 'Ir', 'Re', 'Os']	9	[0.397 0.335 0.23  0.01  0.    0.003 0.006 0.022]	[ 0.057  0.119 -0.081  0.061 -0.007 -0.091  0.004 -0.063]	0.63	1.11	1.0	1.76	0.08	0.11	0.02	0.13	0.54	0.19	0.2		1.0046936280048135	0.2	False	0.143
6	['Pt', 'Pd', 'Au', 'Ru', 'Rh', 'Ir', 'Re', 'Os']	9	[0.38  0.352 0.201 0.002 0.012 0.005 0.043 0.006]	[ 0.049  0.11  -0.126 -0.035 -0.008 -0.04   0.076 -0.026]	0.63	1.11	1.0	1.76	0.08	0.11	0.02	0.13	0.54	0.19	0.2		0.9409845205912872	0.2	False	0.179
7	['Pt', 'Pd', 'Au', 'Ru', 'Rh', 'Ir', 'Re', 'Os']	9	[0.403 0.344 0.228 0.001 0.001 0.006 0.002 0.009]	[ 0.04   0.139 -0.13  -0.001 -0.     0.005 -0.004 -0.047]	0.63	1.11	1.0	1.76	0.08	0.11	0.02	0.13	0.54	0.19	0.2		0.9880085959289202	0.2	False	0.159
0	['Pt', 'Pd', 'Au', 'Ru', 'Rh', 'Ir', 'Re', 'Os']	10	[0.397 0.368 0.194 0.011 0.002 0.002 0.    0.027]	[ 0.005  0.04  -0.073  0.021 -0.008 -0.006 -0.006  0.026]	0.63	1.11	1.0	1.76	0.08	0.11	0.02	0.13	0.54	0.19	0.2		0.9680337487058033	0.09	False	0.181
1	['Pt', 'Pd', 'Au', 'Ru', 'Rh', 'Ir', 'Re', 'Os']	10	[0.378 0.208 0.37  0.006 0.003 0.002 0.006 0.019]	[-0.061 -0.114  0.151  0.013  0.002 -0.009  0.003  0.017]	0.63	1.11	1.0	1.76	0.08	0.11	0.02	0.13	0.54	0.19	0.2		0.995969648500042	0.201	False	0.119
2	['Pt', 'Pd', 'Au', 'Ru', 'Rh', 'Ir', 'Re', 'Os']	10	[0.44  0.23  0.314 0.011 0.    0.004 0.001 0.001]	[ 0.009 -0.148  0.134  0.005 -0.002  0.    -0.003  0.004]	0.63	1.11	1.0	1.76	0.08	0.11	0.02	0.13	0.54	0.19	0.2		1.0085881362526536	0.2	False	0.137
3	['Pt', 'Pd', 'Au', 'Ru', 'Rh', 'Ir', 'Re', 'Os']	10	[0.264 0.329 0.313 0.068 0.003 0.005 0.005 0.012]	[-0.115  0.075  0.092  0.088 -0.033 -0.036 -0.041 -0.03 ]	0.63	1.11	1.0	1.76	0.08	0.11	0.02	0.13	0.54	0.19	0.2		0.9085810027230501	0.2	False	0.162
4	['Pt', 'Pd', 'Au', 'Ru', 'Rh', 'Ir', 'Re', 'Os']	10	[0.387 0.234 0.321 0.003 0.046 0.003 0.002 0.008]	[-0.025 -0.134  0.137  0.003  0.048 -0.014 -0.01  -0.005]	0.63	1.11	1.0	1.76	0.08	0.11	0.02	0.13	0.54	0.19	0.2		0.9894140379750609	0.2	False	0.113
5	['Pt', 'Pd', 'Au', 'Ru', 'Rh', 'Ir', 'Re', 'Os']	10	[0.39  0.282 0.224 0.013 0.02  0.057 0.016 0.003]	[ 0.026 -0.047  0.028 -0.012 -0.058  0.091 -0.063  0.034]	0.63	1.11	1.0	1.76	0.08	0.11	0.02	0.13	0.54	0.19	0.2		0.9154779165647176	0.144	False	0.148
6	['Pt', 'Pd', 'Au', 'Ru', 'Rh', 'Ir', 'Re', 'Os']	10	[0.4   0.241 0.331 0.01  0.001 0.003 0.014 0.001]	[ 0.017 -0.127  0.138 -0.032 -0.001 -0.015  0.048 -0.029]	0.63	1.11	1.0	1.76	0.08	0.11	0.02	0.13	0.54	0.19	0.2		1.0130740243876504	0.2	False	0.117
7	['Pt', 'Pd', 'Au', 'Ru', 'Rh', 'Ir', 'Re', 'Os']	10	[0.395 0.201 0.356 0.004 0.002 0.001 0.005 0.027]	[-0.002 -0.14   0.138 -0.001 -0.012 -0.004 -0.012  0.032]	0.63	1.11	1.0	1.76	0.08	0.11	0.02	0.13	0.54	0.19	0.2		1.0063127616600052	0.2	False	0.114
0	['Pt', 'Pd', 'Au', 'Ru', 'Rh', 'Ir', 'Re', 'Os']	11	[0.393 0.246 0.348 0.003 0.    0.    0.004 0.006]	[-0.011 -0.131  0.149 -0.015 -0.006 -0.006 -0.003  0.024]	0.63	1.11	1.0	1.76	0.08	0.11	0.02	0.13	0.54	0.19	0.2		1.0219698871306298	0.201	False	0.114
1	['Pt', 'Pd', 'Au', 'Ru', 'Rh', 'Ir', 'Re', 'Os']	11	[0.473 0.127 0.295 0.027 0.016 0.011 0.025 0.017]	[ 0.095 -0.081 -0.075  0.021  0.013  0.009  0.019 -0.002]	0.63	1.11	1.0	1.76	0.08	0.11	0.02	0.13	0.54	0.19	0.2		0.8930172887671621	0.149	False	0.197
2	['Pt', 'Pd', 'Au', 'Ru', 'Rh', 'Ir', 'Re', 'Os']	11	[0.469 0.332 0.171 0.001 0.007 0.003 0.    0.018]	[ 0.045  0.126 -0.144  0.011 -0.006  0.01  -0.015 -0.027]	0.63	1.11	1.0	1.76	0.08	0.11	0.02	0.13	0.54	0.19	0.2		0.9373092113126287	0.2	False	0.21
3	['Pt', 'Pd', 'Au', 'Ru', 'Rh', 'Ir', 'Re', 'Os']	11	[0.424 0.28  0.278 0.007 0.001 0.003 0.002 0.003]	[ 0.161 -0.067 -0.052  0.063 -0.021 -0.018 -0.023 -0.042]	0.63	1.11	1.0	1.76	0.08	0.11	0.02	0.13	0.54	0.19	0.2		1.020288109959732	0.2	False	0.128
4	['Pt', 'Pd', 'Au', 'Ru', 'Rh', 'Ir', 'Re', 'Os']	11	[0.388 0.248 0.26  0.004 0.089 0.001 0.008 0.006]	[ 0.029  0.046 -0.052 -0.041  0.16  -0.048 -0.054 -0.041]	0.63	1.11	1.0	1.76	0.08	0.11	0.02	0.13	0.54	0.19	0.2		0.9435423197107802	0.2	False	0.141
5	['Pt', 'Pd', 'Au', 'Ru', 'Rh', 'Ir', 'Re', 'Os']	11	[0.388 0.266 0.297 0.024 0.006 0.016 0.009 0.   ]	[-0.02  -0.048  0.129 -0.08   0.009  0.099 -0.028 -0.06 ]	0.63	1.11	1.0	1.76	0.08	0.11	0.02	0.13	0.54	0.19	0.2		1.0011738076455292	0.2	False	0.113
6	['Pt', 'Pd', 'Au', 'Ru', 'Rh', 'Ir', 'Re', 'Os']	11	[0.419 0.26  0.293 0.    0.011 0.007 0.001 0.009]	[ 0.044  0.044 -0.046  0.017 -0.036 -0.014  0.025 -0.035]	0.63	1.11	1.0	1.76	0.08	0.11	0.02	0.13	0.54	0.19	0.2		1.0177562587814049	0.099	False	0.116
7	['Pt', 'Pd', 'Au', 'Ru', 'Rh', 'Ir', 'Re', 'Os']	11	[0.384 0.314 0.24  0.006 0.007 0.008 0.001 0.032]	[ 0.004  0.144 -0.113 -0.028 -0.018 -0.034 -0.018  0.063]	0.63	1.11	1.0	1.76	0.08	0.11	0.02	0.13	0.54	0.19	0.2		1.0134971193495534	0.2	False	0.117
0	['Pt', 'Pd', 'Au', 'Ru', 'Rh', 'Ir', 'Re', 'Os']	12	[0.354 0.3   0.315 0.01  0.001 0.005 0.    0.013]	[-0.04   0.06  -0.033  0.01  -0.002 -0.007  0.003  0.009]	0.63	1.11	1.0	1.76	0.08	0.11	0.02	0.13	0.54	0.19	0.2		1.0201564327032793	0.081	False	0.102
1	['Pt', 'Pd', 'Au', 'Ru', 'Rh', 'Ir', 'Re', 'Os']	12	[0.486 0.232 0.234 0.003 0.003 0.002 0.009 0.022]	[ 0.018  0.152 -0.09   0.026  0.009  0.001 -0.079 -0.037]	0.63	1.11	1.0	1.76	0.08	0.11	0.02	0.13	0.54	0.19	0.2		0.9713410881686411	0.2	False	0.171
2	['Pt', 'Pd', 'Au', 'Ru', 'Rh', 'Ir', 'Re', 'Os']	12	[0.337 0.303 0.313 0.005 0.01  0.    0.002 0.03 ]	[-0.134 -0.029  0.145 -0.008  0.013  0.001 -0.001  0.013]	0.63	1.11	1.0	1.76	0.08	0.11	0.02	0.13	0.54	0.19	0.2		1.0213487855825512	0.2	False	0.09
3	['Pt', 'Pd', 'Au', 'Ru', 'Rh', 'Ir', 'Re', 'Os']	12	[0.473 0.283 0.228 0.002 0.    0.004 0.    0.008]	[ 0.068  0.011 -0.055  0.011 -0.009 -0.003 -0.008 -0.015]	0.63	1.11	1.0	1.76	0.08	0.11	0.02	0.13	0.54	0.19	0.2		0.9812205455785961	0.091	False	0.173
4	['Pt', 'Pd', 'Au', 'Ru', 'Rh', 'Ir', 'Re', 'Os']	12	[0.378 0.293 0.282 0.011 0.022 0.    0.013 0.006]	[-0.017  0.068  0.033 -0.071  0.144 -0.057 -0.037 -0.063]	0.63	1.11	1.0	1.76	0.08	0.11	0.02	0.13	0.54	0.19	0.2		1.0105008698933062	0.2	False	0.112
5	['Pt', 'Pd', 'Au', 'Ru', 'Rh', 'Ir', 'Re', 'Os']	12	[0.358 0.35  0.217 0.048 0.011 0.001 0.02  0.003]	[-0.013  0.141 -0.081  0.09  -0.049 -0.027 -0.015 -0.046]	0.63	1.11	1.0	1.76	0.08	0.11	0.02	0.13	0.54	0.19	0.2		0.9560921272397038	0.2	False	0.171
6	['Pt', 'Pd', 'Au', 'Ru', 'Rh', 'Ir', 'Re', 'Os']	12	[0.449 0.123 0.329 0.062 0.017 0.003 0.001 0.014]	[ 0.029 -0.14   0.035  0.061  0.021 -0.006 -0.004  0.004]	0.63	1.11	1.0	1.76	0.08	0.11	0.02	0.13	0.54	0.19	0.2		0.9036817471138991	0.161	False	0.196
7	['Pt', 'Pd', 'Au', 'Ru', 'Rh', 'Ir', 'Re', 'Os']	12	[0.376 0.232 0.36  0.002 0.004 0.002 0.013 0.001]	[-0.004 -0.1    0.162 -0.026 -0.017 -0.    -0.042  0.027]	0.63	1.11	1.0	1.76	0.08	0.11	0.02	0.13	0.54	0.19	0.2		0.997722801756497	0.2	False	0.121
0	['Pt', 'Pd', 'Au', 'Ru', 'Rh', 'Ir', 'Re', 'Os']	13	[0.384 0.338 0.251 0.008 0.004 0.009 0.001 0.003]	[ 0.035  0.044 -0.067  0.016 -0.011  0.012 -0.005 -0.023]	0.63	1.11	1.0	1.76	0.08	0.11	0.02	0.13	0.54	0.19	0.2		0.9932240762569984	0.093	False	0.144
1	['Pt', 'Pd', 'Au', 'Ru', 'Rh', 'Ir', 'Re', 'Os']	13	[0.333 0.321 0.316 0.001 0.    0.003 0.015 0.002]	[-0.153  0.091  0.084 -0.004 -0.007 -0.006  0.02  -0.025]	0.63	1.11	1.0	1.76	0.08	0.11	0.02	0.13	0.54	0.19	0.2		0.992989905629402	0.2	False	0.124
2	['Pt', 'Pd', 'Au', 'Ru', 'Rh', 'Ir', 'Re', 'Os']	13	[0.429 0.323 0.185 0.006 0.005 0.006 0.009 0.039]	[ 0.097  0.022 -0.132  0.008 -0.015  0.002  0.007  0.011]	0.63	1.11	1.0	1.76	0.08	0.11	0.02	0.13	0.54	0.19	0.2		0.975762408190928	0.167	False	0.169
3	['Pt', 'Pd', 'Au', 'Ru', 'Rh', 'Ir', 'Re', 'Os']	13	[0.344 0.211 0.358 0.011 0.018 0.01  0.016 0.031]	[-0.129 -0.072  0.13   0.01   0.018  0.006  0.016  0.023]	0.63	1.11	1.0	1.76	0.08	0.11	0.02	0.13	0.54	0.19	0.2		0.9712575672336812	0.2	False	0.102
4	['Pt', 'Pd', 'Au', 'Ru', 'Rh', 'Ir', 'Re', 'Os']	13	[0.301 0.342 0.309 0.003 0.015 0.016 0.001 0.015]	[-0.072  0.084  0.057  0.026 -0.065 -0.011  0.026 -0.045]	0.63	1.11	1.0	1.76	0.08	0.11	0.02	0.13	0.54	0.19	0.2		0.9512773276108484	0.153	False	0.137
5	['Pt', 'Pd', 'Au', 'Ru', 'Rh', 'Ir', 'Re', 'Os']	13	[0.384 0.309 0.289 0.003 0.    0.005 0.001 0.017]	[ 0.039 -0.102  0.136  0.052 -0.022 -0.03  -0.001 -0.074]	0.63	1.11	1.0	1.76	0.08	0.11	0.02	0.13	0.54	0.19	0.2		1.0307989118616108	0.2	False	0.108
6	['Pt', 'Pd', 'Au', 'Ru', 'Rh', 'Ir', 'Re', 'Os']	13	[0.388 0.296 0.285 0.001 0.002 0.003 0.014 0.01 ]	[-0.061  0.174 -0.044 -0.063 -0.014 -0.001  0.012 -0.003]	0.63	1.11	1.0	1.76	0.08	0.11	0.02	0.13	0.54	0.19	0.2		1.0233587517214928	0.2	False	0.11
7	['Pt', 'Pd', 'Au', 'Ru', 'Rh', 'Ir', 'Re', 'Os']	13	[0.357 0.349 0.232 0.001 0.002 0.007 0.036 0.007]	[-0.01   0.141 -0.13  -0.014 -0.014 -0.02   0.047 -0.001]	0.63	1.11	1.0	1.76	0.08	0.11	0.02	0.13	0.54	0.19	0.2		0.9612307143887413	0.2	False	0.156
0	['Pt', 'Pd', 'Au', 'Ru', 'Rh', 'Ir', 'Re', 'Os']	14	[0.373 0.206 0.389 0.009 0.006 0.002 0.01  0.   ]	[-0.009 -0.135  0.145  0.012  0.006 -0.002 -0.016 -0.001]	0.63	1.11	1.0	1.76	0.08	0.11	0.02	0.13	0.54	0.19	0.2		0.9691635930051898	0.2	False	0.144
1	['Pt', 'Pd', 'Au', 'Ru', 'Rh', 'Ir', 'Re', 'Os']	14	[0.433 0.164 0.356 0.    0.001 0.008 0.013 0.016]	[ 0.105 -0.163  0.042 -0.004 -0.008 -0.011  0.022  0.015]	0.63	1.11	1.0	1.76	0.08	0.11	0.02	0.13	0.54	0.19	0.2		0.960811269813397	0.2	False	0.157
2	['Pt', 'Pd', 'Au', 'Ru', 'Rh', 'Ir', 'Re', 'Os']	14	[0.364 0.281 0.335 0.006 0.001 0.008 0.005 0.002]	[-0.078 -0.051  0.169 -0.026 -0.01  -0.027 -0.012  0.036]	0.63	1.11	1.0	1.76	0.08	0.11	0.02	0.13	0.54	0.19	0.2		1.0117091998772045	0.2	False	0.11
3	['Pt', 'Pd', 'Au', 'Ru', 'Rh', 'Ir', 'Re', 'Os']	14	[0.381 0.326 0.234 0.026 0.021 0.007 0.001 0.002]	[ 0.028  0.117 -0.154  0.004  0.02  -0.001 -0.033  0.018]	0.63	1.11	1.0	1.76	0.08	0.11	0.02	0.13	0.54	0.19	0.2		0.9794838418333032	0.2	False	0.148
4	['Pt', 'Pd', 'Au', 'Ru', 'Rh', 'Ir', 'Re', 'Os']	14	[0.419 0.23  0.258 0.007 0.057 0.013 0.009 0.009]	[ 0.132 -0.124 -0.056 -0.018  0.048  0.022 -0.021  0.018]	0.63	1.11	1.0	1.76	0.08	0.11	0.02	0.13	0.54	0.19	0.2		0.9542324615297844	0.2	False	0.137
5	['Pt', 'Pd', 'Au', 'Ru', 'Rh', 'Ir', 'Re', 'Os']	14	[0.458 0.279 0.183 0.04  0.002 0.032 0.015 0.   ]	[ 0.075 -0.035 -0.115  0.036 -0.007  0.025  0.012  0.01 ]	0.63	1.11	1.0	1.76	0.08	0.11	0.02	0.13	0.54	0.19	0.2		0.9157097650385218	0.149	False	0.198
6	['Pt', 'Pd', 'Au', 'Ru', 'Rh', 'Ir', 'Re', 'Os']	14	[0.299 0.396 0.219 0.006 0.006 0.007 0.05  0.014]	[-0.081  0.142 -0.054 -0.007 -0.002 -0.026  0.071 -0.044]	0.63	1.11	1.0	1.76	0.08	0.11	0.02	0.13	0.54	0.19	0.2		0.8779190329269615	0.194	False	0.201
7	['Pt', 'Pd', 'Au', 'Ru', 'Rh', 'Ir', 'Re', 'Os']	14	[0.396 0.221 0.336 0.007 0.007 0.005 0.011 0.007]	[ 0.048 -0.138  0.121 -0.015 -0.032 -0.007  0.046 -0.023]	0.63	1.11	1.0	1.76	0.08	0.11	0.02	0.13	0.54	0.19	0.2		1.0018229175310316	0.2	False	0.115
0	['Pt', 'Pd', 'Au', 'Ru', 'Rh', 'Ir', 'Re', 'Os']	15	[0.275 0.289 0.384 0.    0.013 0.001 0.002 0.031]	[-0.106  0.15   0.026  0.011 -0.005 -0.032  0.02  -0.063]	0.63	1.11	1.0	1.76	0.08	0.11	0.02	0.13	0.54	0.19	0.2		0.9410536278532968	0.2	False	0.138
1	['Pt', 'Pd', 'Au', 'Ru', 'Rh', 'Ir', 'Re', 'Os']	15	[0.349 0.33  0.302 0.002 0.    0.003 0.004 0.   ]	[-0.089  0.167 -0.058 -0.009 -0.006  0.004  0.011 -0.02 ]	0.63	1.11	1.0	1.76	0.08	0.11	0.02	0.13	0.54	0.19	0.2		1.0014013791749266	0.2	False	0.128
2	['Pt', 'Pd', 'Au', 'Ru', 'Rh', 'Ir', 'Re', 'Os']	15	[0.406 0.313 0.233 0.006 0.01  0.006 0.001 0.026]	[ 0.051  0.039 -0.12   0.007 -0.017  0.009  0.001  0.03 ]	0.63	1.11	1.0	1.76	0.08	0.11	0.02	0.13	0.54	0.19	0.2		1.0091888199456354	0.141	False	0.131
3	['Pt', 'Pd', 'Au', 'Ru', 'Rh', 'Ir', 'Re', 'Os']	15	[0.384 0.232 0.293 0.051 0.013 0.02  0.003 0.002]	[ 0.031 -0.105  0.11   0.098  0.    -0.056 -0.042 -0.036]	0.63	1.11	1.0	1.76	0.08	0.11	0.02	0.13	0.54	0.19	0.2		0.9746287155976088	0.2	False	0.12
4	['Pt', 'Pd', 'Au', 'Ru', 'Rh', 'Ir', 'Re', 'Os']	15	[0.355 0.26  0.311 0.001 0.051 0.012 0.009 0.001]	[-0.07   0.053  0.083 -0.038  0.123 -0.072 -0.025 -0.054]	0.63	1.11	1.0	1.76	0.08	0.11	0.02	0.13	0.54	0.19	0.2		0.9659856521419743	0.2	False	0.113
5	['Pt', 'Pd', 'Au', 'Ru', 'Rh', 'Ir', 'Re', 'Os']	15	[0.356 0.298 0.329 0.001 0.003 0.008 0.003 0.008]	[-0.133  0.001  0.142  0.022 -0.028  0.019 -0.013 -0.011]	0.63	1.11	1.0	1.76	0.08	0.11	0.02	0.13	0.54	0.19	0.2		1.0133533331507232	0.2	False	0.108
6	['Pt', 'Pd', 'Au', 'Ru', 'Rh', 'Ir', 'Re', 'Os']	15	[0.387 0.277 0.314 0.002 0.    0.002 0.012 0.004]	[ 0.083 -0.146  0.091 -0.016 -0.019 -0.027  0.046 -0.012]	0.63	1.11	1.0	1.76	0.08	0.11	0.02	0.13	0.54	0.19	0.2		1.0249441467786395	0.2	False	0.108
7	['Pt', 'Pd', 'Au', 'Ru', 'Rh', 'Ir', 'Re', 'Os']	15	[0.329 0.285 0.329 0.003 0.002 0.022 0.013 0.005]	[-0.074  0.118  0.014  0.007  0.018 -0.059 -0.03   0.005]	0.63	1.11	1.0	1.76	0.08	0.11	0.02	0.13	0.54	0.19	0.2		0.9739548030068623	0.156	False	0.11
0	['Pt', 'Pd', 'Au', 'Ru', 'Rh', 'Ir', 'Re', 'Os']	16	[0.403 0.309 0.257 0.004 0.005 0.001 0.    0.014]	[ 0.135  0.02  -0.137 -0.021  0.001 -0.018 -0.018  0.038]	0.63	1.11	1.0	1.76	0.08	0.11	0.02	0.13	0.54	0.19	0.2		1.0209847364296327	0.2	False	0.125
1	['Pt', 'Pd', 'Au', 'Ru', 'Rh', 'Ir', 'Re', 'Os']	16	[0.415 0.301 0.255 0.01  0.002 0.007 0.001 0.002]	[ 0.076 -0.026 -0.045  0.012 -0.003 -0.012 -0.006  0.003]	0.63	1.11	1.0	1.76	0.08	0.11	0.02	0.13	0.54	0.19	0.2		1.0073634244523404	0.094	False	0.136
2	['Pt', 'Pd', 'Au', 'Ru', 'Rh', 'Ir', 'Re', 'Os']	16	[0.395 0.29  0.279 0.001 0.022 0.006 0.002 0.005]	[-0.012 -0.031  0.077 -0.022  0.036 -0.029 -0.034  0.015]	0.63	1.11	1.0	1.76	0.08	0.11	0.02	0.13	0.54	0.19	0.2		1.0098529717910063	0.105	False	0.117
3	['Pt', 'Pd', 'Au', 'Ru', 'Rh', 'Ir', 'Re', 'Os']	16	[0.383 0.282 0.273 0.019 0.001 0.009 0.002 0.027]	[ 0.016  0.105 -0.017  0.105 -0.042  0.007 -0.069 -0.104]	0.63	1.11	1.0	1.76	0.08	0.11	0.02	0.13	0.54	0.19	0.2		1.028197848385428	0.2	False	0.093
4	['Pt', 'Pd', 'Au', 'Ru', 'Rh', 'Ir', 'Re', 'Os']	16	[0.461 0.137 0.351 0.    0.039 0.003 0.001 0.008]	[ 0.103 -0.151  0.03  -0.016  0.071 -0.004 -0.026 -0.007]	0.63	1.11	1.0	1.76	0.08	0.11	0.02	0.13	0.54	0.19	0.2		0.9098792334785217	0.2	False	0.194
5	['Pt', 'Pd', 'Au', 'Ru', 'Rh', 'Ir', 'Re', 'Os']	16	[0.305 0.266 0.326 0.026 0.007 0.017 0.013 0.043]	[-0.056 -0.036 -0.004  0.026  0.005  0.019  0.01   0.037]	0.63	1.11	1.0	1.76	0.08	0.11	0.02	0.13	0.54	0.19	0.2		0.9742804284132163	0.083	False	0.086
6	['Pt', 'Pd', 'Au', 'Ru', 'Rh', 'Ir', 'Re', 'Os']	16	[0.435 0.228 0.312 0.001 0.004 0.    0.006 0.011]	[ 0.078 -0.059  0.008  0.002 -0.011 -0.014  0.023 -0.028]	0.63	1.11	1.0	1.76	0.08	0.11	0.02	0.13	0.54	0.19	0.2		1.0157859260666438	0.106	False	0.126
7	['Pt', 'Pd', 'Au', 'Ru', 'Rh', 'Ir', 'Re', 'Os']	16	[0.418 0.265 0.236 0.001 0.019 0.029 0.015 0.006]	[ 0.145  0.004 -0.091 -0.039 -0.054  0.067  0.008 -0.04 ]	0.63	1.11	1.0	1.76	0.08	0.11	0.02	0.13	0.54	0.19	0.2		0.9601388976563361	0.2	False	0.139
0	['Pt', 'Pd', 'Au', 'Ru', 'Rh', 'Ir', 'Re', 'Os']	17	[0.364 0.244 0.33  0.011 0.008 0.006 0.011 0.019]	[-0.035 -0.064  0.087  0.015  0.014 -0.012 -0.017  0.013]	0.63	1.11	1.0	1.76	0.08	0.11	0.02	0.13	0.54	0.19	0.2		1.010852728502754	0.117	False	0.09
1	['Pt', 'Pd', 'Au', 'Ru', 'Rh', 'Ir', 'Re', 'Os']	17	[0.394 0.249 0.301 0.003 0.007 0.001 0.001 0.037]	[-0.026 -0.06   0.049  0.001  0.003  0.001 -0.006  0.037]	0.63	1.11	1.0	1.76	0.08	0.11	0.02	0.13	0.54	0.19	0.2		1.0409903624515109	0.09	False	0.077
2	['Pt', 'Pd', 'Au', 'Ru', 'Rh', 'Ir', 'Re', 'Os']	17	[0.359 0.328 0.242 0.021 0.021 0.005 0.    0.027]	[-0.048  0.06  -0.049 -0.041  0.049 -0.004 -0.003  0.036]	0.63	1.11	1.0	1.76	0.08	0.11	0.02	0.13	0.54	0.19	0.2		0.9961157661589946	0.117	False	0.126
3	['Pt', 'Pd', 'Au', 'Ru', 'Rh', 'Ir', 'Re', 'Os']	17	[0.347 0.362 0.232 0.001 0.016 0.033 0.003 0.001]	[-0.027  0.155 -0.035 -0.021 -0.024 -0.094 -0.003  0.048]	0.63	1.11	1.0	1.76	0.08	0.11	0.02	0.13	0.54	0.19	0.2		0.9244457574216214	0.195	False	0.168
4	['Pt', 'Pd', 'Au', 'Ru', 'Rh', 'Ir', 'Re', 'Os']	17	[0.393 0.302 0.283 0.    0.013 0.    0.001 0.01 ]	[-0.079  0.159 -0.079 -0.01   0.039 -0.013 -0.011 -0.008]	0.63	1.11	1.0	1.76	0.08	0.11	0.02	0.13	0.54	0.19	0.2		1.024962980740586	0.199	False	0.115
5	['Pt', 'Pd', 'Au', 'Ru', 'Rh', 'Ir', 'Re', 'Os']	17	[0.17  0.404 0.283 0.024 0.03  0.015 0.03  0.045]	[-0.135  0.138 -0.043 -0.002  0.023 -0.002  0.017  0.002]	0.63	1.11	1.0	1.76	0.08	0.11	0.02	0.13	0.54	0.19	0.2		0.6941209640974837	0.2	False	0.249
6	['Pt', 'Pd', 'Au', 'Ru', 'Rh', 'Ir', 'Re', 'Os']	17	[0.326 0.381 0.255 0.002 0.018 0.    0.01  0.004]	[-0.105  0.159 -0.053 -0.005  0.02  -0.005  0.009 -0.019]	0.63	1.11	1.0	1.76	0.08	0.11	0.02	0.13	0.54	0.19	0.2		0.9431422977845583	0.2	False	0.171
7	['Pt', 'Pd', 'Au', 'Ru', 'Rh', 'Ir', 'Re', 'Os']	17	[0.338 0.266 0.334 0.001 0.025 0.005 0.012 0.007]	[-0.098  0.016  0.152 -0.046  0.049 -0.012 -0.014 -0.046]	0.63	1.11	1.0	1.76	0.08	0.11	0.02	0.13	0.54	0.19	0.2		0.9852188798394281	0.2	False	0.105
0	['Pt', 'Pd', 'Au', 'Ru', 'Rh', 'Ir', 'Re', 'Os']	18	[0.431 0.204 0.279 0.009 0.012 0.003 0.014 0.04 ]	[ 0.084 -0.049 -0.063  0.016 -0.032 -0.003  0.021  0.027]	0.63	1.11	1.0	1.76	0.08	0.11	0.02	0.13	0.54	0.19	0.2		1.0027521269416158	0.126	False	0.115
1	['Pt', 'Pd', 'Au', 'Ru', 'Rh', 'Ir', 'Re', 'Os']	18	[0.429 0.145 0.351 0.011 0.002 0.003 0.002 0.05 ]	[ 0.038 -0.104  0.053  0.011 -0.01  -0.004  0.002  0.015]	0.63	1.11	1.0	1.76	0.08	0.11	0.02	0.13	0.54	0.19	0.2		0.9656742526611644	0.124	False	0.15
2	['Pt', 'Pd', 'Au', 'Ru', 'Rh', 'Ir', 'Re', 'Os']	18	[0.44  0.179 0.304 0.036 0.006 0.    0.008 0.031]	[ 0.089 -0.151  0.069  0.05  -0.039 -0.009 -0.018  0.009]	0.63	1.11	1.0	1.76	0.08	0.11	0.02	0.13	0.54	0.19	0.2		0.9881860647432128	0.2	False	0.139
3	['Pt', 'Pd', 'Au', 'Ru', 'Rh', 'Ir', 'Re', 'Os']	18	[0.402 0.217 0.297 0.008 0.006 0.022 0.011 0.034]	[ 0.058 -0.167  0.069 -0.003 -0.007  0.046 -0.03   0.033]	0.63	1.11	1.0	1.76	0.08	0.11	0.02	0.13	0.54	0.19	0.2		0.9989015804335779	0.2	False	0.094
4	['Pt', 'Pd', 'Au', 'Ru', 'Rh', 'Ir', 'Re', 'Os']	18	[0.382 0.247 0.283 0.006 0.024 0.006 0.006 0.049]	[-0.005 -0.061  0.009 -0.007  0.042 -0.018 -0.017  0.058]	0.63	1.11	1.0	1.76	0.08	0.11	0.02	0.13	0.54	0.19	0.2		1.0251149482654538	0.098	False	0.068
5	['Pt', 'Pd', 'Au', 'Ru', 'Rh', 'Ir', 'Re', 'Os']	18	[0.006 0.344 0.352 0.051 0.061 0.044 0.056 0.085]	[-0.164 -0.06   0.069  0.027  0.031  0.029  0.026  0.04 ]	0.63	1.11	1.0	1.76	0.08	0.11	0.02	0.13	0.54	0.19	0.2		0.3110903855342323	0.2	False	0.376
6	['Pt', 'Pd', 'Au', 'Ru', 'Rh', 'Ir', 'Re', 'Os']	18	[0.41  0.219 0.319 0.003 0.004 0.004 0.013 0.022]	[ 0.088 -0.16   0.068 -0.001 -0.027 -0.009  0.02   0.021]	0.63	1.11	1.0	1.76	0.08	0.11	0.02	0.13	0.54	0.19	0.2		1.015010910411417	0.199	False	0.106
7	['Pt', 'Pd', 'Au', 'Ru', 'Rh', 'Ir', 'Re', 'Os']	18	[0.456 0.154 0.348 0.006 0.006 0.002 0.009 0.007]	[ 0.144 -0.132  0.019 -0.001  0.002 -0.016  0.014 -0.031]	0.63	1.11	1.0	1.76	0.08	0.11	0.02	0.13	0.54	0.19	0.2		0.9464200677820216	0.2	False	0.178
0	['Pt', 'Pd', 'Au', 'Ru', 'Rh', 'Ir', 'Re', 'Os']	19	[0.317 0.31  0.341 0.007 0.001 0.008 0.003 0.006]	[-0.128  0.12   0.07   0.008  0.007 -0.02   0.005 -0.063]	0.63	1.11	1.0	1.76	0.08	0.11	0.02	0.13	0.54	0.19	0.2		0.9813542769268655	0.2	False	0.124
1	['Pt', 'Pd', 'Au', 'Ru', 'Rh', 'Ir', 'Re', 'Os']	19	[0.395 0.306 0.247 0.013 0.005 0.001 0.003 0.02 ]	[-0.036  0.161 -0.107  0.018  0.002 -0.001 -0.005 -0.032]	0.63	1.11	1.0	1.76	0.08	0.11	0.02	0.13	0.54	0.19	0.2		1.019565501663901	0.2	False	0.121
2	['Pt', 'Pd', 'Au', 'Ru', 'Rh', 'Ir', 'Re', 'Os']	19	[0.39  0.331 0.232 0.019 0.006 0.012 0.001 0.013]	[-0.058  0.162 -0.082  0.046 -0.017 -0.028  0.    -0.023]	0.63	1.11	1.0	1.76	0.08	0.11	0.02	0.13	0.54	0.19	0.2		0.9905713338067685	0.2	False	0.145
3	['Pt', 'Pd', 'Au', 'Ru', 'Rh', 'Ir', 'Re', 'Os']	19	[0.4   0.211 0.263 0.058 0.038 0.005 0.022 0.002]	[ 0.016  0.008 -0.045  0.097 -0.066 -0.013  0.05  -0.049]	0.63	1.11	1.0	1.76	0.08	0.11	0.02	0.13	0.54	0.19	0.2		0.9449527690628947	0.145	False	0.143
4	['Pt', 'Pd', 'Au', 'Ru', 'Rh', 'Ir', 'Re', 'Os']	19	[0.445 0.191 0.306 0.002 0.021 0.003 0.003 0.03 ]	[ 0.089 -0.087  0.03  -0.01   0.045 -0.017 -0.017 -0.032]	0.63	1.11	1.0	1.76	0.08	0.11	0.02	0.13	0.54	0.19	0.2		0.9895449812603767	0.141	False	0.134
5	['Pt', 'Pd', 'Au', 'Ru', 'Rh', 'Ir', 'Re', 'Os']	19	[0.191 0.292 0.329 0.028 0.038 0.026 0.031 0.063]	[ 0.185 -0.052 -0.023 -0.023 -0.023 -0.018 -0.025 -0.022]	0.63	1.11	1.0	1.76	0.08	0.11	0.02	0.13	0.54	0.19	0.2		0.7687411353456348	0.2	False	0.182
6	['Pt', 'Pd', 'Au', 'Ru', 'Rh', 'Ir', 'Re', 'Os']	19	[0.423 0.236 0.292 0.    0.007 0.003 0.028 0.004]	[ 0.037  0.043 -0.031 -0.029 -0.05  -0.034  0.058  0.006]	0.63	1.11	1.0	1.76	0.08	0.11	0.02	0.13	0.54	0.19	0.2		1.000667329230462	0.11	False	0.125
7	['Pt', 'Pd', 'Au', 'Ru', 'Rh', 'Ir', 'Re', 'Os']	19	[0.38  0.312 0.262 0.01  0.001 0.004 0.001 0.019]	[-0.081  0.158 -0.091  0.009 -0.008 -0.     0.005  0.009]	0.63	1.11	1.0	1.76	0.08	0.11	0.02	0.13	0.54	0.19	0.2		1.0216764258033024	0.2	False	0.113
0	['Pt', 'Pd', 'Au', 'Ru', 'Rh', 'Ir', 'Re', 'Os']	20	[0.468 0.224 0.26  0.007 0.004 0.017 0.01  0.004]	[ 0.159 -0.086 -0.081  0.011 -0.012  0.02  -0.013  0.001]	0.63	1.11	1.0	1.76	0.08	0.11	0.02	0.13	0.54	0.19	0.2		0.9657255790187831	0.2	False	0.161
1	['Pt', 'Pd', 'Au', 'Ru', 'Rh', 'Ir', 'Re', 'Os']	20	[0.435 0.238 0.137 0.067 0.023 0.019 0.007 0.063]	[ 0.04  -0.068 -0.11   0.054  0.018  0.018  0.004  0.043]	0.63	1.11	1.0	1.76	0.08	0.11	0.02	0.13	0.54	0.19	0.2		0.8974593823487464	0.154	False	0.202
2	['Pt', 'Pd', 'Au', 'Ru', 'Rh', 'Ir', 'Re', 'Os']	20	[0.396 0.256 0.289 0.001 0.007 0.028 0.014 0.012]	[ 0.011 -0.09   0.075  0.001 -0.007  0.038 -0.031  0.003]	0.63	1.11	1.0	1.76	0.08	0.11	0.02	0.13	0.54	0.19	0.2		0.9928552775695982	0.127	False	0.105
3	['Pt', 'Pd', 'Au', 'Ru', 'Rh', 'Ir', 'Re', 'Os']	20	[0.368 0.303 0.257 0.011 0.021 0.017 0.015 0.006]	[-0.07   0.129 -0.028  0.073  0.054 -0.078 -0.049 -0.033]	0.63	1.11	1.0	1.76	0.08	0.11	0.02	0.13	0.54	0.19	0.2		0.9791617831035466	0.2	False	0.122
4	['Pt', 'Pd', 'Au', 'Ru', 'Rh', 'Ir', 'Re', 'Os']	20	[0.352 0.346 0.261 0.001 0.028 0.003 0.    0.01 ]	[-0.099  0.16  -0.049 -0.01   0.038 -0.009 -0.007 -0.023]	0.63	1.11	1.0	1.76	0.08	0.11	0.02	0.13	0.54	0.19	0.2		0.9820477956869769	0.2	False	0.14
5	['Pt', 'Pd', 'Au', 'Ru', 'Rh', 'Ir', 'Re', 'Os']	20	[0.377 0.278 0.294 0.003 0.007 0.005 0.003 0.031]	[ 0.186 -0.014 -0.035 -0.025 -0.031 -0.021 -0.028 -0.032]	0.63	1.11	1.0	1.76	0.08	0.11	0.02	0.13	0.54	0.19	0.2		1.0356281024248049	0.2	False	0.08
6	['Pt', 'Pd', 'Au', 'Ru', 'Rh', 'Ir', 'Re', 'Os']	20	[0.33  0.345 0.257 0.012 0.001 0.006 0.031 0.015]	[-0.115  0.141 -0.041 -0.033 -0.002 -0.024  0.056  0.017]	0.63	1.11	1.0	1.76	0.08	0.11	0.02	0.13	0.54	0.19	0.2		0.9690992861771319	0.2	False	0.14
7	['Pt', 'Pd', 'Au', 'Ru', 'Rh', 'Ir', 'Re', 'Os']	20	[0.393 0.311 0.269 0.003 0.005 0.002 0.003 0.001]	[ 0.025 -0.003  0.013  0.015 -0.031 -0.015 -0.029  0.023]	0.63	1.11	1.0	1.76	0.08	0.11	0.02	0.13	0.54	0.19	0.2		1.0128537708505023	0.06	False	0.128
0	['Pt', 'Pd', 'Au', 'Ru', 'Rh', 'Ir', 'Re', 'Os']	21	[0.315 0.262 0.362 0.006 0.012 0.001 0.002 0.037]	[-0.165  0.035  0.102  0.003 -0.017  0.01   0.003  0.029]	0.63	1.11	1.0	1.76	0.08	0.11	0.02	0.13	0.54	0.19	0.2		0.9938111996706054	0.2	False	0.097
1	['Pt', 'Pd', 'Au', 'Ru', 'Rh', 'Ir', 'Re', 'Os']	21	[0.398 0.232 0.314 0.004 0.004 0.    0.001 0.036]	[-0.055 -0.023  0.166  0.056 -0.036 -0.037 -0.026 -0.045]	0.63	1.11	1.0	1.76	0.08	0.11	0.02	0.13	0.54	0.19	0.2		1.0368508259659999	0.199	False	0.083
2	['Pt', 'Pd', 'Au', 'Ru', 'Rh', 'Ir', 'Re', 'Os']	21	[0.378 0.252 0.272 0.021 0.016 0.015 0.022 0.026]	[-0.022  0.004 -0.02  -0.068 -0.051  0.067  0.052  0.038]	0.63	1.11	1.0	1.76	0.08	0.11	0.02	0.13	0.54	0.19	0.2		0.9966636363697139	0.129	False	0.092
3	['Pt', 'Pd', 'Au', 'Ru', 'Rh', 'Ir', 'Re', 'Os']	21	[0.355 0.219 0.33  0.008 0.039 0.027 0.011 0.011]	[-0.014 -0.131  0.128 -0.02  -0.053  0.049  0.024  0.016]	0.63	1.11	1.0	1.76	0.08	0.11	0.02	0.13	0.54	0.19	0.2		0.9433975875927587	0.2	False	0.111
4	['Pt', 'Pd', 'Au', 'Ru', 'Rh', 'Ir', 'Re', 'Os']	21	[0.307 0.397 0.245 0.005 0.03  0.001 0.003 0.014]	[-0.061  0.132 -0.003 -0.015  0.1   -0.035 -0.051 -0.067]	0.63	1.11	1.0	1.76	0.08	0.11	0.02	0.13	0.54	0.19	0.2		0.9124464478169618	0.2	False	0.187
5	['Pt', 'Pd', 'Au', 'Ru', 'Rh', 'Ir', 'Re', 'Os']	21	[0.519 0.187 0.267 0.013 0.002 0.    0.004 0.008]	[ 0.164 -0.092 -0.022  0.013 -0.004 -0.005 -0.004 -0.049]	0.63	1.11	1.0	1.76	0.08	0.11	0.02	0.13	0.54	0.19	0.2		0.9345241811306841	0.196	False	0.206
6	['Pt', 'Pd', 'Au', 'Ru', 'Rh', 'Ir', 'Re', 'Os']	21	[0.388 0.199 0.333 0.014 0.016 0.005 0.034 0.007]	[ 0.061 -0.161  0.081 -0.    -0.025  0.002  0.054 -0.011]	0.63	1.11	1.0	1.76	0.08	0.11	0.02	0.13	0.54	0.19	0.2		0.970185052374283	0.2	False	0.124
7	['Pt', 'Pd', 'Au', 'Ru', 'Rh', 'Ir', 'Re', 'Os']	21	[0.392 0.181 0.373 0.001 0.002 0.006 0.009 0.021]	[ 0.013 -0.121  0.122 -0.015 -0.006 -0.018 -0.     0.025]	0.63	1.11	1.0	1.76	0.08	0.11	0.02	0.13	0.54	0.19	0.2		0.9742092271405354	0.176	False	0.135
0	['Pt', 'Pd', 'Au', 'Ru', 'Rh', 'Ir', 'Re', 'Os']	22	[0.466 0.202 0.279 0.011 0.02  0.004 0.008 0.007]	[ 0.159 -0.06  -0.084  0.013  0.026 -0.011 -0.015 -0.029]	0.63	1.11	1.0	1.76	0.08	0.11	0.02	0.13	0.54	0.19	0.2		0.9675581997111034	0.195	False	0.16
1	['Pt', 'Pd', 'Au', 'Ru', 'Rh', 'Ir', 'Re', 'Os']	22	[0.358 0.22  0.377 0.007 0.002 0.008 0.001 0.015]	[-0.034 -0.001  0.088 -0.017  0.007  0.012  0.007 -0.062]	0.63	1.11	1.0	1.76	0.08	0.11	0.02	0.13	0.54	0.19	0.2		0.9850812705111545	0.115	False	0.119
2	['Pt', 'Pd', 'Au', 'Ru', 'Rh', 'Ir', 'Re', 'Os']	22	[0.411 0.239 0.245 0.05  0.01  0.038 0.009 0.001]	[ 0.083 -0.005 -0.032  0.104  0.035 -0.129 -0.028 -0.028]	0.63	1.11	1.0	1.76	0.08	0.11	0.02	0.13	0.54	0.19	0.2		0.9432626640464896	0.195	False	0.144
3	['Pt', 'Pd', 'Au', 'Ru', 'Rh', 'Ir', 'Re', 'Os']	22	[0.419 0.199 0.266 0.01  0.037 0.015 0.03  0.022]	[ 0.111 -0.03  -0.104  0.008  0.096 -0.03  -0.072  0.022]	0.63	1.11	1.0	1.76	0.08	0.11	0.02	0.13	0.54	0.19	0.2		0.9493691497611647	0.2	False	0.131
4	['Pt', 'Pd', 'Au', 'Ru', 'Rh', 'Ir', 'Re', 'Os']	22	[0.216 0.268 0.352 0.024 0.036 0.024 0.02  0.063]	[-0.091 -0.129  0.107  0.019  0.006  0.023  0.017  0.049]	0.63	1.11	1.0	1.76	0.08	0.11	0.02	0.13	0.54	0.19	0.2		0.8199528540187637	0.2	False	0.159
5	['Pt', 'Pd', 'Au', 'Ru', 'Rh', 'Ir', 'Re', 'Os']	22	[0.351 0.271 0.324 0.008 0.003 0.001 0.    0.04 ]	[-0.172  0.081  0.054  0.015 -0.002 -0.005 -0.001  0.029]	0.63	1.11	1.0	1.76	0.08	0.11	0.02	0.13	0.54	0.19	0.2		1.037391372019888	0.201	False	0.068
6	['Pt', 'Pd', 'Au', 'Ru', 'Rh', 'Ir', 'Re', 'Os']	22	[0.409 0.23  0.265 0.009 0.002 0.033 0.041 0.007]	[ 0.047  0.066 -0.121 -0.015 -0.004 -0.087  0.106  0.008]	0.63	1.11	1.0	1.76	0.08	0.11	0.02	0.13	0.54	0.19	0.2		0.9546870432054035	0.2	False	0.129
7	['Pt', 'Pd', 'Au', 'Ru', 'Rh', 'Ir', 'Re', 'Os']	22	[0.41  0.318 0.236 0.002 0.009 0.006 0.004 0.002]	[ 0.019  0.14  -0.139 -0.005 -0.015  0.009  0.01  -0.019]	0.63	1.11	1.0	1.76	0.08	0.11	0.02	0.13	0.54	0.19	0.2		0.9914618455982656	0.2	False	0.149
0	['Pt', 'Pd', 'Au', 'Ru', 'Rh', 'Ir', 'Re', 'Os']	23	[0.322 0.304 0.351 0.003 0.004 0.002 0.001 0.009]	[-0.146  0.107  0.076  0.001 -0.037 -0.011 -0.003  0.012]	0.63	1.11	1.0	1.76	0.08	0.11	0.02	0.13	0.54	0.19	0.2		0.9923064076564565	0.2	False	0.121
1	['Pt', 'Pd', 'Au', 'Ru', 'Rh', 'Ir', 'Re', 'Os']	23	[0.279 0.337 0.249 0.006 0.051 0.023 0.036 0.008]	[-0.079  0.117 -0.128 -0.001  0.049  0.015  0.035 -0.007]	0.63	1.11	1.0	1.76	0.08	0.11	0.02	0.13	0.54	0.19	0.2		0.8604844492683323	0.201	False	0.168
2	['Pt', 'Pd', 'Au', 'Ru', 'Rh', 'Ir', 'Re', 'Os']	23	[0.365 0.273 0.268 0.005 0.02  0.068 0.002 0.   ]	[-0.082  0.054  0.035  0.015 -0.099  0.129 -0.046 -0.006]	0.63	1.11	1.0	1.76	0.08	0.11	0.02	0.13	0.54	0.19	0.2		0.9158371028250754	0.2	False	0.13
3	['Pt', 'Pd', 'Au', 'Ru', 'Rh', 'Ir', 'Re', 'Os']	23	[0.358 0.299 0.264 0.001 0.031 0.005 0.033 0.01 ]	[-0.107  0.15  -0.013 -0.013 -0.026 -0.024  0.062 -0.029]	0.63	1.11	1.0	1.76	0.08	0.11	0.02	0.13	0.54	0.19	0.2		0.9803323673480724	0.2	False	0.118
4	['Pt', 'Pd', 'Au', 'Ru', 'Rh', 'Ir', 'Re', 'Os']	23	[0.381 0.206 0.296 0.012 0.05  0.023 0.012 0.021]	[ 0.162 -0.074 -0.068  0.022  0.005 -0.011  0.018 -0.054]	0.63	1.11	1.0	1.76	0.08	0.11	0.02	0.13	0.54	0.19	0.2		0.945790092447556	0.2	False	0.112
5	['Pt', 'Pd', 'Au', 'Ru', 'Rh', 'Ir', 'Re', 'Os']	23	[0.331 0.276 0.312 0.024 0.004 0.006 0.002 0.04 ]	[-0.019  0.007 -0.011  0.019 -0.007  0.006  0.002  0.002]	0.63	1.11	1.0	1.76	0.08	0.11	0.02	0.13	0.54	0.19	0.2		1.0169203920535257	0.032	False	0.074
6	['Pt', 'Pd', 'Au', 'Ru', 'Rh', 'Ir', 'Re', 'Os']	23	[0.336 0.291 0.283 0.    0.032 0.045 0.006 0.002]	[-0.113  0.094  0.028 -0.039 -0.085  0.087  0.036 -0.008]	0.63	1.11	1.0	1.76	0.08	0.11	0.02	0.13	0.54	0.19	0.2		0.9301471009806819	0.2	False	0.122
7	['Pt', 'Pd', 'Au', 'Ru', 'Rh', 'Ir', 'Re', 'Os']	23	[0.339 0.244 0.366 0.003 0.015 0.001 0.002 0.017]	[-0.075 -0.078  0.137 -0.009  0.018 -0.002 -0.006  0.016]	0.63	1.11	1.0	1.76	0.08	0.11	0.02	0.13	0.54	0.19	0.2		0.9913970498124214	0.176	False	0.108
0	['Pt', 'Pd', 'Au', 'Ru', 'Rh', 'Ir', 'Re', 'Os']	24	[0.401 0.191 0.296 0.002 0.023 0.003 0.006 0.076]	[ 0.084 -0.111 -0.052 -0.004  0.023 -0.002 -0.01   0.071]	0.63	1.11	1.0	1.76	0.08	0.11	0.02	0.13	0.54	0.19	0.2		1.009269214090454	0.167	False	0.085
1	['Pt', 'Pd', 'Au', 'Ru', 'Rh', 'Ir', 'Re', 'Os']	24	[0.409 0.227 0.301 0.002 0.    0.001 0.005 0.043]	[ 0.117 -0.152  0.029 -0.04   0.025 -0.004  0.014  0.01 ]	0.63	1.11	1.0	1.76	0.08	0.11	0.02	0.13	0.54	0.19	0.2		1.037065674499212	0.2	False	0.085
2	['Pt', 'Pd', 'Au', 'Ru', 'Rh', 'Ir', 'Re', 'Os']	24	[0.35  0.261 0.278 0.022 0.04  0.017 0.005 0.03 ]	[-0.044 -0.037  0.007 -0.096  0.066  0.126 -0.07   0.048]	0.63	1.11	1.0	1.76	0.08	0.11	0.02	0.13	0.54	0.19	0.2		0.9789852550020086	0.2	False	0.089
3	['Pt', 'Pd', 'Au', 'Ru', 'Rh', 'Ir', 'Re', 'Os']	24	[0.338 0.234 0.334 0.007 0.037 0.026 0.003 0.024]	[-0.033 -0.108  0.118 -0.035  0.079 -0.068  0.022  0.024]	0.63	1.11	1.0	1.76	0.08	0.11	0.02	0.13	0.54	0.19	0.2		0.9556927715380195	0.2	False	0.097
4	['Pt', 'Pd', 'Au', 'Ru', 'Rh', 'Ir', 'Re', 'Os']	24	[0.408 0.251 0.241 0.018 0.056 0.011 0.015 0.003]	[ 0.045  0.072 -0.076 -0.088  0.126  0.002 -0.051 -0.03 ]	0.63	1.11	1.0	1.76	0.08	0.11	0.02	0.13	0.54	0.19	0.2		0.9500586374412061	0.2	False	0.142
5	['Pt', 'Pd', 'Au', 'Ru', 'Rh', 'Ir', 'Re', 'Os']	24	[0.466 0.196 0.285 0.026 0.002 0.003 0.004 0.012]	[ 0.143 -0.088 -0.031  0.041 -0.011 -0.004 -0.016 -0.032]	0.63	1.11	1.0	1.76	0.08	0.11	0.02	0.13	0.54	0.19	0.2		0.9794655634298883	0.179	False	0.158
6	['Pt', 'Pd', 'Au', 'Ru', 'Rh', 'Ir', 'Re', 'Os']	24	[0.355 0.217 0.326 0.023 0.05  0.011 0.001 0.011]	[ 0.033 -0.121  0.072 -0.08   0.097  0.031 -0.048  0.016]	0.63	1.11	1.0	1.76	0.08	0.11	0.02	0.13	0.54	0.19	0.2		0.9522295729136709	0.2	False	0.113
7	['Pt', 'Pd', 'Au', 'Ru', 'Rh', 'Ir', 'Re', 'Os']	24	[0.44  0.302 0.209 0.002 0.011 0.008 0.004 0.011]	[ 0.103  0.06  -0.159 -0.01   0.022 -0.013  0.003 -0.005]	0.63	1.11	1.0	1.76	0.08	0.11	0.02	0.13	0.54	0.19	0.2		0.9743526703388807	0.201	False	0.165
0	['Pt', 'Pd', 'Au', 'Ru', 'Rh', 'Ir', 'Re', 'Os']	25	[0.371 0.279 0.321 0.006 0.    0.016 0.006 0.   ]	[-0.062  0.126  0.025 -0.053  0.006 -0.073 -0.059  0.091]	0.63	1.11	1.0	1.76	0.08	0.11	0.02	0.13	0.54	0.19	0.2		1.0051361374807273	0.2	False	0.11
1	['Pt', 'Pd', 'Au', 'Ru', 'Rh', 'Ir', 'Re', 'Os']	25	[0.483 0.148 0.255 0.03  0.03  0.003 0.    0.039]	[ 0.077 -0.079 -0.045  0.025  0.032 -0.004 -0.004 -0.003]	0.63	1.11	1.0	1.76	0.08	0.11	0.02	0.13	0.54	0.19	0.2		0.9149946742500419	0.126	False	0.189
2	['Pt', 'Pd', 'Au', 'Ru', 'Rh', 'Ir', 'Re', 'Os']	25	[0.212 0.286 0.28  0.056 0.005 0.057 0.017 0.092]	[-0.168  0.023 -0.004  0.062  0.015  0.04  -0.034  0.066]	0.63	1.11	1.0	1.76	0.08	0.11	0.02	0.13	0.54	0.19	0.2		0.7907963715770491	0.2	False	0.166
3	['Pt', 'Pd', 'Au', 'Ru', 'Rh', 'Ir', 'Re', 'Os']	25	[0.45  0.183 0.267 0.021 0.013 0.022 0.021 0.028]	[ 0.148 -0.068 -0.089  0.017 -0.     0.043 -0.057  0.005]	0.63	1.11	1.0	1.76	0.08	0.11	0.02	0.13	0.54	0.19	0.2		0.9483066333619916	0.199	False	0.149
4	['Pt', 'Pd', 'Au', 'Ru', 'Rh', 'Ir', 'Re', 'Os']	25	[0.354 0.211 0.296 0.05  0.038 0.003 0.026 0.022]	[-0.115 -0.092  0.07   0.031  0.105 -0.027  0.02   0.008]	0.63	1.11	1.0	1.76	0.08	0.11	0.02	0.13	0.54	0.19	0.2		0.9541024465987653	0.2	False	0.111
5	['Pt', 'Pd', 'Au', 'Ru', 'Rh', 'Ir', 'Re', 'Os']	25	[0.311 0.28  0.319 0.018 0.007 0.002 0.003 0.052]	[-0.166  0.088  0.035  0.036 -0.017 -0.013 -0.005  0.041]	0.63	1.11	1.0	1.76	0.08	0.11	0.02	0.13	0.54	0.19	0.2		1.009111346935139	0.2	False	0.074
6	['Pt', 'Pd', 'Au', 'Ru', 'Rh', 'Ir', 'Re', 'Os']	25	[0.429 0.208 0.271 0.037 0.006 0.036 0.    0.008]	[ 0.129 -0.019 -0.1    0.067  0.036 -0.081 -0.024 -0.008]	0.63	1.11	1.0	1.76	0.08	0.11	0.02	0.13	0.54	0.19	0.2		0.9524349954211195	0.2	False	0.141
7	['Pt', 'Pd', 'Au', 'Ru', 'Rh', 'Ir', 'Re', 'Os']	25	[0.37  0.219 0.369 0.001 0.    0.01  0.005 0.012]	[-0.074 -0.088  0.163 -0.004  0.002  0.011 -0.008 -0.001]	0.63	1.11	1.0	1.76	0.08	0.11	0.02	0.13	0.54	0.19	0.2		0.989407882376822	0.2	False	0.118
0	['Pt', 'Pd', 'Au', 'Ru', 'Rh', 'Ir', 'Re', 'Os']	26	[0.28  0.241 0.307 0.002 0.026 0.046 0.002 0.097]	[-0.114 -0.043 -0.01   0.003 -0.037  0.063 -0.002  0.14 ]	0.63	1.11	1.0	1.76	0.08	0.11	0.02	0.13	0.54	0.19	0.2		0.917404604351812	0.2	False	0.089
1	['Pt', 'Pd', 'Au', 'Ru', 'Rh', 'Ir', 'Re', 'Os']	26	[0.351 0.268 0.326 0.006 0.001 0.001 0.002 0.033]	[-0.14   0.116  0.066  0.027 -0.041 -0.004 -0.011 -0.012]	0.63	1.11	1.0	1.76	0.08	0.11	0.02	0.13	0.54	0.19	0.2		1.032484256421993	0.2	False	0.074
2	['Pt', 'Pd', 'Au', 'Ru', 'Rh', 'Ir', 'Re', 'Os']	26	[0.384 0.283 0.284 0.006 0.006 0.    0.007 0.033]	[ 0.161 -0.022 -0.015 -0.071 -0.018  0.04   0.004 -0.08 ]	0.63	1.11	1.0	1.76	0.08	0.11	0.02	0.13	0.54	0.19	0.2		1.0414379310250637	0.2	False	0.084
3	['Pt', 'Pd', 'Au', 'Ru', 'Rh', 'Ir', 'Re', 'Os']	26	[0.331 0.301 0.273 0.038 0.003 0.    0.047 0.01 ]	[-0.147  0.124 -0.004  0.041 -0.007  0.005  0.019 -0.031]	0.63	1.11	1.0	1.76	0.08	0.11	0.02	0.13	0.54	0.19	0.2		0.9770929068368455	0.2	False	0.124
4	['Pt', 'Pd', 'Au', 'Ru', 'Rh', 'Ir', 'Re', 'Os']	26	[0.294 0.272 0.331 0.035 0.001 0.016 0.003 0.049]	[-0.132  0.079  0.033  0.091  0.004 -0.078 -0.015  0.019]	0.63	1.11	1.0	1.76	0.08	0.11	0.02	0.13	0.54	0.19	0.2		0.9716017899749958	0.2	False	0.093
5	['Pt', 'Pd', 'Au', 'Ru', 'Rh', 'Ir', 'Re', 'Os']	26	[0.417 0.25  0.302 0.005 0.002 0.005 0.001 0.011]	[ 0.117 -0.04  -0.025  0.016 -0.005 -0.003 -0.008 -0.053]	0.63	1.11	1.0	1.76	0.08	0.11	0.02	0.13	0.54	0.19	0.2		1.0239739304723445	0.138	False	0.112
6	['Pt', 'Pd', 'Au', 'Ru', 'Rh', 'Ir', 'Re', 'Os']	26	[0.333 0.292 0.291 0.007 0.012 0.049 0.005 0.008]	[-0.135  0.107  0.021  0.007 -0.051  0.082 -0.025 -0.006]	0.63	1.11	1.0	1.76	0.08	0.11	0.02	0.13	0.54	0.19	0.2		0.9407484424294448	0.2	False	0.115
7	['Pt', 'Pd', 'Au', 'Ru', 'Rh', 'Ir', 'Re', 'Os']	26	[0.355 0.357 0.231 0.007 0.001 0.012 0.008 0.016]	[-0.016  0.14  -0.141 -0.011 -0.002  0.017  0.009  0.004]	0.63	1.11	1.0	1.76	0.08	0.11	0.02	0.13	0.54	0.19	0.2		0.9687179879991794	0.2	False	0.153
0	['Pt', 'Pd', 'Au', 'Ru', 'Rh', 'Ir', 'Re', 'Os']	27	[0.407 0.277 0.288 0.007 0.01  0.003 0.006 0.003]	[ 0.131  0.03  -0.031 -0.031  0.022  0.038 -0.03  -0.131]	0.63	1.11	1.0	1.76	0.08	0.11	0.02	0.13	0.54	0.19	0.2		1.0189107436126559	0.2	False	0.117
1	['Pt', 'Pd', 'Au', 'Ru', 'Rh', 'Ir', 'Re', 'Os']	27	[0.423 0.305 0.234 0.004 0.005 0.007 0.007 0.003]	[ 0.078  0.042 -0.092 -0.003  0.005  0.007 -0.009 -0.028]	0.63	1.11	1.0	1.76	0.08	0.11	0.02	0.13	0.54	0.19	0.2		0.9919809767570904	0.131	False	0.149
2	['Pt', 'Pd', 'Au', 'Ru', 'Rh', 'Ir', 'Re', 'Os']	27	[0.454 0.216 0.26  0.032 0.01  0.019 0.003 0.007]	[ 0.124 -0.063 -0.004  0.052 -0.058 -0.059 -0.036  0.045]	0.63	1.11	1.0	1.76	0.08	0.11	0.02	0.13	0.54	0.19	0.2		0.9648448081849883	0.179	False	0.154
3	['Pt', 'Pd', 'Au', 'Ru', 'Rh', 'Ir', 'Re', 'Os']	27	[0.379 0.27  0.247 0.036 0.025 0.021 0.013 0.01 ]	[ 0.087 -0.037 -0.029  0.094 -0.089 -0.08   0.079 -0.025]	0.63	1.11	1.0	1.76	0.08	0.11	0.02	0.13	0.54	0.19	0.2		0.9686755168098169	0.2	False	0.121
4	['Pt', 'Pd', 'Au', 'Ru', 'Rh', 'Ir', 'Re', 'Os']	27	[0.374 0.23  0.332 0.017 0.004 0.028 0.    0.017]	[ 0.129 -0.032  0.025  0.022 -0.047  0.055 -0.031 -0.122]	0.63	1.11	1.0	1.76	0.08	0.11	0.02	0.13	0.54	0.19	0.2		0.9876318912665529	0.2	False	0.1
5	['Pt', 'Pd', 'Au', 'Ru', 'Rh', 'Ir', 'Re', 'Os']	27	[0.364 0.32  0.244 0.001 0.003 0.023 0.004 0.037]	[-0.051  0.076 -0.056 -0.011 -0.005  0.024 -0.008  0.031]	0.63	1.11	1.0	1.76	0.08	0.11	0.02	0.13	0.54	0.19	0.2		0.9965204146328028	0.115	False	0.113
6	['Pt', 'Pd', 'Au', 'Ru', 'Rh', 'Ir', 'Re', 'Os']	27	[0.388 0.274 0.261 0.03  0.005 0.033 0.    0.005]	[ 0.107 -0.03  -0.053 -0.094  0.008  0.118 -0.013 -0.043]	0.63	1.11	1.0	1.76	0.08	0.11	0.02	0.13	0.54	0.19	0.2		0.9778858717153152	0.2	False	0.121
7	['Pt', 'Pd', 'Au', 'Ru', 'Rh', 'Ir', 'Re', 'Os']	27	[0.45  0.218 0.291 0.001 0.013 0.008 0.005 0.002]	[ 0.109 -0.147  0.071  0.002 -0.032  0.017 -0.017 -0.003]	0.63	1.11	1.0	1.76	0.08	0.11	0.02	0.13	0.54	0.19	0.2		0.9841544661710511	0.2	False	0.145
0	['Pt', 'Pd', 'Au', 'Ru', 'Rh', 'Ir', 'Re', 'Os']	28	[0.369 0.269 0.322 0.022 0.014 0.001 0.003 0.   ]	[-0.04   0.003  0.065  0.039 -0.045 -0.02  -0.007  0.005]	0.63	1.11	1.0	1.76	0.08	0.11	0.02	0.13	0.54	0.19	0.2		1.0108331743983134	0.099	False	0.109
1	['Pt', 'Pd', 'Au', 'Ru', 'Rh', 'Ir', 'Re', 'Os']	28	[0.377 0.178 0.367 0.007 0.005 0.008 0.    0.045]	[-0.049 -0.132  0.135  0.005 -0.013  0.009  0.003  0.042]	0.63	1.11	1.0	1.76	0.08	0.11	0.02	0.13	0.54	0.19	0.2		0.9801240992842368	0.2	False	0.116
2	['Pt', 'Pd', 'Au', 'Ru', 'Rh', 'Ir', 'Re', 'Os']	28	[0.338 0.324 0.259 0.001 0.005 0.027 0.018 0.03 ]	[-0.144  0.126 -0.005  0.013 -0.009  0.034 -0.039  0.024]	0.63	1.11	1.0	1.76	0.08	0.11	0.02	0.13	0.54	0.19	0.2		0.9740713450872787	0.2	False	0.115
3	['Pt', 'Pd', 'Au', 'Ru', 'Rh', 'Ir', 'Re', 'Os']	28	[0.38  0.216 0.258 0.03  0.017 0.046 0.032 0.022]	[ 0.023 -0.066  0.039  0.093  0.009  0.088 -0.102 -0.084]	0.63	1.11	1.0	1.76	0.08	0.11	0.02	0.13	0.54	0.19	0.2		0.9231626981365693	0.2	False	0.119
4	['Pt', 'Pd', 'Au', 'Ru', 'Rh', 'Ir', 'Re', 'Os']	28	[0.445 0.297 0.191 0.003 0.029 0.017 0.014 0.005]	[ 0.085  0.081 -0.157  0.01   0.025 -0.008 -0.03  -0.005]	0.63	1.11	1.0	1.76	0.08	0.11	0.02	0.13	0.54	0.19	0.2		0.9343873689984834	0.2	False	0.183
5	['Pt', 'Pd', 'Au', 'Ru', 'Rh', 'Ir', 'Re', 'Os']	28	[0.383 0.2   0.365 0.001 0.008 0.033 0.001 0.005]	[ 0.03  -0.118  0.138 -0.014 -0.026  0.053 -0.015 -0.049]	0.63	1.11	1.0	1.76	0.08	0.11	0.02	0.13	0.54	0.19	0.2		0.9500650348706314	0.2	False	0.134
6	['Pt', 'Pd', 'Au', 'Ru', 'Rh', 'Ir', 'Re', 'Os']	28	[0.387 0.222 0.278 0.07  0.012 0.006 0.019 0.002]	[ 0.038 -0.041  0.065  0.142 -0.08  -0.019 -0.041 -0.064]	0.63	1.11	1.0	1.76	0.08	0.11	0.02	0.13	0.54	0.19	0.2		0.9706881557256106	0.2	False	0.133
7	['Pt', 'Pd', 'Au', 'Ru', 'Rh', 'Ir', 'Re', 'Os']	28	[0.32  0.355 0.285 0.006 0.016 0.003 0.003 0.001]	[-0.13   0.147 -0.001 -0.02   0.026 -0.002 -0.005 -0.016]	0.63	1.11	1.0	1.76	0.08	0.11	0.02	0.13	0.54	0.19	0.2		0.9610623488150696	0.2	False	0.149
0	['Pt', 'Pd', 'Au', 'Ru', 'Rh', 'Ir', 'Re', 'Os']	29	[0.332 0.264 0.325 0.001 0.022 0.005 0.024 0.027]	[-0.058 -0.003  0.011  0.027  0.046 -0.016 -0.059  0.052]	0.63	1.11	1.0	1.76	0.08	0.11	0.02	0.13	0.54	0.19	0.2		0.992917077337405	0.113	False	0.087
1	['Pt', 'Pd', 'Au', 'Ru', 'Rh', 'Ir', 'Re', 'Os']	29	[0.384 0.332 0.253 0.    0.004 0.014 0.    0.001]	[ 0.007  0.155 -0.115  0.002 -0.013  0.017 -0.004 -0.048]	0.63	1.11	1.0	1.76	0.08	0.11	0.02	0.13	0.54	0.19	0.2		0.9890039247104401	0.2	False	0.142
2	['Pt', 'Pd', 'Au', 'Ru', 'Rh', 'Ir', 'Re', 'Os']	29	[0.39  0.226 0.307 0.    0.02  0.029 0.026 0.001]	[ 0.073 -0.115  0.068 -0.022 -0.047  0.057  0.043 -0.057]	0.63	1.11	1.0	1.76	0.08	0.11	0.02	0.13	0.54	0.19	0.2		0.9594467897443029	0.185	False	0.118
3	['Pt', 'Pd', 'Au', 'Ru', 'Rh', 'Ir', 'Re', 'Os']	29	[0.298 0.28  0.296 0.003 0.014 0.06  0.043 0.004]	[-0.147  0.09   0.047 -0.004 -0.043  0.009  0.075 -0.026]	0.63	1.11	1.0	1.76	0.08	0.11	0.02	0.13	0.54	0.19	0.2		0.8708420217371615	0.2	False	0.136
4	['Pt', 'Pd', 'Au', 'Ru', 'Rh', 'Ir', 'Re', 'Os']	29	[0.345 0.265 0.333 0.008 0.015 0.004 0.001 0.03 ]	[-0.122 -0.047  0.146 -0.027  0.028  0.006 -0.001  0.016]	0.63	1.11	1.0	1.76	0.08	0.11	0.02	0.13	0.54	0.19	0.2		1.0164007657654932	0.2	False	0.081
5	['Pt', 'Pd', 'Au', 'Ru', 'Rh', 'Ir', 'Re', 'Os']	29	[0.433 0.061 0.291 0.048 0.027 0.01  0.037 0.088]	[ 0.043 -0.148 -0.083  0.04   0.011  0.033  0.029  0.076]	0.63	1.11	1.0	1.76	0.08	0.11	0.02	0.13	0.54	0.19	0.2		0.8136343772544086	0.2	False	0.218
6	['Pt', 'Pd', 'Au', 'Ru', 'Rh', 'Ir', 'Re', 'Os']	29	[0.346 0.288 0.317 0.    0.007 0.002 0.015 0.02 ]	[-0.078  0.111  0.063  0.058 -0.023 -0.061  0.026 -0.096]	0.63	1.11	1.0	1.76	0.08	0.11	0.02	0.13	0.54	0.19	0.2		1.0164988640001276	0.2	False	0.092
7	['Pt', 'Pd', 'Au', 'Ru', 'Rh', 'Ir', 'Re', 'Os']	29	[0.169 0.272 0.297 0.048 0.048 0.043 0.055 0.058]	[-0.151 -0.083  0.012  0.042  0.032  0.04   0.052  0.057]	0.63	1.11	1.0	1.76	0.08	0.11	0.02	0.13	0.54	0.19	0.2		0.6661074072810127	0.2	False	0.211
0	['Pt', 'Pd', 'Au', 'Ru', 'Rh', 'Ir', 'Re', 'Os']	30	[0.397 0.264 0.252 0.015 0.005 0.004 0.061 0.004]	[ 0.098  0.009 -0.09  -0.044  0.009 -0.018  0.093 -0.058]	0.63	1.11	1.0	1.76	0.08	0.11	0.02	0.13	0.54	0.19	0.2		0.9776900340778489	0.179	False	0.134
1	['Pt', 'Pd', 'Au', 'Ru', 'Rh', 'Ir', 'Re', 'Os']	30	[0.391 0.169 0.339 0.001 0.01  0.028 0.004 0.047]	[ 0.011 -0.164  0.093 -0.001 -0.018  0.036 -0.009  0.052]	0.63	1.11	1.0	1.76	0.08	0.11	0.02	0.13	0.54	0.19	0.2		0.9579831997279691	0.2	False	0.116
2	['Pt', 'Pd', 'Au', 'Ru', 'Rh', 'Ir', 'Re', 'Os']	30	[0.383 0.327 0.221 0.007 0.028 0.005 0.017 0.01 ]	[-0.016  0.137 -0.128 -0.046  0.038  0.025 -0.017  0.007]	0.63	1.11	1.0	1.76	0.08	0.11	0.02	0.13	0.54	0.19	0.2		0.9709462969758207	0.2	False	0.15
3	['Pt', 'Pd', 'Au', 'Ru', 'Rh', 'Ir', 'Re', 'Os']	30	[0.386 0.289 0.268 0.    0.004 0.027 0.024 0.   ]	[ 0.133 -0.012 -0.08  -0.042 -0.04   0.102 -0.02  -0.042]	0.63	1.11	1.0	1.76	0.08	0.11	0.02	0.13	0.54	0.19	0.2		0.979217372346088	0.201	False	0.123
4	['Pt', 'Pd', 'Au', 'Ru', 'Rh', 'Ir', 'Re', 'Os']	30	[0.394 0.257 0.265 0.022 0.025 0.019 0.    0.017]	[ 0.074 -0.004 -0.087  0.03   0.042 -0.029 -0.014 -0.011]	0.63	1.11	1.0	1.76	0.08	0.11	0.02	0.13	0.54	0.19	0.2		0.9913048072890849	0.129	False	0.108
5	['Pt', 'Pd', 'Au', 'Ru', 'Rh', 'Ir', 'Re', 'Os']	30	[0.39  0.244 0.29  0.007 0.005 0.004 0.01  0.045]	[-0.043  0.183 -0.001 -0.041 -0.022 -0.006 -0.027 -0.043]	0.63	1.11	1.0	1.76	0.08	0.11	0.02	0.13	0.54	0.19	0.2		1.0363284558532613	0.2	False	0.07
6	['Pt', 'Pd', 'Au', 'Ru', 'Rh', 'Ir', 'Re', 'Os']	30	[0.39  0.305 0.267 0.018 0.006 0.007 0.    0.001]	[ 0.104  0.047 -0.094 -0.058 -0.039  0.001  0.016  0.024]	0.63	1.11	1.0	1.76	0.08	0.11	0.02	0.13	0.54	0.19	0.2		1.0085208630909819	0.166	False	0.126
7	['Pt', 'Pd', 'Au', 'Ru', 'Rh', 'Ir', 'Re', 'Os']	30	[0.349 0.285 0.295 0.003 0.011 0.009 0.017 0.021]	[ 0.18   0.013 -0.002 -0.045 -0.037 -0.034 -0.038 -0.037]	0.63	1.11	1.0	1.76	0.08	0.11	0.02	0.13	0.54	0.19	0.2		1.0061513107549533	0.2	False	0.089
