ID	Elements	Generation	Position	Velocity	F_damp	F_b_best	F_h_best	F_g_best	F_b_worst	F_h_worst	F_g_worst	mut_prob	flip_prob	mut_rate	v_max	v_min	Activity	Velocity_mag	Flag	Distance
0	['Pt', 'Pd', 'Au', 'Ru', 'Rh', 'Ir', 'Re', 'Os']	0	[0.79 0.03 0.03 0.03 0.03 0.03 0.03 0.03]	[-0.187  0.027  0.027  0.027  0.027  0.027  0.027  0.027]	0.67	1.95	1.4	0.12	0.07	0.31	0.04	0.32	0.17	0.43	0.2		0.4429187652207028	0.2	False	0.569
1	['Pt', 'Pd', 'Au', 'Ru', 'Rh', 'Ir', 'Re', 'Os']	0	[0.03 0.79 0.03 0.03 0.03 0.03 0.03 0.03]	[ 0.027 -0.187  0.027  0.027  0.027  0.027  0.027  0.027]	0.67	1.95	1.4	0.12	0.07	0.31	0.04	0.32	0.17	0.43	0.2		0.20560014505118765	0.2	False	0.689
2	['Pt', 'Pd', 'Au', 'Ru', 'Rh', 'Ir', 'Re', 'Os']	0	[0.03 0.03 0.79 0.03 0.03 0.03 0.03 0.03]	[ 0.027  0.027 -0.187  0.027  0.027  0.027  0.027  0.027]	0.67	1.95	1.4	0.12	0.07	0.31	0.04	0.32	0.17	0.43	0.2		0.2149894158498778	0.2	False	0.632
3	['Pt', 'Pd', 'Au', 'Ru', 'Rh', 'Ir', 'Re', 'Os']	0	[0.03 0.03 0.03 0.79 0.03 0.03 0.03 0.03]	[ 0.027  0.027  0.027 -0.187  0.027  0.027  0.027  0.027]	0.67	1.95	1.4	0.12	0.07	0.31	0.04	0.32	0.17	0.43	0.2		0.12265296114671781	0.2	False	0.925
4	['Pt', 'Pd', 'Au', 'Ru', 'Rh', 'Ir', 'Re', 'Os']	0	[0.03 0.03 0.03 0.03 0.79 0.03 0.03 0.03]	[ 0.027  0.027  0.027  0.027 -0.187  0.027  0.027  0.027]	0.67	1.95	1.4	0.12	0.07	0.31	0.04	0.32	0.17	0.43	0.2		0.2961943697576309	0.2	False	0.925
5	['Pt', 'Pd', 'Au', 'Ru', 'Rh', 'Ir', 'Re', 'Os']	0	[0.03 0.03 0.03 0.03 0.03 0.79 0.03 0.03]	[ 0.027  0.027  0.027  0.027  0.027 -0.187  0.027  0.027]	0.67	1.95	1.4	0.12	0.07	0.31	0.04	0.32	0.17	0.43	0.2		0.3414716944973704	0.2	False	0.925
6	['Pt', 'Pd', 'Au', 'Ru', 'Rh', 'Ir', 'Re', 'Os']	0	[0.03 0.03 0.03 0.03 0.03 0.03 0.79 0.03]	[ 0.027  0.027  0.027  0.027  0.027  0.027 -0.187  0.027]	0.67	1.95	1.4	0.12	0.07	0.31	0.04	0.32	0.17	0.43	0.2		0.3145140039050876	0.2	False	0.925
7	['Pt', 'Pd', 'Au', 'Ru', 'Rh', 'Ir', 'Re', 'Os']	0	[0.03 0.03 0.03 0.03 0.03 0.03 0.03 0.79]	[ 0.027  0.027  0.027  0.027  0.027  0.027  0.027 -0.187]	0.67	1.95	1.4	0.12	0.07	0.31	0.04	0.32	0.17	0.43	0.2		0.32838217395326336	0.2	False	0.839
0	['Pt', 'Pd', 'Au', 'Ru', 'Rh', 'Ir', 'Re', 'Os']	1	[0.846 0.    0.    0.134 0.    0.018 0.    0.   ]	[ 0.073 -0.034 -0.034  0.158 -0.034 -0.062 -0.034 -0.034]	0.67	1.95	1.4	0.12	0.07	0.31	0.04	0.32	0.17	0.43	0.2		0.3986140087936687	0.2	False	0.653
1	['Pt', 'Pd', 'Au', 'Ru', 'Rh', 'Ir', 'Re', 'Os']	1	[0.178 0.66  0.031 0.002 0.032 0.031 0.031 0.031]	[ 0.142 -0.138 -0.006  0.024 -0.005 -0.006 -0.006 -0.006]	0.67	1.95	1.4	0.12	0.07	0.31	0.04	0.32	0.17	0.43	0.2		0.36731843995907415	0.2	False	0.527
2	['Pt', 'Pd', 'Au', 'Ru', 'Rh', 'Ir', 'Re', 'Os']	1	[0.172 0.035 0.652 0.003 0.035 0.035 0.035 0.034]	[ 0.142  0.005 -0.138 -0.027  0.005  0.005  0.005  0.004]	0.67	1.95	1.4	0.12	0.07	0.31	0.04	0.32	0.17	0.43	0.2		0.35838027134702233	0.2	False	0.458
3	['Pt', 'Pd', 'Au', 'Ru', 'Rh', 'Ir', 'Re', 'Os']	1	[0.17  0.031 0.031 0.647 0.031 0.03  0.031 0.03 ]	[ 0.14   0.001  0.001 -0.143  0.001  0.     0.001  0.   ]	0.67	1.95	1.4	0.12	0.07	0.31	0.04	0.32	0.17	0.43	0.2		0.17266595096953688	0.2	False	0.761
4	['Pt', 'Pd', 'Au', 'Ru', 'Rh', 'Ir', 'Re', 'Os']	1	[0.18  0.029 0.033 0.    0.661 0.033 0.033 0.033]	[ 0.15  -0.001  0.003 -0.03  -0.129  0.003  0.003  0.003]	0.67	1.95	1.4	0.12	0.07	0.31	0.04	0.32	0.17	0.43	0.2		0.3053884403394	0.2	False	0.77
5	['Pt', 'Pd', 'Au', 'Ru', 'Rh', 'Ir', 'Re', 'Os']	1	[0.179 0.032 0.032 0.006 0.031 0.659 0.031 0.032]	[ 0.149  0.002  0.002 -0.024  0.001 -0.131  0.001  0.002]	0.67	1.95	1.4	0.12	0.07	0.31	0.04	0.32	0.17	0.43	0.2		0.33272733383970293	0.2	False	0.768
6	['Pt', 'Pd', 'Au', 'Ru', 'Rh', 'Ir', 'Re', 'Os']	1	[0.181 0.018 0.019 0.062 0.018 0.018 0.666 0.018]	[ 0.151 -0.012 -0.011  0.032 -0.012 -0.012 -0.124 -0.012]	0.67	1.95	1.4	0.12	0.07	0.31	0.04	0.32	0.17	0.43	0.2		0.31006719986126485	0.2	False	0.785
7	['Pt', 'Pd', 'Au', 'Ru', 'Rh', 'Ir', 'Re', 'Os']	1	[0.178 0.031 0.031 0.002 0.031 0.031 0.031 0.66 ]	[ 0.142 -0.006 -0.006  0.024 -0.006 -0.006 -0.006 -0.138]	0.67	1.95	1.4	0.12	0.07	0.31	0.04	0.32	0.17	0.43	0.2		0.3707935233009587	0.2	False	0.683
0	['Pt', 'Pd', 'Au', 'Ru', 'Rh', 'Ir', 'Re', 'Os']	2	[0.955 0.002 0.004 0.023 0.004 0.006 0.004 0.004]	[ 0.094 -0.04  -0.033  0.144 -0.033 -0.069 -0.033 -0.033]	0.67	1.95	1.4	0.12	0.07	0.31	0.04	0.32	0.17	0.43	0.2		0.37638116974289704	0.201	False	0.725
1	['Pt', 'Pd', 'Au', 'Ru', 'Rh', 'Ir', 'Re', 'Os']	2	[0.324 0.524 0.028 0.002 0.029 0.033 0.028 0.027]	[ 0.146 -0.136 -0.003  0.    -0.003  0.002 -0.003 -0.004]	0.67	1.95	1.4	0.12	0.07	0.31	0.04	0.32	0.17	0.43	0.2		0.6078344836287415	0.2	False	0.397
2	['Pt', 'Pd', 'Au', 'Ru', 'Rh', 'Ir', 'Re', 'Os']	2	[0.328 0.025 0.529 0.006 0.027 0.03  0.027 0.026]	[ 0.156 -0.01  -0.123  0.007 -0.008 -0.005 -0.008 -0.008]	0.67	1.95	1.4	0.12	0.07	0.31	0.04	0.32	0.17	0.43	0.2		0.6002983850863832	0.2	False	0.334
3	['Pt', 'Pd', 'Au', 'Ru', 'Rh', 'Ir', 'Re', 'Os']	2	[0.315 0.035 0.025 0.509 0.026 0.029 0.036 0.027]	[ 0.145  0.004 -0.006 -0.138 -0.005 -0.001  0.005 -0.003]	0.67	1.95	1.4	0.12	0.07	0.31	0.04	0.32	0.17	0.43	0.2		0.31449289948218356	0.2	False	0.625
4	['Pt', 'Pd', 'Au', 'Ru', 'Rh', 'Ir', 'Re', 'Os']	2	[0.325 0.027 0.031 0.001 0.523 0.036 0.031 0.031]	[ 0.145 -0.002 -0.002  0.001 -0.138  0.003 -0.002 -0.002]	0.67	1.95	1.4	0.12	0.07	0.31	0.04	0.32	0.17	0.43	0.2		0.3275147627285253	0.2	False	0.635
5	['Pt', 'Pd', 'Au', 'Ru', 'Rh', 'Ir', 'Re', 'Os']	2	[0.342 0.023 0.02  0.003 0.023 0.545 0.023 0.023]	[ 0.163 -0.009 -0.012 -0.003 -0.008 -0.114 -0.008 -0.009]	0.67	1.95	1.4	0.12	0.07	0.31	0.04	0.32	0.17	0.43	0.2		0.3307956868387765	0.2	False	0.659
6	['Pt', 'Pd', 'Au', 'Ru', 'Rh', 'Ir', 'Re', 'Os']	2	[0.338 0.016 0.016 0.033 0.016 0.02  0.546 0.016]	[ 0.157 -0.002 -0.003 -0.029 -0.002  0.002 -0.12  -0.002]	0.67	1.95	1.4	0.12	0.07	0.31	0.04	0.32	0.17	0.43	0.2		0.3307855631178291	0.2	False	0.665
7	['Pt', 'Pd', 'Au', 'Ru', 'Rh', 'Ir', 'Re', 'Os']	2	[0.333 0.022 0.022 0.005 0.022 0.032 0.022 0.535]	[ 0.155 -0.009 -0.009  0.003 -0.009  0.001 -0.009 -0.125]	0.67	1.95	1.4	0.12	0.07	0.31	0.04	0.32	0.17	0.43	0.2		0.442164615076726	0.2	False	0.566
0	['Pt', 'Pd', 'Au', 'Ru', 'Rh', 'Ir', 'Re', 'Os']	3	[0.79  0.11  0.019 0.018 0.021 0.018 0.004 0.021]	[-0.165  0.108  0.015 -0.005  0.017  0.012  0.     0.017]	0.67	1.95	1.4	0.12	0.07	0.31	0.04	0.32	0.17	0.43	0.2		0.4727176979215696	0.2	False	0.547
1	['Pt', 'Pd', 'Au', 'Ru', 'Rh', 'Ir', 'Re', 'Os']	3	[0.359 0.499 0.001 0.126 0.001 0.006 0.001 0.002]	[ 0.086  0.014 -0.05   0.144 -0.05  -0.046 -0.052 -0.046]	0.67	1.95	1.4	0.12	0.07	0.31	0.04	0.32	0.17	0.43	0.2		0.6506793019140682	0.201	False	0.421
2	['Pt', 'Pd', 'Au', 'Ru', 'Rh', 'Ir', 'Re', 'Os']	3	[0.345 0.16  0.389 0.03  0.018 0.021 0.017 0.016]	[ 0.017  0.136 -0.141  0.027 -0.009 -0.009 -0.01  -0.01 ]	0.67	1.95	1.4	0.12	0.07	0.31	0.04	0.32	0.17	0.43	0.2		0.8880585724936678	0.2	False	0.158
3	['Pt', 'Pd', 'Au', 'Ru', 'Rh', 'Ir', 'Re', 'Os']	3	[0.342 0.162 0.025 0.357 0.026 0.03  0.034 0.026]	[ 0.027  0.127 -0.    -0.152 -0.     0.001 -0.002 -0.001]	0.67	1.95	1.4	0.12	0.07	0.31	0.04	0.32	0.17	0.43	0.2		0.5247736074553214	0.2	False	0.468
4	['Pt', 'Pd', 'Au', 'Ru', 'Rh', 'Ir', 'Re', 'Os']	3	[0.347 0.167 0.008 0.053 0.401 0.014 0.007 0.008]	[ 0.024  0.144 -0.022  0.041 -0.123 -0.021 -0.023 -0.022]	0.67	1.95	1.4	0.12	0.07	0.31	0.04	0.32	0.17	0.43	0.2		0.40239269105651354	0.2	False	0.514
5	['Pt', 'Pd', 'Au', 'Ru', 'Rh', 'Ir', 'Re', 'Os']	3	[0.228 0.178 0.017 0.024 0.02  0.497 0.019 0.019]	[-0.114  0.156 -0.003  0.02  -0.003 -0.048 -0.004 -0.004]	0.67	1.95	1.4	0.12	0.07	0.31	0.04	0.32	0.17	0.43	0.2		0.3066895219698702	0.2	False	0.596
6	['Pt', 'Pd', 'Au', 'Ru', 'Rh', 'Ir', 'Re', 'Os']	3	[0.35  0.164 0.007 0.023 0.007 0.012 0.428 0.007]	[ 0.005  0.144 -0.016  0.043 -0.016 -0.015 -0.128 -0.016]	0.67	1.95	1.4	0.12	0.07	0.31	0.04	0.32	0.17	0.43	0.2		0.410860390274027	0.2	False	0.535
7	['Pt', 'Pd', 'Au', 'Ru', 'Rh', 'Ir', 'Re', 'Os']	3	[0.348 0.158 0.013 0.032 0.013 0.023 0.012 0.395]	[ 0.015  0.137 -0.009  0.028 -0.009 -0.009 -0.01  -0.141]	0.67	1.95	1.4	0.12	0.07	0.31	0.04	0.32	0.17	0.43	0.2		0.6007390842414717	0.2	False	0.424
0	['Pt', 'Pd', 'Au', 'Ru', 'Rh', 'Ir', 'Re', 'Os']	4	[0.641 0.135 0.147 0.006 0.016 0.043 0.    0.014]	[-0.149  0.025  0.128 -0.012 -0.005  0.025 -0.004 -0.007]	0.67	1.95	1.4	0.12	0.07	0.31	0.04	0.32	0.17	0.43	0.2		0.6768141304259564	0.2	False	0.362
1	['Pt', 'Pd', 'Au', 'Ru', 'Rh', 'Ir', 'Re', 'Os']	4	[0.373 0.355 0.125 0.095 0.006 0.03  0.005 0.003]	[ 0.023 -0.138  0.136 -0.022 -0.012  0.034 -0.011 -0.009]	0.67	1.95	1.4	0.12	0.07	0.31	0.04	0.32	0.17	0.43	0.2		0.8484039863414776	0.2	False	0.248
2	['Pt', 'Pd', 'Au', 'Ru', 'Rh', 'Ir', 'Re', 'Os']	4	[0.357 0.189 0.327 0.008 0.003 0.099 0.004 0.009]	[ 0.052  0.072 -0.036 -0.057 -0.055  0.135 -0.055 -0.058]	0.67	1.95	1.4	0.12	0.07	0.31	0.04	0.32	0.17	0.43	0.2		0.8445453644278438	0.2	False	0.151
3	['Pt', 'Pd', 'Au', 'Ru', 'Rh', 'Ir', 'Re', 'Os']	4	[0.357 0.177 0.17  0.229 0.017 0.009 0.023 0.017]	[ 0.008  0.008  0.14  -0.136 -0.016  0.03  -0.018 -0.016]	0.67	1.95	1.4	0.12	0.07	0.31	0.04	0.32	0.17	0.43	0.2		0.7680173954109893	0.2	False	0.287
4	['Pt', 'Pd', 'Au', 'Ru', 'Rh', 'Ir', 'Re', 'Os']	4	[0.361 0.184 0.138 0.04  0.258 0.023 0.    0.   ]	[ 0.012  0.015  0.129 -0.015 -0.147  0.028 -0.01  -0.011]	0.67	1.95	1.4	0.12	0.07	0.31	0.04	0.32	0.17	0.43	0.2		0.5951234743230773	0.199	False	0.331
5	['Pt', 'Pd', 'Au', 'Ru', 'Rh', 'Ir', 'Re', 'Os']	4	[0.157 0.124 0.191 0.021 0.019 0.453 0.019 0.018]	[-0.071 -0.054  0.174 -0.003 -0.001 -0.044 -0.    -0.001]	0.67	1.95	1.4	0.12	0.07	0.31	0.04	0.32	0.17	0.43	0.2		0.2524718905404295	0.2	False	0.527
6	['Pt', 'Pd', 'Au', 'Ru', 'Rh', 'Ir', 'Re', 'Os']	4	[0.353 0.182 0.136 0.018 0.001 0.023 0.281 0.   ]	[ 0.001  0.016  0.128 -0.007 -0.008  0.027 -0.15  -0.009]	0.67	1.95	1.4	0.12	0.07	0.31	0.04	0.32	0.17	0.43	0.2		0.5997533759397533	0.2	False	0.348
7	['Pt', 'Pd', 'Au', 'Ru', 'Rh', 'Ir', 'Re', 'Os']	4	[0.359 0.181 0.148 0.019 0.004 0.02  0.002 0.258]	[ 0.006  0.019  0.132 -0.018 -0.014  0.033 -0.015 -0.143]	0.67	1.95	1.4	0.12	0.07	0.31	0.04	0.32	0.17	0.43	0.2		0.8563901858071379	0.2	False	0.232
0	['Pt', 'Pd', 'Au', 'Ru', 'Rh', 'Ir', 'Re', 'Os']	5	[0.498 0.166 0.184 0.01  0.003 0.01  0.001 0.131]	[-0.157  0.021  0.027 -0.007 -0.024  0.04  -0.011  0.109]	0.67	1.95	1.4	0.12	0.07	0.31	0.04	0.32	0.17	0.43	0.2		0.9067394450621005	0.2	False	0.209
1	['Pt', 'Pd', 'Au', 'Ru', 'Rh', 'Ir', 'Re', 'Os']	5	[0.406 0.23  0.176 0.041 0.003 0.006 0.001 0.13 ]	[ 0.026 -0.134  0.044 -0.062 -0.018  0.027 -0.004  0.121]	0.67	1.95	1.4	0.12	0.07	0.31	0.04	0.32	0.17	0.43	0.2		0.9820224849549362	0.201	False	0.147
2	['Pt', 'Pd', 'Au', 'Ru', 'Rh', 'Ir', 'Re', 'Os']	5	[0.406 0.18  0.257 0.005 0.001 0.007 0.    0.139]	[ 0.028 -0.039 -0.11  -0.03  -0.031  0.089 -0.028  0.122]	0.67	1.95	1.4	0.12	0.07	0.31	0.04	0.32	0.17	0.43	0.2		1.0037251951645585	0.2	False	0.107
3	['Pt', 'Pd', 'Au', 'Ru', 'Rh', 'Ir', 'Re', 'Os']	5	[0.381 0.185 0.198 0.074 0.001 0.03  0.    0.127]	[ 0.023  0.007  0.028 -0.157 -0.017  0.03  -0.024  0.11 ]	0.67	1.95	1.4	0.12	0.07	0.31	0.04	0.32	0.17	0.43	0.2		0.9325364195440693	0.2	False	0.151
4	['Pt', 'Pd', 'Au', 'Ru', 'Rh', 'Ir', 'Re', 'Os']	5	[0.401 0.19  0.173 0.012 0.107 0.016 0.    0.108]	[ 0.035  0.001  0.03  -0.034 -0.158  0.029 -0.006  0.104]	0.67	1.95	1.4	0.12	0.07	0.31	0.04	0.32	0.17	0.43	0.2		0.8629757968898486	0.2	False	0.185
5	['Pt', 'Pd', 'Au', 'Ru', 'Rh', 'Ir', 'Re', 'Os']	5	[0.166 0.062 0.083 0.033 0.02  0.446 0.019 0.174]	[ 0.009 -0.062 -0.108  0.012  0.001 -0.007 -0.     0.156]	0.67	1.95	1.4	0.12	0.07	0.31	0.04	0.32	0.17	0.43	0.2		0.2946001879353015	0.2	False	0.568
6	['Pt', 'Pd', 'Au', 'Ru', 'Rh', 'Ir', 'Re', 'Os']	5	[0.378 0.19  0.172 0.005 0.003 0.014 0.123 0.106]	[ 0.021  0.004  0.032 -0.017 -0.008  0.028 -0.164  0.103]	0.67	1.95	1.4	0.12	0.07	0.31	0.04	0.32	0.17	0.43	0.2		0.8615086274782209	0.2	False	0.19
7	['Pt', 'Pd', 'Au', 'Ru', 'Rh', 'Ir', 'Re', 'Os']	5	[0.402 0.168 0.205 0.001 0.01  0.055 0.012 0.135]	[ 0.065 -0.005  0.083 -0.005 -0.033  0.076 -0.037 -0.144]	0.67	1.95	1.4	0.12	0.07	0.31	0.04	0.32	0.17	0.43	0.2		0.9011195011755284	0.2	False	0.151
0	['Pt', 'Pd', 'Au', 'Ru', 'Rh', 'Ir', 'Re', 'Os']	6	[0.383 0.095 0.307 0.005 0.004 0.034 0.012 0.161]	[-0.112 -0.066  0.138 -0.008 -0.009  0.04  -0.024  0.04 ]	0.67	1.95	1.4	0.12	0.07	0.31	0.04	0.32	0.17	0.43	0.2		0.8704546767959109	0.2	False	0.174
1	['Pt', 'Pd', 'Au', 'Ru', 'Rh', 'Ir', 'Re', 'Os']	6	[0.439 0.099 0.247 0.003 0.015 0.037 0.015 0.138]	[ 0.046 -0.153  0.092  0.04  -0.037  0.036 -0.039  0.015]	0.67	1.95	1.4	0.12	0.07	0.31	0.04	0.32	0.17	0.43	0.2		0.858769390654333	0.2	False	0.192
2	['Pt', 'Pd', 'Au', 'Ru', 'Rh', 'Ir', 'Re', 'Os']	6	[0.48  0.144 0.147 0.01  0.011 0.03  0.012 0.159]	[ 0.121 -0.032 -0.136  0.017 -0.027  0.04  -0.029  0.046]	0.67	1.95	1.4	0.12	0.07	0.31	0.04	0.32	0.17	0.43	0.2		0.8358812052256808	0.199	False	0.237
3	['Pt', 'Pd', 'Au', 'Ru', 'Rh', 'Ir', 'Re', 'Os']	6	[0.444 0.191 0.23  0.038 0.014 0.002 0.017 0.058]	[ 0.073 -0.006  0.03   0.118 -0.061  0.018 -0.064 -0.109]	0.67	1.95	1.4	0.12	0.07	0.31	0.04	0.32	0.17	0.43	0.2		0.9702108359042241	0.201	False	0.145
4	['Pt', 'Pd', 'Au', 'Ru', 'Rh', 'Ir', 'Re', 'Os']	6	[0.445 0.174 0.216 0.009 0.021 0.008 0.018 0.117]	[ 0.038 -0.057  0.037 -0.057  0.151 -0.009 -0.086 -0.017]	0.67	1.95	1.4	0.12	0.07	0.31	0.04	0.32	0.17	0.43	0.2		0.9520017986213636	0.2	False	0.152
5	['Pt', 'Pd', 'Au', 'Ru', 'Rh', 'Ir', 'Re', 'Os']	6	[0.243 0.111 0.14  0.021 0.01  0.453 0.009 0.016]	[ 0.071  0.042  0.05   0.041 -0.018 -0.001 -0.018 -0.169]	0.67	1.95	1.4	0.12	0.07	0.31	0.04	0.32	0.17	0.43	0.2		0.2987590522022129	0.2	False	0.519
6	['Pt', 'Pd', 'Au', 'Ru', 'Rh', 'Ir', 'Re', 'Os']	6	[0.305 0.203 0.269 0.003 0.002 0.049 0.004 0.154]	[-0.076  0.014  0.102 -0.006 -0.     0.05  -0.137  0.051]	0.67	1.95	1.4	0.12	0.07	0.31	0.04	0.32	0.17	0.43	0.2		0.9282100726030227	0.201	False	0.103
7	['Pt', 'Pd', 'Au', 'Ru', 'Rh', 'Ir', 'Re', 'Os']	6	[0.469 0.181 0.296 0.005 0.002 0.009 0.002 0.024]	[ 0.064 -0.002  0.093 -0.019 -0.017  0.05  -0.015 -0.154]	0.67	1.95	1.4	0.12	0.07	0.31	0.04	0.32	0.17	0.43	0.2		0.9719464978500325	0.2	False	0.158
0	['Pt', 'Pd', 'Au', 'Ru', 'Rh', 'Ir', 'Re', 'Os']	7	[0.484 0.168 0.247 0.004 0.006 0.028 0.008 0.058]	[ 0.108  0.077 -0.069 -0.014 -0.023  0.052 -0.015 -0.117]	0.67	1.95	1.4	0.12	0.07	0.31	0.04	0.32	0.17	0.43	0.2		0.9298020623123551	0.2	False	0.174
1	['Pt', 'Pd', 'Au', 'Ru', 'Rh', 'Ir', 'Re', 'Os']	7	[0.458 0.184 0.226 0.003 0.016 0.061 0.004 0.045]	[ 0.019  0.107 -0.034 -0.022 -0.026  0.094 -0.006 -0.13 ]	0.67	1.95	1.4	0.12	0.07	0.31	0.04	0.32	0.17	0.43	0.2		0.894765115919588	0.2	False	0.169
2	['Pt', 'Pd', 'Au', 'Ru', 'Rh', 'Ir', 'Re', 'Os']	7	[0.464 0.174 0.266 0.007 0.001 0.025 0.002 0.055]	[-0.028  0.027  0.134 -0.02  -0.014  0.043 -0.01  -0.134]	0.67	1.95	1.4	0.12	0.07	0.31	0.04	0.32	0.17	0.43	0.2		0.9588756424558054	0.2	False	0.15
3	['Pt', 'Pd', 'Au', 'Ru', 'Rh', 'Ir', 'Re', 'Os']	7	[0.526 0.147 0.246 0.014 0.009 0.038 0.009 0.006]	[ 0.126 -0.027  0.046 -0.088 -0.002  0.048  0.002 -0.105]	0.67	1.95	1.4	0.12	0.07	0.31	0.04	0.32	0.17	0.43	0.2		0.847771306146269	0.2	False	0.235
4	['Pt', 'Pd', 'Au', 'Ru', 'Rh', 'Ir', 'Re', 'Os']	7	[0.521 0.141 0.255 0.006 0.021 0.054 0.001 0.009]	[ 0.107 -0.032  0.06  -0.001 -0.064  0.059 -0.001 -0.128]	0.67	1.95	1.4	0.12	0.07	0.31	0.04	0.32	0.17	0.43	0.2		0.8326965578041354	0.2	False	0.234
5	['Pt', 'Pd', 'Au', 'Ru', 'Rh', 'Ir', 'Re', 'Os']	7	[0.219 0.073 0.171 0.001 0.021 0.447 0.024 0.044]	[-0.03  -0.046  0.033 -0.025  0.01  -0.009  0.015  0.051]	0.67	1.95	1.4	0.12	0.07	0.31	0.04	0.32	0.17	0.43	0.2		0.2878147458030189	0.088	False	0.519
6	['Pt', 'Pd', 'Au', 'Ru', 'Rh', 'Ir', 'Re', 'Os']	7	[0.37  0.161 0.305 0.007 0.022 0.006 0.066 0.056]	[ 0.099 -0.044  0.06  -0.041 -0.058  0.032  0.07  -0.118]	0.67	1.95	1.4	0.12	0.07	0.31	0.04	0.32	0.17	0.43	0.2		0.9311439411072124	0.2	False	0.123
7	['Pt', 'Pd', 'Au', 'Ru', 'Rh', 'Ir', 'Re', 'Os']	7	[0.465 0.108 0.319 0.023 0.029 0.023 0.018 0.001]	[ 0.052 -0.069  0.1   -0.02  -0.092  0.07  -0.084  0.043]	0.67	1.95	1.4	0.12	0.07	0.31	0.04	0.32	0.17	0.43	0.2		0.8498734746640766	0.2	False	0.214
0	['Pt', 'Pd', 'Au', 'Ru', 'Rh', 'Ir', 'Re', 'Os']	8	[0.584 0.054 0.275 0.001 0.031 0.036 0.009 0.012]	[ 0.112 -0.119  0.034 -0.     0.031  0.057 -0.029 -0.085]	0.67	1.95	1.4	0.12	0.07	0.31	0.04	0.32	0.17	0.43	0.2		0.7195321937518993	0.2	False	0.322
1	['Pt', 'Pd', 'Au', 'Ru', 'Rh', 'Ir', 'Re', 'Os']	8	[0.486 0.085 0.209 0.03  0.014 0.073 0.003 0.099]	[ 0.021 -0.136 -0.034  0.02  -0.022  0.124 -0.027  0.054]	0.67	1.95	1.4	0.12	0.07	0.31	0.04	0.32	0.17	0.43	0.2		0.7699680028457362	0.2	False	0.246
2	['Pt', 'Pd', 'Au', 'Ru', 'Rh', 'Ir', 'Re', 'Os']	8	[0.373 0.174 0.262 0.016 0.018 0.067 0.016 0.066]	[-0.112  0.033  0.027 -0.013 -0.059  0.129 -0.056  0.051]	0.67	1.95	1.4	0.12	0.07	0.31	0.04	0.32	0.17	0.43	0.2		0.8908608536206915	0.2	False	0.119
3	['Pt', 'Pd', 'Au', 'Ru', 'Rh', 'Ir', 'Re', 'Os']	8	[0.471 0.172 0.222 0.014 0.026 0.055 0.032 0.   ]	[-0.059  0.063 -0.011  0.039 -0.083  0.125 -0.091  0.016]	0.67	1.95	1.4	0.12	0.07	0.31	0.04	0.32	0.17	0.43	0.2		0.8400404045150547	0.2	False	0.204
4	['Pt', 'Pd', 'Au', 'Ru', 'Rh', 'Ir', 'Re', 'Os']	8	[0.459 0.168 0.229 0.024 0.001 0.04  0.015 0.074]	[-0.093  0.038 -0.04  -0.062  0.015  0.108 -0.062  0.094]	0.67	1.95	1.4	0.12	0.07	0.31	0.04	0.32	0.17	0.43	0.2		0.9219796436528536	0.2	False	0.163
5	['Pt', 'Pd', 'Au', 'Ru', 'Rh', 'Ir', 'Re', 'Os']	8	[0.21  0.121 0.067 0.019 0.015 0.47  0.014 0.082]	[-0.009  0.048 -0.104  0.018 -0.006  0.023 -0.01   0.038]	0.67	1.95	1.4	0.12	0.07	0.31	0.04	0.32	0.17	0.43	0.2		0.3085568700161519	0.125	False	0.559
6	['Pt', 'Pd', 'Au', 'Ru', 'Rh', 'Ir', 'Re', 'Os']	8	[0.496 0.148 0.303 0.002 0.006 0.023 0.008 0.008]	[ 0.15  -0.012  0.001 -0.002  0.024  0.02  -0.096 -0.085]	0.67	1.95	1.4	0.12	0.07	0.31	0.04	0.32	0.17	0.43	0.2		0.9049981684208159	0.2	False	0.202
7	['Pt', 'Pd', 'Au', 'Ru', 'Rh', 'Ir', 'Re', 'Os']	8	[0.481 0.158 0.253 0.021 0.037 0.003 0.017 0.015]	[ 0.016  0.084 -0.148  0.038  0.076  0.01  -0.018 -0.056]	0.67	1.95	1.4	0.12	0.07	0.31	0.04	0.32	0.17	0.43	0.2		0.9032161905833669	0.2	False	0.193
0	['Pt', 'Pd', 'Au', 'Ru', 'Rh', 'Ir', 'Re', 'Os']	9	[0.481 0.192 0.251 0.002 0.005 0.016 0.007 0.05 ]	[-0.127  0.138 -0.04  -0.027  0.012  0.036 -0.021  0.028]	0.67	1.95	1.4	0.12	0.07	0.31	0.04	0.32	0.17	0.43	0.2		0.9626573614196123	0.2	False	0.16
1	['Pt', 'Pd', 'Au', 'Ru', 'Rh', 'Ir', 'Re', 'Os']	9	[0.431 0.192 0.19  0.004 0.002 0.055 0.01  0.114]	[-0.085  0.114 -0.04  -0.049 -0.017  0.118 -0.042  0.001]	0.67	1.95	1.4	0.12	0.07	0.31	0.04	0.32	0.17	0.43	0.2		0.9143707265517127	0.2	False	0.159
2	['Pt', 'Pd', 'Au', 'Ru', 'Rh', 'Ir', 'Re', 'Os']	9	[0.442 0.157 0.219 0.014 0.004 0.032 0.001 0.121]	[ 0.087 -0.054 -0.096 -0.049 -0.026  0.11  -0.034  0.064]	0.67	1.95	1.4	0.12	0.07	0.31	0.04	0.32	0.17	0.43	0.2		0.9288378181823327	0.2	False	0.159
3	['Pt', 'Pd', 'Au', 'Ru', 'Rh', 'Ir', 'Re', 'Os']	9	[0.462 0.217 0.161 0.002 0.013 0.02  0.004 0.11 ]	[-0.047  0.03  -0.122 -0.059  0.009  0.058  0.007  0.124]	0.67	1.95	1.4	0.12	0.07	0.31	0.04	0.32	0.17	0.43	0.2		0.927846366361263	0.2	False	0.183
4	['Pt', 'Pd', 'Au', 'Ru', 'Rh', 'Ir', 'Re', 'Os']	9	[0.422 0.167 0.193 0.034 0.026 0.042 0.003 0.126]	[-0.063 -0.001 -0.061  0.066 -0.073  0.104 -0.063  0.09 ]	0.67	1.95	1.4	0.12	0.07	0.31	0.04	0.32	0.17	0.43	0.2		0.8964327416070932	0.2	False	0.167
5	['Pt', 'Pd', 'Au', 'Ru', 'Rh', 'Ir', 'Re', 'Os']	9	[0.235 0.055 0.168 0.024 0.009 0.469 0.032 0.005]	[ 0.025 -0.066  0.101  0.005 -0.006 -0.001  0.018 -0.077]	0.67	1.95	1.4	0.12	0.07	0.31	0.04	0.32	0.17	0.43	0.2		0.2714722264033918	0.147	False	0.547
6	['Pt', 'Pd', 'Au', 'Ru', 'Rh', 'Ir', 'Re', 'Os']	9	[0.374 0.167 0.254 0.022 0.007 0.091 0.007 0.072]	[-0.124  0.036 -0.041 -0.033 -0.003  0.11  -0.031  0.087]	0.67	1.95	1.4	0.12	0.07	0.31	0.04	0.32	0.17	0.43	0.2		0.8577353325927806	0.2	False	0.139
7	['Pt', 'Pd', 'Au', 'Ru', 'Rh', 'Ir', 'Re', 'Os']	9	[0.482 0.22  0.209 0.006 0.006 0.034 0.012 0.014]	[ 0.027  0.138 -0.055 -0.042  0.013  0.049 -0.018 -0.111]	0.67	1.95	1.4	0.12	0.07	0.31	0.04	0.32	0.17	0.43	0.2		0.9127607066103622	0.2	False	0.188
0	['Pt', 'Pd', 'Au', 'Ru', 'Rh', 'Ir', 'Re', 'Os']	10	[0.386 0.272 0.212 0.004 0.029 0.056 0.017 0.03 ]	[-0.104  0.13  -0.029  0.011 -0.056  0.084 -0.033 -0.004]	0.67	1.95	1.4	0.12	0.07	0.31	0.04	0.32	0.17	0.43	0.2		0.9195784540326681	0.2	False	0.137
1	['Pt', 'Pd', 'Au', 'Ru', 'Rh', 'Ir', 'Re', 'Os']	10	[0.415 0.241 0.173 0.026 0.013 0.057 0.014 0.059]	[-0.007  0.085 -0.009 -0.077 -0.057  0.138 -0.009 -0.063]	0.67	1.95	1.4	0.12	0.07	0.31	0.04	0.32	0.17	0.43	0.2		0.9028924280381372	0.199	False	0.162
2	['Pt', 'Pd', 'Au', 'Ru', 'Rh', 'Ir', 'Re', 'Os']	10	[0.491 0.172 0.182 0.003 0.017 0.045 0.009 0.072]	[ 0.101  0.038 -0.058  0.005 -0.058  0.109 -0.055 -0.081]	0.67	1.95	1.4	0.12	0.07	0.31	0.04	0.32	0.17	0.43	0.2		0.864800564572676	0.2	False	0.208
3	['Pt', 'Pd', 'Au', 'Ru', 'Rh', 'Ir', 'Re', 'Os']	10	[0.453 0.156 0.25  0.001 0.014 0.084 0.024 0.007]	[ 0.002 -0.057  0.115  0.009 -0.018  0.099 -0.045 -0.106]	0.67	1.95	1.4	0.12	0.07	0.31	0.04	0.32	0.17	0.43	0.2		0.8259098145468642	0.2	False	0.196
4	['Pt', 'Pd', 'Au', 'Ru', 'Rh', 'Ir', 'Re', 'Os']	10	[0.481 0.176 0.213 0.012 0.019 0.02  0.023 0.067]	[ 0.095  0.003  0.023 -0.021  0.04   0.071 -0.091 -0.122]	0.67	1.95	1.4	0.12	0.07	0.31	0.04	0.32	0.17	0.43	0.2		0.915645217384073	0.2	False	0.181
5	['Pt', 'Pd', 'Au', 'Ru', 'Rh', 'Ir', 'Re', 'Os']	10	[0.211 0.143 0.074 0.033 0.024 0.403 0.051 0.061]	[-0.03   0.085 -0.102  0.044  0.01  -0.073  0.014  0.052]	0.67	1.95	1.4	0.12	0.07	0.31	0.04	0.32	0.17	0.43	0.2		0.288184007544723	0.17	False	0.5
6	['Pt', 'Pd', 'Au', 'Ru', 'Rh', 'Ir', 'Re', 'Os']	10	[0.434 0.092 0.307 0.005 0.011 0.047 0.016 0.081]	[ 0.046 -0.134  0.037 -0.006 -0.029  0.13  -0.022 -0.022]	0.67	1.95	1.4	0.12	0.07	0.31	0.04	0.32	0.17	0.43	0.2		0.8524677792543403	0.2	False	0.187
7	['Pt', 'Pd', 'Au', 'Ru', 'Rh', 'Ir', 'Re', 'Os']	10	[0.473 0.171 0.274 0.007 0.025 0.032 0.001 0.001]	[ 0.012 -0.053  0.132 -0.04  -0.079  0.096 -0.035 -0.032]	0.67	1.95	1.4	0.12	0.07	0.31	0.04	0.32	0.17	0.43	0.2		0.9053481409522071	0.2	False	0.183
0	['Pt', 'Pd', 'Au', 'Ru', 'Rh', 'Ir', 'Re', 'Os']	11	[0.446 0.225 0.277 0.005 0.005 0.019 0.005 0.026]	[ 0.076 -0.12   0.085 -0.058  0.01   0.08  -0.034 -0.041]	0.67	1.95	1.4	0.12	0.07	0.31	0.04	0.32	0.17	0.43	0.2		0.9959714242159559	0.2	False	0.128
1	['Pt', 'Pd', 'Au', 'Ru', 'Rh', 'Ir', 'Re', 'Os']	11	[0.399 0.254 0.199 0.037 0.002 0.035 0.    0.069]	[-0.083 -0.01   0.023  0.068 -0.043  0.141 -0.078 -0.018]	0.67	1.95	1.4	0.12	0.07	0.31	0.04	0.32	0.17	0.43	0.2		0.9716722907721311	0.2	False	0.127
2	['Pt', 'Pd', 'Au', 'Ru', 'Rh', 'Ir', 'Re', 'Os']	11	[0.388 0.274 0.253 0.    0.002 0.    0.012 0.06 ]	[-0.145  0.108  0.07  -0.023 -0.003  0.029 -0.003 -0.033]	0.67	1.95	1.4	0.12	0.07	0.31	0.04	0.32	0.17	0.43	0.2		1.0426613895563572	0.2	False	0.077
3	['Pt', 'Pd', 'Au', 'Ru', 'Rh', 'Ir', 'Re', 'Os']	11	[0.42  0.247 0.252 0.01  0.005 0.042 0.007 0.005]	[-0.064  0.105 -0.017 -0.055 -0.067  0.129 -0.009 -0.022]	0.67	1.95	1.4	0.12	0.07	0.31	0.04	0.32	0.17	0.43	0.2		0.9572165536762176	0.201	False	0.135
4	['Pt', 'Pd', 'Au', 'Ru', 'Rh', 'Ir', 'Re', 'Os']	11	[0.413 0.238 0.248 0.018 0.035 0.001 0.031 0.026]	[-0.094  0.103  0.062  0.029 -0.098 -0.009  0.06  -0.053]	0.67	1.95	1.4	0.12	0.07	0.31	0.04	0.32	0.17	0.43	0.2		0.9841051352099832	0.2	False	0.122
5	['Pt', 'Pd', 'Au', 'Ru', 'Rh', 'Ir', 'Re', 'Os']	11	[0.125 0.159 0.112 0.009 0.035 0.55  0.004 0.007]	[-0.114 -0.005  0.019  0.02  -0.01   0.136  0.035 -0.08 ]	0.67	1.95	1.4	0.12	0.07	0.31	0.04	0.32	0.17	0.43	0.2		0.284264540534314	0.2	False	0.638
6	['Pt', 'Pd', 'Au', 'Ru', 'Rh', 'Ir', 'Re', 'Os']	11	[0.384 0.252 0.291 0.019 0.018 0.004 0.026 0.   ]	[-0.065  0.155 -0.029  0.006 -0.005  0.038 -0.002 -0.097]	0.67	1.95	1.4	0.12	0.07	0.31	0.04	0.32	0.17	0.43	0.2		0.9936193137838989	0.2	False	0.112
7	['Pt', 'Pd', 'Au', 'Ru', 'Rh', 'Ir', 'Re', 'Os']	11	[0.4   0.218 0.305 0.021 0.003 0.    0.008 0.027]	[-0.094  0.103  0.077  0.038  0.034 -0.005 -0.066 -0.087]	0.67	1.95	1.4	0.12	0.07	0.31	0.04	0.32	0.17	0.43	0.2		1.020283628959673	0.2	False	0.097
0	['Pt', 'Pd', 'Au', 'Ru', 'Rh', 'Ir', 'Re', 'Os']	12	[0.402 0.175 0.289 0.002 0.036 0.059 0.028 0.019]	[-0.016 -0.025  0.075  0.035 -0.098  0.129 -0.074 -0.025]	0.67	1.95	1.4	0.12	0.07	0.31	0.04	0.32	0.17	0.43	0.2		0.882386093650654	0.2	False	0.143
1	['Pt', 'Pd', 'Au', 'Ru', 'Rh', 'Ir', 'Re', 'Os']	12	[0.393 0.178 0.219 0.02  0.008 0.07  0.001 0.104]	[ 0.007 -0.092  0.044 -0.095 -0.02   0.123 -0.032  0.065]	0.67	1.95	1.4	0.12	0.07	0.31	0.04	0.32	0.17	0.43	0.2		0.8989438847283586	0.2	False	0.138
2	['Pt', 'Pd', 'Au', 'Ru', 'Rh', 'Ir', 'Re', 'Os']	12	[0.319 0.325 0.225 0.004 0.007 0.056 0.036 0.016]	[-0.043  0.124  0.014  0.021 -0.037  0.086 -0.08  -0.083]	0.67	1.95	1.4	0.12	0.07	0.31	0.04	0.32	0.17	0.43	0.2		0.8842372199230848	0.2	False	0.154
3	['Pt', 'Pd', 'Au', 'Ru', 'Rh', 'Ir', 'Re', 'Os']	12	[0.412 0.233 0.195 0.009 0.003 0.046 0.033 0.057]	[-0.005 -0.015 -0.088  0.014 -0.034  0.117 -0.086  0.097]	0.67	1.95	1.4	0.12	0.07	0.31	0.04	0.32	0.17	0.43	0.2		0.9291505091945294	0.199	False	0.142
4	['Pt', 'Pd', 'Au', 'Ru', 'Rh', 'Ir', 'Re', 'Os']	12	[0.365 0.267 0.247 0.013 0.053 0.059 0.002 0.002]	[-0.063  0.064  0.015 -0.064  0.116  0.069 -0.072 -0.064]	0.67	1.95	1.4	0.12	0.07	0.31	0.04	0.32	0.17	0.43	0.2		0.8956566411369538	0.2	False	0.139
5	['Pt', 'Pd', 'Au', 'Ru', 'Rh', 'Ir', 'Re', 'Os']	12	[0.213 0.117 0.154 0.005 0.002 0.4   0.058 0.052]	[ 0.088 -0.042  0.042 -0.004 -0.033 -0.15   0.054  0.045]	0.67	1.95	1.4	0.12	0.07	0.31	0.04	0.32	0.17	0.43	0.2		0.29490555512251104	0.2	False	0.473
6	['Pt', 'Pd', 'Au', 'Ru', 'Rh', 'Ir', 'Re', 'Os']	12	[0.375 0.295 0.225 0.001 0.018 0.074 0.005 0.001]	[ 0.021  0.111 -0.077 -0.039 -0.058  0.113 -0.017 -0.055]	0.67	1.95	1.4	0.12	0.07	0.31	0.04	0.32	0.17	0.43	0.2		0.8938310669479561	0.2	False	0.155
7	['Pt', 'Pd', 'Au', 'Ru', 'Rh', 'Ir', 'Re', 'Os']	12	[0.346 0.283 0.265 0.008 0.021 0.034 0.005 0.02 ]	[-0.043  0.153 -0.02  -0.039 -0.09   0.059 -0.031  0.011]	0.67	1.95	1.4	0.12	0.07	0.31	0.04	0.32	0.17	0.43	0.2		0.9632374050708654	0.2	False	0.102
0	['Pt', 'Pd', 'Au', 'Ru', 'Rh', 'Ir', 'Re', 'Os']	13	[0.383 0.289 0.287 0.012 0.005 0.006 0.024 0.004]	[-0.052  0.15  -0.026 -0.073  0.024  0.022  0.035 -0.079]	0.67	1.95	1.4	0.12	0.07	0.31	0.04	0.32	0.17	0.43	0.2		1.0108435542438625	0.2	False	0.113
1	['Pt', 'Pd', 'Au', 'Ru', 'Rh', 'Ir', 'Re', 'Os']	13	[0.396 0.248 0.209 0.001 0.018 0.053 0.003 0.064]	[-0.004  0.093 -0.023 -0.02  -0.072  0.137 -0.043 -0.066]	0.67	1.95	1.4	0.12	0.07	0.31	0.04	0.32	0.17	0.43	0.2		0.9455149498177944	0.2	False	0.122
2	['Pt', 'Pd', 'Au', 'Ru', 'Rh', 'Ir', 'Re', 'Os']	13	[0.442 0.31  0.162 0.004 0.016 0.022 0.021 0.014]	[ 0.136 -0.037 -0.097 -0.032 -0.056  0.066  0.04  -0.021]	0.67	1.95	1.4	0.12	0.07	0.31	0.04	0.32	0.17	0.43	0.2		0.9129083541428638	0.199	False	0.199
3	['Pt', 'Pd', 'Au', 'Ru', 'Rh', 'Ir', 'Re', 'Os']	13	[0.405 0.201 0.267 0.01  0.021 0.027 0.044 0.016]	[-0.015 -0.053  0.105 -0.062 -0.067  0.08   0.08  -0.067]	0.67	1.95	1.4	0.12	0.07	0.31	0.04	0.32	0.17	0.43	0.2		0.9361118436132054	0.2	False	0.13
4	['Pt', 'Pd', 'Au', 'Ru', 'Rh', 'Ir', 'Re', 'Os']	13	[0.362 0.238 0.21  0.031 0.007 0.141 0.005 0.012]	[-0.012 -0.062 -0.077  0.04   0.042  0.15  -0.02  -0.062]	0.67	1.95	1.4	0.12	0.07	0.31	0.04	0.32	0.17	0.43	0.2		0.7656195010013347	0.2	False	0.192
5	['Pt', 'Pd', 'Au', 'Ru', 'Rh', 'Ir', 'Re', 'Os']	13	[0.13  0.142 0.109 0.013 0.047 0.524 0.028 0.004]	[-0.1    0.014 -0.06  -0.004  0.035  0.118  0.069 -0.073]	0.67	1.95	1.4	0.12	0.07	0.31	0.04	0.32	0.17	0.43	0.2		0.2688370932008632	0.197	False	0.619
6	['Pt', 'Pd', 'Au', 'Ru', 'Rh', 'Ir', 'Re', 'Os']	13	[0.365 0.275 0.326 0.001 0.012 0.008 0.006 0.002]	[-0.024 -0.039  0.143 -0.053 -0.039  0.097 -0.038 -0.047]	0.67	1.95	1.4	0.12	0.07	0.31	0.04	0.32	0.17	0.43	0.2		1.0060348228024696	0.2	False	0.107
7	['Pt', 'Pd', 'Au', 'Ru', 'Rh', 'Ir', 'Re', 'Os']	13	[0.398 0.256 0.291 0.006 0.    0.007 0.003 0.021]	[ 0.118 -0.049  0.063 -0.073  0.021  0.061 -0.075 -0.066]	0.67	1.95	1.4	0.12	0.07	0.31	0.04	0.32	0.17	0.43	0.2		1.028251975543964	0.2	False	0.094
0	['Pt', 'Pd', 'Au', 'Ru', 'Rh', 'Ir', 'Re', 'Os']	14	[0.326 0.309 0.266 0.009 0.029 0.055 0.009 0.006]	[-0.028  0.092  0.028  0.032 -0.086  0.104 -0.09  -0.052]	0.67	1.95	1.4	0.12	0.07	0.31	0.04	0.32	0.17	0.43	0.2		0.907056508251078	0.2	False	0.134
1	['Pt', 'Pd', 'Au', 'Ru', 'Rh', 'Ir', 'Re', 'Os']	14	[0.433 0.221 0.213 0.014 0.003 0.065 0.004 0.038]	[ 0.06  -0.055  0.    -0.057 -0.001  0.157 -0.05  -0.054]	0.67	1.95	1.4	0.12	0.07	0.31	0.04	0.32	0.17	0.43	0.2		0.9138655556050355	0.2	False	0.154
2	['Pt', 'Pd', 'Au', 'Ru', 'Rh', 'Ir', 'Re', 'Os']	14	[0.429 0.217 0.267 0.004 0.    0.043 0.022 0.009]	[-0.012 -0.113  0.137 -0.016  0.008  0.062 -0.065 -0.002]	0.67	1.95	1.4	0.12	0.07	0.31	0.04	0.32	0.17	0.43	0.2		0.9475404074419311	0.2	False	0.138
3	['Pt', 'Pd', 'Au', 'Ru', 'Rh', 'Ir', 'Re', 'Os']	14	[0.413 0.163 0.261 0.04  0.046 0.024 0.036 0.007]	[ 0.033 -0.081 -0.002  0.074  0.114  0.006 -0.029 -0.115]	0.67	1.95	1.4	0.12	0.07	0.31	0.04	0.32	0.17	0.43	0.2		0.8761900657084398	0.2	False	0.165
4	['Pt', 'Pd', 'Au', 'Ru', 'Rh', 'Ir', 'Re', 'Os']	14	[0.279 0.277 0.302 0.032 0.033 0.002 0.039 0.038]	[-0.136  0.005  0.066 -0.039 -0.01   0.124 -0.001 -0.01 ]	0.67	1.95	1.4	0.12	0.07	0.31	0.04	0.32	0.17	0.43	0.2		0.9292896430855937	0.2	False	0.115
5	['Pt', 'Pd', 'Au', 'Ru', 'Rh', 'Ir', 'Re', 'Os']	14	[0.241 0.152 0.162 0.002 0.011 0.381 0.03  0.02 ]	[ 0.1   -0.004  0.04  -0.004  0.042 -0.163 -0.013  0.002]	0.67	1.95	1.4	0.12	0.07	0.31	0.04	0.32	0.17	0.43	0.2		0.32824331017440017	0.2	False	0.439
6	['Pt', 'Pd', 'Au', 'Ru', 'Rh', 'Ir', 'Re', 'Os']	14	[0.412 0.207 0.317 0.012 0.005 0.001 0.001 0.041]	[ 0.143 -0.076  0.036 -0.017 -0.023  0.032  0.008 -0.103]	0.67	1.95	1.4	0.12	0.07	0.31	0.04	0.32	0.17	0.43	0.2		1.0239219181883015	0.2	False	0.098
7	['Pt', 'Pd', 'Au', 'Ru', 'Rh', 'Ir', 'Re', 'Os']	14	[0.446 0.167 0.307 0.009 0.034 0.005 0.006 0.008]	[ 0.123 -0.108  0.069 -0.01  -0.085  0.03  -0.012 -0.007]	0.67	1.95	1.4	0.12	0.07	0.31	0.04	0.32	0.17	0.43	0.2		0.9420532816836844	0.2	False	0.161
0	['Pt', 'Pd', 'Au', 'Ru', 'Rh', 'Ir', 'Re', 'Os']	15	[0.415 0.241 0.305 0.014 0.004 0.011 0.007 0.01 ]	[ 0.116 -0.097  0.048 -0.07   0.025  0.068 -0.028 -0.062]	0.67	1.95	1.4	0.12	0.07	0.31	0.04	0.32	0.17	0.43	0.2		1.0126161312292468	0.2	False	0.113
1	['Pt', 'Pd', 'Au', 'Ru', 'Rh', 'Ir', 'Re', 'Os']	15	[0.428 0.143 0.239 0.021 0.019 0.044 0.004 0.093]	[-0.001 -0.096  0.039 -0.077 -0.053  0.121 -0.009  0.077]	0.67	1.95	1.4	0.12	0.07	0.31	0.04	0.32	0.17	0.43	0.2		0.8993465179395559	0.2	False	0.155
2	['Pt', 'Pd', 'Au', 'Ru', 'Rh', 'Ir', 'Re', 'Os']	15	[0.35  0.202 0.304 0.012 0.04  0.019 0.014 0.05 ]	[-0.119 -0.018  0.065 -0.029 -0.088  0.078  0.038  0.072]	0.67	1.95	1.4	0.12	0.07	0.31	0.04	0.32	0.17	0.43	0.2		0.9569381938676151	0.2	False	0.084
3	['Pt', 'Pd', 'Au', 'Ru', 'Rh', 'Ir', 'Re', 'Os']	15	[0.286 0.226 0.304 0.004 0.028 0.076 0.017 0.048]	[-0.135  0.07   0.048 -0.037 -0.017  0.085 -0.06   0.046]	0.67	1.95	1.4	0.12	0.07	0.31	0.04	0.32	0.17	0.43	0.2		0.8443994271073569	0.2	False	0.119
4	['Pt', 'Pd', 'Au', 'Ru', 'Rh', 'Ir', 'Re', 'Os']	15	[0.429 0.202 0.285 0.013 0.051 0.015 0.005 0.001]	[ 0.154 -0.102 -0.036  0.027  0.004 -0.006  0.018 -0.059]	0.67	1.95	1.4	0.12	0.07	0.31	0.04	0.32	0.17	0.43	0.2		0.9432161453329257	0.2	False	0.147
5	['Pt', 'Pd', 'Au', 'Ru', 'Rh', 'Ir', 'Re', 'Os']	15	[0.18  0.027 0.169 0.028 0.015 0.5   0.001 0.079]	[-0.072 -0.137 -0.002  0.017  0.012  0.112  0.019  0.051]	0.67	1.95	1.4	0.12	0.07	0.31	0.04	0.32	0.17	0.43	0.2		0.27499979599602	0.2	False	0.589
6	['Pt', 'Pd', 'Au', 'Ru', 'Rh', 'Ir', 'Re', 'Os']	15	[0.476 0.124 0.328 0.003 0.004 0.024 0.018 0.02 ]	[ 0.141 -0.101  0.054 -0.034 -0.058  0.039 -0.025 -0.015]	0.67	1.95	1.4	0.12	0.07	0.31	0.04	0.32	0.17	0.43	0.2		0.8947308479347227	0.2	False	0.2
7	['Pt', 'Pd', 'Au', 'Ru', 'Rh', 'Ir', 'Re', 'Os']	15	[0.385 0.204 0.283 0.004 0.049 0.004 0.01  0.042]	[-0.088  0.089 -0.021 -0.009  0.123  0.02  -0.027 -0.088]	0.67	1.95	1.4	0.12	0.07	0.31	0.04	0.32	0.17	0.43	0.2		0.9774244598569228	0.2	False	0.098
0	['Pt', 'Pd', 'Au', 'Ru', 'Rh', 'Ir', 'Re', 'Os']	16	[0.446 0.183 0.284 0.001 0.027 0.015 0.027 0.024]	[ 0.118 -0.039  0.026  0.026 -0.105  0.067 -0.087 -0.006]	0.67	1.95	1.4	0.12	0.07	0.31	0.04	0.32	0.17	0.43	0.2		0.95057683058241	0.2	False	0.146
1	['Pt', 'Pd', 'Au', 'Ru', 'Rh', 'Ir', 'Re', 'Os']	16	[0.407 0.241 0.22  0.009 0.007 0.044 0.024 0.04 ]	[-0.03   0.136 -0.027 -0.026  0.001  0.093 -0.073 -0.074]	0.67	1.95	1.4	0.12	0.07	0.31	0.04	0.32	0.17	0.43	0.2		0.9482760357753262	0.201	False	0.126
2	['Pt', 'Pd', 'Au', 'Ru', 'Rh', 'Ir', 'Re', 'Os']	16	[0.388 0.28  0.24  0.005 0.037 0.015 0.015 0.009]	[ 0.049  0.107 -0.1   -0.026  0.078  0.023 -0.065 -0.067]	0.67	1.95	1.4	0.12	0.07	0.31	0.04	0.32	0.17	0.43	0.2		0.9695036834886768	0.2	False	0.127
3	['Pt', 'Pd', 'Au', 'Ru', 'Rh', 'Ir', 'Re', 'Os']	16	[0.422 0.235 0.262 0.003 0.014 0.027 0.008 0.019]	[ 0.141 -0.015 -0.078 -0.024 -0.014  0.088 -0.037 -0.062]	0.67	1.95	1.4	0.12	0.07	0.31	0.04	0.32	0.17	0.43	0.2		0.9795455492306657	0.2	False	0.12
4	['Pt', 'Pd', 'Au', 'Ru', 'Rh', 'Ir', 'Re', 'Os']	16	[0.461 0.217 0.217 0.015 0.006 0.049 0.013 0.023]	[ 0.069  0.044 -0.082 -0.084  0.083  0.078 -0.034 -0.075]	0.67	1.95	1.4	0.12	0.07	0.31	0.04	0.32	0.17	0.43	0.2		0.915252766221097	0.2	False	0.17
5	['Pt', 'Pd', 'Au', 'Ru', 'Rh', 'Ir', 'Re', 'Os']	16	[0.184 0.185 0.138 0.001 0.018 0.432 0.036 0.003]	[-0.024  0.144 -0.062  0.002 -0.025 -0.103  0.01   0.06 ]	0.67	1.95	1.4	0.12	0.07	0.31	0.04	0.32	0.17	0.43	0.2		0.2807985950615256	0.2	False	0.506
6	['Pt', 'Pd', 'Au', 'Ru', 'Rh', 'Ir', 'Re', 'Os']	16	[0.395 0.212 0.276 0.003 0.001 0.046 0.028 0.035]	[-0.109  0.136 -0.067 -0.011 -0.003  0.04   0.048 -0.034]	0.67	1.95	1.4	0.12	0.07	0.31	0.04	0.32	0.17	0.43	0.2		0.9559634897444149	0.2	False	0.106
7	['Pt', 'Pd', 'Au', 'Ru', 'Rh', 'Ir', 'Re', 'Os']	16	[0.284 0.302 0.282 0.012 0.038 0.04  0.022 0.002]	[-0.127  0.133  0.004 -0.039 -0.009  0.036 -0.039  0.043]	0.67	1.95	1.4	0.12	0.07	0.31	0.04	0.32	0.17	0.43	0.2		0.8714956399706146	0.2	False	0.144
0	['Pt', 'Pd', 'Au', 'Ru', 'Rh', 'Ir', 'Re', 'Os']	17	[0.407 0.245 0.285 0.017 0.009 0.018 0.005 0.021]	[-0.042  0.12   0.022 -0.073  0.051 -0.009  0.046 -0.115]	0.67	1.95	1.4	0.12	0.07	0.31	0.04	0.32	0.17	0.43	0.2		1.0081677665135769	0.2	False	0.102
1	['Pt', 'Pd', 'Au', 'Ru', 'Rh', 'Ir', 'Re', 'Os']	17	[0.41  0.205 0.15  0.023 0.009 0.092 0.059 0.046]	[ 0.008 -0.047 -0.095 -0.044 -0.035  0.15   0.053  0.012]	0.67	1.95	1.4	0.12	0.07	0.31	0.04	0.32	0.17	0.43	0.2		0.7844869081168359	0.2	False	0.209
2	['Pt', 'Pd', 'Au', 'Ru', 'Rh', 'Ir', 'Re', 'Os']	17	[0.464 0.258 0.172 0.001 0.038 0.044 0.011 0.003]	[ 0.125 -0.012 -0.076 -0.003 -0.116  0.068  0.002  0.011]	0.67	1.95	1.4	0.12	0.07	0.31	0.04	0.32	0.17	0.43	0.2		0.8706342712721302	0.2	False	0.206
3	['Pt', 'Pd', 'Au', 'Ru', 'Rh', 'Ir', 'Re', 'Os']	17	[0.523 0.19  0.203 0.033 0.013 0.019 0.    0.009]	[ 0.162 -0.034 -0.052  0.046 -0.076  0.011 -0.027 -0.03 ]	0.67	1.95	1.4	0.12	0.07	0.31	0.04	0.32	0.17	0.43	0.2		0.8748566720819841	0.2	False	0.23
4	['Pt', 'Pd', 'Au', 'Ru', 'Rh', 'Ir', 'Re', 'Os']	17	[0.41  0.238 0.254 0.001 0.012 0.049 0.021 0.013]	[-0.072  0.043  0.068  0.001 -0.029  0.126 -0.101 -0.037]	0.67	1.95	1.4	0.12	0.07	0.31	0.04	0.32	0.17	0.43	0.2		0.9431110031231018	0.2	False	0.128
5	['Pt', 'Pd', 'Au', 'Ru', 'Rh', 'Ir', 'Re', 'Os']	17	[0.249 0.068 0.095 0.033 0.014 0.407 0.009 0.12 ]	[ 0.057 -0.127 -0.052  0.024 -0.013 -0.034  0.034  0.11 ]	0.67	1.95	1.4	0.12	0.07	0.31	0.04	0.32	0.17	0.43	0.2		0.3231102514964587	0.193	False	0.503
6	['Pt', 'Pd', 'Au', 'Ru', 'Rh', 'Ir', 'Re', 'Os']	17	[0.391 0.246 0.266 0.005 0.018 0.06  0.009 0.001]	[ 0.009  0.065  0.    -0.057 -0.069  0.131  0.022 -0.1  ]	0.67	1.95	1.4	0.12	0.07	0.31	0.04	0.32	0.17	0.43	0.2		0.9262460265068531	0.2	False	0.129
7	['Pt', 'Pd', 'Au', 'Ru', 'Rh', 'Ir', 'Re', 'Os']	17	[0.434 0.262 0.264 0.006 0.012 0.003 0.001 0.001]	[ 0.166 -0.054 -0.028 -0.01  -0.084  0.034 -0.006 -0.018]	0.67	1.95	1.4	0.12	0.07	0.31	0.04	0.32	0.17	0.43	0.2		1.002753307323548	0.2	False	0.136
0	['Pt', 'Pd', 'Au', 'Ru', 'Rh', 'Ir', 'Re', 'Os']	18	[0.351 0.289 0.317 0.01  0.02  0.    0.011 0.009]	[-0.091  0.104  0.08   0.    -0.091  0.022 -0.064  0.041]	0.67	1.95	1.4	0.12	0.07	0.31	0.04	0.32	0.17	0.43	0.2		1.0082505956705798	0.201	False	0.104
1	['Pt', 'Pd', 'Au', 'Ru', 'Rh', 'Ir', 'Re', 'Os']	18	[0.42  0.237 0.235 0.007 0.005 0.002 0.011 0.075]	[-0.068 -0.017  0.108 -0.073 -0.075  0.096  0.054 -0.024]	0.67	1.95	1.4	0.12	0.07	0.31	0.04	0.32	0.17	0.43	0.2		1.024360605785983	0.2	False	0.101
2	['Pt', 'Pd', 'Au', 'Ru', 'Rh', 'Ir', 'Re', 'Os']	18	[0.368 0.233 0.209 0.002 0.065 0.097 0.016 0.   ]	[-0.134 -0.036  0.05  -0.012  0.107  0.072 -0.026 -0.021]	0.67	1.95	1.4	0.12	0.07	0.31	0.04	0.32	0.17	0.43	0.2		0.7888974327702414	0.199	False	0.181
3	['Pt', 'Pd', 'Au', 'Ru', 'Rh', 'Ir', 'Re', 'Os']	18	[0.459 0.347 0.123 0.001 0.004 0.016 0.021 0.021]	[-0.078  0.152 -0.094  0.02  -0.03   0.02   0.01   0.001]	0.67	1.95	1.4	0.12	0.07	0.31	0.04	0.32	0.17	0.43	0.2		0.8737271795263397	0.199	False	0.244
4	['Pt', 'Pd', 'Au', 'Ru', 'Rh', 'Ir', 'Re', 'Os']	18	[0.372 0.257 0.297 0.002 0.005 0.029 0.019 0.017]	[-0.046  0.051  0.091 -0.078 -0.051  0.113 -0.008 -0.073]	0.67	1.95	1.4	0.12	0.07	0.31	0.04	0.32	0.17	0.43	0.2		0.9894281709904857	0.2	False	0.093
5	['Pt', 'Pd', 'Au', 'Ru', 'Rh', 'Ir', 'Re', 'Os']	18	[0.165 0.104 0.16  0.009 0.017 0.485 0.037 0.017]	[-0.129  0.008  0.041 -0.061 -0.03   0.056 -0.001  0.117]	0.67	1.95	1.4	0.12	0.07	0.31	0.04	0.32	0.17	0.43	0.2		0.26243051149506474	0.2	False	0.565
6	['Pt', 'Pd', 'Au', 'Ru', 'Rh', 'Ir', 'Re', 'Os']	18	[0.414 0.21  0.329 0.006 0.002 0.004 0.001 0.03 ]	[ 0.047 -0.06   0.12  -0.039 -0.002  0.076 -0.039 -0.104]	0.67	1.95	1.4	0.12	0.07	0.31	0.04	0.32	0.17	0.43	0.2		1.0187124904214806	0.2	False	0.107
7	['Pt', 'Pd', 'Au', 'Ru', 'Rh', 'Ir', 'Re', 'Os']	18	[0.437 0.181 0.305 0.001 0.006 0.002 0.044 0.005]	[ 0.058 -0.084  0.122 -0.037  0.048  0.027 -0.093 -0.04 ]	0.67	1.95	1.4	0.12	0.07	0.31	0.04	0.32	0.17	0.43	0.2		0.9586831525091668	0.2	False	0.153
0	['Pt', 'Pd', 'Au', 'Ru', 'Rh', 'Ir', 'Re', 'Os']	19	[0.409 0.213 0.241 0.026 0.015 0.064 0.008 0.03 ]	[ 0.103 -0.092 -0.092 -0.038  0.043  0.069 -0.043  0.049]	0.67	1.95	1.4	0.12	0.07	0.31	0.04	0.32	0.17	0.43	0.2		0.913935407793993	0.2	False	0.135
1	['Pt', 'Pd', 'Au', 'Ru', 'Rh', 'Ir', 'Re', 'Os']	19	[0.422 0.171 0.291 0.029 0.002 0.042 0.024 0.011]	[ 0.024 -0.093  0.116  0.044 -0.     0.053 -0.054 -0.09 ]	0.67	1.95	1.4	0.12	0.07	0.31	0.04	0.32	0.17	0.43	0.2		0.9173637432925159	0.196	False	0.15
2	['Pt', 'Pd', 'Au', 'Ru', 'Rh', 'Ir', 'Re', 'Os']	19	[0.416 0.283 0.147 0.009 0.016 0.038 0.    0.079]	[ 0.034  0.036 -0.093 -0.04  -0.078  0.12  -0.048  0.069]	0.67	1.95	1.4	0.12	0.07	0.31	0.04	0.32	0.17	0.43	0.2		0.923465323419818	0.2	False	0.176
3	['Pt', 'Pd', 'Au', 'Ru', 'Rh', 'Ir', 'Re', 'Os']	19	[0.407 0.243 0.261 0.005 0.014 0.025 0.011 0.026]	[-0.046 -0.101  0.154  0.007 -0.026  0.039 -0.041  0.014]	0.67	1.95	1.4	0.12	0.07	0.31	0.04	0.32	0.17	0.43	0.2		0.988866431770953	0.2	False	0.106
4	['Pt', 'Pd', 'Au', 'Ru', 'Rh', 'Ir', 'Re', 'Os']	19	[0.422 0.28  0.201 0.01  0.023 0.009 0.04  0.015]	[ 0.089  0.048 -0.134  0.007  0.027  0.047 -0.094  0.01 ]	0.67	1.95	1.4	0.12	0.07	0.31	0.04	0.32	0.17	0.43	0.2		0.9525749218728035	0.2	False	0.159
5	['Pt', 'Pd', 'Au', 'Ru', 'Rh', 'Ir', 'Re', 'Os']	19	[0.173 0.149 0.071 0.018 0.007 0.412 0.001 0.16 ]	[ 0.001  0.039 -0.099  0.013 -0.036 -0.083  0.025  0.141]	0.67	1.95	1.4	0.12	0.07	0.31	0.04	0.32	0.17	0.43	0.2		0.32284204872819455	0.2	False	0.517
6	['Pt', 'Pd', 'Au', 'Ru', 'Rh', 'Ir', 'Re', 'Os']	19	[0.457 0.162 0.23  0.034 0.003 0.047 0.029 0.034]	[ 0.085 -0.04  -0.11   0.05  -0.022  0.085  0.038 -0.086]	0.67	1.95	1.4	0.12	0.07	0.31	0.04	0.32	0.17	0.43	0.2		0.882680551595274	0.2	False	0.181
7	['Pt', 'Pd', 'Au', 'Ru', 'Rh', 'Ir', 'Re', 'Os']	19	[0.404 0.246 0.252 0.001 0.027 0.028 0.023 0.   ]	[-0.031  0.124 -0.063 -0.044 -0.076  0.035  0.095 -0.041]	0.67	1.95	1.4	0.12	0.07	0.31	0.04	0.32	0.17	0.43	0.2		0.9498898664990616	0.2	False	0.131
0	['Pt', 'Pd', 'Au', 'Ru', 'Rh', 'Ir', 'Re', 'Os']	20	[0.436 0.204 0.295 0.002 0.005 0.035 0.016 0.012]	[ 0.038 -0.014  0.076  0.018 -0.064  0.114 -0.058 -0.109]	0.67	1.95	1.4	0.12	0.07	0.31	0.04	0.32	0.17	0.43	0.2		0.9598759722329597	0.2	False	0.137
1	['Pt', 'Pd', 'Au', 'Ru', 'Rh', 'Ir', 'Re', 'Os']	20	[0.433 0.206 0.249 0.007 0.007 0.075 0.    0.013]	[ 0.022  0.063 -0.068 -0.025 -0.071  0.15  -0.027 -0.044]	0.67	1.95	1.4	0.12	0.07	0.31	0.04	0.32	0.17	0.43	0.2		0.897287704638299	0.2	False	0.157
2	['Pt', 'Pd', 'Au', 'Ru', 'Rh', 'Ir', 'Re', 'Os']	20	[0.413 0.255 0.27  0.014 0.003 0.005 0.024 0.006]	[-0.005 -0.036  0.15   0.012 -0.     0.039 -0.048 -0.111]	0.67	1.95	1.4	0.12	0.07	0.31	0.04	0.32	0.17	0.43	0.2		1.004891208572401	0.2	False	0.121
3	['Pt', 'Pd', 'Au', 'Ru', 'Rh', 'Ir', 'Re', 'Os']	20	[0.408 0.166 0.351 0.027 0.012 0.012 0.001 0.014]	[ 0.02  -0.095  0.153  0.035 -0.051  0.016 -0.043 -0.035]	0.67	1.95	1.4	0.12	0.07	0.31	0.04	0.32	0.17	0.43	0.2		0.952779292021225	0.2	False	0.146
4	['Pt', 'Pd', 'Au', 'Ru', 'Rh', 'Ir', 'Re', 'Os']	20	[0.408 0.233 0.323 0.006 0.001 0.003 0.011 0.017]	[-0.019 -0.063  0.161 -0.014 -0.007 -0.03   0.05  -0.078]	0.67	1.95	1.4	0.12	0.07	0.31	0.04	0.32	0.17	0.43	0.2		1.02302673873879	0.2	False	0.106
5	['Pt', 'Pd', 'Au', 'Ru', 'Rh', 'Ir', 'Re', 'Os']	20	[0.207 0.126 0.129 0.007 0.017 0.455 0.037 0.014]	[-0.007 -0.08   0.023 -0.064 -0.038  0.004 -0.005  0.166]	0.67	1.95	1.4	0.12	0.07	0.31	0.04	0.32	0.17	0.43	0.2		0.28208156326870637	0.2	False	0.53
6	['Pt', 'Pd', 'Au', 'Ru', 'Rh', 'Ir', 'Re', 'Os']	20	[0.483 0.078 0.375 0.002 0.019 0.029 0.007 0.002]	[ 0.019 -0.096  0.143 -0.041  0.009  0.062 -0.049 -0.047]	0.67	1.95	1.4	0.12	0.07	0.31	0.04	0.32	0.17	0.43	0.2		0.8139358574087059	0.2	False	0.253
7	['Pt', 'Pd', 'Au', 'Ru', 'Rh', 'Ir', 'Re', 'Os']	20	[0.389 0.28  0.267 0.001 0.    0.022 0.019 0.002]	[-0.017  0.089  0.048 -0.056  0.04   0.079 -0.121 -0.062]	0.67	1.95	1.4	0.12	0.07	0.31	0.04	0.32	0.17	0.43	0.2		0.9886927570063277	0.2	False	0.118
0	['Pt', 'Pd', 'Au', 'Ru', 'Rh', 'Ir', 'Re', 'Os']	21	[0.355 0.259 0.331 0.029 0.    0.026 0.005 0.001]	[-0.116  0.096  0.067 -0.069 -0.01   0.076  0.003 -0.046]	0.67	1.95	1.4	0.12	0.07	0.31	0.04	0.32	0.17	0.43	0.2		0.9802684867188147	0.2	False	0.111
1	['Pt', 'Pd', 'Au', 'Ru', 'Rh', 'Ir', 'Re', 'Os']	21	[0.37  0.238 0.256 0.003 0.004 0.075 0.022 0.024]	[-0.091  0.036  0.003 -0.035 -0.023  0.159 -0.059  0.008]	0.67	1.95	1.4	0.12	0.07	0.31	0.04	0.32	0.17	0.43	0.2		0.9084040859970035	0.2	False	0.12
2	['Pt', 'Pd', 'Au', 'Ru', 'Rh', 'Ir', 'Re', 'Os']	21	[0.364 0.21  0.314 0.003 0.029 0.05  0.012 0.005]	[-0.048 -0.041  0.129 -0.014 -0.092  0.093  0.015 -0.042]	0.67	1.95	1.4	0.12	0.07	0.31	0.04	0.32	0.17	0.43	0.2		0.9146271874375993	0.2	False	0.12
3	['Pt', 'Pd', 'Au', 'Ru', 'Rh', 'Ir', 'Re', 'Os']	21	[0.405 0.235 0.258 0.028 0.01  0.018 0.019 0.02 ]	[ 0.023  0.119 -0.096  0.072 -0.036  0.042 -0.053 -0.072]	0.67	1.95	1.4	0.12	0.07	0.31	0.04	0.32	0.17	0.43	0.2		0.9848412804712521	0.2	False	0.114
4	['Pt', 'Pd', 'Au', 'Ru', 'Rh', 'Ir', 'Re', 'Os']	21	[0.366 0.16  0.376 0.002 0.024 0.058 0.    0.015]	[-0.015 -0.065  0.138 -0.043 -0.017  0.098 -0.057 -0.038]	0.67	1.95	1.4	0.12	0.07	0.31	0.04	0.32	0.17	0.43	0.2		0.8686402466866951	0.2	False	0.159
5	['Pt', 'Pd', 'Au', 'Ru', 'Rh', 'Ir', 'Re', 'Os']	21	[0.16  0.04  0.21  0.019 0.002 0.42  0.007 0.136]	[-0.066 -0.109  0.075  0.006 -0.002 -0.053  0.029  0.12 ]	0.67	1.95	1.4	0.12	0.07	0.31	0.04	0.32	0.17	0.43	0.2		0.26890374180750026	0.2	False	0.516
6	['Pt', 'Pd', 'Au', 'Ru', 'Rh', 'Ir', 'Re', 'Os']	21	[0.394 0.208 0.338 0.004 0.017 0.022 0.002 0.009]	[-0.102  0.156 -0.041 -0.03  -0.019  0.047  0.003 -0.014]	0.67	1.95	1.4	0.12	0.07	0.31	0.04	0.32	0.17	0.43	0.2		0.973800213123327	0.2	False	0.119
7	['Pt', 'Pd', 'Au', 'Ru', 'Rh', 'Ir', 'Re', 'Os']	21	[0.38  0.209 0.314 0.007 0.02  0.038 0.01  0.002]	[ 0.028 -0.075  0.12  -0.037 -0.072  0.097 -0.006 -0.055]	0.67	1.95	1.4	0.12	0.07	0.31	0.04	0.32	0.17	0.43	0.2		0.9402691707023743	0.2	False	0.12
0	['Pt', 'Pd', 'Au', 'Ru', 'Rh', 'Ir', 'Re', 'Os']	22	[0.419 0.279 0.235 0.016 0.015 0.026 0.006 0.009]	[ 0.104  0.043 -0.118  0.054 -0.05   0.061 -0.047 -0.047]	0.67	1.95	1.4	0.12	0.07	0.31	0.04	0.32	0.17	0.43	0.2		0.9741248013844768	0.2	False	0.139
1	['Pt', 'Pd', 'Au', 'Ru', 'Rh', 'Ir', 'Re', 'Os']	22	[0.451 0.224 0.217 0.005 0.018 0.045 0.008 0.026]	[ 0.102 -0.028 -0.062 -0.051 -0.072  0.13  -0.013 -0.006]	0.67	1.95	1.4	0.12	0.07	0.31	0.04	0.32	0.17	0.43	0.2		0.9241166877324307	0.2	False	0.16
2	['Pt', 'Pd', 'Au', 'Ru', 'Rh', 'Ir', 'Re', 'Os']	22	[0.417 0.282 0.221 0.018 0.016 0.032 0.001 0.001]	[ 0.058  0.083 -0.134 -0.047  0.032  0.076 -0.047 -0.02 ]	0.67	1.95	1.4	0.12	0.07	0.31	0.04	0.32	0.17	0.43	0.2		0.9524053283985552	0.2	False	0.152
3	['Pt', 'Pd', 'Au', 'Ru', 'Rh', 'Ir', 'Re', 'Os']	22	[0.45  0.315 0.19  0.001 0.024 0.002 0.001 0.011]	[ 0.072  0.128 -0.11   0.012 -0.07   0.011 -0.033 -0.01 ]	0.67	1.95	1.4	0.12	0.07	0.31	0.04	0.32	0.17	0.43	0.2		0.954646146402359	0.2	False	0.187
4	['Pt', 'Pd', 'Au', 'Ru', 'Rh', 'Ir', 'Re', 'Os']	22	[0.428 0.239 0.293 0.006 0.016 0.001 0.009 0.009]	[ 0.075  0.097 -0.117 -0.051  0.029  0.059 -0.055 -0.036]	0.67	1.95	1.4	0.12	0.07	0.31	0.04	0.32	0.17	0.43	0.2		1.0102149046432427	0.2	False	0.122
5	['Pt', 'Pd', 'Au', 'Ru', 'Rh', 'Ir', 'Re', 'Os']	22	[0.204 0.142 0.118 0.03  0.039 0.396 0.052 0.014]	[ 0.044  0.102 -0.092  0.011  0.037 -0.024  0.045 -0.122]	0.67	1.95	1.4	0.12	0.07	0.31	0.04	0.32	0.17	0.43	0.2		0.2653219523352145	0.199	False	0.485
6	['Pt', 'Pd', 'Au', 'Ru', 'Rh', 'Ir', 'Re', 'Os']	22	[0.414 0.311 0.211 0.01  0.001 0.035 0.002 0.009]	[ 0.031  0.125 -0.136 -0.028 -0.001  0.054 -0.025 -0.02 ]	0.67	1.95	1.4	0.12	0.07	0.31	0.04	0.32	0.17	0.43	0.2		0.9558361492095178	0.2	False	0.159
7	['Pt', 'Pd', 'Au', 'Ru', 'Rh', 'Ir', 'Re', 'Os']	22	[0.407 0.208 0.223 0.007 0.022 0.062 0.032 0.019]	[ 0.069  0.017 -0.151 -0.02   0.06   0.064 -0.061  0.021]	0.67	1.95	1.4	0.12	0.07	0.31	0.04	0.32	0.17	0.43	0.2		0.8804391847072044	0.2	False	0.151
0	['Pt', 'Pd', 'Au', 'Ru', 'Rh', 'Ir', 'Re', 'Os']	23	[0.434 0.192 0.309 0.014 0.01  0.024 0.014 0.009]	[ 0.046 -0.093  0.127 -0.08  -0.007  0.067 -0.017 -0.043]	0.67	1.95	1.4	0.12	0.07	0.31	0.04	0.32	0.17	0.43	0.2		0.9613838950496576	0.2	False	0.141
1	['Pt', 'Pd', 'Au', 'Ru', 'Rh', 'Ir', 'Re', 'Os']	23	[0.448 0.179 0.26  0.013 0.014 0.025 0.042 0.014]	[ 0.005 -0.073  0.089 -0.03   0.038  0.102 -0.119 -0.012]	0.67	1.95	1.4	0.12	0.07	0.31	0.04	0.32	0.17	0.43	0.2		0.9198490024241792	0.201	False	0.162
2	['Pt', 'Pd', 'Au', 'Ru', 'Rh', 'Ir', 'Re', 'Os']	23	[0.406 0.221 0.179 0.099 0.019 0.045 0.005 0.014]	[-0.009 -0.097 -0.063  0.152 -0.025  0.033 -0.025  0.033]	0.67	1.95	1.4	0.12	0.07	0.31	0.04	0.32	0.17	0.43	0.2		0.8645007465611338	0.2	False	0.196
3	['Pt', 'Pd', 'Au', 'Ru', 'Rh', 'Ir', 'Re', 'Os']	23	[0.429 0.209 0.305 0.008 0.009 0.008 0.024 0.002]	[-0.011 -0.113  0.154  0.01   0.02   0.011 -0.04  -0.031]	0.67	1.95	1.4	0.12	0.07	0.31	0.04	0.32	0.17	0.43	0.2		0.9817489647036413	0.2	False	0.135
4	['Pt', 'Pd', 'Au', 'Ru', 'Rh', 'Ir', 'Re', 'Os']	23	[0.436 0.238 0.245 0.025 0.009 0.008 0.004 0.037]	[ 0.071  0.044 -0.098  0.068  0.062 -0.017 -0.008 -0.122]	0.67	1.95	1.4	0.12	0.07	0.31	0.04	0.32	0.17	0.43	0.2		1.0055382582378185	0.199	False	0.124
5	['Pt', 'Pd', 'Au', 'Ru', 'Rh', 'Ir', 'Re', 'Os']	23	[0.158 0.081 0.078 0.003 0.001 0.502 0.088 0.082]	[-0.068 -0.086 -0.06  -0.044  0.029  0.121  0.034  0.076]	0.67	1.95	1.4	0.12	0.07	0.31	0.04	0.32	0.17	0.43	0.2		0.27980131899948546	0.2	False	0.612
6	['Pt', 'Pd', 'Au', 'Ru', 'Rh', 'Ir', 'Re', 'Os']	23	[0.417 0.207 0.293 0.003 0.029 0.031 0.005 0.008]	[ 0.019 -0.122  0.122 -0.01  -0.059  0.076 -0.005 -0.021]	0.67	1.95	1.4	0.12	0.07	0.31	0.04	0.32	0.17	0.43	0.2		0.953170295262866	0.2	False	0.129
7	['Pt', 'Pd', 'Au', 'Ru', 'Rh', 'Ir', 'Re', 'Os']	23	[0.403 0.249 0.26  0.001 0.002 0.041 0.012 0.014]	[-0.009  0.059  0.053 -0.048 -0.081  0.122  0.005 -0.1  ]	0.67	1.95	1.4	0.12	0.07	0.31	0.04	0.32	0.17	0.43	0.2		0.9686818336423626	0.2	False	0.117
0	['Pt', 'Pd', 'Au', 'Ru', 'Rh', 'Ir', 'Re', 'Os']	24	[0.38  0.237 0.272 0.012 0.011 0.062 0.01  0.023]	[-0.055  0.109 -0.027 -0.002 -0.055  0.126 -0.027 -0.068]	0.67	1.95	1.4	0.12	0.07	0.31	0.04	0.32	0.17	0.43	0.2		0.9378354134307989	0.2	False	0.11
1	['Pt', 'Pd', 'Au', 'Ru', 'Rh', 'Ir', 'Re', 'Os']	24	[0.42  0.204 0.237 0.026 0.021 0.02  0.044 0.024]	[-0.043  0.053 -0.034 -0.069 -0.107  0.056  0.12   0.025]	0.67	1.95	1.4	0.12	0.07	0.31	0.04	0.32	0.17	0.43	0.2		0.935723268449117	0.2	False	0.142
2	['Pt', 'Pd', 'Au', 'Ru', 'Rh', 'Ir', 'Re', 'Os']	24	[0.411 0.241 0.238 0.006 0.008 0.057 0.008 0.019]	[ 0.006  0.024  0.071 -0.154 -0.017  0.097 -0.033  0.006]	0.67	1.95	1.4	0.12	0.07	0.31	0.04	0.32	0.17	0.43	0.2		0.9361722121935163	0.201	False	0.133
3	['Pt', 'Pd', 'Au', 'Ru', 'Rh', 'Ir', 'Re', 'Os']	24	[0.421 0.225 0.249 0.013 0.029 0.045 0.009 0.001]	[ 0.019  0.073 -0.088 -0.017 -0.108  0.093  0.066 -0.039]	0.67	1.95	1.4	0.12	0.07	0.31	0.04	0.32	0.17	0.43	0.2		0.9232590827610743	0.2	False	0.146
4	['Pt', 'Pd', 'Au', 'Ru', 'Rh', 'Ir', 'Re', 'Os']	24	[0.408 0.219 0.267 0.002 0.007 0.088 0.01  0.002]	[ 0.002  0.015  0.077 -0.094 -0.056  0.132 -0.067 -0.009]	0.67	1.95	1.4	0.12	0.07	0.31	0.04	0.32	0.17	0.43	0.2		0.8838858623904373	0.2	False	0.151
5	['Pt', 'Pd', 'Au', 'Ru', 'Rh', 'Ir', 'Re', 'Os']	24	[0.076 0.159 0.157 0.024 0.062 0.484 0.018 0.015]	[-0.112  0.061  0.062 -0.001  0.042 -0.043  0.086 -0.096]	0.67	1.95	1.4	0.12	0.07	0.31	0.04	0.32	0.17	0.43	0.2		0.22977357006439594	0.2	False	0.592
6	['Pt', 'Pd', 'Au', 'Ru', 'Rh', 'Ir', 'Re', 'Os']	24	[0.429 0.152 0.314 0.041 0.011 0.043 0.003 0.001]	[ 0.041 -0.09   0.059 -0.117  0.016  0.113 -0.011 -0.011]	0.67	1.95	1.4	0.12	0.07	0.31	0.04	0.32	0.17	0.43	0.2		0.8944796868515479	0.201	False	0.172
7	['Pt', 'Pd', 'Au', 'Ru', 'Rh', 'Ir', 'Re', 'Os']	24	[0.416 0.239 0.279 0.01  0.003 0.013 0.009 0.015]	[ 0.06   0.009  0.074 -0.097 -0.07   0.107 -0.07  -0.014]	0.67	1.95	1.4	0.12	0.07	0.31	0.04	0.32	0.17	0.43	0.2		1.0056619106299372	0.2	False	0.112
0	['Pt', 'Pd', 'Au', 'Ru', 'Rh', 'Ir', 'Re', 'Os']	25	[0.332 0.16  0.223 0.079 0.021 0.069 0.077 0.045]	[-0.069 -0.102 -0.07   0.061 -0.003  0.111  0.061  0.01 ]	0.67	1.95	1.4	0.12	0.07	0.31	0.04	0.32	0.17	0.43	0.2		0.7557184499445122	0.2	False	0.186
1	['Pt', 'Pd', 'Au', 'Ru', 'Rh', 'Ir', 'Re', 'Os']	25	[0.434 0.233 0.235 0.001 0.01  0.057 0.015 0.014]	[ 0.018  0.051 -0.018  0.015  0.022  0.103 -0.155 -0.036]	0.67	1.95	1.4	0.12	0.07	0.31	0.04	0.32	0.17	0.43	0.2		0.923788609347687	0.2	False	0.15
2	['Pt', 'Pd', 'Au', 'Ru', 'Rh', 'Ir', 'Re', 'Os']	25	[0.406 0.247 0.229 0.027 0.013 0.03  0.038 0.   ]	[ 0.006  0.027 -0.001  0.038 -0.064  0.136 -0.122 -0.02 ]	0.67	1.95	1.4	0.12	0.07	0.31	0.04	0.32	0.17	0.43	0.2		0.9343330075557381	0.2	False	0.146
3	['Pt', 'Pd', 'Au', 'Ru', 'Rh', 'Ir', 'Re', 'Os']	25	[0.437 0.257 0.226 0.017 0.02  0.007 0.008 0.018]	[ 0.028  0.068 -0.071  0.02   0.066  0.081 -0.096 -0.096]	0.67	1.95	1.4	0.12	0.07	0.31	0.04	0.32	0.17	0.43	0.2		0.9823060980147755	0.2	False	0.144
4	['Pt', 'Pd', 'Au', 'Ru', 'Rh', 'Ir', 'Re', 'Os']	25	[0.425 0.216 0.292 0.003 0.021 0.025 0.008 0.012]	[ 0.016 -0.02   0.031 -0.056  0.007  0.16  -0.06  -0.078]	0.67	1.95	1.4	0.12	0.07	0.31	0.04	0.32	0.17	0.43	0.2		0.9731863307876651	0.2	False	0.125
5	['Pt', 'Pd', 'Au', 'Ru', 'Rh', 'Ir', 'Re', 'Os']	25	[0.248 0.122 0.15  0.001 0.004 0.422 0.048 0.002]	[ 0.166 -0.043 -0.013  0.019 -0.065 -0.069  0.024 -0.019]	0.67	1.95	1.4	0.12	0.07	0.31	0.04	0.32	0.17	0.43	0.2		0.2997351149326248	0.2	False	0.489
6	['Pt', 'Pd', 'Au', 'Ru', 'Rh', 'Ir', 'Re', 'Os']	25	[0.35  0.229 0.321 0.03  0.018 0.013 0.011 0.021]	[-0.119  0.1    0.002  0.068 -0.073  0.052 -0.05   0.02 ]	0.67	1.95	1.4	0.12	0.07	0.31	0.04	0.32	0.17	0.43	0.2		0.9803930420507818	0.2	False	0.093
7	['Pt', 'Pd', 'Au', 'Ru', 'Rh', 'Ir', 'Re', 'Os']	25	[0.416 0.207 0.307 0.026 0.001 0.005 0.008 0.016]	[ 0.026 -0.088  0.125  0.075 -0.059  0.026 -0.035 -0.07 ]	0.67	1.95	1.4	0.12	0.07	0.31	0.04	0.32	0.17	0.43	0.2		1.0027103602971448	0.2	False	0.119
0	['Pt', 'Pd', 'Au', 'Ru', 'Rh', 'Ir', 'Re', 'Os']	26	[0.384 0.171 0.292 0.003 0.009 0.135 0.002 0.01 ]	[ 0.021 -0.046  0.049  0.062 -0.024  0.044  0.053 -0.16 ]	0.67	1.95	1.4	0.12	0.07	0.31	0.04	0.32	0.17	0.43	0.2		0.7820949198299326	0.2	False	0.184
1	['Pt', 'Pd', 'Au', 'Ru', 'Rh', 'Ir', 'Re', 'Os']	26	[0.466 0.241 0.127 0.014 0.005 0.062 0.012 0.074]	[ 0.022 -0.008 -0.156 -0.002 -0.025  0.107  0.004  0.058]	0.67	1.95	1.4	0.12	0.07	0.31	0.04	0.32	0.17	0.43	0.2		0.8527006412090499	0.2	False	0.22
2	['Pt', 'Pd', 'Au', 'Ru', 'Rh', 'Ir', 'Re', 'Os']	26	[0.387 0.245 0.268 0.032 0.002 0.    0.029 0.027]	[-0.09  -0.04   0.082 -0.087 -0.037  0.017  0.109  0.046]	0.67	1.95	1.4	0.12	0.07	0.31	0.04	0.32	0.17	0.43	0.2		1.0146784463673029	0.199	False	0.098
3	['Pt', 'Pd', 'Au', 'Ru', 'Rh', 'Ir', 'Re', 'Os']	26	[0.413 0.22  0.299 0.011 0.004 0.008 0.012 0.023]	[-0.029 -0.055  0.161  0.038 -0.078 -0.013  0.022 -0.045]	0.67	1.95	1.4	0.12	0.07	0.31	0.04	0.32	0.17	0.43	0.2		1.0101430406837664	0.2	False	0.106
4	['Pt', 'Pd', 'Au', 'Ru', 'Rh', 'Ir', 'Re', 'Os']	26	[0.336 0.22  0.381 0.006 0.025 0.015 0.004 0.014]	[-0.101  0.026  0.142 -0.052  0.056  0.011 -0.034 -0.047]	0.67	1.95	1.4	0.12	0.07	0.31	0.04	0.32	0.17	0.43	0.2		0.9477232204173365	0.2	False	0.126
5	['Pt', 'Pd', 'Au', 'Ru', 'Rh', 'Ir', 'Re', 'Os']	26	[0.174 0.152 0.11  0.041 0.005 0.43  0.052 0.032]	[-0.099  0.025 -0.058  0.037 -0.018 -0.001  0.089  0.025]	0.67	1.95	1.4	0.12	0.07	0.31	0.04	0.32	0.17	0.43	0.2		0.2582283974474501	0.156	False	0.52
6	['Pt', 'Pd', 'Au', 'Ru', 'Rh', 'Ir', 'Re', 'Os']	26	[0.422 0.198 0.285 0.034 0.004 0.029 0.02  0.   ]	[ 0.135 -0.038 -0.047 -0.118  0.012  0.049  0.034 -0.027]	0.67	1.95	1.4	0.12	0.07	0.31	0.04	0.32	0.17	0.43	0.2		0.946722113512676	0.2	False	0.143
7	['Pt', 'Pd', 'Au', 'Ru', 'Rh', 'Ir', 'Re', 'Os']	26	[0.376 0.173 0.345 0.053 0.001 0.    0.007 0.031]	[-0.074 -0.059  0.124 -0.087 -0.018  0.01   0.017  0.086]	0.67	1.95	1.4	0.12	0.07	0.31	0.04	0.32	0.17	0.43	0.2		0.973177831976052	0.2	False	0.127
0	['Pt', 'Pd', 'Au', 'Ru', 'Rh', 'Ir', 'Re', 'Os']	27	[0.407 0.237 0.311 0.004 0.012 0.023 0.008 0.004]	[-0.015  0.048 -0.021 -0.047 -0.059  0.169 -0.04  -0.035]	0.67	1.95	1.4	0.12	0.07	0.31	0.04	0.32	0.17	0.43	0.2		0.9898363767777023	0.199	False	0.116
1	['Pt', 'Pd', 'Au', 'Ru', 'Rh', 'Ir', 'Re', 'Os']	27	[0.415 0.215 0.261 0.011 0.005 0.044 0.005 0.046]	[-0.063 -0.035  0.144 -0.05  -0.025  0.094 -0.027 -0.037]	0.67	1.95	1.4	0.12	0.07	0.31	0.04	0.32	0.17	0.43	0.2		0.9701807048660394	0.2	False	0.11
2	['Pt', 'Pd', 'Au', 'Ru', 'Rh', 'Ir', 'Re', 'Os']	27	[0.349 0.245 0.229 0.036 0.033 0.062 0.003 0.03 ]	[-0.047  0.028 -0.049  0.111 -0.08   0.088 -0.086  0.033]	0.67	1.95	1.4	0.12	0.07	0.31	0.04	0.32	0.17	0.43	0.2		0.8909225822591511	0.201	False	0.127
3	['Pt', 'Pd', 'Au', 'Ru', 'Rh', 'Ir', 'Re', 'Os']	27	[0.37  0.168 0.332 0.003 0.021 0.063 0.004 0.03 ]	[-0.007 -0.02   0.107 -0.028 -0.007  0.113 -0.047 -0.111]	0.67	1.95	1.4	0.12	0.07	0.31	0.04	0.32	0.17	0.43	0.2		0.8888062979688922	0.2	False	0.132
4	['Pt', 'Pd', 'Au', 'Ru', 'Rh', 'Ir', 'Re', 'Os']	27	[0.423 0.24  0.279 0.01  0.002 0.017 0.014 0.018]	[ 0.127  0.043 -0.112 -0.018  0.035  0.038 -0.048 -0.065]	0.67	1.95	1.4	0.12	0.07	0.31	0.04	0.32	0.17	0.43	0.2		1.00358559411288	0.2	False	0.115
5	['Pt', 'Pd', 'Au', 'Ru', 'Rh', 'Ir', 'Re', 'Os']	27	[0.167 0.066 0.15  0.015 0.031 0.485 0.039 0.043]	[-0.007 -0.086  0.04  -0.026  0.026  0.055 -0.013  0.011]	0.67	1.95	1.4	0.12	0.07	0.31	0.04	0.32	0.17	0.43	0.2		0.26150272263085345	0.117	False	0.575
6	['Pt', 'Pd', 'Au', 'Ru', 'Rh', 'Ir', 'Re', 'Os']	27	[0.426 0.187 0.266 0.032 0.025 0.025 0.02  0.012]	[ 0.027 -0.004 -0.021  0.109 -0.12   0.088 -0.067 -0.013]	0.67	1.95	1.4	0.12	0.07	0.31	0.04	0.32	0.17	0.43	0.2		0.9310275546645197	0.2	False	0.146
7	['Pt', 'Pd', 'Au', 'Ru', 'Rh', 'Ir', 'Re', 'Os']	27	[0.381 0.257 0.276 0.022 0.017 0.025 0.008 0.002]	[ 0.018  0.123 -0.08   0.088 -0.049  0.021 -0.048 -0.073]	0.67	1.95	1.4	0.12	0.07	0.31	0.04	0.32	0.17	0.43	0.2		0.9753610381534517	0.2	False	0.112
0	['Pt', 'Pd', 'Au', 'Ru', 'Rh', 'Ir', 'Re', 'Os']	28	[0.396 0.315 0.254 0.008 0.    0.002 0.001 0.03 ]	[ 0.003  0.146 -0.071 -0.013  0.014  0.029 -0.031 -0.077]	0.67	1.95	1.4	0.12	0.07	0.31	0.04	0.32	0.17	0.43	0.2		1.0308507378377032	0.185	False	0.116
1	['Pt', 'Pd', 'Au', 'Ru', 'Rh', 'Ir', 'Re', 'Os']	28	[0.414 0.199 0.285 0.003 0.003 0.052 0.029 0.016]	[ 0.025  0.002  0.064  0.    -0.049  0.133 -0.089 -0.085]	0.67	1.95	1.4	0.12	0.07	0.31	0.04	0.32	0.17	0.43	0.2		0.9311287115399709	0.2	False	0.132
2	['Pt', 'Pd', 'Au', 'Ru', 'Rh', 'Ir', 'Re', 'Os']	28	[0.416 0.269 0.22  0.022 0.01  0.03  0.006 0.014]	[ 0.088  0.022 -0.028 -0.125  0.033  0.101 -0.053 -0.038]	0.67	1.95	1.4	0.12	0.07	0.31	0.04	0.32	0.17	0.43	0.2		0.9627483091754812	0.2	False	0.142
3	['Pt', 'Pd', 'Au', 'Ru', 'Rh', 'Ir', 'Re', 'Os']	28	[0.439 0.234 0.284 0.001 0.005 0.006 0.018 0.004]	[ 0.094  0.089 -0.094 -0.03  -0.039  0.075 -0.08  -0.015]	0.67	1.95	1.4	0.12	0.07	0.31	0.04	0.32	0.17	0.43	0.2		0.9968985637074805	0.201	False	0.134
4	['Pt', 'Pd', 'Au', 'Ru', 'Rh', 'Ir', 'Re', 'Os']	28	[0.447 0.214 0.239 0.001 0.014 0.061 0.003 0.021]	[ 0.092  0.017 -0.004 -0.046 -0.039  0.122 -0.036 -0.106]	0.67	1.95	1.4	0.12	0.07	0.31	0.04	0.32	0.17	0.43	0.2		0.9153443022634995	0.2	False	0.157
5	['Pt', 'Pd', 'Au', 'Ru', 'Rh', 'Ir', 'Re', 'Os']	28	[0.266 0.176 0.125 0.    0.006 0.41  0.011 0.003]	[ 0.089  0.103 -0.065 -0.019 -0.01  -0.127  0.021  0.007]	0.67	1.95	1.4	0.12	0.07	0.31	0.04	0.32	0.17	0.43	0.2		0.33823594394750095	0.2	False	0.47
6	['Pt', 'Pd', 'Au', 'Ru', 'Rh', 'Ir', 'Re', 'Os']	28	[0.414 0.217 0.287 0.002 0.038 0.008 0.013 0.015]	[-0.038  0.062  0.04  -0.119  0.088  0.033  0.031 -0.095]	0.67	1.95	1.4	0.12	0.07	0.31	0.04	0.32	0.17	0.43	0.2		0.9794200477593769	0.2	False	0.119
7	['Pt', 'Pd', 'Au', 'Ru', 'Rh', 'Ir', 'Re', 'Os']	28	[0.44  0.251 0.226 0.002 0.012 0.04  0.012 0.003]	[ 0.127  0.014 -0.062 -0.079  0.002  0.094 -0.052 -0.045]	0.67	1.95	1.4	0.12	0.07	0.31	0.04	0.32	0.17	0.43	0.2		0.9366564022675326	0.2	False	0.158
0	['Pt', 'Pd', 'Au', 'Ru', 'Rh', 'Ir', 'Re', 'Os']	29	[0.328 0.393 0.188 0.025 0.013 0.042 0.004 0.012]	[-0.049  0.157 -0.046 -0.01  -0.062  0.069 -0.039 -0.021]	0.67	1.95	1.4	0.12	0.07	0.31	0.04	0.32	0.17	0.43	0.2		0.8614818921634269	0.2	False	0.209
1	['Pt', 'Pd', 'Au', 'Ru', 'Rh', 'Ir', 'Re', 'Os']	29	[0.418 0.279 0.224 0.02  0.008 0.026 0.009 0.019]	[-0.004  0.115 -0.105 -0.065 -0.054  0.087  0.031 -0.005]	0.67	1.95	1.4	0.12	0.07	0.31	0.04	0.32	0.17	0.43	0.2		0.9766289570467566	0.2	False	0.138
2	['Pt', 'Pd', 'Au', 'Ru', 'Rh', 'Ir', 'Re', 'Os']	29	[0.377 0.285 0.202 0.043 0.033 0.013 0.02  0.014]	[-0.033  0.063  0.004  0.101 -0.115  0.075 -0.075 -0.021]	0.67	1.95	1.4	0.12	0.07	0.31	0.04	0.32	0.17	0.43	0.2		0.9428012506502854	0.2	False	0.15
3	['Pt', 'Pd', 'Au', 'Ru', 'Rh', 'Ir', 'Re', 'Os']	29	[0.359 0.338 0.227 0.019 0.023 0.018 0.001 0.007]	[-0.099  0.153 -0.068  0.016 -0.036  0.021 -0.001  0.014]	0.67	1.95	1.4	0.12	0.07	0.31	0.04	0.32	0.17	0.43	0.2		0.9548961084694902	0.2	False	0.152
4	['Pt', 'Pd', 'Au', 'Ru', 'Rh', 'Ir', 'Re', 'Os']	29	[0.43  0.067 0.331 0.    0.043 0.114 0.011 0.002]	[-0.009 -0.145  0.104 -0.011  0.051  0.063 -0.021 -0.032]	0.67	1.95	1.4	0.12	0.07	0.31	0.04	0.32	0.17	0.43	0.2		0.6880538401814669	0.2	False	0.256
5	['Pt', 'Pd', 'Au', 'Ru', 'Rh', 'Ir', 'Re', 'Os']	29	[0.431 0.133 0.066 0.014 0.    0.33  0.    0.023]	[ 0.165 -0.044 -0.06   0.009  0.004 -0.081 -0.013  0.02 ]	0.67	1.95	1.4	0.12	0.07	0.31	0.04	0.32	0.17	0.43	0.2		0.42842358068418696	0.2	False	0.436
6	['Pt', 'Pd', 'Au', 'Ru', 'Rh', 'Ir', 'Re', 'Os']	29	[0.349 0.276 0.287 0.    0.033 0.028 0.014 0.007]	[-0.053  0.122  0.038  0.017 -0.118  0.057 -0.004 -0.058]	0.67	1.95	1.4	0.12	0.07	0.31	0.04	0.32	0.17	0.43	0.2		0.9595218435903243	0.2	False	0.108
7	['Pt', 'Pd', 'Au', 'Ru', 'Rh', 'Ir', 'Re', 'Os']	29	[0.384 0.285 0.246 0.001 0.002 0.04  0.005 0.025]	[-0.078  0.078  0.054 -0.054 -0.042  0.117  0.005 -0.081]	0.67	1.95	1.4	0.12	0.07	0.31	0.04	0.32	0.17	0.43	0.2		0.9786994287356121	0.2	False	0.112
0	['Pt', 'Pd', 'Au', 'Ru', 'Rh', 'Ir', 'Re', 'Os']	30	[0.445 0.337 0.091 0.006 0.008 0.036 0.009 0.071]	[ 0.119 -0.062 -0.105 -0.045 -0.035  0.066  0.002  0.059]	0.67	1.95	1.4	0.12	0.07	0.31	0.04	0.32	0.17	0.43	0.2		0.8512350125928352	0.2	False	0.25
1	['Pt', 'Pd', 'Au', 'Ru', 'Rh', 'Ir', 'Re', 'Os']	30	[0.394 0.288 0.123 0.074 0.008 0.01  0.007 0.103]	[-0.035  0.009 -0.137  0.087 -0.024 -0.002 -0.006  0.108]	0.67	1.95	1.4	0.12	0.07	0.31	0.04	0.32	0.17	0.43	0.2		0.9276275381156849	0.2	False	0.201
2	['Pt', 'Pd', 'Au', 'Ru', 'Rh', 'Ir', 'Re', 'Os']	30	[0.338 0.305 0.255 0.017 0.046 0.02  0.004 0.001]	[-0.093  0.031  0.1   -0.017  0.107 -0.085 -0.005 -0.038]	0.67	1.95	1.4	0.12	0.07	0.31	0.04	0.32	0.17	0.43	0.2		0.9398797100551488	0.2	False	0.133
3	['Pt', 'Pd', 'Au', 'Ru', 'Rh', 'Ir', 'Re', 'Os']	30	[0.294 0.253 0.351 0.028 0.002 0.011 0.009 0.042]	[-0.089 -0.113  0.133  0.028  0.005  0.012 -0.004  0.028]	0.67	1.95	1.4	0.12	0.07	0.31	0.04	0.32	0.17	0.43	0.2		0.963061336035959	0.2	False	0.1
4	['Pt', 'Pd', 'Au', 'Ru', 'Rh', 'Ir', 'Re', 'Os']	30	[0.382 0.205 0.318 0.013 0.067 0.003 0.002 0.005]	[-0.088  0.135 -0.046 -0.022 -0.002  0.093 -0.023 -0.047]	0.67	1.95	1.4	0.12	0.07	0.31	0.04	0.32	0.17	0.43	0.2		0.947615434401966	0.201	False	0.131
5	['Pt', 'Pd', 'Au', 'Ru', 'Rh', 'Ir', 'Re', 'Os']	30	[0.454 0.203 0.145 0.    0.001 0.162 0.    0.031]	[ 0.023  0.07   0.079 -0.014  0.001 -0.168  0.     0.008]	0.67	1.95	1.4	0.12	0.07	0.31	0.04	0.32	0.17	0.43	0.2		0.7112097503195844	0.2	False	0.261
6	['Pt', 'Pd', 'Au', 'Ru', 'Rh', 'Ir', 'Re', 'Os']	30	[0.381 0.234 0.308 0.017 0.028 0.014 0.004 0.007]	[ 0.086 -0.057  0.065 -0.094  0.098  0.011 -0.034 -0.074]	0.67	1.95	1.4	0.12	0.07	0.31	0.04	0.32	0.17	0.43	0.2		0.9843726742637384	0.2	False	0.106
7	['Pt', 'Pd', 'Au', 'Ru', 'Rh', 'Ir', 'Re', 'Os']	30	[0.327 0.298 0.308 0.008 0.003 0.001 0.019 0.025]	[-0.081  0.04   0.125 -0.024 -0.06   0.014 -0.083  0.068]	0.67	1.95	1.4	0.12	0.07	0.31	0.04	0.32	0.17	0.43	0.2		1.0068423630107226	0.2	False	0.095
