ID	Elements	Generation	Position	Velocity	F_damp	F_b_best	F_h_best	F_g_best	F_b_worst	F_h_worst	F_g_worst	mut_prob	flip_prob	mut_rate	v_max	v_min	Activity	Velocity_mag	Flag	Distance
0	['Pt', 'Pd', 'Au', 'Ru', 'Rh', 'Ir', 'Re', 'Os']	0	[0.79 0.03 0.03 0.03 0.03 0.03 0.03 0.03]	[-0.187  0.027  0.027  0.027  0.027  0.027  0.027  0.027]	0.67	1.95	1.4	0.12	0.07	0.31	0.04	0.32	0.17	0.43	0.2		0.4429187652207028	0.2	False	0.569
1	['Pt', 'Pd', 'Au', 'Ru', 'Rh', 'Ir', 'Re', 'Os']	0	[0.03 0.79 0.03 0.03 0.03 0.03 0.03 0.03]	[ 0.027 -0.187  0.027  0.027  0.027  0.027  0.027  0.027]	0.67	1.95	1.4	0.12	0.07	0.31	0.04	0.32	0.17	0.43	0.2		0.20560014505118765	0.2	False	0.689
2	['Pt', 'Pd', 'Au', 'Ru', 'Rh', 'Ir', 'Re', 'Os']	0	[0.03 0.03 0.79 0.03 0.03 0.03 0.03 0.03]	[ 0.027  0.027 -0.187  0.027  0.027  0.027  0.027  0.027]	0.67	1.95	1.4	0.12	0.07	0.31	0.04	0.32	0.17	0.43	0.2		0.2149894158498778	0.2	False	0.632
3	['Pt', 'Pd', 'Au', 'Ru', 'Rh', 'Ir', 'Re', 'Os']	0	[0.03 0.03 0.03 0.79 0.03 0.03 0.03 0.03]	[ 0.027  0.027  0.027 -0.187  0.027  0.027  0.027  0.027]	0.67	1.95	1.4	0.12	0.07	0.31	0.04	0.32	0.17	0.43	0.2		0.12265296114671781	0.2	False	0.925
4	['Pt', 'Pd', 'Au', 'Ru', 'Rh', 'Ir', 'Re', 'Os']	0	[0.03 0.03 0.03 0.03 0.79 0.03 0.03 0.03]	[ 0.027  0.027  0.027  0.027 -0.187  0.027  0.027  0.027]	0.67	1.95	1.4	0.12	0.07	0.31	0.04	0.32	0.17	0.43	0.2		0.2961943697576309	0.2	False	0.925
5	['Pt', 'Pd', 'Au', 'Ru', 'Rh', 'Ir', 'Re', 'Os']	0	[0.03 0.03 0.03 0.03 0.03 0.79 0.03 0.03]	[ 0.027  0.027  0.027  0.027  0.027 -0.187  0.027  0.027]	0.67	1.95	1.4	0.12	0.07	0.31	0.04	0.32	0.17	0.43	0.2		0.3414716944973704	0.2	False	0.925
6	['Pt', 'Pd', 'Au', 'Ru', 'Rh', 'Ir', 'Re', 'Os']	0	[0.03 0.03 0.03 0.03 0.03 0.03 0.79 0.03]	[ 0.027  0.027  0.027  0.027  0.027  0.027 -0.187  0.027]	0.67	1.95	1.4	0.12	0.07	0.31	0.04	0.32	0.17	0.43	0.2		0.3145140039050876	0.2	False	0.925
7	['Pt', 'Pd', 'Au', 'Ru', 'Rh', 'Ir', 'Re', 'Os']	0	[0.03 0.03 0.03 0.03 0.03 0.03 0.03 0.79]	[ 0.027  0.027  0.027  0.027  0.027  0.027  0.027 -0.187]	0.67	1.95	1.4	0.12	0.07	0.31	0.04	0.32	0.17	0.43	0.2		0.32838217395326336	0.2	False	0.839
0	['Pt', 'Pd', 'Au', 'Ru', 'Rh', 'Ir', 'Re', 'Os']	1	[0.847 0.006 0.001 0.141 0.001 0.001 0.001 0.003]	[ 0.069 -0.033 -0.039  0.162 -0.039 -0.039 -0.039 -0.044]	0.67	1.95	1.4	0.12	0.07	0.31	0.04	0.32	0.17	0.43	0.2		0.4018787094753322	0.2	False	0.652
1	['Pt', 'Pd', 'Au', 'Ru', 'Rh', 'Ir', 'Re', 'Os']	1	[0.109 0.879 0.    0.013 0.001 0.    0.    0.   ]	[ 0.107  0.126 -0.05   0.017 -0.048 -0.05  -0.05  -0.05 ]	0.67	1.95	1.4	0.12	0.07	0.31	0.04	0.32	0.17	0.43	0.2		0.2693366637786973	0.2	False	0.744
2	['Pt', 'Pd', 'Au', 'Ru', 'Rh', 'Ir', 'Re', 'Os']	1	[0.17  0.036 0.65  0.003 0.036 0.031 0.036 0.036]	[ 0.14   0.006 -0.14  -0.027  0.006  0.001  0.006  0.006]	0.67	1.95	1.4	0.12	0.07	0.31	0.04	0.32	0.17	0.43	0.2		0.3604637185359423	0.2	False	0.456
3	['Pt', 'Pd', 'Au', 'Ru', 'Rh', 'Ir', 'Re', 'Os']	1	[0.165 0.032 0.032 0.643 0.031 0.032 0.032 0.033]	[ 0.135  0.002  0.002 -0.147  0.001  0.002  0.002  0.003]	0.67	1.95	1.4	0.12	0.07	0.31	0.04	0.32	0.17	0.43	0.2		0.1710888634880714	0.2	False	0.758
4	['Pt', 'Pd', 'Au', 'Ru', 'Rh', 'Ir', 'Re', 'Os']	1	[0.181 0.03  0.03  0.002 0.663 0.03  0.03  0.03 ]	[ 0.145 -0.007 -0.007  0.024 -0.135 -0.007 -0.007 -0.007]	0.67	1.95	1.4	0.12	0.07	0.31	0.04	0.32	0.17	0.43	0.2		0.30570883860962794	0.2	False	0.772
5	['Pt', 'Pd', 'Au', 'Ru', 'Rh', 'Ir', 'Re', 'Os']	1	[0.187 0.025 0.025 0.009 0.025 0.674 0.026 0.025]	[ 0.152 -0.012 -0.012  0.03  -0.012 -0.124 -0.011 -0.012]	0.67	1.95	1.4	0.12	0.07	0.31	0.04	0.32	0.17	0.43	0.2		0.33646501678468427	0.2	False	0.784
6	['Pt', 'Pd', 'Au', 'Ru', 'Rh', 'Ir', 'Re', 'Os']	1	[0.164 0.037 0.037 0.008 0.037 0.037 0.644 0.037]	[ 0.134  0.007  0.007 -0.022  0.007  0.007 -0.146  0.007]	0.67	1.95	1.4	0.12	0.07	0.31	0.04	0.32	0.17	0.43	0.2		0.3060604708123357	0.2	False	0.755
7	['Pt', 'Pd', 'Au', 'Ru', 'Rh', 'Ir', 'Re', 'Os']	1	[0.188 0.028 0.028 0.    0.028 0.028 0.028 0.672]	[ 0.158 -0.002 -0.002 -0.03  -0.002 -0.002 -0.002 -0.118]	0.67	1.95	1.4	0.12	0.07	0.31	0.04	0.32	0.17	0.43	0.2		0.370090602323854	0.2	False	0.692
0	['Pt', 'Pd', 'Au', 'Ru', 'Rh', 'Ir', 'Re', 'Os']	2	[0.906 0.011 0.011 0.035 0.011 0.007 0.011 0.011]	[ 0.036 -0.034 -0.027  0.174 -0.027 -0.032 -0.027 -0.062]	0.67	1.95	1.4	0.12	0.07	0.31	0.04	0.32	0.17	0.43	0.2		0.3924624698856981	0.2	False	0.678
1	['Pt', 'Pd', 'Au', 'Ru', 'Rh', 'Ir', 'Re', 'Os']	2	[0.254 0.742 0.    0.003 0.    0.    0.    0.   ]	[ 0.148 -0.135 -0.001 -0.008 -0.001 -0.002 -0.001 -0.001]	0.67	1.95	1.4	0.12	0.07	0.31	0.04	0.32	0.17	0.43	0.2		0.3900615209705348	0.2	False	0.593
2	['Pt', 'Pd', 'Au', 'Ru', 'Rh', 'Ir', 'Re', 'Os']	2	[0.265 0.    0.717 0.009 0.001 0.005 0.    0.   ]	[ 0.148 -0.041  0.093 -0.037 -0.039 -0.041 -0.041 -0.041]	0.67	1.95	1.4	0.12	0.07	0.31	0.04	0.32	0.17	0.43	0.2		0.41184573390099644	0.2	False	0.504
3	['Pt', 'Pd', 'Au', 'Ru', 'Rh', 'Ir', 'Re', 'Os']	2	[0.322 0.027 0.026 0.52  0.025 0.027 0.025 0.027]	[ 0.157 -0.005 -0.006 -0.123 -0.006 -0.005 -0.007 -0.006]	0.67	1.95	1.4	0.12	0.07	0.31	0.04	0.32	0.17	0.43	0.2		0.30967220548343355	0.2	False	0.635
4	['Pt', 'Pd', 'Au', 'Ru', 'Rh', 'Ir', 'Re', 'Os']	2	[0.348 0.017 0.016 0.007 0.557 0.018 0.016 0.017]	[ 0.167 -0.013 -0.014  0.007 -0.106 -0.012 -0.014 -0.013]	0.67	1.95	1.4	0.12	0.07	0.31	0.04	0.32	0.17	0.43	0.2		0.3265468697208617	0.2	False	0.673
5	['Pt', 'Pd', 'Au', 'Ru', 'Rh', 'Ir', 'Re', 'Os']	2	[0.352 0.015 0.015 0.007 0.012 0.563 0.017 0.015]	[ 0.165 -0.01  -0.01  -0.002 -0.013 -0.111 -0.009 -0.01 ]	0.67	1.95	1.4	0.12	0.07	0.31	0.04	0.32	0.17	0.43	0.2		0.33346808263244776	0.2	False	0.679
6	['Pt', 'Pd', 'Au', 'Ru', 'Rh', 'Ir', 'Re', 'Os']	2	[0.328 0.028 0.027 0.007 0.027 0.027 0.531 0.026]	[ 0.164 -0.009 -0.01  -0.001 -0.01  -0.01  -0.113 -0.011]	0.67	1.95	1.4	0.12	0.07	0.31	0.04	0.32	0.17	0.43	0.2		0.3331725401094747	0.2	False	0.643
7	['Pt', 'Pd', 'Au', 'Ru', 'Rh', 'Ir', 'Re', 'Os']	2	[0.33  0.025 0.024 0.007 0.038 0.024 0.021 0.532]	[ 0.142 -0.003 -0.004  0.005  0.01  -0.004 -0.007 -0.14 ]	0.67	1.95	1.4	0.12	0.07	0.31	0.04	0.32	0.17	0.43	0.2		0.4438295258083706	0.2	False	0.562
0	['Pt', 'Pd', 'Au', 'Ru', 'Rh', 'Ir', 'Re', 'Os']	3	[0.761 0.016 0.016 0.015 0.02  0.014 0.015 0.146]	[-0.145  0.005  0.005 -0.02   0.009  0.007  0.004  0.135]	0.67	1.95	1.4	0.12	0.07	0.31	0.04	0.32	0.17	0.43	0.2		0.4569842572442947	0.2	False	0.555
1	['Pt', 'Pd', 'Au', 'Ru', 'Rh', 'Ir', 'Re', 'Os']	3	[0.274 0.58  0.001 0.026 0.003 0.001 0.001 0.111]	[ 0.027 -0.157 -0.005  0.027 -0.001 -0.005 -0.005  0.118]	0.67	1.95	1.4	0.12	0.07	0.31	0.04	0.32	0.17	0.43	0.2		0.5349564653454442	0.2	False	0.453
2	['Pt', 'Pd', 'Au', 'Ru', 'Rh', 'Ir', 'Re', 'Os']	3	[0.296 0.001 0.558 0.026 0.003 0.    0.003 0.11 ]	[ 0.035 -0.006 -0.157  0.03  -0.002 -0.008 -0.008  0.115]	0.67	1.95	1.4	0.12	0.07	0.31	0.04	0.32	0.17	0.43	0.2		0.5644099996138318	0.2	False	0.364
3	['Pt', 'Pd', 'Au', 'Ru', 'Rh', 'Ir', 'Re', 'Os']	3	[0.348 0.026 0.025 0.37  0.023 0.026 0.023 0.157]	[ 0.026 -0.001 -0.001 -0.15  -0.002 -0.001 -0.002  0.13 ]	0.67	1.95	1.4	0.12	0.07	0.31	0.04	0.32	0.17	0.43	0.2		0.415822249992696	0.2	False	0.517
4	['Pt', 'Pd', 'Au', 'Ru', 'Rh', 'Ir', 'Re', 'Os']	3	[0.364 0.009 0.007 0.029 0.418 0.009 0.007 0.154]	[ 0.015 -0.009 -0.01   0.027 -0.141 -0.01  -0.01   0.137]	0.67	1.95	1.4	0.12	0.07	0.31	0.04	0.32	0.17	0.43	0.2		0.3642214170986745	0.2	False	0.568
5	['Pt', 'Pd', 'Au', 'Ru', 'Rh', 'Ir', 'Re', 'Os']	3	[0.242 0.017 0.017 0.012 0.019 0.506 0.017 0.17 ]	[-0.112  0.     0.     0.014  0.005 -0.059 -0.002  0.153]	0.67	1.95	1.4	0.12	0.07	0.31	0.04	0.32	0.17	0.43	0.2		0.33209780200616	0.2	False	0.639
6	['Pt', 'Pd', 'Au', 'Ru', 'Rh', 'Ir', 'Re', 'Os']	3	[0.347 0.018 0.017 0.029 0.02  0.017 0.393 0.163]	[ 0.018 -0.011 -0.011  0.027 -0.008 -0.011 -0.14   0.137]	0.67	1.95	1.4	0.12	0.07	0.31	0.04	0.32	0.17	0.43	0.2		0.3837850027757629	0.2	False	0.542
7	['Pt', 'Pd', 'Au', 'Ru', 'Rh', 'Ir', 'Re', 'Os']	3	[0.358 0.003 0.001 0.113 0.018 0.001 0.002 0.505]	[ 0.084 -0.051 -0.051  0.143 -0.037 -0.051 -0.055  0.018]	0.67	1.95	1.4	0.12	0.07	0.31	0.04	0.32	0.17	0.43	0.2		0.42970247244387594	0.2	False	0.572
0	['Pt', 'Pd', 'Au', 'Ru', 'Rh', 'Ir', 'Re', 'Os']	4	[0.636 0.005 0.167 0.013 0.011 0.019 0.006 0.148]	[-0.129 -0.014  0.149 -0.005 -0.012  0.025 -0.012 -0.001]	0.67	1.95	1.4	0.12	0.07	0.31	0.04	0.32	0.17	0.43	0.2		0.6126989561538904	0.2	False	0.403
1	['Pt', 'Pd', 'Au', 'Ru', 'Rh', 'Ir', 'Re', 'Os']	4	[0.289 0.42  0.117 0.022 0.    0.024 0.002 0.122]	[ 0.017 -0.159  0.118 -0.003 -0.003  0.02  -0.003  0.013]	0.67	1.95	1.4	0.12	0.07	0.31	0.04	0.32	0.17	0.43	0.2		0.8000593893670329	0.2	False	0.26
2	['Pt', 'Pd', 'Au', 'Ru', 'Rh', 'Ir', 'Re', 'Os']	4	[0.259 0.003 0.54  0.005 0.012 0.103 0.007 0.07 ]	[ 0.017 -0.051  0.044 -0.073 -0.055  0.156 -0.051  0.012]	0.67	1.95	1.4	0.12	0.07	0.31	0.04	0.32	0.17	0.43	0.2		0.44931126116563724	0.2	False	0.372
3	['Pt', 'Pd', 'Au', 'Ru', 'Rh', 'Ir', 'Re', 'Os']	4	[0.339 0.009 0.179 0.247 0.007 0.045 0.018 0.153]	[-0.009 -0.017  0.154 -0.123 -0.016  0.019 -0.005 -0.004]	0.67	1.95	1.4	0.12	0.07	0.31	0.04	0.32	0.17	0.43	0.2		0.5401143415778599	0.2	False	0.373
4	['Pt', 'Pd', 'Au', 'Ru', 'Rh', 'Ir', 'Re', 'Os']	4	[0.362 0.009 0.147 0.03  0.277 0.014 0.007 0.152]	[-0.004 -0.002  0.139 -0.001 -0.143  0.017 -0.002 -0.004]	0.67	1.95	1.4	0.12	0.07	0.31	0.04	0.32	0.17	0.43	0.2		0.4763013110812396	0.2	False	0.403
5	['Pt', 'Pd', 'Au', 'Ru', 'Rh', 'Ir', 'Re', 'Os']	4	[0.148 0.019 0.182 0.02  0.021 0.467 0.02  0.123]	[-0.094  0.002  0.165  0.008  0.002 -0.039  0.003 -0.047]	0.67	1.95	1.4	0.12	0.07	0.31	0.04	0.32	0.17	0.43	0.2		0.2598207087028519	0.2	False	0.573
6	['Pt', 'Pd', 'Au', 'Ru', 'Rh', 'Ir', 'Re', 'Os']	4	[0.275 0.005 0.114 0.021 0.001 0.04  0.449 0.097]	[-0.082 -0.001  0.119 -0.078 -0.001  0.05   0.07  -0.075]	0.67	1.95	1.4	0.12	0.07	0.31	0.04	0.32	0.17	0.43	0.2		0.35534244907822926	0.2	False	0.551
7	['Pt', 'Pd', 'Au', 'Ru', 'Rh', 'Ir', 'Re', 'Os']	4	[0.34  0.006 0.163 0.044 0.002 0.022 0.004 0.418]	[-0.013 -0.01   0.168 -0.065 -0.011  0.02  -0.004 -0.083]	0.67	1.95	1.4	0.12	0.07	0.31	0.04	0.32	0.17	0.43	0.2		0.5556620630351634	0.2	False	0.427
0	['Pt', 'Pd', 'Au', 'Ru', 'Rh', 'Ir', 'Re', 'Os']	5	[0.518 0.164 0.16  0.007 0.005 0.005 0.    0.143]	[-0.122  0.156 -0.011 -0.01  -0.01   0.018 -0.011 -0.009]	0.67	1.95	1.4	0.12	0.07	0.31	0.04	0.32	0.17	0.43	0.2		0.8711821116834026	0.2	False	0.239
1	['Pt', 'Pd', 'Au', 'Ru', 'Rh', 'Ir', 'Re', 'Os']	5	[0.314 0.369 0.127 0.005 0.012 0.066 0.019 0.083]	[ 0.059 -0.057  0.036 -0.004 -0.054  0.115 -0.057 -0.039]	0.67	1.95	1.4	0.12	0.07	0.31	0.04	0.32	0.17	0.43	0.2		0.8083271561589871	0.17	False	0.225
2	['Pt', 'Pd', 'Au', 'Ru', 'Rh', 'Ir', 'Re', 'Os']	5	[0.298 0.135 0.426 0.003 0.002 0.023 0.01  0.1  ]	[ 0.036  0.129 -0.119 -0.006  0.008 -0.084  0.009  0.026]	0.67	1.95	1.4	0.12	0.07	0.31	0.04	0.32	0.17	0.43	0.2		0.8410058656339132	0.2	False	0.18
3	['Pt', 'Pd', 'Au', 'Ru', 'Rh', 'Ir', 'Re', 'Os']	5	[0.352 0.155 0.195 0.118 0.004 0.005 0.016 0.152]	[ 0.013  0.146  0.016 -0.129 -0.003 -0.04  -0.002 -0.001]	0.67	1.95	1.4	0.12	0.07	0.31	0.04	0.32	0.17	0.43	0.2		0.8870614164430983	0.2	False	0.192
4	['Pt', 'Pd', 'Au', 'Ru', 'Rh', 'Ir', 'Re', 'Os']	5	[0.341 0.174 0.138 0.016 0.181 0.022 0.    0.127]	[-0.026  0.164 -0.013 -0.019 -0.102  0.025  0.001 -0.03 ]	0.67	1.95	1.4	0.12	0.07	0.31	0.04	0.32	0.17	0.43	0.2		0.7191482081603724	0.2	False	0.258
5	['Pt', 'Pd', 'Au', 'Ru', 'Rh', 'Ir', 'Re', 'Os']	5	[0.127 0.192 0.105 0.019 0.017 0.452 0.022 0.065]	[-0.021  0.173 -0.077 -0.001 -0.004 -0.015  0.002 -0.058]	0.67	1.95	1.4	0.12	0.07	0.31	0.04	0.32	0.17	0.43	0.2		0.267067712537976	0.2	False	0.546
6	['Pt', 'Pd', 'Au', 'Ru', 'Rh', 'Ir', 'Re', 'Os']	5	[0.315 0.15  0.088 0.005 0.002 0.002 0.329 0.108]	[ 0.031  0.137 -0.036 -0.026 -0.009  0.032 -0.131  0.002]	0.67	1.95	1.4	0.12	0.07	0.31	0.04	0.32	0.17	0.43	0.2		0.5387220387452606	0.2	False	0.406
7	['Pt', 'Pd', 'Au', 'Ru', 'Rh', 'Ir', 'Re', 'Os']	5	[0.34  0.16  0.175 0.015 0.    0.009 0.001 0.299]	[-0.005  0.15   0.007 -0.034 -0.005  0.023 -0.011 -0.125]	0.67	1.95	1.4	0.12	0.07	0.31	0.04	0.32	0.17	0.43	0.2		0.8338553702596907	0.2	False	0.252
0	['Pt', 'Pd', 'Au', 'Ru', 'Rh', 'Ir', 'Re', 'Os']	6	[0.347 0.191 0.194 0.051 0.012 0.063 0.015 0.13 ]	[-0.169  0.04   0.047  0.058 -0.014  0.061 -0.02  -0.002]	0.67	1.95	1.4	0.12	0.07	0.31	0.04	0.32	0.17	0.43	0.2		0.8721503912551942	0.2	False	0.15
1	['Pt', 'Pd', 'Au', 'Ru', 'Rh', 'Ir', 'Re', 'Os']	6	[0.409 0.22  0.174 0.053 0.013 0.02  0.    0.108]	[ 0.089 -0.159  0.04   0.041  0.014 -0.054  0.011  0.018]	0.67	1.95	1.4	0.12	0.07	0.31	0.04	0.32	0.17	0.43	0.2		0.9514036707470501	0.2	False	0.154
2	['Pt', 'Pd', 'Au', 'Ru', 'Rh', 'Ir', 'Re', 'Os']	6	[0.352 0.138 0.276 0.012 0.02  0.077 0.008 0.118]	[ 0.067  0.011 -0.156  0.018 -0.028  0.09  -0.03   0.028]	0.67	1.95	1.4	0.12	0.07	0.31	0.04	0.32	0.17	0.43	0.2		0.8477747329530672	0.2	False	0.141
3	['Pt', 'Pd', 'Au', 'Ru', 'Rh', 'Ir', 'Re', 'Os']	6	[0.381 0.174 0.182 0.003 0.02  0.098 0.01  0.127]	[ 0.058  0.047  0.011 -0.145 -0.029  0.103 -0.041 -0.003]	0.67	1.95	1.4	0.12	0.07	0.31	0.04	0.32	0.17	0.43	0.2		0.8232682163731077	0.2	False	0.177
4	['Pt', 'Pd', 'Au', 'Ru', 'Rh', 'Ir', 'Re', 'Os']	6	[0.388 0.199 0.167 0.055 0.008 0.04  0.009 0.132]	[ 0.047  0.024  0.029  0.039 -0.179  0.05  -0.014  0.004]	0.67	1.95	1.4	0.12	0.07	0.31	0.04	0.32	0.17	0.43	0.2		0.9065709626654475	0.2	False	0.166
5	['Pt', 'Pd', 'Au', 'Ru', 'Rh', 'Ir', 'Re', 'Os']	6	[0.22  0.046 0.069 0.112 0.02  0.45  0.031 0.052]	[ 0.093 -0.146 -0.036  0.093  0.003 -0.002  0.009 -0.013]	0.67	1.95	1.4	0.12	0.07	0.31	0.04	0.32	0.17	0.43	0.2		0.2566624416114972	0.2	False	0.575
6	['Pt', 'Pd', 'Au', 'Ru', 'Rh', 'Ir', 'Re', 'Os']	6	[0.359 0.161 0.125 0.035 0.011 0.035 0.146 0.128]	[ 0.048  0.015  0.041  0.034 -0.012  0.03  -0.181  0.024]	0.67	1.95	1.4	0.12	0.07	0.31	0.04	0.32	0.17	0.43	0.2		0.7364864196673633	0.2	False	0.252
7	['Pt', 'Pd', 'Au', 'Ru', 'Rh', 'Ir', 'Re', 'Os']	6	[0.378 0.188 0.189 0.045 0.011 0.055 0.011 0.123]	[ 0.049  0.038  0.024  0.04  -0.017  0.057 -0.017 -0.174]	0.67	1.95	1.4	0.12	0.07	0.31	0.04	0.32	0.17	0.43	0.2		0.8943350885524255	0.2	False	0.151
0	['Pt', 'Pd', 'Au', 'Ru', 'Rh', 'Ir', 'Re', 'Os']	7	[0.311 0.276 0.205 0.016 0.016 0.073 0.005 0.101]	[-0.056  0.1    0.005 -0.054 -0.061  0.133 -0.02  -0.047]	0.67	1.95	1.4	0.12	0.07	0.31	0.04	0.32	0.17	0.43	0.2		0.8887095548765425	0.2	False	0.131
1	['Pt', 'Pd', 'Au', 'Ru', 'Rh', 'Ir', 'Re', 'Os']	7	[0.473 0.122 0.185 0.015 0.018 0.093 0.012 0.079]	[ 0.097 -0.091  0.035 -0.062 -0.05   0.115 -0.032 -0.011]	0.67	1.95	1.4	0.12	0.07	0.31	0.04	0.32	0.17	0.43	0.2		0.7700938499584469	0.199	False	0.233
2	['Pt', 'Pd', 'Au', 'Ru', 'Rh', 'Ir', 'Re', 'Os']	7	[0.463 0.23  0.161 0.02  0.005 0.006 0.009 0.104]	[ 0.11   0.091 -0.116  0.007 -0.016 -0.072  0.013 -0.015]	0.67	1.95	1.4	0.12	0.07	0.31	0.04	0.32	0.17	0.43	0.2		0.9492804883030166	0.2	False	0.182
3	['Pt', 'Pd', 'Au', 'Ru', 'Rh', 'Ir', 'Re', 'Os']	7	[0.403 0.199 0.178 0.008 0.018 0.07  0.003 0.116]	[-0.002  0.002 -0.041 -0.027 -0.038  0.182 -0.026 -0.051]	0.67	1.95	1.4	0.12	0.07	0.31	0.04	0.32	0.17	0.43	0.2		0.8848446806284234	0.201	False	0.161
4	['Pt', 'Pd', 'Au', 'Ru', 'Rh', 'Ir', 'Re', 'Os']	7	[0.425 0.212 0.156 0.011 0.073 0.009 0.037 0.077]	[ 0.07   0.031 -0.008 -0.103  0.093  0.064 -0.068 -0.079]	0.67	1.95	1.4	0.12	0.07	0.31	0.04	0.32	0.17	0.43	0.2		0.8772043120221233	0.2	False	0.188
5	['Pt', 'Pd', 'Au', 'Ru', 'Rh', 'Ir', 'Re', 'Os']	7	[0.2   0.114 0.102 0.055 0.012 0.451 0.006 0.059]	[-0.055  0.055  0.011  0.158 -0.04  -0.029 -0.079 -0.021]	0.67	1.95	1.4	0.12	0.07	0.31	0.04	0.32	0.17	0.43	0.2		0.28191036612973014	0.2	False	0.537
6	['Pt', 'Pd', 'Au', 'Ru', 'Rh', 'Ir', 'Re', 'Os']	7	[0.43  0.219 0.174 0.026 0.    0.021 0.002 0.128]	[ 0.041  0.022  0.009 -0.077 -0.083  0.009  0.145 -0.064]	0.67	1.95	1.4	0.12	0.07	0.31	0.04	0.32	0.17	0.43	0.2		0.9597759489083435	0.201	False	0.159
7	['Pt', 'Pd', 'Au', 'Ru', 'Rh', 'Ir', 'Re', 'Os']	7	[0.441 0.23  0.173 0.004 0.009 0.123 0.017 0.006]	[ 0.047  0.016 -0.069 -0.125 -0.025  0.055 -0.016  0.116]	0.67	1.95	1.4	0.12	0.07	0.31	0.04	0.32	0.17	0.43	0.2		0.7790395778452068	0.2	False	0.222
0	['Pt', 'Pd', 'Au', 'Ru', 'Rh', 'Ir', 'Re', 'Os']	8	[0.411 0.285 0.169 0.02  0.01  0.007 0.014 0.086]	[ 0.147 -0.009 -0.087  0.013 -0.001  0.056 -0.068 -0.051]	0.67	1.95	1.4	0.12	0.07	0.31	0.04	0.32	0.17	0.43	0.2		0.9800066265288814	0.2	False	0.152
1	['Pt', 'Pd', 'Au', 'Ru', 'Rh', 'Ir', 'Re', 'Os']	8	[0.451 0.196 0.175 0.002 0.002 0.041 0.001 0.127]	[-0.068  0.074 -0.051 -0.068 -0.027  0.139 -0.034  0.035]	0.67	1.95	1.4	0.12	0.07	0.31	0.04	0.32	0.17	0.43	0.2		0.9189538092308445	0.2	False	0.177
2	['Pt', 'Pd', 'Au', 'Ru', 'Rh', 'Ir', 'Re', 'Os']	8	[0.498 0.256 0.05  0.015 0.003 0.087 0.026 0.064]	[ 0.077  0.065 -0.111 -0.022 -0.027  0.106 -0.068 -0.02 ]	0.67	1.95	1.4	0.12	0.07	0.31	0.04	0.32	0.17	0.43	0.2		0.7218641252783953	0.2	False	0.307
3	['Pt', 'Pd', 'Au', 'Ru', 'Rh', 'Ir', 'Re', 'Os']	8	[0.351 0.159 0.173 0.094 0.006 0.051 0.023 0.141]	[-0.085 -0.069 -0.023  0.098  0.003  0.119 -0.059  0.017]	0.67	1.95	1.4	0.12	0.07	0.31	0.04	0.32	0.17	0.43	0.2		0.8278398138073977	0.2	False	0.195
4	['Pt', 'Pd', 'Au', 'Ru', 'Rh', 'Ir', 'Re', 'Os']	8	[0.384 0.134 0.084 0.044 0.175 0.056 0.054 0.071]	[-0.05  -0.095 -0.088  0.044  0.124  0.053  0.02  -0.008]	0.67	1.95	1.4	0.12	0.07	0.31	0.04	0.32	0.17	0.43	0.2		0.5688134469899896	0.2	False	0.317
5	['Pt', 'Pd', 'Au', 'Ru', 'Rh', 'Ir', 'Re', 'Os']	8	[0.182 0.148 0.079 0.031 0.003 0.451 0.013 0.091]	[-0.018  0.035 -0.024 -0.025 -0.016 -0.     0.015  0.033]	0.67	1.95	1.4	0.12	0.07	0.31	0.04	0.32	0.17	0.43	0.2		0.2980591428409571	0.065	False	0.54
6	['Pt', 'Pd', 'Au', 'Ru', 'Rh', 'Ir', 'Re', 'Os']	8	[0.511 0.211 0.14  0.003 0.01  0.046 0.018 0.06 ]	[ 0.13  -0.014 -0.055  0.025 -0.007  0.072 -0.041 -0.11 ]	0.67	1.95	1.4	0.12	0.07	0.31	0.04	0.32	0.17	0.43	0.2		0.8366882678267393	0.2	False	0.239
7	['Pt', 'Pd', 'Au', 'Ru', 'Rh', 'Ir', 'Re', 'Os']	8	[0.438 0.211 0.172 0.003 0.002 0.002 0.02  0.153]	[-0.043 -0.062 -0.04  -0.033 -0.028  0.107 -0.036  0.135]	0.67	1.95	1.4	0.12	0.07	0.31	0.04	0.32	0.17	0.43	0.2		0.9588410860410486	0.2	False	0.17
0	['Pt', 'Pd', 'Au', 'Ru', 'Rh', 'Ir', 'Re', 'Os']	9	[0.503 0.294 0.099 0.017 0.016 0.061 0.009 0.003]	[ 0.133  0.027 -0.074 -0.019 -0.053  0.069  0.007 -0.09 ]	0.67	1.95	1.4	0.12	0.07	0.31	0.04	0.32	0.17	0.43	0.2		0.7805372225951841	0.2	False	0.282
1	['Pt', 'Pd', 'Au', 'Ru', 'Rh', 'Ir', 'Re', 'Os']	9	[0.385 0.343 0.146 0.    0.013 0.036 0.003 0.068]	[-0.074  0.154 -0.034 -0.008 -0.026  0.065 -0.011 -0.066]	0.67	1.95	1.4	0.12	0.07	0.31	0.04	0.32	0.17	0.43	0.2		0.9125702522206651	0.2	False	0.19
2	['Pt', 'Pd', 'Au', 'Ru', 'Rh', 'Ir', 'Re', 'Os']	9	[0.472 0.271 0.094 0.006 0.003 0.063 0.012 0.078]	[-0.051  0.005  0.045 -0.077 -0.057  0.16  -0.028  0.004]	0.67	1.95	1.4	0.12	0.07	0.31	0.04	0.32	0.17	0.43	0.2		0.8225928060130878	0.2	False	0.25
3	['Pt', 'Pd', 'Au', 'Ru', 'Rh', 'Ir', 'Re', 'Os']	9	[0.426 0.245 0.102 0.043 0.001 0.06  0.01  0.112]	[ 0.074  0.087 -0.097 -0.074 -0.028  0.094 -0.007 -0.048]	0.67	1.95	1.4	0.12	0.07	0.31	0.04	0.32	0.17	0.43	0.2		0.8466740049022925	0.2	False	0.225
4	['Pt', 'Pd', 'Au', 'Ru', 'Rh', 'Ir', 'Re', 'Os']	9	[0.442 0.243 0.026 0.059 0.049 0.017 0.036 0.13 ]	[ 0.058  0.109 -0.058  0.015 -0.126 -0.039 -0.018  0.059]	0.67	1.95	1.4	0.12	0.07	0.31	0.04	0.32	0.17	0.43	0.2		0.7499734017602189	0.2	False	0.303
5	['Pt', 'Pd', 'Au', 'Ru', 'Rh', 'Ir', 'Re', 'Os']	9	[0.194 0.147 0.093 0.039 0.04  0.44  0.042 0.003]	[-0.028 -0.052 -0.025  0.054  0.017 -0.069  0.002  0.101]	0.67	1.95	1.4	0.12	0.07	0.31	0.04	0.32	0.17	0.43	0.2		0.25877227874613457	0.149	False	0.534
6	['Pt', 'Pd', 'Au', 'Ru', 'Rh', 'Ir', 'Re', 'Os']	9	[0.415 0.267 0.138 0.003 0.027 0.045 0.017 0.088]	[-0.141  0.075 -0.008 -0.032 -0.05   0.096  0.025  0.035]	0.67	1.95	1.4	0.12	0.07	0.31	0.04	0.32	0.17	0.43	0.2		0.8941049551462312	0.201	False	0.184
7	['Pt', 'Pd', 'Au', 'Ru', 'Rh', 'Ir', 'Re', 'Os']	9	[0.446 0.276 0.138 0.008 0.016 0.037 0.005 0.074]	[ 0.024  0.099 -0.032 -0.007 -0.033  0.041 -0.    -0.092]	0.67	1.95	1.4	0.12	0.07	0.31	0.04	0.32	0.17	0.43	0.2		0.9059665785537676	0.151	False	0.196
0	['Pt', 'Pd', 'Au', 'Ru', 'Rh', 'Ir', 'Re', 'Os']	10	[0.354 0.309 0.131 0.015 0.033 0.108 0.003 0.048]	[-0.182  0.011  0.031  0.018  0.034  0.049 -0.008  0.047]	0.67	1.95	1.4	0.12	0.07	0.31	0.04	0.32	0.17	0.43	0.2		0.7785230162207615	0.201	False	0.219
1	['Pt', 'Pd', 'Au', 'Ru', 'Rh', 'Ir', 'Re', 'Os']	10	[0.416 0.185 0.144 0.002 0.035 0.107 0.039 0.063]	[ 0.035 -0.174 -0.001 -0.002  0.037  0.079  0.03  -0.005]	0.67	1.95	1.4	0.12	0.07	0.31	0.04	0.32	0.17	0.43	0.2		0.7519375094078422	0.2	False	0.22
2	['Pt', 'Pd', 'Au', 'Ru', 'Rh', 'Ir', 'Re', 'Os']	10	[0.401 0.289 0.181 0.025 0.003 0.004 0.013 0.082]	[-0.127  0.013  0.122  0.009 -0.043  0.073 -0.039 -0.009]	0.67	1.95	1.4	0.12	0.07	0.31	0.04	0.32	0.17	0.43	0.2		0.9973829236059908	0.2	False	0.139
3	['Pt', 'Pd', 'Au', 'Ru', 'Rh', 'Ir', 'Re', 'Os']	10	[0.393 0.186 0.237 0.004 0.009 0.051 0.002 0.118]	[-0.046 -0.074  0.138 -0.052 -0.027  0.094 -0.03  -0.003]	0.67	1.95	1.4	0.12	0.07	0.31	0.04	0.32	0.17	0.43	0.2		0.9458076084411056	0.2	False	0.114
4	['Pt', 'Pd', 'Au', 'Ru', 'Rh', 'Ir', 'Re', 'Os']	10	[0.408 0.288 0.149 0.001 0.037 0.002 0.011 0.107]	[-0.065  0.033  0.131 -0.1    0.068 -0.014 -0.002 -0.051]	0.67	1.95	1.4	0.12	0.07	0.31	0.04	0.32	0.17	0.43	0.2		0.9532821947580903	0.2	False	0.171
5	['Pt', 'Pd', 'Au', 'Ru', 'Rh', 'Ir', 'Re', 'Os']	10	[0.13  0.146 0.02  0.034 0.004 0.444 0.076 0.142]	[-0.09  -0.02  -0.1    0.05   0.018 -0.014  0.019  0.136]	0.67	1.95	1.4	0.12	0.07	0.31	0.04	0.32	0.17	0.43	0.2		0.2747828434981105	0.2	False	0.586
6	['Pt', 'Pd', 'Au', 'Ru', 'Rh', 'Ir', 'Re', 'Os']	10	[0.359 0.309 0.163 0.029 0.019 0.002 0.005 0.113]	[-0.136  0.069  0.033 -0.098  0.044  0.054  0.     0.033]	0.67	1.95	1.4	0.12	0.07	0.31	0.04	0.32	0.17	0.43	0.2		0.9711584853767392	0.2	False	0.154
7	['Pt', 'Pd', 'Au', 'Ru', 'Rh', 'Ir', 'Re', 'Os']	10	[0.406 0.314 0.133 0.008 0.    0.044 0.044 0.052]	[-0.064  0.088  0.004  0.012 -0.031  0.123 -0.105 -0.029]	0.67	1.95	1.4	0.12	0.07	0.31	0.04	0.32	0.17	0.43	0.2		0.8810254253365459	0.2	False	0.203
0	['Pt', 'Pd', 'Au', 'Ru', 'Rh', 'Ir', 'Re', 'Os']	11	[0.297 0.313 0.217 0.014 0.01  0.045 0.005 0.1  ]	[-0.098 -0.025  0.072 -0.031 -0.058  0.136 -0.028  0.032]	0.67	1.95	1.4	0.12	0.07	0.31	0.04	0.32	0.17	0.43	0.2		0.92500807909958	0.2	False	0.127
1	['Pt', 'Pd', 'Au', 'Ru', 'Rh', 'Ir', 'Re', 'Os']	11	[0.476 0.231 0.076 0.041 0.018 0.039 0.001 0.112]	[ 0.04   0.024 -0.109  0.016 -0.05   0.128 -0.077  0.027]	0.67	1.95	1.4	0.12	0.07	0.31	0.04	0.32	0.17	0.43	0.2		0.8116249642541624	0.2	False	0.265
2	['Pt', 'Pd', 'Au', 'Ru', 'Rh', 'Ir', 'Re', 'Os']	11	[0.428 0.364 0.08  0.007 0.01  0.057 0.003 0.049]	[ 0.044  0.1   -0.106 -0.048 -0.021  0.058  0.    -0.027]	0.67	1.95	1.4	0.12	0.07	0.31	0.04	0.32	0.17	0.43	0.2		0.805068622864652	0.173	False	0.271
3	['Pt', 'Pd', 'Au', 'Ru', 'Rh', 'Ir', 'Re', 'Os']	11	[0.416 0.238 0.256 0.036 0.022 0.004 0.009 0.023]	[ 0.036  0.081  0.03   0.031 -0.05   0.065 -0.048 -0.145]	0.67	1.95	1.4	0.12	0.07	0.31	0.04	0.32	0.17	0.43	0.2		0.9987109697870293	0.199	False	0.119
4	['Pt', 'Pd', 'Au', 'Ru', 'Rh', 'Ir', 'Re', 'Os']	11	[0.393 0.261 0.213 0.058 0.004 0.07  0.    0.002]	[-0.023 -0.038  0.077  0.043  0.02   0.082 -0.009 -0.152]	0.67	1.95	1.4	0.12	0.07	0.31	0.04	0.32	0.17	0.43	0.2		0.8911936946318868	0.2	False	0.166
5	['Pt', 'Pd', 'Au', 'Ru', 'Rh', 'Ir', 'Re', 'Os']	11	[0.21  0.136 0.12  0.017 0.026 0.448 0.015 0.025]	[ 0.065 -0.03   0.086 -0.038  0.004 -0.015  0.072 -0.143]	0.67	1.95	1.4	0.12	0.07	0.31	0.04	0.32	0.17	0.43	0.2		0.2899191492134328	0.2	False	0.522
6	['Pt', 'Pd', 'Au', 'Ru', 'Rh', 'Ir', 'Re', 'Os']	11	[0.353 0.338 0.19  0.017 0.027 0.051 0.003 0.022]	[ 0.005  0.062  0.059  0.061 -0.084  0.059 -0.03  -0.132]	0.67	1.95	1.4	0.12	0.07	0.31	0.04	0.32	0.17	0.43	0.2		0.8944767429550824	0.2	False	0.172
7	['Pt', 'Pd', 'Au', 'Ru', 'Rh', 'Ir', 'Re', 'Os']	11	[0.414 0.199 0.175 0.004 0.011 0.044 0.092 0.064]	[-0.001 -0.167  0.045 -0.007 -0.011  0.083  0.053  0.005]	0.67	1.95	1.4	0.12	0.07	0.31	0.04	0.32	0.17	0.43	0.2		0.853364205378671	0.2	False	0.185
0	['Pt', 'Pd', 'Au', 'Ru', 'Rh', 'Ir', 'Re', 'Os']	12	[0.444 0.246 0.231 0.001 0.005 0.033 0.003 0.036]	[ 0.15  -0.078  0.008 -0.031 -0.012  0.064 -0.026 -0.075]	0.67	1.95	1.4	0.12	0.07	0.31	0.04	0.32	0.17	0.43	0.2		0.9742864285115347	0.2	False	0.137
1	['Pt', 'Pd', 'Au', 'Ru', 'Rh', 'Ir', 'Re', 'Os']	12	[0.424 0.222 0.23  0.033 0.015 0.028 0.001 0.044]	[-0.06  -0.014  0.159 -0.013 -0.044  0.056 -0.007 -0.077]	0.67	1.95	1.4	0.12	0.07	0.31	0.04	0.32	0.17	0.43	0.2		0.9683752468322406	0.2	False	0.128
2	['Pt', 'Pd', 'Au', 'Ru', 'Rh', 'Ir', 'Re', 'Os']	12	[0.434 0.27  0.202 0.001 0.011 0.049 0.    0.032]	[ 0.001 -0.108  0.127 -0.026 -0.039  0.093 -0.023 -0.024]	0.67	1.95	1.4	0.12	0.07	0.31	0.04	0.32	0.17	0.43	0.2		0.9400218641412124	0.2	False	0.156
3	['Pt', 'Pd', 'Au', 'Ru', 'Rh', 'Ir', 'Re', 'Os']	12	[0.444 0.248 0.249 0.    0.019 0.006 0.002 0.036]	[ 0.076  0.006 -0.06   0.053 -0.083 -0.025 -0.083  0.115]	0.67	1.95	1.4	0.12	0.07	0.31	0.04	0.32	0.17	0.43	0.2		1.0064057284339094	0.2	False	0.126
4	['Pt', 'Pd', 'Au', 'Ru', 'Rh', 'Ir', 'Re', 'Os']	12	[0.374 0.225 0.153 0.072 0.025 0.131 0.007 0.015]	[-0.028 -0.051 -0.084  0.14  -0.05   0.082 -0.025  0.016]	0.67	1.95	1.4	0.12	0.07	0.31	0.04	0.32	0.17	0.43	0.2		0.7149233700878599	0.2	False	0.23
5	['Pt', 'Pd', 'Au', 'Ru', 'Rh', 'Ir', 'Re', 'Os']	12	[0.194 0.054 0.178 0.014 0.003 0.42  0.061 0.073]	[-0.017 -0.091  0.065 -0.039 -0.025 -0.031  0.052  0.086]	0.67	1.95	1.4	0.12	0.07	0.31	0.04	0.32	0.17	0.43	0.2		0.2636019445550337	0.161	False	0.509
6	['Pt', 'Pd', 'Au', 'Ru', 'Rh', 'Ir', 'Re', 'Os']	12	[0.399 0.265 0.208 0.008 0.012 0.076 0.009 0.025]	[ 0.058 -0.12   0.016 -0.024 -0.014  0.138 -0.047 -0.007]	0.67	1.95	1.4	0.12	0.07	0.31	0.04	0.32	0.17	0.43	0.2		0.8998133657203928	0.2	False	0.151
7	['Pt', 'Pd', 'Au', 'Ru', 'Rh', 'Ir', 'Re', 'Os']	12	[0.451 0.168 0.224 0.005 0.003 0.072 0.014 0.065]	[ 0.049 -0.027  0.063 -0.03  -0.036  0.11  -0.137  0.009]	0.67	1.95	1.4	0.12	0.07	0.31	0.04	0.32	0.17	0.43	0.2		0.8797091014747647	0.2	False	0.171
0	['Pt', 'Pd', 'Au', 'Ru', 'Rh', 'Ir', 'Re', 'Os']	13	[0.469 0.282 0.131 0.006 0.009 0.083 0.009 0.01 ]	[ 0.049  0.063 -0.116 -0.033 -0.037  0.128 -0.033 -0.019]	0.67	1.95	1.4	0.12	0.07	0.31	0.04	0.32	0.17	0.43	0.2		0.8101832556813483	0.2	False	0.243
1	['Pt', 'Pd', 'Au', 'Ru', 'Rh', 'Ir', 'Re', 'Os']	13	[0.428 0.196 0.289 0.004 0.016 0.048 0.01  0.005]	[ 0.009 -0.052  0.121 -0.003 -0.054  0.105 -0.048 -0.078]	0.67	1.95	1.4	0.12	0.07	0.31	0.04	0.32	0.17	0.43	0.2		0.9279479291987167	0.2	False	0.144
2	['Pt', 'Pd', 'Au', 'Ru', 'Rh', 'Ir', 'Re', 'Os']	13	[0.42  0.221 0.203 0.016 0.006 0.081 0.014 0.038]	[-0.    -0.052  0.022 -0.062 -0.039  0.164 -0.062  0.029]	0.67	1.95	1.4	0.12	0.07	0.31	0.04	0.32	0.17	0.43	0.2		0.8798503204445782	0.2	False	0.161
3	['Pt', 'Pd', 'Au', 'Ru', 'Rh', 'Ir', 'Re', 'Os']	13	[0.492 0.232 0.173 0.017 0.023 0.057 0.003 0.004]	[ 0.122  0.005 -0.104 -0.06  -0.033  0.095 -0.    -0.024]	0.67	1.95	1.4	0.12	0.07	0.31	0.04	0.32	0.17	0.43	0.2		0.8474824870614426	0.2	False	0.223
4	['Pt', 'Pd', 'Au', 'Ru', 'Rh', 'Ir', 'Re', 'Os']	13	[0.451 0.282 0.167 0.009 0.011 0.001 0.008 0.074]	[ 0.062  0.04  -0.01   0.044  0.01  -0.175 -0.013  0.042]	0.67	1.95	1.4	0.12	0.07	0.31	0.04	0.32	0.17	0.43	0.2		0.9713695734107834	0.2	False	0.173
5	['Pt', 'Pd', 'Au', 'Ru', 'Rh', 'Ir', 'Re', 'Os']	13	[0.221 0.176 0.082 0.01  0.018 0.47  0.012 0.007]	[ 0.01   0.113 -0.122  0.003 -0.003  0.035  0.054 -0.09 ]	0.67	1.95	1.4	0.12	0.07	0.31	0.04	0.32	0.17	0.43	0.2		0.3024117249243823	0.2	False	0.548
6	['Pt', 'Pd', 'Au', 'Ru', 'Rh', 'Ir', 'Re', 'Os']	13	[0.419 0.255 0.167 0.027 0.007 0.038 0.019 0.069]	[ 0.023 -0.024 -0.072 -0.067 -0.074  0.14   0.012  0.061]	0.67	1.95	1.4	0.12	0.07	0.31	0.04	0.32	0.17	0.43	0.2		0.9317649228908464	0.199	False	0.161
7	['Pt', 'Pd', 'Au', 'Ru', 'Rh', 'Ir', 'Re', 'Os']	13	[0.518 0.073 0.228 0.022 0.004 0.038 0.01  0.108]	[ 0.072 -0.133 -0.008 -0.059 -0.023  0.106  0.005  0.041]	0.67	1.95	1.4	0.12	0.07	0.31	0.04	0.32	0.17	0.43	0.2		0.7934469973076866	0.2	False	0.259
0	['Pt', 'Pd', 'Au', 'Ru', 'Rh', 'Ir', 'Re', 'Os']	14	[0.361 0.261 0.082 0.025 0.02  0.176 0.015 0.06 ]	[-0.135 -0.027 -0.062  0.019  0.018  0.113  0.013  0.06 ]	0.67	1.95	1.4	0.12	0.07	0.31	0.04	0.32	0.17	0.43	0.2		0.6358149963355256	0.2	False	0.286
1	['Pt', 'Pd', 'Au', 'Ru', 'Rh', 'Ir', 'Re', 'Os']	14	[0.482 0.233 0.176 0.007 0.008 0.044 0.    0.046]	[ 0.058  0.036 -0.157 -0.037 -0.018  0.084 -0.009  0.042]	0.67	1.95	1.4	0.12	0.07	0.31	0.04	0.32	0.17	0.43	0.2		0.902582945352445	0.2	False	0.195
2	['Pt', 'Pd', 'Au', 'Ru', 'Rh', 'Ir', 'Re', 'Os']	14	[0.448 0.275 0.139 0.005 0.008 0.034 0.    0.092]	[ 0.015  0.053 -0.12  -0.035 -0.053  0.121 -0.034  0.053]	0.67	1.95	1.4	0.12	0.07	0.31	0.04	0.32	0.17	0.43	0.2		0.9196024789989679	0.2	False	0.194
3	['Pt', 'Pd', 'Au', 'Ru', 'Rh', 'Ir', 'Re', 'Os']	14	[0.459 0.243 0.173 0.028 0.027 0.027 0.028 0.014]	[-0.056  0.026  0.006  0.053 -0.065  0.125 -0.114  0.025]	0.67	1.95	1.4	0.12	0.07	0.31	0.04	0.32	0.17	0.43	0.2		0.8921807992512913	0.2	False	0.196
4	['Pt', 'Pd', 'Au', 'Ru', 'Rh', 'Ir', 'Re', 'Os']	14	[0.476 0.242 0.105 0.022 0.002 0.114 0.027 0.014]	[ 0.083 -0.008 -0.038 -0.071 -0.024  0.148 -0.054 -0.036]	0.67	1.95	1.4	0.12	0.07	0.31	0.04	0.32	0.17	0.43	0.2		0.730154234234866	0.2	False	0.275
5	['Pt', 'Pd', 'Au', 'Ru', 'Rh', 'Ir', 'Re', 'Os']	14	[0.212 0.136 0.038 0.008 0.029 0.421 0.074 0.079]	[-0.009 -0.04  -0.044 -0.002  0.011 -0.049  0.062  0.072]	0.67	1.95	1.4	0.12	0.07	0.31	0.04	0.32	0.17	0.43	0.2		0.2955145736448963	0.123	False	0.534
6	['Pt', 'Pd', 'Au', 'Ru', 'Rh', 'Ir', 'Re', 'Os']	14	[0.395 0.316 0.113 0.004 0.02  0.034 0.001 0.115]	[-0.056  0.095 -0.109 -0.013 -0.067  0.081  0.001  0.068]	0.67	1.95	1.4	0.12	0.07	0.31	0.04	0.32	0.17	0.43	0.2		0.8937221156306878	0.2	False	0.208
7	['Pt', 'Pd', 'Au', 'Ru', 'Rh', 'Ir', 'Re', 'Os']	14	[0.472 0.223 0.158 0.01  0.013 0.019 0.003 0.103]	[-0.061  0.157 -0.087  0.018 -0.027  0.044 -0.027 -0.015]	0.67	1.95	1.4	0.12	0.07	0.31	0.04	0.32	0.17	0.43	0.2		0.9246394069911728	0.2	False	0.191
0	['Pt', 'Pd', 'Au', 'Ru', 'Rh', 'Ir', 'Re', 'Os']	15	[0.435 0.268 0.163 0.009 0.014 0.013 0.006 0.092]	[ 0.074  0.007  0.081 -0.016 -0.006 -0.163 -0.009  0.032]	0.67	1.95	1.4	0.12	0.07	0.31	0.04	0.32	0.17	0.43	0.2		0.9635994914582222	0.2	False	0.164
1	['Pt', 'Pd', 'Au', 'Ru', 'Rh', 'Ir', 'Re', 'Os']	15	[0.477 0.168 0.163 0.019 0.014 0.057 0.014 0.084]	[ 0.011 -0.067  0.001 -0.059 -0.055  0.118 -0.016  0.067]	0.67	1.95	1.4	0.12	0.07	0.31	0.04	0.32	0.17	0.43	0.2		0.8404458625983149	0.173	False	0.214
2	['Pt', 'Pd', 'Au', 'Ru', 'Rh', 'Ir', 'Re', 'Os']	15	[0.462 0.275 0.112 0.027 0.004 0.046 0.006 0.069]	[ 0.044  0.017 -0.034 -0.07   0.     0.125 -0.055 -0.027]	0.67	1.95	1.4	0.12	0.07	0.31	0.04	0.32	0.17	0.43	0.2		0.8650738294052036	0.166	False	0.229
3	['Pt', 'Pd', 'Au', 'Ru', 'Rh', 'Ir', 'Re', 'Os']	15	[0.445 0.22  0.226 0.001 0.017 0.006 0.037 0.049]	[-0.069 -0.093  0.106  0.007 -0.056 -0.038  0.085  0.059]	0.67	1.95	1.4	0.12	0.07	0.31	0.04	0.32	0.17	0.43	0.2		0.9724236983643966	0.2	False	0.14
4	['Pt', 'Pd', 'Au', 'Ru', 'Rh', 'Ir', 'Re', 'Os']	15	[0.545 0.295 0.043 0.001 0.003 0.006 0.001 0.106]	[ 0.041  0.019 -0.133 -0.023 -0.06   0.104 -0.019  0.071]	0.67	1.95	1.4	0.12	0.07	0.31	0.04	0.32	0.17	0.43	0.2		0.7710562502276825	0.2	False	0.326
5	['Pt', 'Pd', 'Au', 'Ru', 'Rh', 'Ir', 'Re', 'Os']	15	[0.228 0.05  0.142 0.002 0.003 0.478 0.045 0.049]	[-0.    -0.113  0.097 -0.03  -0.047  0.045  0.099 -0.051]	0.67	1.95	1.4	0.12	0.07	0.31	0.04	0.32	0.17	0.43	0.2		0.28833176545216443	0.2	False	0.559
6	['Pt', 'Pd', 'Au', 'Ru', 'Rh', 'Ir', 'Re', 'Os']	15	[0.286 0.297 0.236 0.001 0.004 0.021 0.021 0.134]	[-0.138 -0.033  0.134 -0.018  0.     0.041  0.002  0.012]	0.67	1.95	1.4	0.12	0.07	0.31	0.04	0.32	0.17	0.43	0.2		0.9564815895497785	0.201	False	0.112
7	['Pt', 'Pd', 'Au', 'Ru', 'Rh', 'Ir', 'Re', 'Os']	15	[0.421 0.286 0.114 0.    0.006 0.067 0.032 0.075]	[-0.057  0.124 -0.046 -0.025 -0.016  0.113 -0.072 -0.021]	0.67	1.95	1.4	0.12	0.07	0.31	0.04	0.32	0.17	0.43	0.2		0.8448702873523082	0.2	False	0.217
0	['Pt', 'Pd', 'Au', 'Ru', 'Rh', 'Ir', 'Re', 'Os']	16	[0.401 0.233 0.157 0.036 0.009 0.153 0.01  0.002]	[-0.038 -0.039 -0.007  0.033  0.015  0.156 -0.014 -0.106]	0.67	1.95	1.4	0.12	0.07	0.31	0.04	0.32	0.17	0.43	0.2		0.7107977741908419	0.2	False	0.24
1	['Pt', 'Pd', 'Au', 'Ru', 'Rh', 'Ir', 'Re', 'Os']	16	[0.437 0.218 0.274 0.003 0.012 0.03  0.01  0.015]	[-0.061  0.048  0.121 -0.001 -0.028  0.077 -0.06  -0.096]	0.67	1.95	1.4	0.12	0.07	0.31	0.04	0.32	0.17	0.43	0.2		0.9682476341956499	0.2	False	0.133
2	['Pt', 'Pd', 'Au', 'Ru', 'Rh', 'Ir', 'Re', 'Os']	16	[0.482 0.319 0.02  0.001 0.032 0.047 0.025 0.077]	[ 0.012  0.041 -0.176  0.012  0.022  0.079  0.011 -0.002]	0.67	1.95	1.4	0.12	0.07	0.31	0.04	0.32	0.17	0.43	0.2		0.7291736411066594	0.2	False	0.324
3	['Pt', 'Pd', 'Au', 'Ru', 'Rh', 'Ir', 'Re', 'Os']	16	[0.409 0.188 0.266 0.009 0.023 0.083 0.011 0.012]	[-0.01  -0.004  0.102 -0.007 -0.038  0.119 -0.099 -0.064]	0.67	1.95	1.4	0.12	0.07	0.31	0.04	0.32	0.17	0.43	0.2		0.8644598224670395	0.2	False	0.154
4	['Pt', 'Pd', 'Au', 'Ru', 'Rh', 'Ir', 'Re', 'Os']	16	[0.454 0.265 0.197 0.001 0.006 0.019 0.009 0.048]	[-0.091 -0.027  0.165 -0.005  0.006  0.02  -0.011 -0.056]	0.67	1.95	1.4	0.12	0.07	0.31	0.04	0.32	0.17	0.43	0.2		0.9698161961762126	0.2	False	0.158
5	['Pt', 'Pd', 'Au', 'Ru', 'Rh', 'Ir', 'Re', 'Os']	16	[0.173 0.187 0.121 0.002 0.035 0.4   0.059 0.02 ]	[-0.069  0.131 -0.034 -0.014  0.022 -0.093  0.003  0.054]	0.67	1.95	1.4	0.12	0.07	0.31	0.04	0.32	0.17	0.43	0.2		0.27099952854887305	0.188	False	0.488
6	['Pt', 'Pd', 'Au', 'Ru', 'Rh', 'Ir', 'Re', 'Os']	16	[0.416 0.267 0.203 0.004 0.012 0.054 0.007 0.038]	[ 0.148 -0.029 -0.033 -0.017 -0.027  0.066 -0.005 -0.103]	0.67	1.95	1.4	0.12	0.07	0.31	0.04	0.32	0.17	0.43	0.2		0.9364515699216007	0.199	False	0.145
7	['Pt', 'Pd', 'Au', 'Ru', 'Rh', 'Ir', 'Re', 'Os']	16	[0.363 0.251 0.234 0.003 0.004 0.048 0.006 0.092]	[-0.075 -0.049  0.127 -0.027 -0.024  0.103 -0.064  0.01 ]	0.67	1.95	1.4	0.12	0.07	0.31	0.04	0.32	0.17	0.43	0.2		0.9773329194989755	0.2	False	0.083
0	['Pt', 'Pd', 'Au', 'Ru', 'Rh', 'Ir', 'Re', 'Os']	17	[0.389 0.287 0.222 0.004 0.002 0.003 0.005 0.09 ]	[-0.023  0.044  0.056  0.028 -0.022 -0.164  0.002  0.079]	0.67	1.95	1.4	0.12	0.07	0.31	0.04	0.32	0.17	0.43	0.2		1.0359977171549997	0.2	False	0.096
1	['Pt', 'Pd', 'Au', 'Ru', 'Rh', 'Ir', 'Re', 'Os']	17	[0.357 0.247 0.249 0.001 0.004 0.011 0.054 0.076]	[-0.116  0.037 -0.039 -0.022 -0.005  0.005  0.057  0.082]	0.67	1.95	1.4	0.12	0.07	0.31	0.04	0.32	0.17	0.43	0.2		0.9970030452448988	0.163	False	0.079
2	['Pt', 'Pd', 'Au', 'Ru', 'Rh', 'Ir', 'Re', 'Os']	17	[0.393 0.289 0.166 0.015 0.006 0.025 0.001 0.109]	[-0.101 -0.04   0.142  0.006 -0.051  0.057 -0.038  0.024]	0.67	1.95	1.4	0.12	0.07	0.31	0.04	0.32	0.17	0.43	0.2		0.9696845527693192	0.2	False	0.149
3	['Pt', 'Pd', 'Au', 'Ru', 'Rh', 'Ir', 'Re', 'Os']	17	[0.44  0.256 0.204 0.02  0.009 0.019 0.031 0.025]	[ 0.013  0.074 -0.142 -0.021 -0.027  0.112  0.008 -0.017]	0.67	1.95	1.4	0.12	0.07	0.31	0.04	0.32	0.17	0.43	0.2		0.9551239742629998	0.2	False	0.157
4	['Pt', 'Pd', 'Au', 'Ru', 'Rh', 'Ir', 'Re', 'Os']	17	[0.339 0.246 0.275 0.011 0.    0.04  0.021 0.066]	[-0.139 -0.013  0.115 -0.034  0.004  0.062 -0.031  0.036]	0.67	1.95	1.4	0.12	0.07	0.31	0.04	0.32	0.17	0.43	0.2		0.9765449366209689	0.2	False	0.064
5	['Pt', 'Pd', 'Au', 'Ru', 'Rh', 'Ir', 'Re', 'Os']	17	[0.19  0.148 0.139 0.04  0.035 0.284 0.015 0.15 ]	[ 0.002 -0.056  0.003  0.024 -0.015 -0.136  0.057  0.12 ]	0.67	1.95	1.4	0.12	0.07	0.31	0.04	0.32	0.17	0.43	0.2		0.36850472421624736	0.2	False	0.385
6	['Pt', 'Pd', 'Au', 'Ru', 'Rh', 'Ir', 'Re', 'Os']	17	[0.416 0.182 0.174 0.002 0.021 0.014 0.028 0.163]	[-0.004 -0.103 -0.038 -0.024 -0.054  0.063  0.021  0.141]	0.67	1.95	1.4	0.12	0.07	0.31	0.04	0.32	0.17	0.43	0.2		0.9175705703368062	0.2	False	0.174
7	['Pt', 'Pd', 'Au', 'Ru', 'Rh', 'Ir', 'Re', 'Os']	17	[0.369 0.213 0.329 0.014 0.002 0.029 0.025 0.019]	[ 0.023 -0.029  0.13   0.02  -0.01  -0.094  0.033 -0.071]	0.67	1.95	1.4	0.12	0.07	0.31	0.04	0.32	0.17	0.43	0.2		0.9674794535910207	0.184	False	0.104
0	['Pt', 'Pd', 'Au', 'Ru', 'Rh', 'Ir', 'Re', 'Os']	18	[0.348 0.299 0.116 0.021 0.025 0.131 0.    0.062]	[-0.006  0.059 -0.087 -0.048 -0.05   0.152 -0.03   0.01 ]	0.67	1.95	1.4	0.12	0.07	0.31	0.04	0.32	0.17	0.43	0.2		0.7381862997969995	0.2	False	0.236
1	['Pt', 'Pd', 'Au', 'Ru', 'Rh', 'Ir', 'Re', 'Os']	18	[0.36  0.279 0.185 0.016 0.021 0.054 0.005 0.079]	[ 0.022  0.065 -0.076  0.019 -0.035  0.078 -0.095  0.022]	0.67	1.95	1.4	0.12	0.07	0.31	0.04	0.32	0.17	0.43	0.2		0.9249122859862622	0.166	False	0.135
2	['Pt', 'Pd', 'Au', 'Ru', 'Rh', 'Ir', 'Re', 'Os']	18	[0.403 0.216 0.284 0.021 0.002 0.046 0.007 0.026]	[ 0.02  -0.073  0.14  -0.05   0.003  0.067 -0.023 -0.084]	0.67	1.95	1.4	0.12	0.07	0.31	0.04	0.32	0.17	0.43	0.2		0.9640429311908707	0.2	False	0.111
3	['Pt', 'Pd', 'Au', 'Ru', 'Rh', 'Ir', 'Re', 'Os']	18	[0.399 0.279 0.162 0.09  0.007 0.034 0.027 0.008]	[-0.085  0.029 -0.087  0.113 -0.006  0.049  0.061 -0.074]	0.67	1.95	1.4	0.12	0.07	0.31	0.04	0.32	0.17	0.43	0.2		0.8870914456155798	0.2	False	0.202
4	['Pt', 'Pd', 'Au', 'Ru', 'Rh', 'Ir', 'Re', 'Os']	18	[0.316 0.274 0.242 0.033 0.066 0.042 0.003 0.022]	[-0.056  0.074 -0.081  0.058  0.097  0.008  0.01  -0.109]	0.67	1.95	1.4	0.12	0.07	0.31	0.04	0.32	0.17	0.43	0.2		0.8802389353074709	0.2	False	0.136
5	['Pt', 'Pd', 'Au', 'Ru', 'Rh', 'Ir', 'Re', 'Os']	18	[0.284 0.205 0.181 0.017 0.017 0.125 0.021 0.15 ]	[ 0.094  0.057  0.042 -0.023 -0.018 -0.159  0.006  0.   ]	0.67	1.95	1.4	0.12	0.07	0.31	0.04	0.32	0.17	0.43	0.2		0.735912987767125	0.2	False	0.199
6	['Pt', 'Pd', 'Au', 'Ru', 'Rh', 'Ir', 'Re', 'Os']	18	[0.367 0.31  0.189 0.012 0.003 0.032 0.004 0.082]	[-0.066  0.148  0.011 -0.035 -0.003  0.03   0.021 -0.105]	0.67	1.95	1.4	0.12	0.07	0.31	0.04	0.32	0.17	0.43	0.2		0.9707501496763371	0.2	False	0.133
7	['Pt', 'Pd', 'Au', 'Ru', 'Rh', 'Ir', 'Re', 'Os']	18	[0.404 0.293 0.197 0.006 0.005 0.032 0.018 0.043]	[ 0.044  0.094 -0.143  0.005 -0.024  0.056 -0.064  0.032]	0.67	1.95	1.4	0.12	0.07	0.31	0.04	0.32	0.17	0.43	0.2		0.963437815338624	0.2	False	0.142
0	['Pt', 'Pd', 'Au', 'Ru', 'Rh', 'Ir', 'Re', 'Os']	19	[0.37  0.324 0.207 0.004 0.013 0.012 0.002 0.069]	[-0.026 -0.02   0.097 -0.031 -0.011  0.133 -0.09  -0.052]	0.67	1.95	1.4	0.12	0.07	0.31	0.04	0.32	0.17	0.43	0.2		0.9969584053928873	0.2	False	0.126
1	['Pt', 'Pd', 'Au', 'Ru', 'Rh', 'Ir', 'Re', 'Os']	19	[0.398 0.261 0.243 0.011 0.039 0.003 0.007 0.034]	[ 0.044 -0.064  0.082 -0.001  0.051  0.061 -0.057 -0.117]	0.67	1.95	1.4	0.12	0.07	0.31	0.04	0.32	0.17	0.43	0.2		0.9997230587594186	0.19	False	0.108
2	['Pt', 'Pd', 'Au', 'Ru', 'Rh', 'Ir', 'Re', 'Os']	19	[0.416 0.343 0.157 0.008 0.001 0.005 0.003 0.073]	[-0.001  0.119 -0.149  0.011 -0.021  0.035 -0.028  0.034]	0.67	1.95	1.4	0.12	0.07	0.31	0.04	0.32	0.17	0.43	0.2		0.9636079954750811	0.2	False	0.185
3	['Pt', 'Pd', 'Au', 'Ru', 'Rh', 'Ir', 'Re', 'Os']	19	[0.41  0.286 0.253 0.028 0.013 0.004 0.001 0.013]	[-0.028 -0.034  0.103  0.127 -0.095 -0.007 -0.029 -0.038]	0.67	1.95	1.4	0.12	0.07	0.31	0.04	0.32	0.17	0.43	0.2		1.0131376602310365	0.2	False	0.125
4	['Pt', 'Pd', 'Au', 'Ru', 'Rh', 'Ir', 'Re', 'Os']	19	[0.406 0.196 0.217 0.013 0.054 0.008 0.024 0.082]	[ 0.088 -0.099 -0.04  -0.067  0.103 -0.05   0.011  0.054]	0.67	1.95	1.4	0.12	0.07	0.31	0.04	0.32	0.17	0.43	0.2		0.9436602247141943	0.2	False	0.13
5	['Pt', 'Pd', 'Au', 'Ru', 'Rh', 'Ir', 'Re', 'Os']	19	[0.39  0.297 0.162 0.015 0.004 0.004 0.018 0.109]	[ 0.104  0.09  -0.022  0.025 -0.015 -0.133 -0.005 -0.044]	0.67	1.95	1.4	0.12	0.07	0.31	0.04	0.32	0.17	0.43	0.2		0.9807875963487513	0.2	False	0.153
6	['Pt', 'Pd', 'Au', 'Ru', 'Rh', 'Ir', 'Re', 'Os']	19	[0.338 0.441 0.144 0.009 0.003 0.024 0.015 0.027]	[-0.041  0.143 -0.06  -0.01  -0.008  0.044  0.004 -0.071]	0.67	1.95	1.4	0.12	0.07	0.31	0.04	0.32	0.17	0.43	0.2		0.8211108676189565	0.181	False	0.259
7	['Pt', 'Pd', 'Au', 'Ru', 'Rh', 'Ir', 'Re', 'Os']	19	[0.368 0.212 0.175 0.009 0.01  0.048 0.044 0.134]	[-0.045 -0.095 -0.029  0.006  0.001  0.014  0.05   0.098]	0.67	1.95	1.4	0.12	0.07	0.31	0.04	0.32	0.17	0.43	0.2		0.8983531204453523	0.155	False	0.152
0	['Pt', 'Pd', 'Au', 'Ru', 'Rh', 'Ir', 'Re', 'Os']	20	[0.402 0.203 0.339 0.009 0.01  0.    0.022 0.016]	[ 0.039 -0.118  0.142 -0.019 -0.03   0.014  0.021 -0.048]	0.67	1.95	1.4	0.12	0.07	0.31	0.04	0.32	0.17	0.43	0.2		0.9965917987413746	0.2	False	0.119
1	['Pt', 'Pd', 'Au', 'Ru', 'Rh', 'Ir', 'Re', 'Os']	20	[0.463 0.138 0.301 0.026 0.007 0.002 0.02  0.04 ]	[ 0.078 -0.142  0.069 -0.051 -0.036 -0.004  0.018  0.068]	0.67	1.95	1.4	0.12	0.07	0.31	0.04	0.32	0.17	0.43	0.2		0.9379774720061043	0.2	False	0.173
2	['Pt', 'Pd', 'Au', 'Ru', 'Rh', 'Ir', 'Re', 'Os']	20	[0.403 0.241 0.22  0.052 0.006 0.025 0.001 0.058]	[-0.013 -0.102  0.063  0.044  0.005  0.02  -0.002 -0.015]	0.67	1.95	1.4	0.12	0.07	0.31	0.04	0.32	0.17	0.43	0.2		0.9850740639531463	0.131	False	0.12
3	['Pt', 'Pd', 'Au', 'Ru', 'Rh', 'Ir', 'Re', 'Os']	20	[0.413 0.203 0.338 0.002 0.037 0.007 0.005 0.001]	[ 0.01  -0.093  0.107 -0.037  0.046 -0.013  0.002 -0.023]	0.67	1.95	1.4	0.12	0.07	0.31	0.04	0.32	0.17	0.43	0.2		0.9700223167966975	0.156	False	0.137
4	['Pt', 'Pd', 'Au', 'Ru', 'Rh', 'Ir', 'Re', 'Os']	20	[0.369 0.24  0.33  0.012 0.026 0.    0.02  0.003]	[-0.05   0.044  0.123  0.011  0.071 -0.033 -0.068 -0.098]	0.67	1.95	1.4	0.12	0.07	0.31	0.04	0.32	0.17	0.43	0.2		0.9919377683363186	0.2	False	0.109
5	['Pt', 'Pd', 'Au', 'Ru', 'Rh', 'Ir', 'Re', 'Os']	20	[0.456 0.272 0.18  0.008 0.001 0.07  0.009 0.003]	[ 0.097 -0.003  0.044 -0.03  -0.026  0.076 -0.011 -0.145]	0.67	1.95	1.4	0.12	0.07	0.31	0.04	0.32	0.17	0.43	0.2		0.8737149033450555	0.199	False	0.201
6	['Pt', 'Pd', 'Au', 'Ru', 'Rh', 'Ir', 'Re', 'Os']	20	[0.396 0.273 0.213 0.016 0.013 0.001 0.02  0.068]	[ 0.056 -0.172  0.067  0.004  0.007 -0.028  0.027  0.039]	0.67	1.95	1.4	0.12	0.07	0.31	0.04	0.32	0.17	0.43	0.2		1.0130879756884197	0.2	False	0.11
7	['Pt', 'Pd', 'Au', 'Ru', 'Rh', 'Ir', 'Re', 'Os']	20	[0.401 0.249 0.307 0.002 0.    0.02  0.012 0.01 ]	[ 0.022  0.026  0.124 -0.007 -0.025 -0.041  0.041 -0.14 ]	0.67	1.95	1.4	0.12	0.07	0.31	0.04	0.32	0.17	0.43	0.2		1.0060594560137102	0.2	False	0.106
0	['Pt', 'Pd', 'Au', 'Ru', 'Rh', 'Ir', 'Re', 'Os']	21	[0.422 0.304 0.192 0.009 0.003 0.006 0.006 0.057]	[ 0.028  0.112 -0.146 -0.025 -0.021 -0.001 -0.01   0.063]	0.67	1.95	1.4	0.12	0.07	0.31	0.04	0.32	0.17	0.43	0.2		0.996776139447112	0.2	False	0.148
1	['Pt', 'Pd', 'Au', 'Ru', 'Rh', 'Ir', 'Re', 'Os']	21	[0.379 0.275 0.214 0.029 0.019 0.004 0.    0.078]	[-0.093  0.136 -0.096  0.042  0.007 -0.004 -0.026  0.034]	0.67	1.95	1.4	0.12	0.07	0.31	0.04	0.32	0.17	0.43	0.2		1.0144953922827702	0.2	False	0.103
2	['Pt', 'Pd', 'Au', 'Ru', 'Rh', 'Ir', 'Re', 'Os']	21	[0.37  0.294 0.15  0.04  0.019 0.026 0.01  0.097]	[-0.06   0.06  -0.112  0.091 -0.056  0.038 -0.001  0.041]	0.67	1.95	1.4	0.12	0.07	0.31	0.04	0.32	0.17	0.43	0.2		0.9328777139038651	0.186	False	0.166
3	['Pt', 'Pd', 'Au', 'Ru', 'Rh', 'Ir', 'Re', 'Os']	21	[0.455 0.08  0.244 0.008 0.049 0.016 0.038 0.114]	[ 0.042 -0.123 -0.094  0.006  0.012  0.009  0.033  0.113]	0.67	1.95	1.4	0.12	0.07	0.31	0.04	0.32	0.17	0.43	0.2		0.815168835211276	0.2	False	0.218
4	['Pt', 'Pd', 'Au', 'Ru', 'Rh', 'Ir', 'Re', 'Os']	21	[0.353 0.305 0.285 0.009 0.011 0.028 0.002 0.006]	[-0.017  0.087 -0.054 -0.01  -0.059  0.023  0.023  0.007]	0.67	1.95	1.4	0.12	0.07	0.31	0.04	0.32	0.17	0.43	0.2		0.9792416993900395	0.124	False	0.114
5	['Pt', 'Pd', 'Au', 'Ru', 'Rh', 'Ir', 'Re', 'Os']	21	[0.363 0.286 0.179 0.002 0.014 0.04  0.    0.116]	[-0.12   0.003 -0.015 -0.017 -0.039  0.097 -0.025  0.116]	0.67	1.95	1.4	0.12	0.07	0.31	0.04	0.32	0.17	0.43	0.2		0.9545922927783914	0.2	False	0.135
6	['Pt', 'Pd', 'Au', 'Ru', 'Rh', 'Ir', 'Re', 'Os']	21	[0.423 0.163 0.267 0.001 0.003 0.033 0.011 0.098]	[ 0.029 -0.124  0.059  0.004 -0.022  0.023 -0.001  0.032]	0.67	1.95	1.4	0.12	0.07	0.31	0.04	0.32	0.17	0.43	0.2		0.9581478708473503	0.148	False	0.123
7	['Pt', 'Pd', 'Au', 'Ru', 'Rh', 'Ir', 'Re', 'Os']	21	[0.381 0.268 0.269 0.01  0.023 0.037 0.002 0.012]	[-0.016  0.048 -0.045 -0.039 -0.053  0.08  -0.006  0.031]	0.67	1.95	1.4	0.12	0.07	0.31	0.04	0.32	0.17	0.43	0.2		0.9700515807883496	0.128	False	0.11
0	['Pt', 'Pd', 'Au', 'Ru', 'Rh', 'Ir', 'Re', 'Os']	22	[0.31  0.389 0.18  0.035 0.005 0.007 0.013 0.061]	[-0.135  0.09  -0.021  0.023 -0.03  -0.006 -0.027  0.105]	0.67	1.95	1.4	0.12	0.07	0.31	0.04	0.32	0.17	0.43	0.2		0.9046402065608228	0.2	False	0.196
1	['Pt', 'Pd', 'Au', 'Ru', 'Rh', 'Ir', 'Re', 'Os']	22	[0.324 0.393 0.148 0.022 0.003 0.    0.02  0.088]	[-0.056  0.119 -0.067 -0.007 -0.016  0.002  0.014  0.01 ]	0.67	1.95	1.4	0.12	0.07	0.31	0.04	0.32	0.17	0.43	0.2		0.897413467589653	0.15	False	0.213
2	['Pt', 'Pd', 'Au', 'Ru', 'Rh', 'Ir', 'Re', 'Os']	22	[0.38  0.351 0.125 0.009 0.063 0.04  0.019 0.023]	[ 0.004  0.061 -0.038 -0.046  0.045  0.055  0.016 -0.098]	0.67	1.95	1.4	0.12	0.07	0.31	0.04	0.32	0.17	0.43	0.2		0.8271954094593954	0.149	False	0.232
3	['Pt', 'Pd', 'Au', 'Ru', 'Rh', 'Ir', 'Re', 'Os']	22	[0.477 0.248 0.207 0.    0.001 0.003 0.011 0.056]	[ 0.01   0.162 -0.052 -0.009 -0.067 -0.003  0.033 -0.074]	0.67	1.95	1.4	0.12	0.07	0.31	0.04	0.32	0.17	0.43	0.2		0.9811930750947435	0.2	False	0.164
4	['Pt', 'Pd', 'Au', 'Ru', 'Rh', 'Ir', 'Re', 'Os']	22	[0.382 0.257 0.235 0.018 0.039 0.024 0.001 0.045]	[ 0.038 -0.068 -0.071 -0.046  0.045  0.052 -0.003  0.052]	0.67	1.95	1.4	0.12	0.07	0.31	0.04	0.32	0.17	0.43	0.2		0.9759328234489255	0.144	False	0.104
5	['Pt', 'Pd', 'Au', 'Ru', 'Rh', 'Ir', 'Re', 'Os']	22	[0.334 0.359 0.163 0.001 0.011 0.033 0.011 0.086]	[-0.046  0.088 -0.029 -0.02   0.014  0.071 -0.03  -0.048]	0.67	1.95	1.4	0.12	0.07	0.31	0.04	0.32	0.17	0.43	0.2		0.907563522414512	0.14	False	0.18
6	['Pt', 'Pd', 'Au', 'Ru', 'Rh', 'Ir', 'Re', 'Os']	22	[0.425 0.013 0.259 0.068 0.052 0.038 0.039 0.102]	[-0.048  0.168 -0.061  0.035  0.012 -0.044 -0.015 -0.046]	0.67	1.95	1.4	0.12	0.07	0.31	0.04	0.32	0.17	0.43	0.2		0.6718102539873343	0.2	False	0.272
7	['Pt', 'Pd', 'Au', 'Ru', 'Rh', 'Ir', 'Re', 'Os']	22	[0.428 0.196 0.258 0.004 0.067 0.003 0.002 0.046]	[ 0.054 -0.097 -0.02   0.003  0.082 -0.049 -0.011  0.038]	0.67	1.95	1.4	0.12	0.07	0.31	0.04	0.32	0.17	0.43	0.2		0.9570924512786247	0.153	False	0.135
0	['Pt', 'Pd', 'Au', 'Ru', 'Rh', 'Ir', 'Re', 'Os']	23	[0.409 0.259 0.205 0.02  0.002 0.003 0.007 0.093]	[ 0.107 -0.158  0.021  0.043 -0.012 -0.018 -0.013  0.029]	0.67	1.95	1.4	0.12	0.07	0.31	0.04	0.32	0.17	0.43	0.2		1.0195377242671384	0.2	False	0.114
1	['Pt', 'Pd', 'Au', 'Ru', 'Rh', 'Ir', 'Re', 'Os']	23	[0.449 0.266 0.216 0.007 0.002 0.001 0.001 0.055]	[ 0.12  -0.138  0.062  0.019 -0.016 -0.013  0.009 -0.042]	0.67	1.95	1.4	0.12	0.07	0.31	0.04	0.32	0.17	0.43	0.2		1.011215643732806	0.199	False	0.139
2	['Pt', 'Pd', 'Au', 'Ru', 'Rh', 'Ir', 'Re', 'Os']	23	[0.483 0.274 0.171 0.008 0.019 0.004 0.01  0.042]	[ 0.109 -0.127  0.034 -0.014  0.069  0.005 -0.075 -0.001]	0.67	1.95	1.4	0.12	0.07	0.31	0.04	0.32	0.17	0.43	0.2		0.9385534442794641	0.2	False	0.197
3	['Pt', 'Pd', 'Au', 'Ru', 'Rh', 'Ir', 'Re', 'Os']	23	[0.39  0.372 0.199 0.012 0.009 0.008 0.009 0.004]	[-0.098  0.153 -0.004  0.005 -0.02  -0.035 -0.051  0.05 ]	0.67	1.95	1.4	0.12	0.07	0.31	0.04	0.32	0.17	0.43	0.2		0.9432750288697189	0.2	False	0.19
4	['Pt', 'Pd', 'Au', 'Ru', 'Rh', 'Ir', 'Re', 'Os']	23	[0.451 0.214 0.268 0.04  0.006 0.008 0.    0.013]	[ 0.103 -0.067  0.048  0.056  0.047 -0.02  -0.042 -0.124]	0.67	1.95	1.4	0.12	0.07	0.31	0.04	0.32	0.17	0.43	0.2		0.9852211420771715	0.2	False	0.148
5	['Pt', 'Pd', 'Au', 'Ru', 'Rh', 'Ir', 'Re', 'Os']	23	[0.485 0.279 0.16  0.011 0.001 0.002 0.019 0.041]	[ 0.163 -0.096 -0.01  -0.002 -0.002  0.026 -0.022 -0.057]	0.67	1.95	1.4	0.12	0.07	0.31	0.04	0.32	0.17	0.43	0.2		0.9327283574722871	0.2	False	0.206
6	['Pt', 'Pd', 'Au', 'Ru', 'Rh', 'Ir', 'Re', 'Os']	23	[0.425 0.198 0.222 0.032 0.028 0.007 0.012 0.073]	[ 0.     0.185 -0.037 -0.036 -0.024 -0.031 -0.027 -0.029]	0.67	1.95	1.4	0.12	0.07	0.31	0.04	0.32	0.17	0.43	0.2		0.9686501035609321	0.2	False	0.131
7	['Pt', 'Pd', 'Au', 'Ru', 'Rh', 'Ir', 'Re', 'Os']	23	[0.445 0.282 0.228 0.016 0.005 0.016 0.007 0.001]	[ 0.013  0.127 -0.065 -0.005  0.084 -0.081 -0.076  0.005]	0.67	1.95	1.4	0.12	0.07	0.31	0.04	0.32	0.17	0.43	0.2		0.9742330080401564	0.2	False	0.16
0	['Pt', 'Pd', 'Au', 'Ru', 'Rh', 'Ir', 'Re', 'Os']	24	[0.379 0.214 0.272 0.008 0.005 0.002 0.004 0.114]	[-0.04  -0.057  0.072  0.021 -0.015 -0.004  0.003  0.019]	0.67	1.95	1.4	0.12	0.07	0.31	0.04	0.32	0.17	0.43	0.2		1.03653259082113	0.105	False	0.057
1	['Pt', 'Pd', 'Au', 'Ru', 'Rh', 'Ir', 'Re', 'Os']	24	[0.352 0.162 0.276 0.044 0.018 0.007 0.    0.137]	[-0.097 -0.104  0.06   0.037  0.016  0.006 -0.001  0.082]	0.67	1.95	1.4	0.12	0.07	0.31	0.04	0.32	0.17	0.43	0.2		0.9606442869193064	0.18	False	0.11
2	['Pt', 'Pd', 'Au', 'Ru', 'Rh', 'Ir', 'Re', 'Os']	24	[0.356 0.226 0.208 0.003 0.003 0.005 0.04  0.172]	[-0.129 -0.049  0.038 -0.005 -0.016 -0.01   0.039  0.132]	0.67	1.95	1.4	0.12	0.07	0.31	0.04	0.32	0.17	0.43	0.2		0.9794024840794144	0.2	False	0.126
3	['Pt', 'Pd', 'Au', 'Ru', 'Rh', 'Ir', 'Re', 'Os']	24	[0.371 0.233 0.273 0.002 0.011 0.    0.015 0.097]	[-0.023 -0.153  0.078 -0.    -0.013 -0.     0.014  0.098]	0.67	1.95	1.4	0.12	0.07	0.31	0.04	0.32	0.17	0.43	0.2		1.0394994707184062	0.2	False	0.043
4	['Pt', 'Pd', 'Au', 'Ru', 'Rh', 'Ir', 'Re', 'Os']	24	[0.322 0.261 0.382 0.009 0.005 0.012 0.001 0.01 ]	[-0.141  0.046  0.118  0.042 -0.018  0.01  -0.018 -0.039]	0.67	1.95	1.4	0.12	0.07	0.31	0.04	0.32	0.17	0.43	0.2		0.9672801936674673	0.2	False	0.126
5	['Pt', 'Pd', 'Au', 'Ru', 'Rh', 'Ir', 'Re', 'Os']	24	[0.353 0.247 0.219 0.    0.003 0.    0.006 0.169]	[-0.141 -0.039  0.054  0.004 -0.012 -0.005  0.016  0.124]	0.67	1.95	1.4	0.12	0.07	0.31	0.04	0.32	0.17	0.43	0.2		1.014019418742681	0.2	False	0.107
6	['Pt', 'Pd', 'Au', 'Ru', 'Rh', 'Ir', 'Re', 'Os']	24	[0.372 0.362 0.186 0.005 0.002 0.    0.004 0.065]	[-0.08   0.169 -0.061  0.017  0.006 -0.016 -0.007 -0.029]	0.67	1.95	1.4	0.12	0.07	0.31	0.04	0.32	0.17	0.43	0.2		0.9781178021362777	0.2	False	0.165
7	['Pt', 'Pd', 'Au', 'Ru', 'Rh', 'Ir', 'Re', 'Os']	24	[0.316 0.268 0.308 0.031 0.01  0.017 0.006 0.045]	[-0.166 -0.024  0.092  0.033 -0.     0.019 -0.002  0.048]	0.67	1.95	1.4	0.12	0.07	0.31	0.04	0.32	0.17	0.43	0.2		0.9866376930740586	0.2	False	0.077
0	['Pt', 'Pd', 'Au', 'Ru', 'Rh', 'Ir', 'Re', 'Os']	25	[0.311 0.225 0.335 0.024 0.009 0.002 0.006 0.088]	[-0.072  0.013  0.069  0.027 -0.008 -0.004  0.003 -0.027]	0.67	1.95	1.4	0.12	0.07	0.31	0.04	0.32	0.17	0.43	0.2		0.9979229078440459	0.108	False	0.065
1	['Pt', 'Pd', 'Au', 'Ru', 'Rh', 'Ir', 'Re', 'Os']	25	[0.433 0.002 0.259 0.043 0.062 0.039 0.057 0.1  ]	[ 0.081 -0.16  -0.017 -0.001  0.044  0.032  0.057 -0.037]	0.67	1.95	1.4	0.12	0.07	0.31	0.04	0.32	0.17	0.43	0.2		0.6479970162004566	0.2	False	0.284
2	['Pt', 'Pd', 'Au', 'Ru', 'Rh', 'Ir', 'Re', 'Os']	25	[0.409 0.346 0.219 0.001 0.    0.011 0.    0.028]	[ 0.053  0.12   0.011 -0.005 -0.004  0.013 -0.041 -0.145]	0.67	1.95	1.4	0.12	0.07	0.31	0.04	0.32	0.17	0.43	0.2		0.9914160340290723	0.2	False	0.157
3	['Pt', 'Pd', 'Au', 'Ru', 'Rh', 'Ir', 'Re', 'Os']	25	[0.347 0.131 0.321 0.072 0.014 0.009 0.005 0.102]	[-0.009 -0.102  0.076  0.076 -0.016 -0.026 -0.026  0.025]	0.67	1.95	1.4	0.12	0.07	0.31	0.04	0.32	0.17	0.43	0.2		0.9100378463002978	0.156	False	0.142
4	['Pt', 'Pd', 'Au', 'Ru', 'Rh', 'Ir', 'Re', 'Os']	25	[0.402 0.249 0.251 0.    0.007 0.015 0.029 0.046]	[ 0.08  -0.017 -0.142  0.001  0.003  0.017  0.025  0.034]	0.67	1.95	1.4	0.12	0.07	0.31	0.04	0.32	0.17	0.43	0.2		1.0058442707359296	0.17	False	0.096
5	['Pt', 'Pd', 'Au', 'Ru', 'Rh', 'Ir', 'Re', 'Os']	25	[0.28  0.211 0.303 0.03  0.024 0.017 0.006 0.129]	[-0.071 -0.029  0.108  0.031 -0.023  0.019 -0.002 -0.033]	0.67	1.95	1.4	0.12	0.07	0.31	0.04	0.32	0.17	0.43	0.2		0.9331137347715381	0.143	False	0.095
6	['Pt', 'Pd', 'Au', 'Ru', 'Rh', 'Ir', 'Re', 'Os']	25	[0.374 0.213 0.314 0.01  0.009 0.01  0.007 0.06 ]	[ 0.003 -0.15   0.131  0.011  0.008  0.006 -0.005 -0.004]	0.67	1.95	1.4	0.12	0.07	0.31	0.04	0.32	0.17	0.43	0.2		1.01728630792701	0.2	False	0.064
7	['Pt', 'Pd', 'Au', 'Ru', 'Rh', 'Ir', 'Re', 'Os']	25	[0.411 0.167 0.297 0.065 0.008 0.022 0.001 0.028]	[ 0.122 -0.108 -0.002  0.094 -0.007 -0.061 -0.029 -0.009]	0.67	1.95	1.4	0.12	0.07	0.31	0.04	0.32	0.17	0.43	0.2		0.9444997551150949	0.2	False	0.143
0	['Pt', 'Pd', 'Au', 'Ru', 'Rh', 'Ir', 'Re', 'Os']	26	[0.418 0.165 0.269 0.042 0.007 0.003 0.002 0.093]	[ 0.113 -0.067 -0.074  0.054 -0.008 -0.001 -0.019  0.003]	0.67	1.95	1.4	0.12	0.07	0.31	0.04	0.32	0.17	0.43	0.2		0.9874836888256671	0.161	False	0.121
1	['Pt', 'Pd', 'Au', 'Ru', 'Rh', 'Ir', 'Re', 'Os']	26	[0.405 0.186 0.258 0.012 0.032 0.022 0.016 0.064]	[-0.028  0.184 -0.001 -0.031 -0.03  -0.017 -0.041 -0.036]	0.67	1.95	1.4	0.12	0.07	0.31	0.04	0.32	0.17	0.43	0.2		0.9578935677450426	0.199	False	0.11
2	['Pt', 'Pd', 'Au', 'Ru', 'Rh', 'Ir', 'Re', 'Os']	26	[0.413 0.259 0.25  0.014 0.001 0.    0.005 0.07 ]	[ 0.002 -0.09   0.029  0.011 -0.004  0.008  0.001  0.041]	0.67	1.95	1.4	0.12	0.07	0.31	0.04	0.32	0.17	0.43	0.2		1.0473719574660547	0.104	False	0.088
3	['Pt', 'Pd', 'Au', 'Ru', 'Rh', 'Ir', 'Re', 'Os']	26	[0.359 0.251 0.288 0.031 0.004 0.006 0.012 0.051]	[ 0.     0.134 -0.056  0.097 -0.027 -0.025 -0.045 -0.078]	0.67	1.95	1.4	0.12	0.07	0.31	0.04	0.32	0.17	0.43	0.2		1.0274630858689413	0.2	False	0.062
4	['Pt', 'Pd', 'Au', 'Ru', 'Rh', 'Ir', 'Re', 'Os']	26	[0.403 0.245 0.228 0.003 0.038 0.013 0.017 0.051]	[ 0.019  0.013 -0.013  0.01   0.056 -0.044 -0.066  0.025]	0.67	1.95	1.4	0.12	0.07	0.31	0.04	0.32	0.17	0.43	0.2		0.9814668600552079	0.104	False	0.111
5	['Pt', 'Pd', 'Au', 'Ru', 'Rh', 'Ir', 'Re', 'Os']	26	[0.385 0.262 0.236 0.014 0.006 0.002 0.019 0.074]	[ 0.128  0.056 -0.101  0.031  0.015 -0.003 -0.042 -0.085]	0.67	1.95	1.4	0.12	0.07	0.31	0.04	0.32	0.17	0.43	0.2		1.0300961110197178	0.2	False	0.082
6	['Pt', 'Pd', 'Au', 'Ru', 'Rh', 'Ir', 'Re', 'Os']	26	[0.342 0.16  0.409 0.004 0.001 0.013 0.056 0.012]	[-0.029 -0.052  0.114 -0.011 -0.002 -0.031  0.056 -0.046]	0.67	1.95	1.4	0.12	0.07	0.31	0.04	0.32	0.17	0.43	0.2		0.8810358493513457	0.151	False	0.176
7	['Pt', 'Pd', 'Au', 'Ru', 'Rh', 'Ir', 'Re', 'Os']	26	[0.394 0.27  0.305 0.008 0.    0.007 0.013 0.001]	[-0.048  0.147 -0.008  0.079 -0.051 -0.016 -0.081 -0.022]	0.67	1.95	1.4	0.12	0.07	0.31	0.04	0.32	0.17	0.43	0.2		1.0168031852790007	0.2	False	0.112
0	['Pt', 'Pd', 'Au', 'Ru', 'Rh', 'Ir', 'Re', 'Os']	27	[0.388 0.306 0.17  0.022 0.005 0.01  0.001 0.098]	[-0.038  0.148 -0.113  0.053 -0.015 -0.028 -0.007  0.   ]	0.67	1.95	1.4	0.12	0.07	0.31	0.04	0.32	0.17	0.43	0.2		0.9861862071874832	0.2	False	0.149
1	['Pt', 'Pd', 'Au', 'Ru', 'Rh', 'Ir', 'Re', 'Os']	27	[0.389 0.345 0.172 0.006 0.    0.001 0.018 0.062]	[-0.03   0.16  -0.106 -0.039  0.012  0.002  0.015 -0.015]	0.67	1.95	1.4	0.12	0.07	0.31	0.04	0.32	0.17	0.43	0.2		0.9716538848749794	0.2	False	0.17
2	['Pt', 'Pd', 'Au', 'Ru', 'Rh', 'Ir', 'Re', 'Os']	27	[0.467 0.241 0.182 0.001 0.001 0.006 0.007 0.108]	[ 0.056 -0.021 -0.075  0.011 -0.006 -0.011  0.007  0.039]	0.67	1.95	1.4	0.12	0.07	0.31	0.04	0.32	0.17	0.43	0.2		0.9754020438418973	0.105	False	0.167
3	['Pt', 'Pd', 'Au', 'Ru', 'Rh', 'Ir', 'Re', 'Os']	27	[0.468 0.34  0.183 0.    0.    0.003 0.004 0.004]	[ 0.1    0.078 -0.144  0.004 -0.033 -0.018 -0.021  0.034]	0.67	1.95	1.4	0.12	0.07	0.31	0.04	0.32	0.17	0.43	0.2		0.9383062847302805	0.2	False	0.212
4	['Pt', 'Pd', 'Au', 'Ru', 'Rh', 'Ir', 'Re', 'Os']	27	[0.422 0.265 0.199 0.025 0.045 0.003 0.007 0.034]	[ 0.047  0.049 -0.061 -0.097  0.137 -0.027 -0.014 -0.034]	0.67	1.95	1.4	0.12	0.07	0.31	0.04	0.32	0.17	0.43	0.2		0.9649159092054658	0.196	False	0.151
5	['Pt', 'Pd', 'Au', 'Ru', 'Rh', 'Ir', 'Re', 'Os']	27	[0.481 0.287 0.109 0.013 0.023 0.01  0.027 0.05 ]	[ 0.122  0.038 -0.141 -0.018 -0.035  0.009  0.044 -0.019]	0.67	1.95	1.4	0.12	0.07	0.31	0.04	0.32	0.17	0.43	0.2		0.8645630121166175	0.2	False	0.243
6	['Pt', 'Pd', 'Au', 'Ru', 'Rh', 'Ir', 'Re', 'Os']	27	[0.394 0.24  0.284 0.    0.013 0.003 0.015 0.05 ]	[ 0.048  0.08  -0.158 -0.023 -0.036 -0.001  0.059  0.031]	0.67	1.95	1.4	0.12	0.07	0.31	0.04	0.32	0.17	0.43	0.2		1.0314201676915276	0.2	False	0.072
7	['Pt', 'Pd', 'Au', 'Ru', 'Rh', 'Ir', 'Re', 'Os']	27	[0.416 0.342 0.165 0.003 0.012 0.009 0.05  0.002]	[ 0.031  0.091 -0.165 -0.002  0.004 -0.012  0.056 -0.002]	0.67	1.95	1.4	0.12	0.07	0.31	0.04	0.32	0.17	0.43	0.2		0.9066112560274706	0.2	False	0.208
0	['Pt', 'Pd', 'Au', 'Ru', 'Rh', 'Ir', 'Re', 'Os']	28	[0.339 0.226 0.34  0.    0.003 0.012 0.002 0.081]	[-0.057 -0.088  0.166  0.014 -0.016  0.011 -0.006 -0.024]	0.67	1.95	1.4	0.12	0.07	0.31	0.04	0.32	0.17	0.43	0.2		1.0162075724721467	0.199	False	0.053
1	['Pt', 'Pd', 'Au', 'Ru', 'Rh', 'Ir', 'Re', 'Os']	28	[0.373 0.209 0.311 0.009 0.026 0.003 0.003 0.063]	[-0.021 -0.143  0.136  0.007  0.021 -0.01   0.014 -0.004]	0.67	1.95	1.4	0.12	0.07	0.31	0.04	0.32	0.17	0.43	0.2		1.0131852183178922	0.2	False	0.067
2	['Pt', 'Pd', 'Au', 'Ru', 'Rh', 'Ir', 'Re', 'Os']	28	[0.37  0.267 0.328 0.    0.005 0.019 0.002 0.022]	[-0.095  0.028  0.149 -0.003 -0.008  0.02  -0.008 -0.084]	0.67	1.95	1.4	0.12	0.07	0.31	0.04	0.32	0.17	0.43	0.2		1.015348678689361	0.2	False	0.089
3	['Pt', 'Pd', 'Au', 'Ru', 'Rh', 'Ir', 'Re', 'Os']	28	[0.37  0.229 0.277 0.027 0.003 0.003 0.002 0.094]	[-0.096 -0.109  0.098  0.022 -0.005 -0.003 -0.003  0.094]	0.67	1.95	1.4	0.12	0.07	0.31	0.04	0.32	0.17	0.43	0.2		1.041905722547283	0.2	False	0.046
4	['Pt', 'Pd', 'Au', 'Ru', 'Rh', 'Ir', 'Re', 'Os']	28	[0.352 0.227 0.302 0.079 0.01  0.015 0.01  0.002]	[-0.061 -0.026  0.132  0.102 -0.078 -0.03  -0.014 -0.024]	0.67	1.95	1.4	0.12	0.07	0.31	0.04	0.32	0.17	0.43	0.2		0.9532114582659177	0.2	False	0.13
5	['Pt', 'Pd', 'Au', 'Ru', 'Rh', 'Ir', 'Re', 'Os']	28	[0.386 0.258 0.271 0.008 0.001 0.009 0.017 0.051]	[-0.11  -0.041  0.159  0.007  0.01   0.005 -0.021 -0.01 ]	0.67	1.95	1.4	0.12	0.07	0.31	0.04	0.32	0.17	0.43	0.2		1.0329137889058022	0.2	False	0.071
6	['Pt', 'Pd', 'Au', 'Ru', 'Rh', 'Ir', 'Re', 'Os']	28	[0.399 0.27  0.224 0.035 0.008 0.009 0.009 0.047]	[ 0.019  0.05  -0.064  0.038  0.01  -0.019 -0.041  0.008]	0.67	1.95	1.4	0.12	0.07	0.31	0.04	0.32	0.17	0.43	0.2		1.0088128380767025	0.103	False	0.113
7	['Pt', 'Pd', 'Au', 'Ru', 'Rh', 'Ir', 'Re', 'Os']	28	[0.388 0.247 0.33  0.011 0.014 0.    0.003 0.006]	[-0.029 -0.096  0.165  0.009  0.001  0.007 -0.048 -0.01 ]	0.67	1.95	1.4	0.12	0.07	0.31	0.04	0.32	0.17	0.43	0.2		1.0166084087279654	0.2	False	0.107
0	['Pt', 'Pd', 'Au', 'Ru', 'Rh', 'Ir', 'Re', 'Os']	29	[0.392 0.17  0.255 0.001 0.001 0.01  0.005 0.169]	[ 0.052 -0.058 -0.088 -0.001  0.001  0.017 -0.011  0.088]	0.67	1.95	1.4	0.12	0.07	0.31	0.04	0.32	0.17	0.43	0.2		0.9825119243763027	0.148	False	0.123
1	['Pt', 'Pd', 'Au', 'Ru', 'Rh', 'Ir', 'Re', 'Os']	29	[0.406 0.232 0.183 0.015 0.003 0.007 0.004 0.147]	[ 0.028  0.017 -0.138 -0.     0.021  0.001 -0.009  0.08 ]	0.67	1.95	1.4	0.12	0.07	0.31	0.04	0.32	0.17	0.43	0.2		0.9884547115294453	0.164	False	0.14
2	['Pt', 'Pd', 'Au', 'Ru', 'Rh', 'Ir', 'Re', 'Os']	29	[0.348 0.162 0.374 0.014 0.008 0.025 0.001 0.081]	[-0.024 -0.145  0.075 -0.034  0.007  0.046 -0.018  0.094]	0.67	1.95	1.4	0.12	0.07	0.31	0.04	0.32	0.17	0.43	0.2		0.9386352626956256	0.2	False	0.12
3	['Pt', 'Pd', 'Au', 'Ru', 'Rh', 'Ir', 'Re', 'Os']	29	[0.318 0.145 0.327 0.05  0.004 0.005 0.007 0.147]	[-0.053 -0.089  0.064  0.073 -0.023 -0.019 -0.022  0.068]	0.67	1.95	1.4	0.12	0.07	0.31	0.04	0.32	0.17	0.43	0.2		0.925334162925866	0.162	False	0.133
4	['Pt', 'Pd', 'Au', 'Ru', 'Rh', 'Ir', 'Re', 'Os']	29	[0.366 0.202 0.236 0.012 0.084 0.006 0.009 0.082]	[ 0.013 -0.041 -0.098  0.053  0.086 -0.054 -0.065  0.106]	0.67	1.95	1.4	0.12	0.07	0.31	0.04	0.32	0.17	0.43	0.2		0.9332134292528709	0.2	False	0.12
5	['Pt', 'Pd', 'Au', 'Ru', 'Rh', 'Ir', 'Re', 'Os']	29	[0.303 0.195 0.373 0.004 0.013 0.012 0.005 0.098]	[-0.092 -0.07   0.11  -0.003 -0.023  0.013  0.016  0.05 ]	0.67	1.95	1.4	0.12	0.07	0.31	0.04	0.32	0.17	0.43	0.2		0.9486704893318676	0.17	False	0.105
6	['Pt', 'Pd', 'Au', 'Ru', 'Rh', 'Ir', 'Re', 'Os']	29	[0.354 0.179 0.296 0.015 0.033 0.006 0.019 0.098]	[-0.053 -0.113  0.102  0.053 -0.07  -0.015  0.022  0.074]	0.67	1.95	1.4	0.12	0.07	0.31	0.04	0.32	0.17	0.43	0.2		0.9719282916918404	0.2	False	0.082
7	['Pt', 'Pd', 'Au', 'Ru', 'Rh', 'Ir', 'Re', 'Os']	29	[0.39  0.213 0.332 0.001 0.01  0.009 0.001 0.046]	[-0.001 -0.057 -0.001  0.007  0.023 -0.026 -0.005  0.059]	0.67	1.95	1.4	0.12	0.07	0.31	0.04	0.32	0.17	0.43	0.2		1.018073152804584	0.089	False	0.084
0	['Pt', 'Pd', 'Au', 'Ru', 'Rh', 'Ir', 'Re', 'Os']	30	[0.378 0.281 0.297 0.02  0.003 0.009 0.    0.014]	[-0.01   0.116  0.046  0.017 -0.001 -0.02   0.005 -0.153]	0.67	1.95	1.4	0.12	0.07	0.31	0.04	0.32	0.17	0.43	0.2		1.0236850035707799	0.2	False	0.098
1	['Pt', 'Pd', 'Au', 'Ru', 'Rh', 'Ir', 'Re', 'Os']	30	[0.403 0.268 0.28  0.003 0.03  0.006 0.005 0.001]	[-0.057 -0.003  0.082 -0.032 -0.015 -0.075 -0.046  0.146]	0.67	1.95	1.4	0.12	0.07	0.31	0.04	0.32	0.17	0.43	0.2		0.9991021538538987	0.2	False	0.12
2	['Pt', 'Pd', 'Au', 'Ru', 'Rh', 'Ir', 'Re', 'Os']	30	[0.441 0.253 0.235 0.023 0.002 0.    0.003 0.057]	[ 0.095  0.093 -0.14   0.03  -0.016 -0.031 -0.007 -0.024]	0.67	1.95	1.4	0.12	0.07	0.31	0.04	0.32	0.17	0.43	0.2		1.0263420309149227	0.2	False	0.122
3	['Pt', 'Pd', 'Au', 'Ru', 'Rh', 'Ir', 'Re', 'Os']	30	[0.4   0.235 0.313 0.017 0.006 0.006 0.002 0.024]	[ 0.081  0.09  -0.025  0.054 -0.023 -0.022 -0.01  -0.145]	0.67	1.95	1.4	0.12	0.07	0.31	0.04	0.32	0.17	0.43	0.2		1.0246285718361647	0.201	False	0.095
4	['Pt', 'Pd', 'Au', 'Ru', 'Rh', 'Ir', 'Re', 'Os']	30	[0.432 0.24  0.256 0.01  0.033 0.007 0.012 0.007]	[ 0.072  0.035  0.011 -0.024  0.121 -0.048 -0.048 -0.117]	0.67	1.95	1.4	0.12	0.07	0.31	0.04	0.32	0.17	0.43	0.2		0.9777131573898779	0.2	False	0.137
5	['Pt', 'Pd', 'Au', 'Ru', 'Rh', 'Ir', 'Re', 'Os']	30	[0.449 0.232 0.286 0.017 0.001 0.003 0.003 0.013]	[ 0.145  0.033 -0.095  0.01   0.006  0.001 -0.007 -0.093]	0.67	1.95	1.4	0.12	0.07	0.31	0.04	0.32	0.17	0.43	0.2		1.0106192869414818	0.2	False	0.135
6	['Pt', 'Pd', 'Au', 'Ru', 'Rh', 'Ir', 'Re', 'Os']	30	[0.408 0.226 0.321 0.001 0.013 0.017 0.008 0.006]	[ 0.069  0.061  0.033  0.     0.043 -0.044  0.    -0.163]	0.67	1.95	1.4	0.12	0.07	0.31	0.04	0.32	0.17	0.43	0.2		0.9920959436710801	0.2	False	0.117
7	['Pt', 'Pd', 'Au', 'Ru', 'Rh', 'Ir', 'Re', 'Os']	30	[0.421 0.194 0.327 0.018 0.001 0.032 0.007 0.004]	[ 0.037 -0.043 -0.02   0.015 -0.03   0.035 -0.035  0.04 ]	0.67	1.95	1.4	0.12	0.07	0.31	0.04	0.32	0.17	0.43	0.2		0.9590523768002086	0.094	False	0.14
