ID	Elements	Generation	Position	Velocity	F_damp	F_b_best	F_h_best	F_g_best	F_b_worst	F_h_worst	F_g_worst	mut_prob	flip_prob	mut_rate	v_max	v_min	Activity	Velocity_mag	Flag	Distance
0	['Pt', 'Pd', 'Au', 'Ru', 'Rh', 'Ir', 'Re', 'Os']	0	[0.79 0.03 0.03 0.03 0.03 0.03 0.03 0.03]	[-0.187  0.027  0.027  0.027  0.027  0.027  0.027  0.027]	0.43	0.02	0.07	1.18	1.97	1.09	0.22	0.11	0.13	0.04	0.2		0.4429187652207028	0.2	False	0.569
1	['Pt', 'Pd', 'Au', 'Ru', 'Rh', 'Ir', 'Re', 'Os']	0	[0.03 0.79 0.03 0.03 0.03 0.03 0.03 0.03]	[ 0.027 -0.187  0.027  0.027  0.027  0.027  0.027  0.027]	0.43	0.02	0.07	1.18	1.97	1.09	0.22	0.11	0.13	0.04	0.2		0.20560014505118765	0.2	False	0.689
2	['Pt', 'Pd', 'Au', 'Ru', 'Rh', 'Ir', 'Re', 'Os']	0	[0.03 0.03 0.79 0.03 0.03 0.03 0.03 0.03]	[ 0.027  0.027 -0.187  0.027  0.027  0.027  0.027  0.027]	0.43	0.02	0.07	1.18	1.97	1.09	0.22	0.11	0.13	0.04	0.2		0.2149894158498778	0.2	False	0.632
3	['Pt', 'Pd', 'Au', 'Ru', 'Rh', 'Ir', 'Re', 'Os']	0	[0.03 0.03 0.03 0.79 0.03 0.03 0.03 0.03]	[ 0.027  0.027  0.027 -0.187  0.027  0.027  0.027  0.027]	0.43	0.02	0.07	1.18	1.97	1.09	0.22	0.11	0.13	0.04	0.2		0.12265296114671781	0.2	False	0.925
4	['Pt', 'Pd', 'Au', 'Ru', 'Rh', 'Ir', 'Re', 'Os']	0	[0.03 0.03 0.03 0.03 0.79 0.03 0.03 0.03]	[ 0.027  0.027  0.027  0.027 -0.187  0.027  0.027  0.027]	0.43	0.02	0.07	1.18	1.97	1.09	0.22	0.11	0.13	0.04	0.2		0.2961943697576309	0.2	False	0.925
5	['Pt', 'Pd', 'Au', 'Ru', 'Rh', 'Ir', 'Re', 'Os']	0	[0.03 0.03 0.03 0.03 0.03 0.79 0.03 0.03]	[ 0.027  0.027  0.027  0.027  0.027 -0.187  0.027  0.027]	0.43	0.02	0.07	1.18	1.97	1.09	0.22	0.11	0.13	0.04	0.2		0.3414716944973704	0.2	False	0.925
6	['Pt', 'Pd', 'Au', 'Ru', 'Rh', 'Ir', 'Re', 'Os']	0	[0.03 0.03 0.03 0.03 0.03 0.03 0.79 0.03]	[ 0.027  0.027  0.027  0.027  0.027  0.027 -0.187  0.027]	0.43	0.02	0.07	1.18	1.97	1.09	0.22	0.11	0.13	0.04	0.2		0.3145140039050876	0.2	False	0.925
7	['Pt', 'Pd', 'Au', 'Ru', 'Rh', 'Ir', 'Re', 'Os']	0	[0.03 0.03 0.03 0.03 0.03 0.03 0.03 0.79]	[ 0.027  0.027  0.027  0.027  0.027  0.027  0.027 -0.187]	0.43	0.02	0.07	1.18	1.97	1.09	0.22	0.11	0.13	0.04	0.2		0.32838217395326336	0.2	False	0.839
0	['Pt', 'Pd', 'Au', 'Ru', 'Rh', 'Ir', 'Re', 'Os']	1	[0.889 0.    0.    0.109 0.    0.    0.    0.   ]	[ 0.117 -0.041 -0.041  0.127 -0.041 -0.041 -0.041 -0.041]	0.43	0.02	0.07	1.18	1.97	1.09	0.22	0.11	0.13	0.04	0.2		0.38991685476541416	0.199	False	0.682
1	['Pt', 'Pd', 'Au', 'Ru', 'Rh', 'Ir', 'Re', 'Os']	1	[0.137 0.752 0.    0.113 0.    0.    0.    0.   ]	[ 0.121 -0.048 -0.039  0.124 -0.039 -0.039 -0.039 -0.039]	0.43	0.02	0.07	1.18	1.97	1.09	0.22	0.11	0.13	0.04	0.2		0.30534496762090846	0.2	False	0.64
2	['Pt', 'Pd', 'Au', 'Ru', 'Rh', 'Ir', 'Re', 'Os']	1	[0.137 0.    0.752 0.113 0.    0.    0.    0.   ]	[ 0.121 -0.039 -0.048  0.124 -0.039 -0.039 -0.039 -0.039]	0.43	0.02	0.07	1.18	1.97	1.09	0.22	0.11	0.13	0.04	0.2		0.28435785161840876	0.2	False	0.579
3	['Pt', 'Pd', 'Au', 'Ru', 'Rh', 'Ir', 'Re', 'Os']	1	[0.165 0.032 0.032 0.643 0.032 0.032 0.032 0.032]	[ 0.135  0.002  0.002 -0.147  0.002  0.002  0.002  0.002]	0.43	0.02	0.07	1.18	1.97	1.09	0.22	0.11	0.13	0.04	0.2		0.1706877881880471	0.2	False	0.758
4	['Pt', 'Pd', 'Au', 'Ru', 'Rh', 'Ir', 'Re', 'Os']	1	[0.137 0.    0.    0.11  0.751 0.    0.    0.   ]	[ 0.122 -0.04  -0.04   0.123 -0.047 -0.04  -0.04  -0.04 ]	0.43	0.02	0.07	1.18	1.97	1.09	0.22	0.11	0.13	0.04	0.2		0.2999180593631309	0.2	False	0.885
5	['Pt', 'Pd', 'Au', 'Ru', 'Rh', 'Ir', 'Re', 'Os']	1	[0.137 0.    0.    0.113 0.    0.752 0.    0.   ]	[ 0.121 -0.039 -0.039  0.124 -0.039 -0.048 -0.039 -0.039]	0.43	0.02	0.07	1.18	1.97	1.09	0.22	0.11	0.13	0.04	0.2		0.3376637341410425	0.2	False	0.887
6	['Pt', 'Pd', 'Au', 'Ru', 'Rh', 'Ir', 'Re', 'Os']	1	[0.137 0.    0.    0.113 0.    0.    0.752 0.   ]	[ 0.121 -0.039 -0.039  0.124 -0.039 -0.039 -0.048 -0.039]	0.43	0.02	0.07	1.18	1.97	1.09	0.22	0.11	0.13	0.04	0.2		0.3164206579954691	0.2	False	0.887
7	['Pt', 'Pd', 'Au', 'Ru', 'Rh', 'Ir', 'Re', 'Os']	1	[0.137 0.    0.    0.113 0.    0.    0.    0.752]	[ 0.121 -0.039 -0.039  0.124 -0.039 -0.039 -0.039 -0.048]	0.43	0.02	0.07	1.18	1.97	1.09	0.22	0.11	0.13	0.04	0.2		0.33713181074621296	0.2	False	0.797
0	['Pt', 'Pd', 'Au', 'Ru', 'Rh', 'Ir', 'Re', 'Os']	2	[0.946 0.004 0.004 0.025 0.004 0.004 0.004 0.004]	[-0.152  0.004  0.004  0.129  0.004  0.004  0.004  0.004]	0.43	0.02	0.07	1.18	1.97	1.09	0.22	0.11	0.13	0.04	0.2		0.3790385327923931	0.2	False	0.716
1	['Pt', 'Pd', 'Au', 'Ru', 'Rh', 'Ir', 'Re', 'Os']	2	[0.227 0.649 0.    0.124 0.    0.    0.    0.   ]	[ 0.151 -0.121 -0.014  0.04  -0.014 -0.014 -0.014 -0.014]	0.43	0.02	0.07	1.18	1.97	1.09	0.22	0.11	0.13	0.04	0.2		0.4379163506006209	0.2	False	0.538
2	['Pt', 'Pd', 'Au', 'Ru', 'Rh', 'Ir', 'Re', 'Os']	2	[0.286 0.    0.719 0.    0.    0.    0.    0.   ]	[ 0.161 -0.004 -0.026 -0.116 -0.004 -0.004 -0.004 -0.004]	0.43	0.02	0.07	1.18	1.97	1.09	0.22	0.11	0.13	0.04	0.2		0.42998863415636407	0.2	False	0.502
3	['Pt', 'Pd', 'Au', 'Ru', 'Rh', 'Ir', 'Re', 'Os']	2	[0.305 0.032 0.032 0.5   0.032 0.032 0.032 0.032]	[ 0.14   0.     0.    -0.143  0.     0.     0.     0.   ]	0.43	0.02	0.07	1.18	1.97	1.09	0.22	0.11	0.13	0.04	0.2		0.3094824756644621	0.2	False	0.616
4	['Pt', 'Pd', 'Au', 'Ru', 'Rh', 'Ir', 'Re', 'Os']	2	[0.28  0.    0.    0.001 0.714 0.    0.    0.   ]	[ 0.159 -0.003 -0.003 -0.119 -0.026 -0.003 -0.003 -0.003]	0.43	0.02	0.07	1.18	1.97	1.09	0.22	0.11	0.13	0.04	0.2		0.3169847919607636	0.2	False	0.823
5	['Pt', 'Pd', 'Au', 'Ru', 'Rh', 'Ir', 'Re', 'Os']	2	[0.268 0.    0.    0.005 0.    0.73  0.    0.   ]	[ 0.133 -0.04  -0.04   0.112 -0.04  -0.047 -0.04  -0.04 ]	0.43	0.02	0.07	1.18	1.97	1.09	0.22	0.11	0.13	0.04	0.2		0.349450466955317	0.2	False	0.838
6	['Pt', 'Pd', 'Au', 'Ru', 'Rh', 'Ir', 'Re', 'Os']	2	[0.283 0.    0.    0.    0.    0.    0.718 0.   ]	[ 0.159 -0.003 -0.003 -0.117 -0.003 -0.003 -0.026 -0.003]	0.43	0.02	0.07	1.18	1.97	1.09	0.22	0.11	0.13	0.04	0.2		0.32469155178399095	0.199	False	0.826
7	['Pt', 'Pd', 'Au', 'Ru', 'Rh', 'Ir', 'Re', 'Os']	2	[0.281 0.004 0.    0.002 0.    0.    0.    0.715]	[ 0.157 -0.006 -0.    -0.12  -0.    -0.    -0.    -0.029]	0.43	0.02	0.07	1.18	1.97	1.09	0.22	0.11	0.13	0.04	0.2		0.3694540461720872	0.2	False	0.73
0	['Pt', 'Pd', 'Au', 'Ru', 'Rh', 'Ir', 'Re', 'Os']	3	[0.868 0.001 0.    0.129 0.    0.    0.    0.   ]	[-0.141  0.008 -0.002  0.141 -0.002 -0.002 -0.002 -0.002]	0.43	0.02	0.07	1.18	1.97	1.09	0.22	0.11	0.13	0.04	0.2		0.39483782572655896	0.2	False	0.669
1	['Pt', 'Pd', 'Au', 'Ru', 'Rh', 'Ir', 'Re', 'Os']	3	[0.385 0.587 0.    0.027 0.    0.    0.    0.   ]	[ 0.167 -0.058 -0.003 -0.094 -0.003 -0.003 -0.003 -0.003]	0.43	0.02	0.07	1.18	1.97	1.09	0.22	0.11	0.13	0.04	0.2		0.5806070433072711	0.2	False	0.464
2	['Pt', 'Pd', 'Au', 'Ru', 'Rh', 'Ir', 'Re', 'Os']	3	[0.354 0.003 0.605 0.042 0.    0.001 0.    0.   ]	[ 0.151 -0.04  -0.063  0.084 -0.033 -0.032 -0.033 -0.033]	0.43	0.02	0.07	1.18	1.97	1.09	0.22	0.11	0.13	0.04	0.2		0.5605727362521716	0.2	False	0.407
3	['Pt', 'Pd', 'Au', 'Ru', 'Rh', 'Ir', 'Re', 'Os']	3	[0.444 0.037 0.032 0.356 0.032 0.032 0.032 0.032]	[ 0.139  0.005  0.    -0.144  0.     0.     0.     0.   ]	0.43	0.02	0.07	1.18	1.97	1.09	0.22	0.11	0.13	0.04	0.2		0.44088820452804106	0.2	False	0.51
4	['Pt', 'Pd', 'Au', 'Ru', 'Rh', 'Ir', 'Re', 'Os']	3	[0.349 0.004 0.    0.042 0.6   0.    0.    0.   ]	[ 0.151 -0.04  -0.033  0.084 -0.064 -0.033 -0.033 -0.033]	0.43	0.02	0.07	1.18	1.97	1.09	0.22	0.11	0.13	0.04	0.2		0.318283881425245	0.2	False	0.723
5	['Pt', 'Pd', 'Au', 'Ru', 'Rh', 'Ir', 'Re', 'Os']	3	[0.314 0.002 0.    0.062 0.    0.623 0.    0.   ]	[ 0.131 -0.04  -0.039  0.113 -0.039 -0.048 -0.039 -0.039]	0.43	0.02	0.07	1.18	1.97	1.09	0.22	0.11	0.13	0.04	0.2		0.33242611807177774	0.2	False	0.745
6	['Pt', 'Pd', 'Au', 'Ru', 'Rh', 'Ir', 'Re', 'Os']	3	[0.352 0.004 0.    0.043 0.    0.    0.605 0.   ]	[ 0.151 -0.04  -0.033  0.084 -0.033 -0.033 -0.063 -0.033]	0.43	0.02	0.07	1.18	1.97	1.09	0.22	0.11	0.13	0.04	0.2		0.3305680746588499	0.2	False	0.727
7	['Pt', 'Pd', 'Au', 'Ru', 'Rh', 'Ir', 'Re', 'Os']	3	[0.365 0.01  0.001 0.022 0.001 0.001 0.001 0.6  ]	[ 0.14  -0.021 -0.01   0.053 -0.01  -0.01  -0.01  -0.13 ]	0.43	0.02	0.07	1.18	1.97	1.09	0.22	0.11	0.13	0.04	0.2		0.41294141348068525	0.2	False	0.631
0	['Pt', 'Pd', 'Au', 'Ru', 'Rh', 'Ir', 'Re', 'Os']	4	[0.768 0.058 0.006 0.061 0.09  0.004 0.006 0.006]	[-0.059  0.124 -0.041 -0.022  0.117 -0.039 -0.041 -0.041]	0.43	0.02	0.07	1.18	1.97	1.09	0.22	0.11	0.13	0.04	0.2		0.4400340734653651	0.199	False	0.565
1	['Pt', 'Pd', 'Au', 'Ru', 'Rh', 'Ir', 'Re', 'Os']	4	[0.422 0.534 0.    0.    0.043 0.    0.    0.   ]	[ 0.135  0.007 -0.055 -0.017  0.096 -0.055 -0.055 -0.055]	0.43	0.02	0.07	1.18	1.97	1.09	0.22	0.11	0.13	0.04	0.2		0.6209685377651764	0.2	False	0.433
2	['Pt', 'Pd', 'Au', 'Ru', 'Rh', 'Ir', 'Re', 'Os']	4	[0.405 0.029 0.48  0.004 0.071 0.006 0.004 0.004]	[ 0.1    0.071 -0.106 -0.065  0.086 -0.029 -0.029 -0.029]	0.43	0.02	0.07	1.18	1.97	1.09	0.22	0.11	0.13	0.04	0.2		0.6814507369414743	0.2	False	0.314
3	['Pt', 'Pd', 'Au', 'Ru', 'Rh', 'Ir', 'Re', 'Os']	4	[0.545 0.109 0.02  0.223 0.043 0.02  0.02  0.02 ]	[ 0.098  0.068 -0.02  -0.145  0.058 -0.02  -0.02  -0.02 ]	0.43	0.02	0.07	1.18	1.97	1.09	0.22	0.11	0.13	0.04	0.2		0.5511969084343282	0.2	False	0.442
4	['Pt', 'Pd', 'Au', 'Ru', 'Rh', 'Ir', 'Re', 'Os']	4	[0.447 0.081 0.001 0.015 0.449 0.001 0.001 0.001]	[ 0.1    0.079 -0.    -0.026 -0.152 -0.    -0.    -0.   ]	0.43	0.02	0.07	1.18	1.97	1.09	0.22	0.11	0.13	0.04	0.2		0.3749982898155778	0.2	False	0.582
5	['Pt', 'Pd', 'Au', 'Ru', 'Rh', 'Ir', 'Re', 'Os']	4	[0.265 0.058 0.007 0.025 0.092 0.543 0.007 0.007]	[-0.004  0.12  -0.039 -0.075  0.116 -0.04  -0.039 -0.039]	0.43	0.02	0.07	1.18	1.97	1.09	0.22	0.11	0.13	0.04	0.2		0.3161935259661302	0.199	False	0.665
6	['Pt', 'Pd', 'Au', 'Ru', 'Rh', 'Ir', 'Re', 'Os']	4	[0.403 0.029 0.005 0.006 0.071 0.005 0.48  0.005]	[ 0.1    0.07  -0.029 -0.064  0.086 -0.029 -0.106 -0.029]	0.43	0.02	0.07	1.18	1.97	1.09	0.22	0.11	0.13	0.04	0.2		0.34209458803531745	0.2	False	0.619
7	['Pt', 'Pd', 'Au', 'Ru', 'Rh', 'Ir', 'Re', 'Os']	4	[0.416 0.037 0.002 0.01  0.062 0.002 0.002 0.47 ]	[ 0.099  0.07  -0.037 -0.017  0.079 -0.037 -0.037 -0.121]	0.43	0.02	0.07	1.18	1.97	1.09	0.22	0.11	0.13	0.04	0.2		0.47645512729423467	0.2	False	0.529
0	['Pt', 'Pd', 'Au', 'Ru', 'Rh', 'Ir', 'Re', 'Os']	5	[0.676 0.022 0.07  0.014 0.071 0.106 0.02  0.02 ]	[-0.07  -0.006  0.108 -0.073  0.013  0.117 -0.045 -0.045]	0.43	0.02	0.07	1.18	1.97	1.09	0.22	0.11	0.13	0.04	0.2		0.4695827660024522	0.2	False	0.484
1	['Pt', 'Pd', 'Au', 'Ru', 'Rh', 'Ir', 'Re', 'Os']	5	[0.501 0.401 0.003 0.011 0.005 0.052 0.013 0.013]	[ 0.126 -0.125  0.036 -0.003 -0.036  0.063 -0.03  -0.03 ]	0.43	0.02	0.07	1.18	1.97	1.09	0.22	0.11	0.13	0.04	0.2		0.6718135756032728	0.2	False	0.38
2	['Pt', 'Pd', 'Au', 'Ru', 'Rh', 'Ir', 'Re', 'Os']	5	[0.494 0.001 0.399 0.015 0.014 0.052 0.013 0.013]	[ 0.151 -0.055 -0.063  0.001 -0.033  0.077 -0.039 -0.039]	0.43	0.02	0.07	1.18	1.97	1.09	0.22	0.11	0.13	0.04	0.2		0.6875213209442746	0.2	False	0.322
3	['Pt', 'Pd', 'Au', 'Ru', 'Rh', 'Ir', 'Re', 'Os']	5	[0.66  0.113 0.063 0.08  0.035 0.04  0.006 0.006]	[ 0.114  0.     0.04  -0.15  -0.012  0.046 -0.018 -0.018]	0.43	0.02	0.07	1.18	1.97	1.09	0.22	0.11	0.13	0.04	0.2		0.5656135801879654	0.2	False	0.435
4	['Pt', 'Pd', 'Au', 'Ru', 'Rh', 'Ir', 'Re', 'Os']	5	[0.539 0.047 0.018 0.    0.309 0.057 0.012 0.012]	[ 0.121 -0.02   0.037 -0.003 -0.138  0.056 -0.027 -0.027]	0.43	0.02	0.07	1.18	1.97	1.09	0.22	0.11	0.13	0.04	0.2		0.40154387363811084	0.2	False	0.513
5	['Pt', 'Pd', 'Au', 'Ru', 'Rh', 'Ir', 'Re', 'Os']	5	[0.305 0.051 0.126 0.023 0.088 0.399 0.005 0.005]	[ 0.04  -0.008  0.12   0.04  -0.005 -0.148 -0.019 -0.019]	0.43	0.02	0.07	1.18	1.97	1.09	0.22	0.11	0.13	0.04	0.2		0.29910237713619453	0.2	False	0.498
6	['Pt', 'Pd', 'Au', 'Ru', 'Rh', 'Ir', 'Re', 'Os']	5	[0.494 0.001 0.03  0.004 0.04  0.062 0.349 0.024]	[ 0.116 -0.039  0.042  0.003 -0.022  0.062 -0.135 -0.027]	0.43	0.02	0.07	1.18	1.97	1.09	0.22	0.11	0.13	0.04	0.2		0.3766419770570915	0.2	False	0.537
7	['Pt', 'Pd', 'Au', 'Ru', 'Rh', 'Ir', 'Re', 'Os']	5	[0.511 0.001 0.028 0.001 0.031 0.068 0.019 0.34 ]	[ 0.118 -0.034  0.04  -0.001 -0.024  0.061 -0.024 -0.136]	0.43	0.02	0.07	1.18	1.97	1.09	0.22	0.11	0.13	0.04	0.2		0.4998133136053764	0.2	False	0.475
0	['Pt', 'Pd', 'Au', 'Ru', 'Rh', 'Ir', 'Re', 'Os']	6	[0.583 0.004 0.217 0.057 0.07  0.051 0.007 0.007]	[-0.096 -0.028  0.152  0.056 -0.001 -0.057 -0.013 -0.013]	0.43	0.02	0.07	1.18	1.97	1.09	0.22	0.11	0.13	0.04	0.2		0.5938038951172104	0.2	False	0.376
1	['Pt', 'Pd', 'Au', 'Ru', 'Rh', 'Ir', 'Re', 'Os']	6	[0.651 0.288 0.035 0.012 0.008 0.007 0.    0.   ]	[ 0.149 -0.118  0.029  0.016  0.007 -0.049 -0.017 -0.017]	0.43	0.02	0.07	1.18	1.97	1.09	0.22	0.11	0.13	0.04	0.2		0.6387835198663396	0.2	False	0.415
2	['Pt', 'Pd', 'Au', 'Ru', 'Rh', 'Ir', 'Re', 'Os']	6	[0.661 0.009 0.325 0.003 0.002 0.003 0.    0.   ]	[ 0.17   0.003 -0.078  0.012  0.001 -0.061 -0.024 -0.024]	0.43	0.02	0.07	1.18	1.97	1.09	0.22	0.11	0.13	0.04	0.2		0.6551030589198177	0.2	False	0.407
3	['Pt', 'Pd', 'Au', 'Ru', 'Rh', 'Ir', 'Re', 'Os']	6	[0.769 0.094 0.071 0.046 0.    0.004 0.008 0.008]	[ 0.118 -0.029  0.002  0.118 -0.047 -0.071 -0.045 -0.045]	0.43	0.02	0.07	1.18	1.97	1.09	0.22	0.11	0.13	0.04	0.2		0.5132348651387493	0.199	False	0.513
4	['Pt', 'Pd', 'Au', 'Ru', 'Rh', 'Ir', 'Re', 'Os']	6	[0.683 0.035 0.048 0.027 0.184 0.016 0.001 0.001]	[ 0.146 -0.011  0.032  0.02  -0.124 -0.04  -0.012 -0.012]	0.43	0.02	0.07	1.18	1.97	1.09	0.22	0.11	0.13	0.04	0.2		0.4493386880712377	0.2	False	0.515
5	['Pt', 'Pd', 'Au', 'Ru', 'Rh', 'Ir', 'Re', 'Os']	6	[0.387 0.025 0.238 0.022 0.056 0.272 0.002 0.002]	[ 0.079 -0.03   0.11   0.036 -0.036 -0.133 -0.013 -0.013]	0.43	0.02	0.07	1.18	1.97	1.09	0.22	0.11	0.13	0.04	0.2		0.409634241362611	0.199	False	0.378
6	['Pt', 'Pd', 'Au', 'Ru', 'Rh', 'Ir', 'Re', 'Os']	6	[0.637 0.008 0.064 0.02  0.02  0.017 0.229 0.011]	[ 0.145  0.005  0.034  0.017 -0.02  -0.046 -0.122 -0.013]	0.43	0.02	0.07	1.18	1.97	1.09	0.22	0.11	0.13	0.04	0.2		0.4572657935939734	0.2	False	0.508
7	['Pt', 'Pd', 'Au', 'Ru', 'Rh', 'Ir', 'Re', 'Os']	6	[0.654 0.007 0.06  0.023 0.008 0.024 0.004 0.219]	[ 0.146  0.005  0.033  0.017 -0.022 -0.044 -0.014 -0.121]	0.43	0.02	0.07	1.18	1.97	1.09	0.22	0.11	0.13	0.04	0.2		0.5260576691708061	0.2	False	0.474
0	['Pt', 'Pd', 'Au', 'Ru', 'Rh', 'Ir', 'Re', 'Os']	7	[0.468 0.006 0.373 0.036 0.086 0.012 0.007 0.007]	[-0.116  0.007  0.155 -0.022  0.015 -0.04  -0.001 -0.001]	0.43	0.02	0.07	1.18	1.97	1.09	0.22	0.11	0.13	0.04	0.2		0.6777597465364009	0.2	False	0.31
1	['Pt', 'Pd', 'Au', 'Ru', 'Rh', 'Ir', 'Re', 'Os']	7	[0.788 0.155 0.038 0.005 0.005 0.009 0.001 0.001]	[ 0.146 -0.134  0.007  0.003 -0.009  0.013 -0.013 -0.013]	0.43	0.02	0.07	1.18	1.97	1.09	0.22	0.11	0.13	0.04	0.2		0.49945617758341576	0.2	False	0.529
2	['Pt', 'Pd', 'Au', 'Ru', 'Rh', 'Ir', 'Re', 'Os']	7	[0.792 0.    0.2   0.007 0.002 0.001 0.    0.   ]	[ 0.16  -0.021 -0.113  0.003 -0.012  0.014 -0.016 -0.016]	0.43	0.02	0.07	1.18	1.97	1.09	0.22	0.11	0.13	0.04	0.2		0.512113402703912	0.2	False	0.527
3	['Pt', 'Pd', 'Au', 'Ru', 'Rh', 'Ir', 'Re', 'Os']	7	[0.849 0.036 0.032 0.045 0.004 0.017 0.009 0.008]	[ 0.128 -0.044 -0.02   0.112 -0.039 -0.019 -0.059 -0.058]	0.43	0.02	0.07	1.18	1.97	1.09	0.22	0.11	0.13	0.04	0.2		0.42540355575392996	0.2	False	0.614
4	['Pt', 'Pd', 'Au', 'Ru', 'Rh', 'Ir', 'Re', 'Os']	7	[0.829 0.027 0.069 0.004 0.055 0.009 0.    0.   ]	[ 0.144 -0.011  0.018 -0.026 -0.133  0.018 -0.004 -0.004]	0.43	0.02	0.07	1.18	1.97	1.09	0.22	0.11	0.13	0.04	0.2		0.439952788036849	0.2	False	0.588
5	['Pt', 'Pd', 'Au', 'Ru', 'Rh', 'Ir', 'Re', 'Os']	7	[0.475 0.    0.347 0.013 0.02  0.144 0.002 0.002]	[ 0.086 -0.032  0.108  0.029 -0.039 -0.132 -0.01  -0.01 ]	0.43	0.02	0.07	1.18	1.97	1.09	0.22	0.11	0.13	0.04	0.2		0.5924554738957502	0.2	False	0.334
6	['Pt', 'Pd', 'Au', 'Ru', 'Rh', 'Ir', 'Re', 'Os']	7	[0.712 0.003 0.006 0.007 0.009 0.002 0.267 0.002]	[ 0.14  -0.036 -0.103 -0.01  -0.034  0.012  0.073 -0.043]	0.43	0.02	0.07	1.18	1.97	1.09	0.22	0.11	0.13	0.04	0.2		0.4058023049479009	0.2	False	0.6
7	['Pt', 'Pd', 'Au', 'Ru', 'Rh', 'Ir', 'Re', 'Os']	7	[0.807 0.002 0.089 0.002 0.    0.002 0.    0.1  ]	[ 0.146 -0.018  0.021 -0.03  -0.001  0.017 -0.006 -0.129]	0.43	0.02	0.07	1.18	1.97	1.09	0.22	0.11	0.13	0.04	0.2		0.4679196154550905	0.2	False	0.561
0	['Pt', 'Pd', 'Au', 'Ru', 'Rh', 'Ir', 'Re', 'Os']	8	[0.333 0.001 0.514 0.013 0.1   0.011 0.025 0.002]	[-0.137 -0.008  0.141 -0.024  0.013 -0.002  0.024 -0.006]	0.43	0.02	0.07	1.18	1.97	1.09	0.22	0.11	0.13	0.04	0.2		0.5466165613594756	0.2	False	0.359
1	['Pt', 'Pd', 'Au', 'Ru', 'Rh', 'Ir', 'Re', 'Os']	8	[0.903 0.002 0.062 0.003 0.009 0.002 0.017 0.002]	[ 0.128 -0.146  0.035  0.005 -0.02  -0.013  0.02  -0.01 ]	0.43	0.02	0.07	1.18	1.97	1.09	0.22	0.11	0.13	0.04	0.2		0.4059427101177181	0.2	False	0.659
2	['Pt', 'Pd', 'Au', 'Ru', 'Rh', 'Ir', 'Re', 'Os']	8	[0.916 0.001 0.065 0.013 0.    0.    0.004 0.004]	[ 0.16  -0.014 -0.113  0.002 -0.017 -0.022  0.021 -0.016]	0.43	0.02	0.07	1.18	1.97	1.09	0.22	0.11	0.13	0.04	0.2		0.4032669271472805	0.2	False	0.669
3	['Pt', 'Pd', 'Au', 'Ru', 'Rh', 'Ir', 'Re', 'Os']	8	[0.914 0.014 0.004 0.05  0.004 0.005 0.007 0.002]	[ 0.116 -0.056 -0.002  0.12  -0.048 -0.052 -0.017 -0.061]	0.43	0.02	0.07	1.18	1.97	1.09	0.22	0.11	0.13	0.04	0.2		0.3886793245811905	0.2	False	0.688
4	['Pt', 'Pd', 'Au', 'Ru', 'Rh', 'Ir', 'Re', 'Os']	8	[0.891 0.    0.047 0.006 0.027 0.001 0.016 0.003]	[ 0.118 -0.064  0.006 -0.036  0.115 -0.06  -0.023 -0.056]	0.43	0.02	0.07	1.18	1.97	1.09	0.22	0.11	0.13	0.04	0.2		0.4038148226085766	0.2	False	0.655
5	['Pt', 'Pd', 'Au', 'Ru', 'Rh', 'Ir', 'Re', 'Os']	8	[0.47  0.01  0.468 0.003 0.006 0.017 0.017 0.01 ]	[ 0.01  -0.01   0.149 -0.003 -0.007 -0.126  0.021 -0.034]	0.43	0.02	0.07	1.18	1.97	1.09	0.22	0.11	0.13	0.04	0.2		0.7057482384392292	0.2	False	0.33
6	['Pt', 'Pd', 'Au', 'Ru', 'Rh', 'Ir', 'Re', 'Os']	8	[0.838 0.001 0.036 0.009 0.    0.003 0.119 0.001]	[ 0.13  -0.002  0.033  0.014 -0.015 -0.01  -0.147 -0.003]	0.43	0.02	0.07	1.18	1.97	1.09	0.22	0.11	0.13	0.04	0.2		0.41245471086685903	0.2	False	0.628
7	['Pt', 'Pd', 'Au', 'Ru', 'Rh', 'Ir', 'Re', 'Os']	8	[0.891 0.    0.094 0.012 0.    0.002 0.004 0.   ]	[ 0.12  -0.058  0.012 -0.038 -0.06  -0.065 -0.022  0.111]	0.43	0.02	0.07	1.18	1.97	1.09	0.22	0.11	0.13	0.04	0.2		0.42055591761191674	0.2	False	0.639
0	['Pt', 'Pd', 'Au', 'Ru', 'Rh', 'Ir', 'Re', 'Os']	9	[0.191 0.001 0.652 0.009 0.112 0.008 0.025 0.002]	[-0.145 -0.004  0.136  0.017  0.01  -0.005 -0.002 -0.007]	0.43	0.02	0.07	1.18	1.97	1.09	0.22	0.11	0.13	0.04	0.2		0.33797187176572663	0.2	False	0.484
1	['Pt', 'Pd', 'Au', 'Ru', 'Rh', 'Ir', 'Re', 'Os']	9	[0.868 0.084 0.023 0.017 0.002 0.002 0.001 0.002]	[-0.14   0.132  0.046  0.011 -0.018 -0.008 -0.014 -0.008]	0.43	0.02	0.07	1.18	1.97	1.09	0.22	0.11	0.13	0.04	0.2		0.42887782927454127	0.2	False	0.618
2	['Pt', 'Pd', 'Au', 'Ru', 'Rh', 'Ir', 'Re', 'Os']	9	[0.891 0.011 0.048 0.024 0.012 0.01  0.002 0.004]	[-0.169  0.009  0.102  0.031  0.009  0.007  0.005  0.007]	0.43	0.02	0.07	1.18	1.97	1.09	0.22	0.11	0.13	0.04	0.2		0.4078790474256915	0.201	False	0.651
3	['Pt', 'Pd', 'Au', 'Ru', 'Rh', 'Ir', 'Re', 'Os']	9	[0.903 0.003 0.008 0.081 0.001 0.    0.002 0.   ]	[-0.139 -0.016  0.038  0.138 -0.002 -0.003 -0.013 -0.002]	0.43	0.02	0.07	1.18	1.97	1.09	0.22	0.11	0.13	0.04	0.2		0.3901492851369908	0.2	False	0.685
4	['Pt', 'Pd', 'Au', 'Ru', 'Rh', 'Ir', 'Re', 'Os']	9	[0.889 0.002 0.021 0.015 0.058 0.001 0.001 0.002]	[-0.147 -0.005  0.045  0.013  0.125 -0.007 -0.017 -0.007]	0.43	0.02	0.07	1.18	1.97	1.09	0.22	0.11	0.13	0.04	0.2		0.39418256277276176	0.2	False	0.666
5	['Pt', 'Pd', 'Au', 'Ru', 'Rh', 'Ir', 'Re', 'Os']	9	[0.385 0.004 0.558 0.019 0.004 0.029 0.001 0.001]	[-0.06  -0.036  0.156 -0.011 -0.025  0.072 -0.045 -0.051]	0.43	0.02	0.07	1.18	1.97	1.09	0.22	0.11	0.13	0.04	0.2		0.6011910545560647	0.2	False	0.373
6	['Pt', 'Pd', 'Au', 'Ru', 'Rh', 'Ir', 'Re', 'Os']	9	[0.935 0.001 0.065 0.002 0.001 0.002 0.001 0.   ]	[ 0.109 -0.054  0.017 -0.028 -0.054 -0.057  0.122 -0.055]	0.43	0.02	0.07	1.18	1.97	1.09	0.22	0.11	0.13	0.04	0.2		0.3962340744221483	0.2	False	0.685
7	['Pt', 'Pd', 'Au', 'Ru', 'Rh', 'Ir', 'Re', 'Os']	9	[0.869 0.001 0.05  0.006 0.002 0.005 0.    0.069]	[-0.146 -0.008  0.05   0.009 -0.009 -0.01  -0.012  0.125]	0.43	0.02	0.07	1.18	1.97	1.09	0.22	0.11	0.13	0.04	0.2		0.4206278874038728	0.2	False	0.628
0	['Pt', 'Pd', 'Au', 'Ru', 'Rh', 'Ir', 'Re', 'Os']	10	[0.316 0.005 0.591 0.06  0.011 0.002 0.009 0.007]	[ 0.154 -0.021 -0.043  0.07  -0.085 -0.02  -0.031 -0.024]	0.43	0.02	0.07	1.18	1.97	1.09	0.22	0.11	0.13	0.04	0.2		0.5355289838801611	0.2	False	0.398
1	['Pt', 'Pd', 'Au', 'Ru', 'Rh', 'Ir', 'Re', 'Os']	10	[0.951 0.027 0.007 0.002 0.011 0.    0.001 0.001]	[-0.16   0.116 -0.003 -0.009  0.022  0.011  0.013  0.012]	0.43	0.02	0.07	1.18	1.97	1.09	0.22	0.11	0.13	0.04	0.2		0.38197193086341896	0.2	False	0.712
2	['Pt', 'Pd', 'Au', 'Ru', 'Rh', 'Ir', 'Re', 'Os']	10	[0.92  0.    0.077 0.    0.001 0.002 0.002 0.001]	[-0.152  0.007  0.129 -0.006 -0.004  0.007  0.014  0.005]	0.43	0.02	0.07	1.18	1.97	1.09	0.22	0.11	0.13	0.04	0.2		0.404384333108632	0.2	False	0.669
3	['Pt', 'Pd', 'Au', 'Ru', 'Rh', 'Ir', 'Re', 'Os']	10	[0.918 0.001 0.003 0.048 0.015 0.005 0.003 0.005]	[-0.16   0.004  0.011  0.119  0.013  0.004  0.005  0.004]	0.43	0.02	0.07	1.18	1.97	1.09	0.22	0.11	0.13	0.04	0.2		0.3842129241943348	0.2	False	0.696
4	['Pt', 'Pd', 'Au', 'Ru', 'Rh', 'Ir', 'Re', 'Os']	10	[0.922 0.    0.    0.    0.062 0.001 0.003 0.   ]	[-0.158  0.006 -0.007  0.018  0.12   0.006  0.008  0.006]	0.43	0.02	0.07	1.18	1.97	1.09	0.22	0.11	0.13	0.04	0.2		0.37919766676644584	0.2	False	0.703
5	['Pt', 'Pd', 'Au', 'Ru', 'Rh', 'Ir', 'Re', 'Os']	10	[0.371 0.002 0.59  0.005 0.022 0.005 0.004 0.   ]	[ 0.048 -0.058  0.119 -0.036 -0.01   0.087 -0.073 -0.078]	0.43	0.02	0.07	1.18	1.97	1.09	0.22	0.11	0.13	0.04	0.2		0.5755292731736737	0.2	False	0.396
6	['Pt', 'Pd', 'Au', 'Ru', 'Rh', 'Ir', 'Re', 'Os']	10	[0.846 0.001 0.034 0.002 0.005 0.004 0.114 0.001]	[-0.163  0.007 -0.003  0.019  0.016  0.006  0.112  0.007]	0.43	0.02	0.07	1.18	1.97	1.09	0.22	0.11	0.13	0.04	0.2		0.40910521776579806	0.2	False	0.634
7	['Pt', 'Pd', 'Au', 'Ru', 'Rh', 'Ir', 'Re', 'Os']	10	[0.936 0.    0.023 0.003 0.001 0.006 0.001 0.032]	[-0.162  0.007 -0.003  0.02   0.017 -0.002  0.008  0.113]	0.43	0.02	0.07	1.18	1.97	1.09	0.22	0.11	0.13	0.04	0.2		0.38725397415438034	0.2	False	0.698
0	['Pt', 'Pd', 'Au', 'Ru', 'Rh', 'Ir', 'Re', 'Os']	11	[0.256 0.002 0.665 0.024 0.047 0.006 0.    0.   ]	[-0.016 -0.037  0.144 -0.073  0.09  -0.032 -0.021 -0.055]	0.43	0.02	0.07	1.18	1.97	1.09	0.22	0.11	0.13	0.04	0.2		0.4175526594425359	0.2	False	0.465
1	['Pt', 'Pd', 'Au', 'Ru', 'Rh', 'Ir', 'Re', 'Os']	11	[0.859 0.108 0.023 0.006 0.001 0.001 0.001 0.001]	[-0.143  0.13   0.042  0.011 -0.02  -0.007 -0.007 -0.006]	0.43	0.02	0.07	1.18	1.97	1.09	0.22	0.11	0.13	0.04	0.2		0.43897299170982423	0.2	False	0.605
2	['Pt', 'Pd', 'Au', 'Ru', 'Rh', 'Ir', 'Re', 'Os']	11	[0.886 0.01  0.028 0.04  0.021 0.005 0.005 0.009]	[-0.17   0.007  0.098  0.03   0.016  0.005  0.005  0.007]	0.43	0.02	0.07	1.18	1.97	1.09	0.22	0.11	0.13	0.04	0.2		0.40270413677678796	0.2	False	0.655
3	['Pt', 'Pd', 'Au', 'Ru', 'Rh', 'Ir', 'Re', 'Os']	11	[0.901 0.001 0.006 0.084 0.003 0.    0.001 0.001]	[-0.132 -0.005  0.042  0.142 -0.017 -0.012 -0.005 -0.013]	0.43	0.02	0.07	1.18	1.97	1.09	0.22	0.11	0.13	0.04	0.2		0.38952175855985455	0.2	False	0.685
4	['Pt', 'Pd', 'Au', 'Ru', 'Rh', 'Ir', 'Re', 'Os']	11	[0.897 0.001 0.014 0.005 0.065 0.    0.003 0.001]	[-0.145 -0.008  0.04   0.009  0.131 -0.009 -0.009 -0.008]	0.43	0.02	0.07	1.18	1.97	1.09	0.22	0.11	0.13	0.04	0.2		0.38909123982574906	0.2	False	0.676
5	['Pt', 'Pd', 'Au', 'Ru', 'Rh', 'Ir', 'Re', 'Os']	11	[0.263 0.    0.688 0.019 0.001 0.021 0.001 0.004]	[-0.077 -0.026  0.163 -0.012 -0.015  0.053 -0.047 -0.039]	0.43	0.02	0.07	1.18	1.97	1.09	0.22	0.11	0.13	0.04	0.2		0.4176901679748263	0.2	False	0.48
6	['Pt', 'Pd', 'Au', 'Ru', 'Rh', 'Ir', 'Re', 'Os']	11	[0.935 0.001 0.062 0.002 0.    0.005 0.    0.001]	[ 0.105 -0.054  0.024 -0.03  -0.046 -0.067  0.123 -0.054]	0.43	0.02	0.07	1.18	1.97	1.09	0.22	0.11	0.13	0.04	0.2		0.39546070505328845	0.201	False	0.686
7	['Pt', 'Pd', 'Au', 'Ru', 'Rh', 'Ir', 'Re', 'Os']	11	[0.866 0.004 0.03  0.014 0.    0.    0.    0.089]	[-0.145 -0.008  0.044  0.008 -0.002 -0.017 -0.009  0.129]	0.43	0.02	0.07	1.18	1.97	1.09	0.22	0.11	0.13	0.04	0.2		0.4172775737770531	0.201	False	0.632
0	['Pt', 'Pd', 'Au', 'Ru', 'Rh', 'Ir', 'Re', 'Os']	12	[0.168 0.003 0.818 0.005 0.001 0.001 0.003 0.003]	[-0.083 -0.019  0.166  0.032 -0.062 -0.02  -0.003 -0.011]	0.43	0.02	0.07	1.18	1.97	1.09	0.22	0.11	0.13	0.04	0.2		0.30860929503316414	0.2	False	0.61
1	['Pt', 'Pd', 'Au', 'Ru', 'Rh', 'Ir', 'Re', 'Os']	12	[0.949 0.004 0.037 0.006 0.003 0.001 0.    0.   ]	[ 0.115  0.118  0.013 -0.033 -0.044 -0.057 -0.056 -0.056]	0.43	0.02	0.07	1.18	1.97	1.09	0.22	0.11	0.13	0.04	0.2		0.3858502080283045	0.2	False	0.706
2	['Pt', 'Pd', 'Au', 'Ru', 'Rh', 'Ir', 'Re', 'Os']	12	[0.906 0.003 0.079 0.014 0.002 0.    0.    0.   ]	[-0.153 -0.003  0.125  0.018 -0.01   0.014  0.014 -0.004]	0.43	0.02	0.07	1.18	1.97	1.09	0.22	0.11	0.13	0.04	0.2		0.41097925469713104	0.199	False	0.655
3	['Pt', 'Pd', 'Au', 'Ru', 'Rh', 'Ir', 'Re', 'Os']	12	[0.927 0.    0.019 0.042 0.006 0.001 0.    0.001]	[-0.143 -0.007  0.036  0.134  0.001 -0.007 -0.007 -0.006]	0.43	0.02	0.07	1.18	1.97	1.09	0.22	0.11	0.13	0.04	0.2		0.3865225592114786	0.2	False	0.697
4	['Pt', 'Pd', 'Au', 'Ru', 'Rh', 'Ir', 'Re', 'Os']	12	[0.91  0.    0.01  0.015 0.043 0.002 0.003 0.   ]	[-0.145 -0.008  0.039  0.009  0.13  -0.008 -0.009 -0.008]	0.43	0.02	0.07	1.18	1.97	1.09	0.22	0.11	0.13	0.04	0.2		0.38618674402168934	0.2	False	0.687
5	['Pt', 'Pd', 'Au', 'Ru', 'Rh', 'Ir', 'Re', 'Os']	12	[0.16  0.003 0.809 0.    0.014 0.009 0.    0.002]	[-0.08  -0.019  0.162 -0.05  -0.002  0.049 -0.027 -0.032]	0.43	0.02	0.07	1.18	1.97	1.09	0.22	0.11	0.13	0.04	0.2		0.3004285507682712	0.2	False	0.605
6	['Pt', 'Pd', 'Au', 'Ru', 'Rh', 'Ir', 'Re', 'Os']	12	[0.838 0.003 0.043 0.013 0.    0.001 0.102 0.005]	[-0.148 -0.006  0.042  0.009  0.001 -0.018  0.126 -0.005]	0.43	0.02	0.07	1.18	1.97	1.09	0.22	0.11	0.13	0.04	0.2		0.41838042473056863	0.2	False	0.62
7	['Pt', 'Pd', 'Au', 'Ru', 'Rh', 'Ir', 'Re', 'Os']	12	[0.938 0.002 0.028 0.01  0.004 0.003 0.003 0.016]	[ 0.107 -0.053  0.005 -0.045 -0.041 -0.052 -0.052  0.13 ]	0.43	0.02	0.07	1.18	1.97	1.09	0.22	0.11	0.13	0.04	0.2		0.3872782406435729	0.2	False	0.699
0	['Pt', 'Pd', 'Au', 'Ru', 'Rh', 'Ir', 'Re', 'Os']	13	[0.283 0.    0.677 0.024 0.014 0.001 0.    0.002]	[ 0.152 -0.023 -0.115  0.045 -0.004 -0.019 -0.013 -0.022]	0.43	0.02	0.07	1.18	1.97	1.09	0.22	0.11	0.13	0.04	0.2		0.44704195241825834	0.2	False	0.469
1	['Pt', 'Pd', 'Au', 'Ru', 'Rh', 'Ir', 'Re', 'Os']	13	[0.847 0.127 0.011 0.009 0.    0.001 0.001 0.004]	[-0.162  0.112 -0.016  0.022  0.012  0.011  0.01   0.012]	0.43	0.02	0.07	1.18	1.97	1.09	0.22	0.11	0.13	0.04	0.2		0.4449869713892535	0.2	False	0.596
2	['Pt', 'Pd', 'Au', 'Ru', 'Rh', 'Ir', 'Re', 'Os']	13	[0.92  0.002 0.057 0.001 0.006 0.006 0.005 0.006]	[-0.154  0.007  0.127 -0.011  0.009  0.007  0.006  0.007]	0.43	0.02	0.07	1.18	1.97	1.09	0.22	0.11	0.13	0.04	0.2		0.3992150395491289	0.2	False	0.674
3	['Pt', 'Pd', 'Au', 'Ru', 'Rh', 'Ir', 'Re', 'Os']	13	[0.885 0.004 0.006 0.094 0.001 0.002 0.002 0.002]	[-0.16   0.005  0.026  0.117 -0.003  0.005  0.004  0.005]	0.43	0.02	0.07	1.18	1.97	1.09	0.22	0.11	0.13	0.04	0.2		0.3944476570573314	0.2	False	0.672
4	['Pt', 'Pd', 'Au', 'Ru', 'Rh', 'Ir', 'Re', 'Os']	13	[0.892 0.002 0.01  0.    0.073 0.002 0.    0.002]	[-0.161  0.008  0.031 -0.011  0.114  0.008  0.001  0.008]	0.43	0.02	0.07	1.18	1.97	1.09	0.22	0.11	0.13	0.04	0.2		0.3887969711088575	0.2	False	0.674
5	['Pt', 'Pd', 'Au', 'Ru', 'Rh', 'Ir', 'Re', 'Os']	13	[0.072 0.008 0.876 0.006 0.004 0.018 0.007 0.007]	[-0.107 -0.018  0.147  0.016 -0.004  0.052 -0.045 -0.041]	0.43	0.02	0.07	1.18	1.97	1.09	0.22	0.11	0.13	0.04	0.2		0.2546949046775694	0.201	False	0.69
6	['Pt', 'Pd', 'Au', 'Ru', 'Rh', 'Ir', 'Re', 'Os']	13	[0.988 0.    0.012 0.    0.002 0.    0.001 0.002]	[-0.161  0.012 -0.018  0.024  0.013  0.012  0.113  0.003]	0.43	0.02	0.07	1.18	1.97	1.09	0.22	0.11	0.13	0.04	0.2		0.37052170484260527	0.2	False	0.75
7	['Pt', 'Pd', 'Au', 'Ru', 'Rh', 'Ir', 'Re', 'Os']	13	[0.865 0.005 0.004 0.009 0.003 0.003 0.001 0.114]	[-0.162  0.012 -0.018  0.023  0.012  0.011  0.01   0.111]	0.43	0.02	0.07	1.18	1.97	1.09	0.22	0.11	0.13	0.04	0.2		0.4091226386606208	0.2	False	0.643
0	['Pt', 'Pd', 'Au', 'Ru', 'Rh', 'Ir', 'Re', 'Os']	14	[0.434 0.002 0.548 0.    0.015 0.    0.    0.   ]	[ 0.151  0.001 -0.129 -0.025  0.001  0.    -0.002  0.   ]	0.43	0.02	0.07	1.18	1.97	1.09	0.22	0.11	0.13	0.04	0.2		0.6435606823470548	0.2	False	0.375
1	['Pt', 'Pd', 'Au', 'Ru', 'Rh', 'Ir', 'Re', 'Os']	14	[0.967 0.012 0.014 0.    0.002 0.    0.001 0.003]	[-0.153 -0.081  0.064  0.046  0.034  0.034  0.032  0.024]	0.43	0.02	0.07	1.18	1.97	1.09	0.22	0.11	0.13	0.04	0.2		0.37760773475527026	0.2	False	0.727
2	['Pt', 'Pd', 'Au', 'Ru', 'Rh', 'Ir', 'Re', 'Os']	14	[0.899 0.001 0.083 0.019 0.001 0.    0.    0.001]	[-0.154  0.007  0.126  0.02   0.    -0.001  0.     0.   ]	0.43	0.02	0.07	1.18	1.97	1.09	0.22	0.11	0.13	0.04	0.2		0.4145174530615814	0.2	False	0.649
3	['Pt', 'Pd', 'Au', 'Ru', 'Rh', 'Ir', 'Re', 'Os']	14	[0.938 0.    0.018 0.025 0.005 0.003 0.002 0.003]	[-0.162  0.005  0.016  0.116  0.006  0.006  0.005  0.006]	0.43	0.02	0.07	1.18	1.97	1.09	0.22	0.11	0.13	0.04	0.2		0.3836046653859291	0.2	False	0.706
4	['Pt', 'Pd', 'Au', 'Ru', 'Rh', 'Ir', 'Re', 'Os']	14	[0.916 0.001 0.015 0.014 0.032 0.    0.002 0.001]	[-0.166  0.003  0.029  0.018  0.105  0.004  0.003  0.003]	0.43	0.02	0.07	1.18	1.97	1.09	0.22	0.11	0.13	0.04	0.2		0.3873206774898183	0.199	False	0.689
5	['Pt', 'Pd', 'Au', 'Ru', 'Rh', 'Ir', 'Re', 'Os']	14	[0.204 0.001 0.749 0.036 0.    0.006 0.    0.002]	[ 0.154 -0.02  -0.111  0.047 -0.018 -0.009 -0.021 -0.023]	0.43	0.02	0.07	1.18	1.97	1.09	0.22	0.11	0.13	0.04	0.2		0.3456018594253334	0.2	False	0.544
6	['Pt', 'Pd', 'Au', 'Ru', 'Rh', 'Ir', 'Re', 'Os']	14	[0.803 0.006 0.023 0.022 0.004 0.006 0.136 0.004]	[-0.166  0.004  0.029  0.016  0.004  0.004  0.106  0.004]	0.43	0.02	0.07	1.18	1.97	1.09	0.22	0.11	0.13	0.04	0.2		0.4175664005518142	0.2	False	0.608
7	['Pt', 'Pd', 'Au', 'Ru', 'Rh', 'Ir', 'Re', 'Os']	14	[0.954 0.001 0.034 0.006 0.    0.    0.001 0.009]	[-0.153  0.024  0.064  0.046  0.033  0.033  0.033 -0.081]	0.43	0.02	0.07	1.18	1.97	1.09	0.22	0.11	0.13	0.04	0.2		0.38396428708860875	0.2	False	0.711
0	['Pt', 'Pd', 'Au', 'Ru', 'Rh', 'Ir', 'Re', 'Os']	15	[0.567 0.    0.404 0.025 0.    0.001 0.001 0.002]	[ 0.145 -0.009 -0.134  0.026 -0.004 -0.008 -0.008 -0.009]	0.43	0.02	0.07	1.18	1.97	1.09	0.22	0.11	0.13	0.04	0.2		0.7058544569167782	0.2	False	0.361
1	['Pt', 'Pd', 'Au', 'Ru', 'Rh', 'Ir', 'Re', 'Os']	15	[0.834 0.131 0.005 0.023 0.001 0.004 0.001 0.   ]	[-0.161  0.115  0.019  0.019  0.004  0.004  0.003 -0.002]	0.43	0.02	0.07	1.18	1.97	1.09	0.22	0.11	0.13	0.04	0.2		0.4491173253742951	0.2	False	0.588
2	['Pt', 'Pd', 'Au', 'Ru', 'Rh', 'Ir', 'Re', 'Os']	15	[0.924 0.001 0.046 0.024 0.002 0.002 0.002 0.002]	[-0.157  0.005  0.122  0.01   0.006  0.005  0.005  0.006]	0.43	0.02	0.07	1.18	1.97	1.09	0.22	0.11	0.13	0.04	0.2		0.3950124706876436	0.2	False	0.683
3	['Pt', 'Pd', 'Au', 'Ru', 'Rh', 'Ir', 'Re', 'Os']	15	[0.872 0.001 0.    0.12  0.    0.    0.    0.   ]	[-0.156  0.004  0.019  0.124 -0.004  0.004  0.004  0.003]	0.43	0.02	0.07	1.18	1.97	1.09	0.22	0.11	0.13	0.04	0.2		0.39434209840395684	0.2	False	0.67
4	['Pt', 'Pd', 'Au', 'Ru', 'Rh', 'Ir', 'Re', 'Os']	15	[0.887 0.001 0.    0.    0.091 0.    0.    0.001]	[-0.163  0.004  0.019  0.018  0.112  0.004  0.003  0.004]	0.43	0.02	0.07	1.18	1.97	1.09	0.22	0.11	0.13	0.04	0.2		0.3850844923394138	0.2	False	0.677
5	['Pt', 'Pd', 'Au', 'Ru', 'Rh', 'Ir', 'Re', 'Os']	15	[0.362 0.    0.631 0.002 0.    0.002 0.    0.   ]	[ 0.159  0.001 -0.117 -0.033 -0.    -0.008 -0.001  0.001]	0.43	0.02	0.07	1.18	1.97	1.09	0.22	0.11	0.13	0.04	0.2		0.5456309757502501	0.201	False	0.427
6	['Pt', 'Pd', 'Au', 'Ru', 'Rh', 'Ir', 'Re', 'Os']	15	[0.968 0.002 0.002 0.002 0.    0.002 0.027 0.   ]	[ 0.165 -0.004 -0.021 -0.02  -0.004 -0.004 -0.109 -0.004]	0.43	0.02	0.07	1.18	1.97	1.09	0.22	0.11	0.13	0.04	0.2		0.3728132154807421	0.2	False	0.737
7	['Pt', 'Pd', 'Au', 'Ru', 'Rh', 'Ir', 'Re', 'Os']	15	[0.846 0.    0.013 0.01  0.001 0.001 0.002 0.133]	[-0.157  0.007 -0.011  0.022  0.007  0.007  0.006  0.121]	0.43	0.02	0.07	1.18	1.97	1.09	0.22	0.11	0.13	0.04	0.2		0.4183310457210996	0.2	False	0.626
0	['Pt', 'Pd', 'Au', 'Ru', 'Rh', 'Ir', 'Re', 'Os']	16	[0.415 0.044 0.321 0.041 0.047 0.048 0.036 0.049]	[-0.152  0.044 -0.083  0.016  0.047  0.047  0.035  0.047]	0.43	0.02	0.07	1.18	1.97	1.09	0.22	0.11	0.13	0.04	0.2		0.7247954775800376	0.2	False	0.239
1	['Pt', 'Pd', 'Au', 'Ru', 'Rh', 'Ir', 'Re', 'Os']	16	[0.953 0.    0.041 0.001 0.001 0.002 0.001 0.   ]	[ 0.114  0.119  0.011 -0.072 -0.044 -0.045 -0.04  -0.044]	0.43	0.02	0.07	1.18	1.97	1.09	0.22	0.11	0.13	0.04	0.2		0.3849468222247882	0.2	False	0.709
2	['Pt', 'Pd', 'Au', 'Ru', 'Rh', 'Ir', 'Re', 'Os']	16	[0.883 0.008 0.08  0.005 0.005 0.005 0.01  0.005]	[-0.162  0.012  0.114 -0.014  0.011  0.011  0.015  0.011]	0.43	0.02	0.07	1.18	1.97	1.09	0.22	0.11	0.13	0.04	0.2		0.421434337510576	0.2	False	0.633
3	['Pt', 'Pd', 'Au', 'Ru', 'Rh', 'Ir', 'Re', 'Os']	16	[0.968 0.002 0.015 0.002 0.    0.    0.004 0.001]	[-0.144 -0.004  0.032  0.134 -0.004 -0.004 -0.001 -0.007]	0.43	0.02	0.07	1.18	1.97	1.09	0.22	0.11	0.13	0.04	0.2		0.37605684170141795	0.2	False	0.731
4	['Pt', 'Pd', 'Au', 'Ru', 'Rh', 'Ir', 'Re', 'Os']	16	[0.935 0.001 0.012 0.006 0.024 0.001 0.001 0.001]	[-0.15  -0.006  0.036  0.008  0.127 -0.006 -0.003 -0.006]	0.43	0.02	0.07	1.18	1.97	1.09	0.22	0.11	0.13	0.04	0.2		0.38216720516941227	0.2	False	0.705
5	['Pt', 'Pd', 'Au', 'Ru', 'Rh', 'Ir', 'Re', 'Os']	16	[0.432 0.008 0.527 0.013 0.002 0.001 0.014 0.001]	[ 0.164 -0.038 -0.055  0.062 -0.044 -0.025 -0.02  -0.043]	0.43	0.02	0.07	1.18	1.97	1.09	0.22	0.11	0.13	0.04	0.2		0.6684087500598106	0.2	False	0.356
6	['Pt', 'Pd', 'Au', 'Ru', 'Rh', 'Ir', 'Re', 'Os']	16	[0.845 0.002 0.023 0.005 0.001 0.002 0.124 0.001]	[-0.151 -0.003  0.028  0.009 -0.003 -0.003  0.128 -0.003]	0.43	0.02	0.07	1.18	1.97	1.09	0.22	0.11	0.13	0.04	0.2		0.4054711703700987	0.2	False	0.639
7	['Pt', 'Pd', 'Au', 'Ru', 'Rh', 'Ir', 'Re', 'Os']	16	[0.96  0.001 0.042 0.    0.001 0.001 0.    0.   ]	[ 0.118 -0.052  0.005 -0.036 -0.052 -0.052 -0.048  0.119]	0.43	0.02	0.07	1.18	1.97	1.09	0.22	0.11	0.13	0.04	0.2		0.3833978260983475	0.2	False	0.715
0	['Pt', 'Pd', 'Au', 'Ru', 'Rh', 'Ir', 'Re', 'Os']	17	[0.398 0.012 0.157 0.038 0.104 0.106 0.079 0.106]	[-0.017 -0.032 -0.164 -0.003  0.057  0.058  0.043  0.057]	0.43	0.02	0.07	1.18	1.97	1.09	0.22	0.11	0.13	0.04	0.2		0.4976295832938315	0.2	False	0.33
1	['Pt', 'Pd', 'Au', 'Ru', 'Rh', 'Ir', 'Re', 'Os']	17	[0.83  0.124 0.023 0.017 0.    0.003 0.003 0.001]	[-0.145  0.134  0.031  0.012 -0.007 -0.011 -0.005 -0.007]	0.43	0.02	0.07	1.18	1.97	1.09	0.22	0.11	0.13	0.04	0.2		0.4584042966927495	0.2	False	0.577
2	['Pt', 'Pd', 'Au', 'Ru', 'Rh', 'Ir', 'Re', 'Os']	17	[0.942 0.    0.049 0.005 0.    0.001 0.003 0.001]	[-0.15  -0.001  0.13   0.021 -0.001  0.    -0.001  0.   ]	0.43	0.02	0.07	1.18	1.97	1.09	0.22	0.11	0.13	0.04	0.2		0.3901480260574371	0.2	False	0.697
3	['Pt', 'Pd', 'Au', 'Ru', 'Rh', 'Ir', 'Re', 'Os']	17	[0.837 0.    0.004 0.149 0.    0.001 0.    0.001]	[-0.132 -0.009  0.027  0.147 -0.007 -0.007 -0.01  -0.009]	0.43	0.02	0.07	1.18	1.97	1.09	0.22	0.11	0.13	0.04	0.2		0.4035212065563476	0.2	False	0.648
4	['Pt', 'Pd', 'Au', 'Ru', 'Rh', 'Ir', 'Re', 'Os']	17	[0.864 0.    0.003 0.01  0.103 0.    0.    0.   ]	[-0.138 -0.01   0.029  0.007  0.139 -0.01  -0.008 -0.01 ]	0.43	0.02	0.07	1.18	1.97	1.09	0.22	0.11	0.13	0.04	0.2		0.38950035553539347	0.2	False	0.66
5	['Pt', 'Pd', 'Au', 'Ru', 'Rh', 'Ir', 'Re', 'Os']	17	[0.549 0.013 0.371 0.027 0.007 0.003 0.024 0.003]	[ 0.117  0.004 -0.159  0.031  0.004 -0.006  0.009  0.001]	0.43	0.02	0.07	1.18	1.97	1.09	0.22	0.11	0.13	0.04	0.2		0.7266252182716457	0.2	False	0.334
6	['Pt', 'Pd', 'Au', 'Ru', 'Rh', 'Ir', 'Re', 'Os']	17	[0.947 0.    0.045 0.003 0.001 0.    0.005 0.001]	[ 0.104 -0.053  0.005 -0.026 -0.053 -0.053  0.13  -0.053]	0.43	0.02	0.07	1.18	1.97	1.09	0.22	0.11	0.13	0.04	0.2		0.38767224853011684	0.2	False	0.703
7	['Pt', 'Pd', 'Au', 'Ru', 'Rh', 'Ir', 'Re', 'Os']	17	[0.827 0.    0.03  0.014 0.    0.    0.002 0.13 ]	[-0.146 -0.007  0.029  0.01  -0.007 -0.007 -0.005  0.132]	0.43	0.02	0.07	1.18	1.97	1.09	0.22	0.11	0.13	0.04	0.2		0.43277670439708005	0.2	False	0.603
0	['Pt', 'Pd', 'Au', 'Ru', 'Rh', 'Ir', 'Re', 'Os']	18	[0.415 0.009 0.022 0.018 0.142 0.144 0.109 0.143]	[-0.028 -0.054  0.174 -0.076 -0.001 -0.001 -0.011 -0.002]	0.43	0.02	0.07	1.18	1.97	1.09	0.22	0.11	0.13	0.04	0.2		0.3872900411010789	0.199	False	0.441
1	['Pt', 'Pd', 'Au', 'Ru', 'Rh', 'Ir', 'Re', 'Os']	18	[0.944 0.001 0.047 0.001 0.003 0.001 0.002 0.001]	[ 0.116  0.123 -0.002 -0.034 -0.049 -0.05  -0.055 -0.049]	0.43	0.02	0.07	1.18	1.97	1.09	0.22	0.11	0.13	0.04	0.2		0.3891060536898789	0.2	False	0.699
2	['Pt', 'Pd', 'Au', 'Ru', 'Rh', 'Ir', 'Re', 'Os']	18	[0.865 0.007 0.082 0.02  0.009 0.007 0.001 0.007]	[-0.163  0.006  0.113  0.021  0.007  0.007  0.004  0.007]	0.43	0.02	0.07	1.18	1.97	1.09	0.22	0.11	0.13	0.04	0.2		0.4293733362258508	0.2	False	0.617
3	['Pt', 'Pd', 'Au', 'Ru', 'Rh', 'Ir', 'Re', 'Os']	18	[0.958 0.    0.032 0.    0.    0.    0.    0.   ]	[ 0.126 -0.002  0.033 -0.152 -0.001 -0.001 -0.002 -0.   ]	0.43	0.02	0.07	1.18	1.97	1.09	0.22	0.11	0.13	0.04	0.2		0.3818394006807077	0.2	False	0.717
4	['Pt', 'Pd', 'Au', 'Ru', 'Rh', 'Ir', 'Re', 'Os']	18	[0.961 0.002 0.007 0.003 0.007 0.    0.    0.   ]	[-0.15  -0.005  0.031  0.009  0.128 -0.003 -0.006 -0.003]	0.43	0.02	0.07	1.18	1.97	1.09	0.22	0.11	0.13	0.04	0.2		0.3758406681303576	0.2	False	0.729
5	['Pt', 'Pd', 'Au', 'Ru', 'Rh', 'Ir', 'Re', 'Os']	18	[0.693 0.017 0.234 0.007 0.008 0.004 0.035 0.   ]	[ 0.143  0.003 -0.138 -0.021  0.     0.005  0.01  -0.004]	0.43	0.02	0.07	1.18	1.97	1.09	0.22	0.11	0.13	0.04	0.2		0.6036542511159406	0.2	False	0.433
6	['Pt', 'Pd', 'Au', 'Ru', 'Rh', 'Ir', 'Re', 'Os']	18	[0.837 0.    0.036 0.01  0.001 0.001 0.116 0.   ]	[-0.153 -0.003  0.031  0.009 -0.003 -0.002  0.125 -0.002]	0.43	0.02	0.07	1.18	1.97	1.09	0.22	0.11	0.13	0.04	0.2		0.4129224937311854	0.2	False	0.627
7	['Pt', 'Pd', 'Au', 'Ru', 'Rh', 'Ir', 'Re', 'Os']	18	[0.941 0.    0.057 0.002 0.    0.    0.    0.   ]	[ 0.116 -0.051  0.002 -0.034 -0.05  -0.05  -0.054  0.122]	0.43	0.02	0.07	1.18	1.97	1.09	0.22	0.11	0.13	0.04	0.2		0.39240315993156627	0.2	False	0.693
0	['Pt', 'Pd', 'Au', 'Ru', 'Rh', 'Ir', 'Re', 'Os']	19	[0.371 0.028 0.13  0.025 0.121 0.124 0.081 0.122]	[-0.039 -0.073  0.178 -0.034 -0.006 -0.004 -0.016 -0.006]	0.43	0.02	0.07	1.18	1.97	1.09	0.22	0.11	0.13	0.04	0.2		0.471989099012069	0.199	False	0.341
1	['Pt', 'Pd', 'Au', 'Ru', 'Rh', 'Ir', 'Re', 'Os']	19	[0.835 0.114 0.03  0.014 0.    0.002 0.003 0.002]	[-0.151  0.127  0.033  0.008 -0.004 -0.004 -0.006 -0.004]	0.43	0.02	0.07	1.18	1.97	1.09	0.22	0.11	0.13	0.04	0.2		0.45654338689403384	0.2	False	0.58
2	['Pt', 'Pd', 'Au', 'Ru', 'Rh', 'Ir', 'Re', 'Os']	19	[0.96  0.    0.037 0.    0.    0.    0.    0.   ]	[-0.153  0.006  0.127 -0.009  0.005  0.005  0.015  0.005]	0.43	0.02	0.07	1.18	1.97	1.09	0.22	0.11	0.13	0.04	0.2		0.3823191380297018	0.2	False	0.717
3	['Pt', 'Pd', 'Au', 'Ru', 'Rh', 'Ir', 'Re', 'Os']	19	[0.834 0.    0.018 0.136 0.    0.    0.003 0.   ]	[-0.142 -0.005  0.029  0.138 -0.004 -0.004 -0.006 -0.004]	0.43	0.02	0.07	1.18	1.97	1.09	0.22	0.11	0.13	0.04	0.2		0.4106033561261663	0.2	False	0.636
4	['Pt', 'Pd', 'Au', 'Ru', 'Rh', 'Ir', 'Re', 'Os']	19	[0.832 0.001 0.004 0.011 0.128 0.002 0.001 0.002]	[-0.148 -0.006  0.03   0.008  0.13  -0.004 -0.007 -0.004]	0.43	0.02	0.07	1.18	1.97	1.09	0.22	0.11	0.13	0.04	0.2		0.3940081755913233	0.2	False	0.639
5	['Pt', 'Pd', 'Au', 'Ru', 'Rh', 'Ir', 'Re', 'Os']	19	[0.832 0.013 0.093 0.013 0.    0.004 0.04  0.001]	[ 0.14  -0.004 -0.142  0.015 -0.008 -0.003  0.005 -0.005]	0.43	0.02	0.07	1.18	1.97	1.09	0.22	0.11	0.13	0.04	0.2		0.4495182786376175	0.2	False	0.586
6	['Pt', 'Pd', 'Au', 'Ru', 'Rh', 'Ir', 'Re', 'Os']	19	[0.941 0.    0.057 0.004 0.    0.    0.    0.   ]	[ 0.116 -0.053  0.006 -0.034 -0.052 -0.052  0.12  -0.052]	0.43	0.02	0.07	1.18	1.97	1.09	0.22	0.11	0.13	0.04	0.2		0.3923925765393435	0.2	False	0.693
7	['Pt', 'Pd', 'Au', 'Ru', 'Rh', 'Ir', 'Re', 'Os']	19	[0.836 0.001 0.039 0.011 0.001 0.001 0.003 0.111]	[-0.151 -0.004  0.034  0.008 -0.003 -0.003 -0.006  0.125]	0.43	0.02	0.07	1.18	1.97	1.09	0.22	0.11	0.13	0.04	0.2		0.4324037848171176	0.2	False	0.605
0	['Pt', 'Pd', 'Au', 'Ru', 'Rh', 'Ir', 'Re', 'Os']	20	[0.36  0.018 0.042 0.011 0.155 0.159 0.101 0.155]	[-0.049 -0.048  0.167 -0.085  0.008  0.009 -0.01   0.007]	0.43	0.02	0.07	1.18	1.97	1.09	0.22	0.11	0.13	0.04	0.2		0.38002546895398004	0.2	False	0.428
1	['Pt', 'Pd', 'Au', 'Ru', 'Rh', 'Ir', 'Re', 'Os']	20	[0.939 0.006 0.048 0.    0.002 0.001 0.001 0.001]	[ 0.114  0.124  0.003 -0.033 -0.049 -0.049 -0.061 -0.049]	0.43	0.02	0.07	1.18	1.97	1.09	0.22	0.11	0.13	0.04	0.2		0.391929877919415	0.201	False	0.693
2	['Pt', 'Pd', 'Au', 'Ru', 'Rh', 'Ir', 'Re', 'Os']	20	[0.842 0.005 0.099 0.028 0.005 0.007 0.003 0.007]	[-0.162  0.005  0.115  0.023  0.005  0.006  0.003  0.006]	0.43	0.02	0.07	1.18	1.97	1.09	0.22	0.11	0.13	0.04	0.2		0.4458126732123326	0.2	False	0.593
3	['Pt', 'Pd', 'Au', 'Ru', 'Rh', 'Ir', 'Re', 'Os']	20	[0.944 0.    0.041 0.001 0.    0.    0.003 0.   ]	[ 0.108 -0.046 -0.     0.13  -0.046 -0.045 -0.056 -0.045]	0.43	0.02	0.07	1.18	1.97	1.09	0.22	0.11	0.13	0.04	0.2		0.3877476516881381	0.2	False	0.702
4	['Pt', 'Pd', 'Au', 'Ru', 'Rh', 'Ir', 'Re', 'Os']	20	[0.95  0.    0.029 0.003 0.    0.    0.    0.   ]	[ 0.117 -0.05  -0.003 -0.032  0.122 -0.05  -0.053 -0.05 ]	0.43	0.02	0.07	1.18	1.97	1.09	0.22	0.11	0.13	0.04	0.2		0.38341078785864513	0.199	False	0.711
5	['Pt', 'Pd', 'Au', 'Ru', 'Rh', 'Ir', 'Re', 'Os']	20	[0.941 0.011 0.025 0.001 0.    0.001 0.017 0.   ]	[ 0.124 -0.043  0.12  -0.029 -0.045 -0.049 -0.032 -0.046]	0.43	0.02	0.07	1.18	1.97	1.09	0.22	0.11	0.13	0.04	0.2		0.38645141671024974	0.2	False	0.702
6	['Pt', 'Pd', 'Au', 'Ru', 'Rh', 'Ir', 'Re', 'Os']	20	[0.838 0.001 0.038 0.009 0.001 0.001 0.116 0.001]	[-0.15  -0.004  0.032  0.008 -0.004 -0.004  0.128 -0.004]	0.43	0.02	0.07	1.18	1.97	1.09	0.22	0.11	0.13	0.04	0.2		0.4136897792880645	0.2	False	0.626
7	['Pt', 'Pd', 'Au', 'Ru', 'Rh', 'Ir', 'Re', 'Os']	20	[0.935 0.001 0.054 0.005 0.001 0.001 0.001 0.006]	[ 0.112 -0.05   0.005 -0.032 -0.05  -0.049 -0.06   0.124]	0.43	0.02	0.07	1.18	1.97	1.09	0.22	0.11	0.13	0.04	0.2		0.39404925697233756	0.2	False	0.688
0	['Pt', 'Pd', 'Au', 'Ru', 'Rh', 'Ir', 'Re', 'Os']	21	[0.417 0.016 0.104 0.011 0.128 0.132 0.067 0.126]	[ 0.08  -0.064  0.154 -0.026 -0.033 -0.033 -0.042 -0.036]	0.43	0.02	0.07	1.18	1.97	1.09	0.22	0.11	0.13	0.04	0.2		0.465647965106824	0.201	False	0.37
1	['Pt', 'Pd', 'Au', 'Ru', 'Rh', 'Ir', 'Re', 'Os']	21	[0.842 0.101 0.049 0.001 0.001 0.001 0.003 0.001]	[-0.169  0.102  0.024  0.008  0.01   0.01   0.005  0.01 ]	0.43	0.02	0.07	1.18	1.97	1.09	0.22	0.11	0.13	0.04	0.2		0.45739957510290497	0.2	False	0.581
2	['Pt', 'Pd', 'Au', 'Ru', 'Rh', 'Ir', 'Re', 'Os']	21	[0.964 0.009 0.002 0.003 0.008 0.005 0.001 0.005]	[-0.162  0.022 -0.064  0.014  0.049  0.049  0.042  0.049]	0.43	0.02	0.07	1.18	1.97	1.09	0.22	0.11	0.13	0.04	0.2		0.37500799878602353	0.2	False	0.73
3	['Pt', 'Pd', 'Au', 'Ru', 'Rh', 'Ir', 'Re', 'Os']	21	[0.833 0.004 0.032 0.109 0.003 0.005 0.001 0.003]	[-0.164 -0.001  0.023  0.109  0.01   0.011  0.004  0.01 ]	0.43	0.02	0.07	1.18	1.97	1.09	0.22	0.11	0.13	0.04	0.2		0.4192228307718323	0.199	False	0.622
4	['Pt', 'Pd', 'Au', 'Ru', 'Rh', 'Ir', 'Re', 'Os']	21	[0.828 0.005 0.023 0.002 0.116 0.002 0.002 0.003]	[-0.165 -0.001  0.021  0.008  0.111  0.011  0.005  0.01 ]	0.43	0.02	0.07	1.18	1.97	1.09	0.22	0.11	0.13	0.04	0.2		0.40535231491164025	0.2	False	0.623
5	['Pt', 'Pd', 'Au', 'Ru', 'Rh', 'Ir', 'Re', 'Os']	21	[0.849 0.002 0.087 0.01  0.014 0.015 0.003 0.014]	[-0.169  0.     0.1    0.016  0.018  0.02  -0.005  0.018]	0.43	0.02	0.07	1.18	1.97	1.09	0.22	0.11	0.13	0.04	0.2		0.4358087727162583	0.2	False	0.603
6	['Pt', 'Pd', 'Au', 'Ru', 'Rh', 'Ir', 'Re', 'Os']	21	[0.957 0.    0.035 0.001 0.001 0.001 0.009 0.   ]	[ 0.145 -0.054 -0.026 -0.04  -0.036 -0.036  0.096 -0.05 ]	0.43	0.02	0.07	1.18	1.97	1.09	0.22	0.11	0.13	0.04	0.2		0.38240692795209336	0.201	False	0.715
7	['Pt', 'Pd', 'Au', 'Ru', 'Rh', 'Ir', 'Re', 'Os']	21	[0.842 0.003 0.044 0.002 0.003 0.005 0.004 0.102]	[-0.164 -0.002  0.024  0.007  0.009  0.01   0.004  0.111]	0.43	0.02	0.07	1.18	1.97	1.09	0.22	0.11	0.13	0.04	0.2		0.43159529849654543	0.2	False	0.607
0	['Pt', 'Pd', 'Au', 'Ru', 'Rh', 'Ir', 'Re', 'Os']	22	[0.421 0.008 0.063 0.001 0.147 0.152 0.065 0.143]	[-0.025 -0.073  0.178 -0.033 -0.004 -0.003 -0.034 -0.007]	0.43	0.02	0.07	1.18	1.97	1.09	0.22	0.11	0.13	0.04	0.2		0.42403304655968876	0.2	False	0.413
1	['Pt', 'Pd', 'Au', 'Ru', 'Rh', 'Ir', 'Re', 'Os']	22	[0.925 0.007 0.055 0.011 0.    0.    0.002 0.   ]	[ 0.109  0.126  0.008 -0.031 -0.052 -0.052 -0.057 -0.052]	0.43	0.02	0.07	1.18	1.97	1.09	0.22	0.11	0.13	0.04	0.2		0.3985665469551826	0.2	False	0.678
2	['Pt', 'Pd', 'Au', 'Ru', 'Rh', 'Ir', 'Re', 'Os']	22	[0.836 0.001 0.145 0.012 0.001 0.    0.002 0.   ]	[-0.153  0.     0.126  0.023  0.001  0.     0.002  0.   ]	0.43	0.02	0.07	1.18	1.97	1.09	0.22	0.11	0.13	0.04	0.2		0.46528105964424255	0.2	False	0.577
3	['Pt', 'Pd', 'Au', 'Ru', 'Rh', 'Ir', 'Re', 'Os']	22	[0.921 0.001 0.048 0.021 0.    0.    0.    0.   ]	[ 0.098 -0.054  0.011  0.135 -0.044 -0.054 -0.047 -0.044]	0.43	0.02	0.07	1.18	1.97	1.09	0.22	0.11	0.13	0.04	0.2		0.39680052943923405	0.2	False	0.68
4	['Pt', 'Pd', 'Au', 'Ru', 'Rh', 'Ir', 'Re', 'Os']	22	[0.929 0.003 0.042 0.004 0.002 0.    0.001 0.   ]	[ 0.111 -0.062  0.007 -0.029  0.124 -0.049 -0.052 -0.049]	0.43	0.02	0.07	1.18	1.97	1.09	0.22	0.11	0.13	0.04	0.2		0.3931037768289038	0.2	False	0.688
5	['Pt', 'Pd', 'Au', 'Ru', 'Rh', 'Ir', 'Re', 'Os']	22	[0.957 0.001 0.028 0.005 0.    0.002 0.001 0.001]	[ 0.127 -0.047  0.117 -0.027 -0.041 -0.044 -0.043 -0.042]	0.43	0.02	0.07	1.18	1.97	1.09	0.22	0.11	0.13	0.04	0.2		0.3813216245071832	0.2	False	0.717
6	['Pt', 'Pd', 'Au', 'Ru', 'Rh', 'Ir', 'Re', 'Os']	22	[0.835 0.001 0.037 0.008 0.001 0.001 0.121 0.   ]	[-0.153 -0.002  0.031  0.01  -0.003 -0.003  0.124 -0.003]	0.43	0.02	0.07	1.18	1.97	1.09	0.22	0.11	0.13	0.04	0.2		0.4136056153298417	0.2	False	0.625
7	['Pt', 'Pd', 'Au', 'Ru', 'Rh', 'Ir', 'Re', 'Os']	22	[0.93  0.002 0.054 0.01  0.001 0.    0.001 0.008]	[ 0.11  -0.047  0.011 -0.028 -0.049 -0.061 -0.059  0.124]	0.43	0.02	0.07	1.18	1.97	1.09	0.22	0.11	0.13	0.04	0.2		0.3960731634666022	0.2	False	0.683
0	['Pt', 'Pd', 'Au', 'Ru', 'Rh', 'Ir', 'Re', 'Os']	23	[0.399 0.031 0.09  0.006 0.147 0.151 0.036 0.139]	[-0.029 -0.075  0.175 -0.031  0.002  0.001 -0.039 -0.004]	0.43	0.02	0.07	1.18	1.97	1.09	0.22	0.11	0.13	0.04	0.2		0.4625380929034867	0.2	False	0.376
1	['Pt', 'Pd', 'Au', 'Ru', 'Rh', 'Ir', 'Re', 'Os']	23	[0.857 0.104 0.037 0.    0.    0.001 0.001 0.001]	[-0.151  0.126  0.033  0.007 -0.004 -0.003 -0.006 -0.003]	0.43	0.02	0.07	1.18	1.97	1.09	0.22	0.11	0.13	0.04	0.2		0.44486590122249287	0.2	False	0.598
2	['Pt', 'Pd', 'Au', 'Ru', 'Rh', 'Ir', 'Re', 'Os']	23	[0.976 0.002 0.016 0.001 0.    0.    0.002 0.   ]	[-0.15   0.037 -0.088  0.054  0.038  0.038  0.034  0.038]	0.43	0.02	0.07	1.18	1.97	1.09	0.22	0.11	0.13	0.04	0.2		0.37428418902429944	0.2	False	0.738
3	['Pt', 'Pd', 'Au', 'Ru', 'Rh', 'Ir', 'Re', 'Os']	23	[0.866 0.002 0.026 0.093 0.001 0.    0.002 0.001]	[-0.146 -0.004  0.031  0.133 -0.003 -0.002 -0.005 -0.003]	0.43	0.02	0.07	1.18	1.97	1.09	0.22	0.11	0.13	0.04	0.2		0.4064680274027929	0.2	False	0.649
4	['Pt', 'Pd', 'Au', 'Ru', 'Rh', 'Ir', 'Re', 'Os']	23	[0.846 0.001 0.015 0.011 0.106 0.    0.001 0.   ]	[-0.151 -0.004  0.03   0.009  0.127 -0.003 -0.005 -0.003]	0.43	0.02	0.07	1.18	1.97	1.09	0.22	0.11	0.13	0.04	0.2		0.39770834272104844	0.2	False	0.641
5	['Pt', 'Pd', 'Au', 'Ru', 'Rh', 'Ir', 'Re', 'Os']	23	[0.853 0.001 0.122 0.013 0.001 0.004 0.001 0.001]	[-0.156  0.003  0.124  0.016  0.002  0.006 -0.001  0.003]	0.43	0.02	0.07	1.18	1.97	1.09	0.22	0.11	0.13	0.04	0.2		0.447626514825686	0.2	False	0.597
6	['Pt', 'Pd', 'Au', 'Ru', 'Rh', 'Ir', 'Re', 'Os']	23	[0.941 0.    0.057 0.003 0.    0.001 0.001 0.   ]	[ 0.117 -0.053  0.004 -0.033 -0.053 -0.051  0.12  -0.051]	0.43	0.02	0.07	1.18	1.97	1.09	0.22	0.11	0.13	0.04	0.2		0.3923056864641652	0.2	False	0.693
7	['Pt', 'Pd', 'Au', 'Ru', 'Rh', 'Ir', 'Re', 'Os']	23	[0.854 0.001 0.04  0.001 0.001 0.001 0.002 0.107]	[-0.151 -0.005  0.033  0.007 -0.004 -0.003 -0.005  0.127]	0.43	0.02	0.07	1.18	1.97	1.09	0.22	0.11	0.13	0.04	0.2		0.425063724024384	0.2	False	0.619
0	['Pt', 'Pd', 'Au', 'Ru', 'Rh', 'Ir', 'Re', 'Os']	24	[0.383 0.007 0.075 0.001 0.174 0.179 0.02  0.161]	[-0.051 -0.062  0.173 -0.031  0.01   0.011 -0.051  0.003]	0.43	0.02	0.07	1.18	1.97	1.09	0.22	0.11	0.13	0.04	0.2		0.4137987401818821	0.2	False	0.421
1	['Pt', 'Pd', 'Au', 'Ru', 'Rh', 'Ir', 'Re', 'Os']	24	[0.946 0.001 0.042 0.009 0.001 0.001 0.    0.001]	[ 0.114  0.122  0.005 -0.03  -0.053 -0.053 -0.054 -0.051]	0.43	0.02	0.07	1.18	1.97	1.09	0.22	0.11	0.13	0.04	0.2		0.3874914686330843	0.2	False	0.703
2	['Pt', 'Pd', 'Au', 'Ru', 'Rh', 'Ir', 'Re', 'Os']	24	[0.828 0.    0.135 0.022 0.003 0.004 0.001 0.004]	[-0.157  0.004  0.123  0.02   0.004  0.005 -0.002  0.005]	0.43	0.02	0.07	1.18	1.97	1.09	0.22	0.11	0.13	0.04	0.2		0.46528310380680715	0.2	False	0.573
3	['Pt', 'Pd', 'Au', 'Ru', 'Rh', 'Ir', 'Re', 'Os']	24	[0.944 0.    0.021 0.021 0.001 0.001 0.002 0.001]	[ 0.106 -0.047  0.002  0.131 -0.047 -0.047 -0.049 -0.047]	0.43	0.02	0.07	1.18	1.97	1.09	0.22	0.11	0.13	0.04	0.2		0.3829936251946753	0.199	False	0.71
4	['Pt', 'Pd', 'Au', 'Ru', 'Rh', 'Ir', 'Re', 'Os']	24	[0.942 0.002 0.023 0.004 0.008 0.    0.    0.   ]	[ 0.114 -0.051  0.    -0.033  0.124 -0.051 -0.052 -0.051]	0.43	0.02	0.07	1.18	1.97	1.09	0.22	0.11	0.13	0.04	0.2		0.38414504887346834	0.2	False	0.706
5	['Pt', 'Pd', 'Au', 'Ru', 'Rh', 'Ir', 'Re', 'Os']	24	[0.99  0.    0.006 0.    0.    0.    0.    0.   ]	[-0.149  0.     0.132  0.016  0.001 -0.002  0.001  0.   ]	0.43	0.02	0.07	1.18	1.97	1.09	0.22	0.11	0.13	0.04	0.2		0.3690846901611019	0.2	False	0.754
6	['Pt', 'Pd', 'Au', 'Ru', 'Rh', 'Ir', 'Re', 'Os']	24	[0.837 0.001 0.04  0.011 0.    0.001 0.112 0.001]	[-0.151 -0.004  0.034  0.008 -0.005 -0.005  0.127 -0.004]	0.43	0.02	0.07	1.18	1.97	1.09	0.22	0.11	0.13	0.04	0.2		0.415366107619973	0.2	False	0.624
7	['Pt', 'Pd', 'Au', 'Ru', 'Rh', 'Ir', 'Re', 'Os']	24	[0.944 0.001 0.048 0.008 0.001 0.001 0.001 0.001]	[ 0.113 -0.052  0.006 -0.031 -0.053 -0.052 -0.054  0.123]	0.43	0.02	0.07	1.18	1.97	1.09	0.22	0.11	0.13	0.04	0.2		0.38944171257344	0.2	False	0.699
0	['Pt', 'Pd', 'Au', 'Ru', 'Rh', 'Ir', 'Re', 'Os']	25	[0.343 0.023 0.07  0.009 0.189 0.195 0.003 0.169]	[-0.056 -0.07   0.163 -0.029  0.02   0.021 -0.059  0.01 ]	0.43	0.02	0.07	1.18	1.97	1.09	0.22	0.11	0.13	0.04	0.2		0.40279227198952333	0.2	False	0.428
1	['Pt', 'Pd', 'Au', 'Ru', 'Rh', 'Ir', 'Re', 'Os']	25	[0.84  0.123 0.034 0.003 0.    0.    0.002 0.   ]	[-0.151  0.127  0.032  0.008 -0.003 -0.003 -0.005 -0.003]	0.43	0.02	0.07	1.18	1.97	1.09	0.22	0.11	0.13	0.04	0.2		0.4576850016344707	0.2	False	0.581
2	['Pt', 'Pd', 'Au', 'Ru', 'Rh', 'Ir', 'Re', 'Os']	25	[0.98  0.001 0.011 0.003 0.    0.    0.    0.   ]	[ 0.156 -0.003 -0.122 -0.031  0.001  0.001 -0.001  0.001]	0.43	0.02	0.07	1.18	1.97	1.09	0.22	0.11	0.13	0.04	0.2		0.3723096396320881	0.2	False	0.743
3	['Pt', 'Pd', 'Au', 'Ru', 'Rh', 'Ir', 'Re', 'Os']	25	[0.865 0.    0.001 0.125 0.    0.    0.    0.001]	[-0.15  -0.     0.025  0.129 -0.001 -0.001  0.001 -0.002]	0.43	0.02	0.07	1.18	1.97	1.09	0.22	0.11	0.13	0.04	0.2		0.3961766148309042	0.2	False	0.665
4	['Pt', 'Pd', 'Au', 'Ru', 'Rh', 'Ir', 'Re', 'Os']	25	[0.843 0.001 0.011 0.009 0.113 0.001 0.    0.001]	[-0.151 -0.004  0.03   0.008  0.127 -0.003 -0.005 -0.003]	0.43	0.02	0.07	1.18	1.97	1.09	0.22	0.11	0.13	0.04	0.2		0.39618229015775985	0.2	False	0.641
5	['Pt', 'Pd', 'Au', 'Ru', 'Rh', 'Ir', 'Re', 'Os']	25	[0.817 0.    0.157 0.017 0.    0.003 0.    0.   ]	[-0.151  0.001  0.13   0.015  0.001  0.004  0.001  0.002]	0.43	0.02	0.07	1.18	1.97	1.09	0.22	0.11	0.13	0.04	0.2		0.4800856891097951	0.2	False	0.558
6	['Pt', 'Pd', 'Au', 'Ru', 'Rh', 'Ir', 'Re', 'Os']	25	[0.937 0.    0.06  0.002 0.    0.001 0.002 0.001]	[ 0.113 -0.053  0.008 -0.036 -0.052 -0.052  0.123 -0.052]	0.43	0.02	0.07	1.18	1.97	1.09	0.22	0.11	0.13	0.04	0.2		0.39435889081145264	0.2	False	0.689
7	['Pt', 'Pd', 'Au', 'Ru', 'Rh', 'Ir', 'Re', 'Os']	25	[0.839 0.002 0.038 0.005 0.001 0.001 0.    0.12 ]	[-0.153 -0.004  0.033  0.008 -0.003 -0.003 -0.005  0.126]	0.43	0.02	0.07	1.18	1.97	1.09	0.22	0.11	0.13	0.04	0.2		0.43133007418560215	0.201	False	0.608
0	['Pt', 'Pd', 'Au', 'Ru', 'Rh', 'Ir', 'Re', 'Os']	26	[0.243 0.011 0.177 0.049 0.178 0.183 0.017 0.146]	[-0.131  0.002  0.137  0.048 -0.016 -0.017  0.008 -0.031]	0.43	0.02	0.07	1.18	1.97	1.09	0.22	0.11	0.13	0.04	0.2		0.34258239634697646	0.2	False	0.392
1	['Pt', 'Pd', 'Au', 'Ru', 'Rh', 'Ir', 'Re', 'Os']	26	[0.943 0.005 0.05  0.    0.002 0.    0.    0.   ]	[ 0.119  0.119  0.003 -0.032 -0.052 -0.051 -0.055 -0.051]	0.43	0.02	0.07	1.18	1.97	1.09	0.22	0.11	0.13	0.04	0.2		0.3909606120715988	0.2	False	0.696
2	['Pt', 'Pd', 'Au', 'Ru', 'Rh', 'Ir', 'Re', 'Os']	26	[0.808 0.014 0.076 0.033 0.017 0.017 0.014 0.017]	[-0.179  0.014  0.077  0.032  0.015  0.015  0.013  0.015]	0.43	0.02	0.07	1.18	1.97	1.09	0.22	0.11	0.13	0.04	0.2		0.4536239217860365	0.2	False	0.57
3	['Pt', 'Pd', 'Au', 'Ru', 'Rh', 'Ir', 'Re', 'Os']	26	[0.971 0.    0.016 0.001 0.001 0.001 0.    0.   ]	[ 0.111 -0.048 -0.004  0.128 -0.046 -0.046 -0.049 -0.046]	0.43	0.02	0.07	1.18	1.97	1.09	0.22	0.11	0.13	0.04	0.2		0.37515832788600345	0.2	False	0.734
4	['Pt', 'Pd', 'Au', 'Ru', 'Rh', 'Ir', 'Re', 'Os']	26	[0.945 0.    0.024 0.006 0.002 0.001 0.    0.001]	[ 0.115 -0.051  0.    -0.033  0.122 -0.05  -0.053 -0.05 ]	0.43	0.02	0.07	1.18	1.97	1.09	0.22	0.11	0.13	0.04	0.2		0.38355933313955476	0.199	False	0.709
5	['Pt', 'Pd', 'Au', 'Ru', 'Rh', 'Ir', 'Re', 'Os']	26	[0.967 0.    0.026 0.    0.    0.    0.    0.001]	[ 0.15  -0.001 -0.131 -0.018 -0.001  0.002 -0.001  0.   ]	0.43	0.02	0.07	1.18	1.97	1.09	0.22	0.11	0.13	0.04	0.2		0.3782656375199881	0.2	False	0.727
6	['Pt', 'Pd', 'Au', 'Ru', 'Rh', 'Ir', 'Re', 'Os']	26	[0.839 0.001 0.041 0.013 0.001 0.001 0.107 0.001]	[-0.152 -0.004  0.034  0.009 -0.004 -0.003  0.125 -0.003]	0.43	0.02	0.07	1.18	1.97	1.09	0.22	0.11	0.13	0.04	0.2		0.41550304879627364	0.2	False	0.624
7	['Pt', 'Pd', 'Au', 'Ru', 'Rh', 'Ir', 'Re', 'Os']	26	[0.941 0.    0.059 0.004 0.    0.001 0.    0.001]	[ 0.113 -0.052  0.007 -0.033 -0.052 -0.051 -0.054  0.122]	0.43	0.02	0.07	1.18	1.97	1.09	0.22	0.11	0.13	0.04	0.2		0.39285020026327383	0.2	False	0.693
0	['Pt', 'Pd', 'Au', 'Ru', 'Rh', 'Ir', 'Re', 'Os']	27	[0.34  0.014 0.009 0.034 0.206 0.211 0.024 0.166]	[ 0.097  0.003 -0.168 -0.015  0.028  0.028  0.007  0.02 ]	0.43	0.02	0.07	1.18	1.97	1.09	0.22	0.11	0.13	0.04	0.2		0.3452425529561576	0.2	False	0.483
1	['Pt', 'Pd', 'Au', 'Ru', 'Rh', 'Ir', 'Re', 'Os']	27	[0.836 0.103 0.045 0.001 0.001 0.001 0.012 0.001]	[-0.17   0.1    0.015  0.014  0.014  0.015  0.     0.012]	0.43	0.02	0.07	1.18	1.97	1.09	0.22	0.11	0.13	0.04	0.2		0.45910262881367947	0.2	False	0.577
2	['Pt', 'Pd', 'Au', 'Ru', 'Rh', 'Ir', 'Re', 'Os']	27	[0.966 0.    0.017 0.005 0.003 0.001 0.    0.003]	[ 0.156 -0.041  0.074 -0.056 -0.018 -0.017 -0.041 -0.057]	0.43	0.02	0.07	1.18	1.97	1.09	0.22	0.11	0.13	0.04	0.2		0.37659219582896525	0.201	False	0.729
3	['Pt', 'Pd', 'Au', 'Ru', 'Rh', 'Ir', 'Re', 'Os']	27	[0.815 0.004 0.016 0.13  0.007 0.008 0.004 0.005]	[-0.165  0.001  0.011  0.11   0.014  0.015  0.001  0.012]	0.43	0.02	0.07	1.18	1.97	1.09	0.22	0.11	0.13	0.04	0.2		0.41662064431363866	0.2	False	0.619
4	['Pt', 'Pd', 'Au', 'Ru', 'Rh', 'Ir', 'Re', 'Os']	27	[0.837 0.004 0.012 0.    0.117 0.    0.004 0.004]	[-0.164  0.001  0.012  0.013  0.111  0.015  0.001  0.012]	0.43	0.02	0.07	1.18	1.97	1.09	0.22	0.11	0.13	0.04	0.2		0.3988614911945926	0.2	False	0.635
5	['Pt', 'Pd', 'Au', 'Ru', 'Rh', 'Ir', 'Re', 'Os']	27	[0.826 0.    0.101 0.018 0.016 0.02  0.    0.013]	[-0.167  0.001  0.106  0.015  0.014  0.017  0.001  0.012]	0.43	0.02	0.07	1.18	1.97	1.09	0.22	0.11	0.13	0.04	0.2		0.4499718493079671	0.2	False	0.581
6	['Pt', 'Pd', 'Au', 'Ru', 'Rh', 'Ir', 'Re', 'Os']	27	[0.688 0.045 0.12  0.041 0.026 0.025 0.029 0.029]	[-0.151  0.044  0.079  0.028  0.025  0.024 -0.078  0.028]	0.43	0.02	0.07	1.18	1.97	1.09	0.22	0.11	0.13	0.04	0.2		0.5595923307831187	0.2	False	0.444
7	['Pt', 'Pd', 'Au', 'Ru', 'Rh', 'Ir', 'Re', 'Os']	27	[0.835 0.003 0.045 0.001 0.002 0.004 0.005 0.11 ]	[-0.166  0.001  0.016  0.013  0.014  0.014 -0.     0.109]	0.43	0.02	0.07	1.18	1.97	1.09	0.22	0.11	0.13	0.04	0.2		0.43546137653865263	0.2	False	0.601
0	['Pt', 'Pd', 'Au', 'Ru', 'Rh', 'Ir', 'Re', 'Os']	28	[0.372 0.016 0.137 0.016 0.168 0.173 0.001 0.121]	[ 0.07  -0.048  0.155 -0.073 -0.017 -0.017 -0.044 -0.026]	0.43	0.02	0.07	1.18	1.97	1.09	0.22	0.11	0.13	0.04	0.2		0.4388814486614205	0.2	False	0.375
1	['Pt', 'Pd', 'Au', 'Ru', 'Rh', 'Ir', 'Re', 'Os']	28	[0.949 0.003 0.04  0.001 0.    0.    0.001 0.003]	[ 0.149  0.083 -0.013 -0.04  -0.035 -0.035 -0.071 -0.039]	0.43	0.02	0.07	1.18	1.97	1.09	0.22	0.11	0.13	0.04	0.2		0.3867802090530039	0.2	False	0.705
2	['Pt', 'Pd', 'Au', 'Ru', 'Rh', 'Ir', 'Re', 'Os']	28	[0.814 0.006 0.082 0.016 0.023 0.027 0.006 0.02 ]	[-0.177  0.006  0.082  0.019  0.022  0.023  0.006  0.02 ]	0.43	0.02	0.07	1.18	1.97	1.09	0.22	0.11	0.13	0.04	0.2		0.4486543004535778	0.2	False	0.575
3	['Pt', 'Pd', 'Au', 'Ru', 'Rh', 'Ir', 'Re', 'Os']	28	[0.948 0.006 0.027 0.003 0.    0.    0.004 0.   ]	[ 0.142 -0.021  0.017 -0.137  0.004  0.005 -0.012  0.002]	0.43	0.02	0.07	1.18	1.97	1.09	0.22	0.11	0.13	0.04	0.2		0.3844503746184664	0.2	False	0.708
4	['Pt', 'Pd', 'Au', 'Ru', 'Rh', 'Ir', 'Re', 'Os']	28	[0.954 0.001 0.009 0.001 0.001 0.003 0.001 0.007]	[ 0.14  -0.062 -0.015 -0.034  0.097 -0.029 -0.062 -0.034]	0.43	0.02	0.07	1.18	1.97	1.09	0.22	0.11	0.13	0.04	0.2		0.37837679518997525	0.2	False	0.721
5	['Pt', 'Pd', 'Au', 'Ru', 'Rh', 'Ir', 'Re', 'Os']	28	[0.896 0.001 0.094 0.001 0.001 0.    0.001 0.   ]	[ 0.174 -0.055  0.036 -0.031 -0.023 -0.017 -0.055 -0.03 ]	0.43	0.02	0.07	1.18	1.97	1.09	0.22	0.11	0.13	0.04	0.2		0.4189623594453647	0.2	False	0.642
6	['Pt', 'Pd', 'Au', 'Ru', 'Rh', 'Ir', 'Re', 'Os']	28	[0.771 0.002 0.122 0.016 0.004 0.007 0.078 0.002]	[ 0.117 -0.032  0.025 -0.05  -0.058 -0.059  0.111 -0.054]	0.43	0.02	0.07	1.18	1.97	1.09	0.22	0.11	0.13	0.04	0.2		0.4824980527400319	0.2	False	0.535
7	['Pt', 'Pd', 'Au', 'Ru', 'Rh', 'Ir', 'Re', 'Os']	28	[0.948 0.001 0.044 0.003 0.001 0.002 0.003 0.003]	[ 0.14  -0.055 -0.011 -0.038 -0.033 -0.033 -0.067  0.096]	0.43	0.02	0.07	1.18	1.97	1.09	0.22	0.11	0.13	0.04	0.2		0.3873648195193755	0.2	False	0.703
0	['Pt', 'Pd', 'Au', 'Ru', 'Rh', 'Ir', 'Re', 'Os']	29	[0.376 0.001 0.023 0.003 0.217 0.222 0.012 0.147]	[-0.04  -0.067  0.166 -0.026  0.023  0.023 -0.07  -0.009]	0.43	0.02	0.07	1.18	1.97	1.09	0.22	0.11	0.13	0.04	0.2		0.3582531229792635	0.2	False	0.488
1	['Pt', 'Pd', 'Au', 'Ru', 'Rh', 'Ir', 'Re', 'Os']	29	[0.833 0.117 0.028 0.013 0.002 0.002 0.    0.003]	[-0.152  0.125  0.03   0.009 -0.003 -0.003 -0.004 -0.003]	0.43	0.02	0.07	1.18	1.97	1.09	0.22	0.11	0.13	0.04	0.2		0.4576093367067092	0.2	False	0.578
2	['Pt', 'Pd', 'Au', 'Ru', 'Rh', 'Ir', 'Re', 'Os']	29	[0.946 0.006 0.029 0.    0.001 0.003 0.003 0.004]	[ 0.139 -0.048  0.101 -0.016 -0.043 -0.042 -0.046 -0.046]	0.43	0.02	0.07	1.18	1.97	1.09	0.22	0.11	0.13	0.04	0.2		0.3854925062160838	0.2	False	0.705
3	['Pt', 'Pd', 'Au', 'Ru', 'Rh', 'Ir', 'Re', 'Os']	29	[0.844 0.002 0.006 0.129 0.001 0.002 0.    0.004]	[-0.138 -0.013  0.028  0.14  -0.004 -0.002 -0.012 -0.001]	0.43	0.02	0.07	1.18	1.97	1.09	0.22	0.11	0.13	0.04	0.2		0.40447145627902703	0.2	False	0.646
4	['Pt', 'Pd', 'Au', 'Ru', 'Rh', 'Ir', 'Re', 'Os']	29	[0.833 0.001 0.    0.011 0.129 0.    0.002 0.   ]	[-0.15  -0.001  0.027  0.012  0.129 -0.001 -0.002 -0.013]	0.43	0.02	0.07	1.18	1.97	1.09	0.22	0.11	0.13	0.04	0.2		0.39231630953415864	0.2	False	0.642
5	['Pt', 'Pd', 'Au', 'Ru', 'Rh', 'Ir', 'Re', 'Os']	29	[0.93  0.    0.034 0.021 0.    0.005 0.002 0.003]	[-0.157  0.003  0.122  0.019  0.002  0.006 -0.001  0.004]	0.43	0.02	0.07	1.18	1.97	1.09	0.22	0.11	0.13	0.04	0.2		0.38998855414511735	0.2	False	0.692
6	['Pt', 'Pd', 'Au', 'Ru', 'Rh', 'Ir', 'Re', 'Os']	29	[0.842 0.001 0.132 0.    0.    0.001 0.023 0.003]	[ 0.106 -0.055  0.023 -0.038 -0.054 -0.054  0.124 -0.052]	0.43	0.02	0.07	1.18	1.97	1.09	0.22	0.11	0.13	0.04	0.2		0.4564464737827584	0.2	False	0.585
7	['Pt', 'Pd', 'Au', 'Ru', 'Rh', 'Ir', 'Re', 'Os']	29	[0.836 0.002 0.033 0.012 0.002 0.    0.002 0.118]	[-0.152 -0.003  0.03   0.009 -0.003 -0.003 -0.005  0.126]	0.43	0.02	0.07	1.18	1.97	1.09	0.22	0.11	0.13	0.04	0.2		0.4305182632949591	0.2	False	0.608
0	['Pt', 'Pd', 'Au', 'Ru', 'Rh', 'Ir', 'Re', 'Os']	30	[0.407 0.028 0.103 0.004 0.175 0.179 0.015 0.092]	[ 0.078 -0.06   0.152 -0.03  -0.02  -0.021 -0.062 -0.037]	0.43	0.02	0.07	1.18	1.97	1.09	0.22	0.11	0.13	0.04	0.2		0.4307382651170729	0.2	False	0.393
1	['Pt', 'Pd', 'Au', 'Ru', 'Rh', 'Ir', 'Re', 'Os']	30	[0.954 0.002 0.026 0.004 0.    0.002 0.001 0.008]	[ 0.144 -0.136  0.015 -0.008  0.003  0.004 -0.019 -0.003]	0.43	0.02	0.07	1.18	1.97	1.09	0.22	0.11	0.13	0.04	0.2		0.3822622255883453	0.2	False	0.714
2	['Pt', 'Pd', 'Au', 'Ru', 'Rh', 'Ir', 'Re', 'Os']	30	[0.838 0.001 0.066 0.018 0.027 0.025 0.    0.016]	[-0.176 -0.003  0.084  0.018  0.026  0.026  0.006  0.02 ]	0.43	0.02	0.07	1.18	1.97	1.09	0.22	0.11	0.13	0.04	0.2		0.4293985099293337	0.2	False	0.603
3	['Pt', 'Pd', 'Au', 'Ru', 'Rh', 'Ir', 'Re', 'Os']	30	[0.966 0.006 0.003 0.002 0.002 0.002 0.001 0.005]	[ 0.143 -0.016  0.013 -0.137  0.006  0.007 -0.015 -0.001]	0.43	0.02	0.07	1.18	1.97	1.09	0.22	0.11	0.13	0.04	0.2		0.3748121097519702	0.2	False	0.732
4	['Pt', 'Pd', 'Au', 'Ru', 'Rh', 'Ir', 'Re', 'Os']	30	[0.956 0.    0.001 0.002 0.007 0.001 0.    0.008]	[ 0.134 -0.007  0.009  0.004 -0.147  0.004 -0.006  0.009]	0.43	0.02	0.07	1.18	1.97	1.09	0.22	0.11	0.13	0.04	0.2		0.3759003582767877	0.2	False	0.726
5	['Pt', 'Pd', 'Au', 'Ru', 'Rh', 'Ir', 'Re', 'Os']	30	[0.866 0.005 0.079 0.004 0.019 0.015 0.002 0.006]	[-0.166  0.002  0.104 -0.007  0.023  0.025  0.002  0.016]	0.43	0.02	0.07	1.18	1.97	1.09	0.22	0.11	0.13	0.04	0.2		0.425184881482763	0.2	False	0.62
6	['Pt', 'Pd', 'Au', 'Ru', 'Rh', 'Ir', 'Re', 'Os']	30	[0.891 0.002 0.076 0.002 0.006 0.006 0.011 0.008]	[ 0.146 -0.064 -0.003 -0.047 -0.037 -0.036  0.088 -0.046]	0.43	0.02	0.07	1.18	1.97	1.09	0.22	0.11	0.13	0.04	0.2		0.41527278763974235	0.2	False	0.643
7	['Pt', 'Pd', 'Au', 'Ru', 'Rh', 'Ir', 'Re', 'Os']	30	[0.959 0.002 0.038 0.001 0.001 0.002 0.001 0.003]	[ 0.14  -0.015  0.018 -0.004  0.007  0.008 -0.014 -0.139]	0.43	0.02	0.07	1.18	1.97	1.09	0.22	0.11	0.13	0.04	0.2		0.38308957614255346	0.199	False	0.714
