ID	Elements	Generation	Position	Velocity	F_damp	F_b_best	F_h_best	F_g_best	F_b_worst	F_h_worst	F_g_worst	mut_prob	flip_prob	mut_rate	v_max	v_min	Activity	Velocity_mag	Flag	Distance
0	['Pt', 'Pd', 'Au', 'Ru', 'Rh', 'Ir', 'Re', 'Os']	0	[0.79 0.03 0.03 0.03 0.03 0.03 0.03 0.03]	[-0.187  0.027  0.027  0.027  0.027  0.027  0.027  0.027]	0.74	1.67	1.76	0.42	0.02	0.05	0.01	0.11	0.82	0.37	0.2		0.44291876522070495	0.2	False	0.569
1	['Pt', 'Pd', 'Au', 'Ru', 'Rh', 'Ir', 'Re', 'Os']	0	[0.03 0.79 0.03 0.03 0.03 0.03 0.03 0.03]	[ 0.027 -0.187  0.027  0.027  0.027  0.027  0.027  0.027]	0.74	1.67	1.76	0.42	0.02	0.05	0.01	0.11	0.82	0.37	0.2		0.20560014505118607	0.2	False	0.689
2	['Pt', 'Pd', 'Au', 'Ru', 'Rh', 'Ir', 'Re', 'Os']	0	[0.03 0.03 0.79 0.03 0.03 0.03 0.03 0.03]	[ 0.027  0.027 -0.187  0.027  0.027  0.027  0.027  0.027]	0.74	1.67	1.76	0.42	0.02	0.05	0.01	0.11	0.82	0.37	0.2		0.2149894158498787	0.2	False	0.632
3	['Pt', 'Pd', 'Au', 'Ru', 'Rh', 'Ir', 'Re', 'Os']	0	[0.03 0.03 0.03 0.79 0.03 0.03 0.03 0.03]	[ 0.027  0.027  0.027 -0.187  0.027  0.027  0.027  0.027]	0.74	1.67	1.76	0.42	0.02	0.05	0.01	0.11	0.82	0.37	0.2		0.12265296114671817	0.2	False	0.925
4	['Pt', 'Pd', 'Au', 'Ru', 'Rh', 'Ir', 'Re', 'Os']	0	[0.03 0.03 0.03 0.03 0.79 0.03 0.03 0.03]	[ 0.027  0.027  0.027  0.027 -0.187  0.027  0.027  0.027]	0.74	1.67	1.76	0.42	0.02	0.05	0.01	0.11	0.82	0.37	0.2		0.2961943697576316	0.2	False	0.925
5	['Pt', 'Pd', 'Au', 'Ru', 'Rh', 'Ir', 'Re', 'Os']	0	[0.03 0.03 0.03 0.03 0.03 0.79 0.03 0.03]	[ 0.027  0.027  0.027  0.027  0.027 -0.187  0.027  0.027]	0.74	1.67	1.76	0.42	0.02	0.05	0.01	0.11	0.82	0.37	0.2		0.34147169449736997	0.2	False	0.925
6	['Pt', 'Pd', 'Au', 'Ru', 'Rh', 'Ir', 'Re', 'Os']	0	[0.03 0.03 0.03 0.03 0.03 0.03 0.79 0.03]	[ 0.027  0.027  0.027  0.027  0.027  0.027 -0.187  0.027]	0.74	1.67	1.76	0.42	0.02	0.05	0.01	0.11	0.82	0.37	0.2		0.314514003905087	0.2	False	0.925
7	['Pt', 'Pd', 'Au', 'Ru', 'Rh', 'Ir', 'Re', 'Os']	0	[0.03 0.03 0.03 0.03 0.03 0.03 0.03 0.79]	[ 0.027  0.027  0.027  0.027  0.027  0.027  0.027 -0.187]	0.74	1.67	1.76	0.42	0.02	0.05	0.01	0.11	0.82	0.37	0.2		0.3283821739532633	0.2	False	0.839
0	['Pt', 'Pd', 'Au', 'Ru', 'Rh', 'Ir', 'Re', 'Os']	1	[0.7   0.052 0.055 0.009 0.018 0.055 0.055 0.055]	[-0.09   0.022  0.025 -0.021 -0.012  0.025  0.025  0.025]	0.74	1.67	1.76	0.42	0.02	0.05	0.01	0.11	0.82	0.37	0.2		0.5071514159078424	0.108	False	0.48
1	['Pt', 'Pd', 'Au', 'Ru', 'Rh', 'Ir', 'Re', 'Os']	1	[0.168 0.646 0.032 0.028 0.032 0.032 0.032 0.032]	[ 0.138 -0.144  0.002 -0.002  0.002  0.002  0.002  0.002]	0.74	1.67	1.76	0.42	0.02	0.05	0.01	0.11	0.82	0.37	0.2		0.36292035913083964	0.2	False	0.52
2	['Pt', 'Pd', 'Au', 'Ru', 'Rh', 'Ir', 'Re', 'Os']	1	[0.168 0.031 0.645 0.032 0.031 0.031 0.031 0.028]	[ 0.138  0.001 -0.145  0.002  0.001  0.001  0.001 -0.002]	0.74	1.67	1.76	0.42	0.02	0.05	0.01	0.11	0.82	0.37	0.2		0.3502241177967858	0.2	False	0.457
3	['Pt', 'Pd', 'Au', 'Ru', 'Rh', 'Ir', 'Re', 'Os']	1	[0.177 0.028 0.028 0.655 0.028 0.028 0.028 0.028]	[ 0.147 -0.002 -0.002 -0.135 -0.002 -0.002 -0.002 -0.002]	0.74	1.67	1.76	0.42	0.02	0.05	0.01	0.11	0.82	0.37	0.2		0.17468207295166147	0.2	False	0.768
4	['Pt', 'Pd', 'Au', 'Ru', 'Rh', 'Ir', 'Re', 'Os']	1	[0.168 0.032 0.032 0.028 0.646 0.032 0.032 0.032]	[ 0.138  0.002  0.002 -0.002 -0.144  0.002  0.002  0.002]	0.74	1.67	1.76	0.42	0.02	0.05	0.01	0.11	0.82	0.37	0.2		0.2996809545564713	0.2	False	0.76
5	['Pt', 'Pd', 'Au', 'Ru', 'Rh', 'Ir', 'Re', 'Os']	1	[0.168 0.032 0.032 0.028 0.032 0.646 0.032 0.032]	[ 0.138  0.002  0.002 -0.002  0.002 -0.144  0.002  0.002]	0.74	1.67	1.76	0.42	0.02	0.05	0.01	0.11	0.82	0.37	0.2		0.3249542808691481	0.2	False	0.76
6	['Pt', 'Pd', 'Au', 'Ru', 'Rh', 'Ir', 'Re', 'Os']	1	[0.168 0.032 0.032 0.028 0.032 0.032 0.646 0.032]	[ 0.138  0.002  0.002 -0.002  0.002  0.002 -0.144  0.002]	0.74	1.67	1.76	0.42	0.02	0.05	0.01	0.11	0.82	0.37	0.2		0.306174225822619	0.2	False	0.76
7	['Pt', 'Pd', 'Au', 'Ru', 'Rh', 'Ir', 'Re', 'Os']	1	[0.168 0.031 0.031 0.031 0.031 0.031 0.031 0.645]	[ 0.138  0.001  0.001  0.001  0.001  0.001  0.001 -0.145]	0.74	1.67	1.76	0.42	0.02	0.05	0.01	0.11	0.82	0.37	0.2		0.3681465515596359	0.2	False	0.674
0	['Pt', 'Pd', 'Au', 'Ru', 'Rh', 'Ir', 'Re', 'Os']	2	[0.731 0.054 0.06  0.043 0.005 0.06  0.027 0.019]	[ 0.036  0.003  0.006  0.045 -0.026  0.006 -0.031 -0.04 ]	0.74	1.67	1.76	0.42	0.02	0.05	0.01	0.11	0.82	0.37	0.2		0.49302441965876875	0.081	False	0.504
1	['Pt', 'Pd', 'Au', 'Ru', 'Rh', 'Ir', 'Re', 'Os']	2	[0.304 0.5   0.038 0.019 0.029 0.038 0.038 0.038]	[ 0.136 -0.146  0.006 -0.009 -0.003  0.006  0.006  0.006]	0.74	1.67	1.76	0.42	0.02	0.05	0.01	0.11	0.82	0.37	0.2		0.6192682103209144	0.2	False	0.376
2	['Pt', 'Pd', 'Au', 'Ru', 'Rh', 'Ir', 'Re', 'Os']	2	[0.306 0.038 0.501 0.024 0.03  0.038 0.025 0.036]	[ 0.138  0.007 -0.144 -0.008 -0.001  0.007 -0.006  0.008]	0.74	1.67	1.76	0.42	0.02	0.05	0.01	0.11	0.82	0.37	0.2		0.6063780549149203	0.2	False	0.308
3	['Pt', 'Pd', 'Au', 'Ru', 'Rh', 'Ir', 'Re', 'Os']	2	[0.308 0.036 0.023 0.504 0.029 0.026 0.037 0.037]	[ 0.131  0.008 -0.005 -0.151  0.001 -0.002  0.009  0.009]	0.74	1.67	1.76	0.42	0.02	0.05	0.01	0.11	0.82	0.37	0.2		0.3137155142649247	0.201	False	0.621
4	['Pt', 'Pd', 'Au', 'Ru', 'Rh', 'Ir', 'Re', 'Os']	2	[0.298 0.035 0.035 0.033 0.494 0.035 0.035 0.035]	[ 0.13   0.003  0.003  0.005 -0.152  0.003  0.003  0.003]	0.74	1.67	1.76	0.42	0.02	0.05	0.01	0.11	0.82	0.37	0.2		0.3191695797034619	0.2	False	0.609
5	['Pt', 'Pd', 'Au', 'Ru', 'Rh', 'Ir', 'Re', 'Os']	2	[0.303 0.038 0.039 0.018 0.028 0.5   0.039 0.039]	[ 0.135  0.006  0.007 -0.01  -0.004 -0.146  0.007  0.007]	0.74	1.67	1.76	0.42	0.02	0.05	0.01	0.11	0.82	0.37	0.2		0.3135564786035713	0.2	False	0.61
6	['Pt', 'Pd', 'Au', 'Ru', 'Rh', 'Ir', 'Re', 'Os']	2	[0.039 0.077 0.078 0.056 0.065 0.078 0.531 0.078]	[-0.129  0.045  0.046  0.028  0.033  0.046 -0.115  0.046]	0.74	1.67	1.76	0.42	0.02	0.05	0.01	0.11	0.82	0.37	0.2		0.25315782832914446	0.2	False	0.687
7	['Pt', 'Pd', 'Au', 'Ru', 'Rh', 'Ir', 'Re', 'Os']	2	[0.305 0.038 0.038 0.023 0.029 0.038 0.026 0.5  ]	[ 0.137  0.007  0.007 -0.008 -0.002  0.007 -0.005 -0.145]	0.74	1.67	1.76	0.42	0.02	0.05	0.01	0.11	0.82	0.37	0.2		0.4619632962700143	0.2	False	0.528
0	['Pt', 'Pd', 'Au', 'Ru', 'Rh', 'Ir', 'Re', 'Os']	3	[0.594 0.198 0.052 0.03  0.012 0.052 0.03  0.029]	[-0.137  0.144 -0.008 -0.013  0.007 -0.008  0.003  0.01 ]	0.74	1.67	1.76	0.42	0.02	0.05	0.01	0.11	0.82	0.37	0.2		0.6577412537626596	0.2	False	0.365
1	['Pt', 'Pd', 'Au', 'Ru', 'Rh', 'Ir', 'Re', 'Os']	3	[0.419 0.405 0.034 0.003 0.018 0.034 0.058 0.034]	[ 0.111 -0.1   -0.009  0.016 -0.016 -0.009  0.015 -0.009]	0.74	1.67	1.76	0.42	0.02	0.05	0.01	0.11	0.82	0.37	0.2		0.7248204981979348	0.153	False	0.33
2	['Pt', 'Pd', 'Au', 'Ru', 'Rh', 'Ir', 'Re', 'Os']	3	[0.322 0.173 0.354 0.02  0.029 0.038 0.025 0.037]	[ 0.016  0.135 -0.147 -0.004 -0.001  0.    -0.     0.001]	0.74	1.67	1.76	0.42	0.02	0.05	0.01	0.11	0.82	0.37	0.2		0.8763302513399305	0.2	False	0.13
3	['Pt', 'Pd', 'Au', 'Ru', 'Rh', 'Ir', 'Re', 'Os']	3	[0.255 0.122 0.001 0.612 0.002 0.002 0.    0.006]	[-0.126  0.088 -0.021  0.122 -0.015 -0.02  -0.011 -0.017]	0.74	1.67	1.76	0.42	0.02	0.05	0.01	0.11	0.82	0.37	0.2		0.3031886421107699	0.2	False	0.706
4	['Pt', 'Pd', 'Au', 'Ru', 'Rh', 'Ir', 'Re', 'Os']	3	[0.324 0.101 0.045 0.038 0.358 0.045 0.042 0.045]	[ 0.024  0.116  0.006  0.    -0.16   0.006  0.002  0.006]	0.74	1.67	1.76	0.42	0.02	0.05	0.01	0.11	0.82	0.37	0.2		0.38262984868339556	0.2	False	0.474
5	['Pt', 'Pd', 'Au', 'Ru', 'Rh', 'Ir', 'Re', 'Os']	3	[0.35  0.189 0.021 0.004 0.013 0.383 0.017 0.026]	[ 0.047  0.151 -0.018 -0.014 -0.015 -0.117 -0.022 -0.013]	0.74	1.67	1.76	0.42	0.02	0.05	0.01	0.11	0.82	0.37	0.2		0.37415631569688507	0.2	False	0.484
6	['Pt', 'Pd', 'Au', 'Ru', 'Rh', 'Ir', 'Re', 'Os']	3	[0.087 0.196 0.024 0.005 0.014 0.024 0.629 0.024]	[ 0.048  0.119 -0.054 -0.051 -0.051 -0.054  0.098 -0.054]	0.74	1.67	1.76	0.42	0.02	0.05	0.01	0.11	0.82	0.37	0.2		0.30875761801170143	0.2	False	0.742
7	['Pt', 'Pd', 'Au', 'Ru', 'Rh', 'Ir', 'Re', 'Os']	3	[0.252 0.104 0.006 0.001 0.006 0.006 0.001 0.62 ]	[-0.122  0.06  -0.018 -0.013 -0.016 -0.018 -0.016  0.143]	0.74	1.67	1.76	0.42	0.02	0.05	0.01	0.11	0.82	0.37	0.2		0.4192306657193566	0.2	False	0.623
0	['Pt', 'Pd', 'Au', 'Ru', 'Rh', 'Ir', 'Re', 'Os']	4	[0.446 0.235 0.059 0.035 0.048 0.066 0.05  0.057]	[-0.173  0.029  0.091 -0.006  0.027  0.004  0.01   0.019]	0.74	1.67	1.76	0.42	0.02	0.05	0.01	0.11	0.82	0.37	0.2		0.7207253907506457	0.2	False	0.282
1	['Pt', 'Pd', 'Au', 'Ru', 'Rh', 'Ir', 'Re', 'Os']	4	[0.374 0.462 0.136 0.012 0.007 0.    0.013 0.   ]	[-0.11   0.066  0.144 -0.027 -0.029 -0.024  0.004 -0.024]	0.74	1.67	1.76	0.42	0.02	0.05	0.01	0.11	0.82	0.37	0.2		0.8158097008659291	0.2	False	0.288
2	['Pt', 'Pd', 'Au', 'Ru', 'Rh', 'Ir', 'Re', 'Os']	4	[0.335 0.27  0.246 0.055 0.019 0.029 0.015 0.029]	[ 0.013  0.097 -0.108  0.035 -0.01  -0.009 -0.01  -0.008]	0.74	1.67	1.76	0.42	0.02	0.05	0.01	0.11	0.82	0.37	0.2		0.9452263557405318	0.151	False	0.114
3	['Pt', 'Pd', 'Au', 'Ru', 'Rh', 'Ir', 'Re', 'Os']	4	[0.275 0.128 0.1   0.442 0.015 0.008 0.015 0.02 ]	[ 0.019  0.005  0.098 -0.171  0.012  0.007  0.014  0.013]	0.74	1.67	1.76	0.42	0.02	0.05	0.01	0.11	0.82	0.37	0.2		0.4605428888819474	0.2	False	0.513
4	['Pt', 'Pd', 'Au', 'Ru', 'Rh', 'Ir', 'Re', 'Os']	4	[0.334 0.161 0.075 0.041 0.218 0.06  0.052 0.059]	[ 0.001  0.056  0.099 -0.006 -0.164  0.007  0.001  0.006]	0.74	1.67	1.76	0.42	0.02	0.05	0.01	0.11	0.82	0.37	0.2		0.5199559514324219	0.2	False	0.341
5	['Pt', 'Pd', 'Au', 'Ru', 'Rh', 'Ir', 'Re', 'Os']	4	[0.348 0.206 0.153 0.002 0.018 0.234 0.018 0.024]	[-0.002  0.017  0.132 -0.002  0.005 -0.149  0.001 -0.002]	0.74	1.67	1.76	0.42	0.02	0.05	0.01	0.11	0.82	0.37	0.2		0.5657663420058974	0.2	False	0.291
6	['Pt', 'Pd', 'Au', 'Ru', 'Rh', 'Ir', 'Re', 'Os']	4	[0.158 0.16  0.133 0.005 0.018 0.024 0.482 0.024]	[ 0.071 -0.036  0.109 -0.     0.004  0.    -0.147  0.   ]	0.74	1.67	1.76	0.42	0.02	0.05	0.01	0.11	0.82	0.37	0.2		0.34875544906455963	0.2	False	0.558
7	['Pt', 'Pd', 'Au', 'Ru', 'Rh', 'Ir', 'Re', 'Os']	4	[0.272 0.115 0.108 0.005 0.016 0.02  0.011 0.45 ]	[ 0.02   0.011  0.102  0.004  0.01   0.014  0.01  -0.17 ]	0.74	1.67	1.76	0.42	0.02	0.05	0.01	0.11	0.82	0.37	0.2		0.5778884944210156	0.201	False	0.43
0	['Pt', 'Pd', 'Au', 'Ru', 'Rh', 'Ir', 'Re', 'Os']	5	[0.327 0.267 0.208 0.043 0.032 0.039 0.012 0.068]	[-0.119  0.032  0.149  0.008 -0.016 -0.027 -0.038  0.011]	0.74	1.67	1.76	0.42	0.02	0.05	0.01	0.11	0.82	0.37	0.2		0.918167070241787	0.2	False	0.122
1	['Pt', 'Pd', 'Au', 'Ru', 'Rh', 'Ir', 'Re', 'Os']	5	[0.319 0.328 0.269 0.038 0.009 0.017 0.007 0.017]	[-0.055 -0.134  0.133  0.026  0.002  0.017 -0.006  0.017]	0.74	1.67	1.76	0.42	0.02	0.05	0.01	0.11	0.82	0.37	0.2		0.962304432320011	0.2	False	0.129
2	['Pt', 'Pd', 'Au', 'Ru', 'Rh', 'Ir', 'Re', 'Os']	5	[0.358 0.35  0.158 0.072 0.006 0.018 0.016 0.018]	[ 0.02   0.078 -0.092  0.014 -0.016 -0.014  0.023 -0.014]	0.74	1.67	1.76	0.42	0.02	0.05	0.01	0.11	0.82	0.37	0.2		0.9004472585322227	0.128	False	0.207
3	['Pt', 'Pd', 'Au', 'Ru', 'Rh', 'Ir', 'Re', 'Os']	5	[0.304 0.186 0.172 0.267 0.018 0.017 0.013 0.025]	[ 0.029  0.058  0.072 -0.175  0.003  0.009 -0.002  0.005]	0.74	1.67	1.76	0.42	0.02	0.05	0.01	0.11	0.82	0.37	0.2		0.7075895640514617	0.2	False	0.317
4	['Pt', 'Pd', 'Au', 'Ru', 'Rh', 'Ir', 'Re', 'Os']	5	[0.342 0.23  0.182 0.049 0.066 0.05  0.032 0.049]	[ 0.008  0.069  0.107  0.008 -0.152 -0.01  -0.02  -0.01 ]	0.74	1.67	1.76	0.42	0.02	0.05	0.01	0.11	0.82	0.37	0.2		0.8271314551035067	0.2	False	0.165
5	['Pt', 'Pd', 'Au', 'Ru', 'Rh', 'Ir', 'Re', 'Os']	5	[0.343 0.255 0.246 0.035 0.02  0.067 0.009 0.027]	[-0.005  0.049  0.093  0.033  0.002 -0.167 -0.009  0.003]	0.74	1.67	1.76	0.42	0.02	0.05	0.01	0.11	0.82	0.37	0.2		0.8992786448596579	0.2	False	0.12
6	['Pt', 'Pd', 'Au', 'Ru', 'Rh', 'Ir', 'Re', 'Os']	5	[0.222 0.194 0.182 0.023 0.023 0.03  0.303 0.027]	[ 0.064  0.034  0.049  0.018  0.005  0.006 -0.179  0.003]	0.74	1.67	1.76	0.42	0.02	0.05	0.01	0.11	0.82	0.37	0.2		0.5099562074107011	0.2	False	0.364
7	['Pt', 'Pd', 'Au', 'Ru', 'Rh', 'Ir', 'Re', 'Os']	5	[0.253 0.181 0.18  0.029 0.025 0.031 0.019 0.279]	[-0.019  0.066  0.072  0.024  0.009  0.011  0.008 -0.171]	0.74	1.67	1.76	0.42	0.02	0.05	0.01	0.11	0.82	0.37	0.2		0.7632273229226892	0.2	False	0.252
0	['Pt', 'Pd', 'Au', 'Ru', 'Rh', 'Ir', 'Re', 'Os']	6	[0.241 0.34  0.329 0.012 0.002 0.042 0.022 0.011]	[-0.097  0.07   0.12  -0.04   0.024 -0.004  0.02  -0.093]	0.74	1.67	1.76	0.42	0.02	0.05	0.01	0.11	0.82	0.37	0.2		0.8364956072451968	0.2	False	0.176
1	['Pt', 'Pd', 'Au', 'Ru', 'Rh', 'Ir', 'Re', 'Os']	6	[0.292 0.229 0.379 0.027 0.009 0.028 0.01  0.029]	[-0.028 -0.101  0.109 -0.012 -0.001  0.01   0.013  0.011]	0.74	1.67	1.76	0.42	0.02	0.05	0.01	0.11	0.82	0.37	0.2		0.908237757586734	0.153	False	0.13
2	['Pt', 'Pd', 'Au', 'Ru', 'Rh', 'Ir', 'Re', 'Os']	6	[0.305 0.288 0.331 0.016 0.013 0.019 0.004 0.02 ]	[-0.053 -0.062  0.173 -0.056  0.007  0.001 -0.012  0.002]	0.74	1.67	1.76	0.42	0.02	0.05	0.01	0.11	0.82	0.37	0.2		0.9621024105357097	0.2	False	0.108
3	['Pt', 'Pd', 'Au', 'Ru', 'Rh', 'Ir', 'Re', 'Os']	6	[0.236 0.194 0.157 0.391 0.004 0.001 0.016 0.004]	[-0.114 -0.006 -0.039  0.159  0.001 -0.007  0.007 -0.   ]	0.74	1.67	1.76	0.42	0.02	0.05	0.01	0.11	0.82	0.37	0.2		0.5554159981676394	0.2	False	0.446
4	['Pt', 'Pd', 'Au', 'Ru', 'Rh', 'Ir', 'Re', 'Os']	6	[0.316 0.329 0.281 0.025 0.035 0.003 0.008 0.003]	[-0.054  0.09   0.09  -0.051  0.08  -0.078  0.    -0.077]	0.74	1.67	1.76	0.42	0.02	0.05	0.01	0.11	0.82	0.37	0.2		0.9538296995816542	0.2	False	0.138
5	['Pt', 'Pd', 'Au', 'Ru', 'Rh', 'Ir', 'Re', 'Os']	6	[0.283 0.34  0.287 0.016 0.009 0.059 0.007 0.001]	[-0.078  0.095  0.042 -0.029 -0.061  0.119 -0.027 -0.06 ]	0.74	1.67	1.76	0.42	0.02	0.05	0.01	0.11	0.82	0.37	0.2		0.8641198947162283	0.2	False	0.163
6	['Pt', 'Pd', 'Au', 'Ru', 'Rh', 'Ir', 'Re', 'Os']	6	[0.28  0.264 0.232 0.031 0.017 0.024 0.133 0.022]	[ 0.058  0.07   0.05   0.008 -0.006 -0.006 -0.17  -0.005]	0.74	1.67	1.76	0.42	0.02	0.05	0.01	0.11	0.82	0.37	0.2		0.8057310871011889	0.2	False	0.188
7	['Pt', 'Pd', 'Au', 'Ru', 'Rh', 'Ir', 'Re', 'Os']	6	[0.285 0.269 0.24  0.036 0.018 0.026 0.01  0.113]	[ 0.032  0.088  0.06   0.007 -0.007 -0.005 -0.009 -0.166]	0.74	1.67	1.76	0.42	0.02	0.05	0.01	0.11	0.82	0.37	0.2		0.9381007007097721	0.2	False	0.104
0	['Pt', 'Pd', 'Au', 'Ru', 'Rh', 'Ir', 'Re', 'Os']	7	[0.119 0.272 0.284 0.061 0.106 0.041 0.033 0.082]	[-0.122 -0.068 -0.045  0.049  0.104 -0.001  0.011  0.071]	0.74	1.67	1.76	0.42	0.02	0.05	0.01	0.11	0.82	0.37	0.2		0.5308093860226797	0.2	False	0.269
1	['Pt', 'Pd', 'Au', 'Ru', 'Rh', 'Ir', 'Re', 'Os']	7	[0.335 0.371 0.249 0.008 0.013 0.01  0.006 0.01 ]	[ 0.043  0.142 -0.13  -0.019  0.004 -0.018 -0.004 -0.019]	0.74	1.67	1.76	0.42	0.02	0.05	0.01	0.11	0.82	0.37	0.2		0.9523662512179294	0.2	False	0.161
2	['Pt', 'Pd', 'Au', 'Ru', 'Rh', 'Ir', 'Re', 'Os']	7	[0.267 0.255 0.42  0.045 0.    0.003 0.    0.005]	[-0.043 -0.038  0.093  0.049 -0.016 -0.019 -0.007 -0.018]	0.74	1.67	1.76	0.42	0.02	0.05	0.01	0.11	0.82	0.37	0.2		0.880883657690327	0.123	False	0.18
3	['Pt', 'Pd', 'Au', 'Ru', 'Rh', 'Ir', 'Re', 'Os']	7	[0.179 0.143 0.157 0.478 0.026 0.001 0.01  0.011]	[-0.086 -0.076  0.009  0.154  0.027 -0.024  0.026 -0.029]	0.74	1.67	1.76	0.42	0.02	0.05	0.01	0.11	0.82	0.37	0.2		0.3707218441866217	0.2	False	0.546
4	['Pt', 'Pd', 'Au', 'Ru', 'Rh', 'Ir', 'Re', 'Os']	7	[0.298 0.373 0.123 0.03  0.084 0.019 0.049 0.022]	[-0.023  0.04  -0.167  0.042  0.045  0.011  0.037  0.014]	0.74	1.67	1.76	0.42	0.02	0.05	0.01	0.11	0.82	0.37	0.2		0.752412172061344	0.188	False	0.257
5	['Pt', 'Pd', 'Au', 'Ru', 'Rh', 'Ir', 'Re', 'Os']	7	[0.378 0.182 0.328 0.003 0.006 0.061 0.012 0.033]	[ 0.093 -0.163  0.038 -0.016  0.009 -0.001  0.012  0.029]	0.74	1.67	1.76	0.42	0.02	0.05	0.01	0.11	0.82	0.37	0.2		0.9179257409274069	0.195	False	0.121
6	['Pt', 'Pd', 'Au', 'Ru', 'Rh', 'Ir', 'Re', 'Os']	7	[0.318 0.308 0.319 0.006 0.003 0.01  0.028 0.011]	[ 0.007  0.014  0.067 -0.07  -0.056 -0.056  0.147 -0.053]	0.74	1.67	1.76	0.42	0.02	0.05	0.01	0.11	0.82	0.37	0.2		0.9769455023558915	0.2	False	0.117
7	['Pt', 'Pd', 'Au', 'Ru', 'Rh', 'Ir', 'Re', 'Os']	7	[0.307 0.314 0.328 0.003 0.001 0.002 0.008 0.034]	[-0.     0.027  0.078 -0.075 -0.055 -0.055 -0.056  0.135]	0.74	1.67	1.76	0.42	0.02	0.05	0.01	0.11	0.82	0.37	0.2		0.9967642773392942	0.2	False	0.106
0	['Pt', 'Pd', 'Au', 'Ru', 'Rh', 'Ir', 'Re', 'Os']	8	[0.292 0.28  0.266 0.016 0.028 0.013 0.006 0.097]	[ 0.173  0.008 -0.018 -0.045 -0.078 -0.028 -0.027  0.015]	0.74	1.67	1.76	0.42	0.02	0.05	0.01	0.11	0.82	0.37	0.2		0.9714202509115919	0.2	False	0.082
1	['Pt', 'Pd', 'Au', 'Ru', 'Rh', 'Ir', 'Re', 'Os']	8	[0.326 0.309 0.142 0.037 0.014 0.024 0.045 0.105]	[-0.009 -0.062 -0.107  0.029  0.001  0.014  0.039  0.095]	0.74	1.67	1.76	0.42	0.02	0.05	0.01	0.11	0.82	0.37	0.2		0.8896129154243826	0.164	False	0.182
2	['Pt', 'Pd', 'Au', 'Ru', 'Rh', 'Ir', 'Re', 'Os']	8	[0.328 0.336 0.268 0.023 0.003 0.    0.001 0.036]	[ 0.053  0.074 -0.167  0.053 -0.015 -0.013 -0.009  0.022]	0.74	1.67	1.76	0.42	0.02	0.05	0.01	0.11	0.82	0.37	0.2		1.0040952189833965	0.2	False	0.116
3	['Pt', 'Pd', 'Au', 'Ru', 'Rh', 'Ir', 'Re', 'Os']	8	[0.238 0.197 0.213 0.304 0.02  0.003 0.013 0.018]	[ 0.059  0.054  0.056 -0.174 -0.006  0.002  0.003  0.007]	0.74	1.67	1.76	0.42	0.02	0.05	0.01	0.11	0.82	0.37	0.2		0.6398535290902819	0.2	False	0.35
4	['Pt', 'Pd', 'Au', 'Ru', 'Rh', 'Ir', 'Re', 'Os']	8	[0.346 0.364 0.053 0.045 0.049 0.037 0.046 0.058]	[ 0.024 -0.048  0.168 -0.018 -0.081 -0.014 -0.041  0.009]	0.74	1.67	1.76	0.42	0.02	0.05	0.01	0.11	0.82	0.37	0.2		0.7383914900575165	0.2	False	0.289
5	['Pt', 'Pd', 'Au', 'Ru', 'Rh', 'Ir', 'Re', 'Os']	8	[0.289 0.296 0.335 0.009 0.017 0.032 0.005 0.023]	[-0.11   0.128  0.003 -0.002 -0.047  0.087 -0.042 -0.017]	0.74	1.67	1.76	0.42	0.02	0.05	0.01	0.11	0.82	0.37	0.2		0.9296314861671895	0.2	False	0.12
6	['Pt', 'Pd', 'Au', 'Ru', 'Rh', 'Ir', 'Re', 'Os']	8	[0.262 0.288 0.345 0.048 0.002 0.003 0.025 0.029]	[-0.089 -0.018  0.072  0.08  -0.002  0.019  0.015 -0.077]	0.74	1.67	1.76	0.42	0.02	0.05	0.01	0.11	0.82	0.37	0.2		0.9204834745563493	0.162	False	0.139
7	['Pt', 'Pd', 'Au', 'Ru', 'Rh', 'Ir', 'Re', 'Os']	8	[0.297 0.239 0.381 0.033 0.007 0.015 0.02  0.003]	[-0.008 -0.11   0.09   0.034 -0.04   0.028 -0.041  0.047]	0.74	1.67	1.76	0.42	0.02	0.05	0.01	0.11	0.82	0.37	0.2		0.9126991641179225	0.166	False	0.144
0	['Pt', 'Pd', 'Au', 'Ru', 'Rh', 'Ir', 'Re', 'Os']	9	[0.392 0.339 0.233 0.007 0.024 0.006 0.    0.   ]	[ 0.114  0.065 -0.044 -0.014  0.042 -0.007 -0.021 -0.135]	0.74	1.67	1.76	0.42	0.02	0.05	0.01	0.11	0.82	0.37	0.2		0.9762493715591201	0.2	False	0.158
1	['Pt', 'Pd', 'Au', 'Ru', 'Rh', 'Ir', 'Re', 'Os']	9	[0.385 0.394 0.012 0.078 0.052 0.048 0.018 0.016]	[ 0.059  0.085 -0.13   0.041  0.038  0.024 -0.027 -0.089]	0.74	1.67	1.76	0.42	0.02	0.05	0.01	0.11	0.82	0.37	0.2		0.6782839924389412	0.2	False	0.351
2	['Pt', 'Pd', 'Au', 'Ru', 'Rh', 'Ir', 'Re', 'Os']	9	[0.381 0.408 0.139 0.041 0.002 0.004 0.    0.02 ]	[ 0.053  0.072 -0.13   0.018  0.004  0.002 -0.001 -0.017]	0.74	1.67	1.76	0.42	0.02	0.05	0.01	0.11	0.82	0.37	0.2		0.8830105046880836	0.159	False	0.245
3	['Pt', 'Pd', 'Au', 'Ru', 'Rh', 'Ir', 'Re', 'Os']	9	[0.319 0.272 0.203 0.139 0.017 0.006 0.014 0.036]	[ 0.081  0.075 -0.01  -0.165 -0.003  0.003  0.001  0.018]	0.74	1.67	1.76	0.42	0.02	0.05	0.01	0.11	0.82	0.37	0.2		0.9057679061577393	0.2	False	0.187
4	['Pt', 'Pd', 'Au', 'Ru', 'Rh', 'Ir', 'Re', 'Os']	9	[0.328 0.331 0.231 0.016 0.004 0.002 0.002 0.084]	[-0.018 -0.033  0.178 -0.029 -0.045 -0.035 -0.044  0.026]	0.74	1.67	1.76	0.42	0.02	0.05	0.01	0.11	0.82	0.37	0.2		1.0069872486211167	0.199	False	0.111
5	['Pt', 'Pd', 'Au', 'Ru', 'Rh', 'Ir', 'Re', 'Os']	9	[0.286 0.444 0.22  0.005 0.024 0.011 0.014 0.003]	[-0.007  0.15  -0.123 -0.008  0.03  -0.026  0.009 -0.025]	0.74	1.67	1.76	0.42	0.02	0.05	0.01	0.11	0.82	0.37	0.2		0.8192040029127607	0.2	False	0.242
6	['Pt', 'Pd', 'Au', 'Ru', 'Rh', 'Ir', 'Re', 'Os']	9	[0.362 0.379 0.234 0.002 0.002 0.007 0.004 0.012]	[ 0.089  0.079 -0.152  0.029 -0.034 -0.021 -0.006  0.016]	0.74	1.67	1.76	0.42	0.02	0.05	0.01	0.11	0.82	0.37	0.2		0.9639710951416869	0.2	False	0.17
7	['Pt', 'Pd', 'Au', 'Ru', 'Rh', 'Ir', 'Re', 'Os']	9	[0.311 0.336 0.232 0.036 0.011 0.007 0.02  0.042]	[ 0.009  0.098 -0.168 -0.003  0.005 -0.003  0.027  0.036]	0.74	1.67	1.76	0.42	0.02	0.05	0.01	0.11	0.82	0.37	0.2		0.9563556488683234	0.2	False	0.137
0	['Pt', 'Pd', 'Au', 'Ru', 'Rh', 'Ir', 'Re', 'Os']	10	[0.327 0.37  0.207 0.001 0.004 0.006 0.009 0.075]	[-0.066  0.031 -0.026 -0.009 -0.02   0.009  0.005  0.076]	0.74	1.67	1.76	0.42	0.02	0.05	0.01	0.11	0.82	0.37	0.2		0.9617379134552788	0.112	False	0.156
1	['Pt', 'Pd', 'Au', 'Ru', 'Rh', 'Ir', 'Re', 'Os']	10	[0.345 0.352 0.192 0.039 0.019 0.018 0.002 0.035]	[-0.04  -0.042  0.18  -0.039 -0.033 -0.03  -0.016  0.019]	0.74	1.67	1.76	0.42	0.02	0.05	0.01	0.11	0.82	0.37	0.2		0.9359511033418784	0.2	False	0.169
2	['Pt', 'Pd', 'Au', 'Ru', 'Rh', 'Ir', 'Re', 'Os']	10	[0.312 0.308 0.278 0.004 0.004 0.002 0.    0.087]	[-0.07  -0.101  0.138 -0.038  0.001  0.004 -0.001  0.066]	0.74	1.67	1.76	0.42	0.02	0.05	0.01	0.11	0.82	0.37	0.2		1.021375431803856	0.2	False	0.074
3	['Pt', 'Pd', 'Au', 'Ru', 'Rh', 'Ir', 'Re', 'Os']	10	[0.265 0.261 0.151 0.276 0.03  0.02  0.002 0.002]	[-0.071 -0.018 -0.068  0.161  0.034  0.011  0.003 -0.052]	0.74	1.67	1.76	0.42	0.02	0.05	0.01	0.11	0.82	0.37	0.2		0.6749187050646507	0.2	False	0.342
4	['Pt', 'Pd', 'Au', 'Ru', 'Rh', 'Ir', 'Re', 'Os']	10	[0.292 0.267 0.335 0.012 0.022 0.003 0.001 0.063]	[-0.042 -0.078  0.142 -0.005  0.02  -0.01  -0.004 -0.022]	0.74	1.67	1.76	0.42	0.02	0.05	0.01	0.11	0.82	0.37	0.2		0.9816571130493061	0.17	False	0.083
5	['Pt', 'Pd', 'Au', 'Ru', 'Rh', 'Ir', 'Re', 'Os']	10	[0.256 0.29  0.295 0.022 0.02  0.015 0.01  0.1  ]	[-0.03  -0.154  0.075  0.017 -0.004  0.004 -0.004  0.097]	0.74	1.67	1.76	0.42	0.02	0.05	0.01	0.11	0.82	0.37	0.2		0.931954366205759	0.2	False	0.108
6	['Pt', 'Pd', 'Au', 'Ru', 'Rh', 'Ir', 'Re', 'Os']	10	[0.296 0.247 0.258 0.032 0.013 0.007 0.013 0.137]	[-0.068 -0.135  0.023  0.029  0.009  0.01   0.008  0.125]	0.74	1.67	1.76	0.42	0.02	0.05	0.01	0.11	0.82	0.37	0.2		0.9790041462375589	0.2	False	0.086
7	['Pt', 'Pd', 'Au', 'Ru', 'Rh', 'Ir', 'Re', 'Os']	10	[0.323 0.337 0.147 0.055 0.018 0.009 0.005 0.102]	[ 0.007 -0.008 -0.123  0.087  0.    -0.027 -0.007  0.071]	0.74	1.67	1.76	0.42	0.02	0.05	0.01	0.11	0.82	0.37	0.2		0.9150258080637799	0.17	False	0.188
0	['Pt', 'Pd', 'Au', 'Ru', 'Rh', 'Ir', 'Re', 'Os']	11	[0.339 0.242 0.352 0.004 0.01  0.003 0.013 0.037]	[ 0.011 -0.13   0.145  0.001  0.005 -0.011  0.016 -0.039]	0.74	1.67	1.76	0.42	0.02	0.05	0.01	0.11	0.82	0.37	0.2		1.0053227339360602	0.2	False	0.085
1	['Pt', 'Pd', 'Au', 'Ru', 'Rh', 'Ir', 'Re', 'Os']	11	[0.29  0.283 0.356 0.002 0.003 0.001 0.004 0.066]	[-0.077 -0.092  0.156  0.023  0.003 -0.003 -0.023  0.014]	0.74	1.67	1.76	0.42	0.02	0.05	0.01	0.11	0.82	0.37	0.2		0.9917263321308212	0.2	False	0.095
2	['Pt', 'Pd', 'Au', 'Ru', 'Rh', 'Ir', 'Re', 'Os']	11	[0.248 0.221 0.356 0.036 0.004 0.004 0.005 0.119]	[-0.056 -0.079  0.091  0.038 -0.014 -0.012 -0.011  0.043]	0.74	1.67	1.76	0.42	0.02	0.05	0.01	0.11	0.82	0.37	0.2		0.9116753255122261	0.147	False	0.127
3	['Pt', 'Pd', 'Au', 'Ru', 'Rh', 'Ir', 'Re', 'Os']	11	[0.307 0.248 0.234 0.109 0.024 0.014 0.013 0.058]	[ 0.042 -0.013  0.083 -0.167 -0.006 -0.006  0.011  0.056]	0.74	1.67	1.76	0.42	0.02	0.05	0.01	0.11	0.82	0.37	0.2		0.9156254767791552	0.2	False	0.144
4	['Pt', 'Pd', 'Au', 'Ru', 'Rh', 'Ir', 'Re', 'Os']	11	[0.322 0.347 0.168 0.018 0.042 0.008 0.002 0.088]	[ 0.03   0.082 -0.176  0.021  0.019  0.004 -0.004  0.024]	0.74	1.67	1.76	0.42	0.02	0.05	0.01	0.11	0.82	0.37	0.2		0.920251466849356	0.2	False	0.173
5	['Pt', 'Pd', 'Au', 'Ru', 'Rh', 'Ir', 'Re', 'Os']	11	[0.34  0.208 0.312 0.008 0.001 0.002 0.003 0.134]	[ 0.089 -0.12   0.005  0.014  0.002 -0.002 -0.014  0.026]	0.74	1.67	1.76	0.42	0.02	0.05	0.01	0.11	0.82	0.37	0.2		1.0238299718028832	0.154	False	0.057
6	['Pt', 'Pd', 'Au', 'Ru', 'Rh', 'Ir', 'Re', 'Os']	11	[0.269 0.264 0.309 0.015 0.008 0.01  0.003 0.126]	[-0.046  0.016  0.064  0.047 -0.017 -0.046  0.007 -0.024]	0.74	1.67	1.76	0.42	0.02	0.05	0.01	0.11	0.82	0.37	0.2		0.9674424770113814	0.108	False	0.089
7	['Pt', 'Pd', 'Au', 'Ru', 'Rh', 'Ir', 'Re', 'Os']	11	[0.303 0.295 0.323 0.002 0.001 0.007 0.003 0.058]	[-0.041 -0.065  0.168  0.035 -0.002 -0.006 -0.022 -0.067]	0.74	1.67	1.76	0.42	0.02	0.05	0.01	0.11	0.82	0.37	0.2		1.0035889305893766	0.201	False	0.081
0	['Pt', 'Pd', 'Au', 'Ru', 'Rh', 'Ir', 'Re', 'Os']	12	[0.37  0.086 0.406 0.025 0.014 0.012 0.024 0.062]	[ 0.026 -0.174  0.05   0.015 -0.003  0.002  0.004  0.079]	0.74	1.67	1.76	0.42	0.02	0.05	0.01	0.11	0.82	0.37	0.2		0.8319592285306805	0.2	False	0.204
1	['Pt', 'Pd', 'Au', 'Ru', 'Rh', 'Ir', 'Re', 'Os']	12	[0.328 0.117 0.371 0.011 0.002 0.002 0.008 0.168]	[ 0.039 -0.166  0.016  0.01  -0.007 -0.005  0.011  0.103]	0.74	1.67	1.76	0.42	0.02	0.05	0.01	0.11	0.82	0.37	0.2		0.8935181634586695	0.2	False	0.167
2	['Pt', 'Pd', 'Au', 'Ru', 'Rh', 'Ir', 'Re', 'Os']	12	[0.355 0.178 0.373 0.003 0.021 0.02  0.024 0.018]	[ 0.138 -0.049  0.026 -0.046  0.017  0.016  0.021 -0.122]	0.74	1.67	1.76	0.42	0.02	0.05	0.01	0.11	0.82	0.37	0.2		0.922497893072542	0.2	False	0.137
3	['Pt', 'Pd', 'Au', 'Ru', 'Rh', 'Ir', 'Re', 'Os']	12	[0.238 0.282 0.313 0.029 0.005 0.012 0.001 0.127]	[-0.107  0.012  0.063  0.121 -0.064 -0.03  -0.046  0.052]	0.74	1.67	1.76	0.42	0.02	0.05	0.01	0.11	0.82	0.37	0.2		0.9198953363618858	0.2	False	0.124
4	['Pt', 'Pd', 'Au', 'Ru', 'Rh', 'Ir', 'Re', 'Os']	12	[0.311 0.242 0.322 0.027 0.011 0.016 0.019 0.049]	[-0.022 -0.118  0.146 -0.001  0.04  -0.002  0.007 -0.05 ]	0.74	1.67	1.76	0.42	0.02	0.05	0.01	0.11	0.82	0.37	0.2		0.9707977201366853	0.2	False	0.078
5	['Pt', 'Pd', 'Au', 'Ru', 'Rh', 'Ir', 'Re', 'Os']	12	[0.411 0.12  0.304 0.007 0.    0.006 0.004 0.156]	[ 0.071 -0.089 -0.009 -0.002 -0.002  0.005  0.004  0.021]	0.74	1.67	1.76	0.42	0.02	0.05	0.01	0.11	0.82	0.37	0.2		0.9439193522405456	0.116	False	0.155
6	['Pt', 'Pd', 'Au', 'Ru', 'Rh', 'Ir', 'Re', 'Os']	12	[0.402 0.135 0.27  0.031 0.    0.037 0.003 0.126]	[ 0.136 -0.135 -0.042  0.015  0.002  0.035 -0.009 -0.002]	0.74	1.67	1.76	0.42	0.02	0.05	0.01	0.11	0.82	0.37	0.2		0.9245540333731095	0.2	False	0.141
7	['Pt', 'Pd', 'Au', 'Ru', 'Rh', 'Ir', 'Re', 'Os']	12	[0.338 0.124 0.392 0.012 0.004 0.003 0.002 0.12 ]	[ 0.036 -0.172  0.071  0.01  -0.009 -0.001  0.     0.064]	0.74	1.67	1.76	0.42	0.02	0.05	0.01	0.11	0.82	0.37	0.2		0.9057474421880998	0.2	False	0.158
0	['Pt', 'Pd', 'Au', 'Ru', 'Rh', 'Ir', 'Re', 'Os']	13	[0.313 0.256 0.321 0.012 0.007 0.008 0.012 0.071]	[-0.057  0.17  -0.085 -0.013 -0.007 -0.004 -0.012  0.009]	0.74	1.67	1.76	0.42	0.02	0.05	0.01	0.11	0.82	0.37	0.2		1.0056796076708452	0.2	False	0.056
1	['Pt', 'Pd', 'Au', 'Ru', 'Rh', 'Ir', 'Re', 'Os']	13	[0.31  0.271 0.319 0.017 0.008 0.011 0.017 0.054]	[-0.018  0.154 -0.052  0.006  0.006  0.009  0.009 -0.114]	0.74	1.67	1.76	0.42	0.02	0.05	0.01	0.11	0.82	0.37	0.2		0.993621942399791	0.2	False	0.073
2	['Pt', 'Pd', 'Au', 'Ru', 'Rh', 'Ir', 'Re', 'Os']	13	[0.363 0.314 0.243 0.    0.002 0.001 0.001 0.067]	[-0.008  0.125 -0.151 -0.014  0.006  0.002  0.006  0.034]	0.74	1.67	1.76	0.42	0.02	0.05	0.01	0.11	0.82	0.37	0.2		1.0348828558197876	0.2	False	0.093
3	['Pt', 'Pd', 'Au', 'Ru', 'Rh', 'Ir', 'Re', 'Os']	13	[0.317 0.189 0.367 0.071 0.026 0.001 0.009 0.028]	[ 0.082 -0.094  0.056  0.044  0.023  0.004 -0.014 -0.1  ]	0.74	1.67	1.76	0.42	0.02	0.05	0.01	0.11	0.82	0.37	0.2		0.9144172835864195	0.177	False	0.142
4	['Pt', 'Pd', 'Au', 'Ru', 'Rh', 'Ir', 'Re', 'Os']	13	[0.305 0.27  0.319 0.    0.019 0.009 0.005 0.072]	[-0.045  0.048 -0.037  0.029 -0.067  0.018  0.018  0.035]	0.74	1.67	1.76	0.42	0.02	0.05	0.01	0.11	0.82	0.37	0.2		0.9976801506462709	0.114	False	0.064
5	['Pt', 'Pd', 'Au', 'Ru', 'Rh', 'Ir', 'Re', 'Os']	13	[0.302 0.261 0.324 0.019 0.009 0.008 0.016 0.069]	[-0.109  0.141  0.02   0.012  0.009  0.002  0.012 -0.087]	0.74	1.67	1.76	0.42	0.02	0.05	0.01	0.11	0.82	0.37	0.2		0.9919177795341083	0.2	False	0.069
6	['Pt', 'Pd', 'Au', 'Ru', 'Rh', 'Ir', 'Re', 'Os']	13	[0.269 0.258 0.311 0.033 0.031 0.003 0.026 0.072]	[-0.133  0.123  0.041  0.002  0.031 -0.034  0.023 -0.054]	0.74	1.67	1.76	0.42	0.02	0.05	0.01	0.11	0.82	0.37	0.2		0.9343951253644769	0.2	False	0.101
7	['Pt', 'Pd', 'Au', 'Ru', 'Rh', 'Ir', 'Re', 'Os']	13	[0.31  0.286 0.308 0.014 0.003 0.014 0.014 0.046]	[-0.028  0.162 -0.084  0.002 -0.001  0.011  0.012 -0.074]	0.74	1.67	1.76	0.42	0.02	0.05	0.01	0.11	0.82	0.37	0.2		0.9915186180079436	0.2	False	0.08
0	['Pt', 'Pd', 'Au', 'Ru', 'Rh', 'Ir', 'Re', 'Os']	14	[0.393 0.129 0.214 0.022 0.036 0.063 0.031 0.112]	[ 0.08  -0.127 -0.107  0.01   0.029  0.055  0.019  0.041]	0.74	1.67	1.76	0.42	0.02	0.05	0.01	0.11	0.82	0.37	0.2		0.8202517371420324	0.2	False	0.175
1	['Pt', 'Pd', 'Au', 'Ru', 'Rh', 'Ir', 'Re', 'Os']	14	[0.381 0.401 0.194 0.008 0.002 0.002 0.    0.02 ]	[ 0.067  0.126 -0.13   0.019 -0.01  -0.013 -0.021 -0.038]	0.74	1.67	1.76	0.42	0.02	0.05	0.01	0.11	0.82	0.37	0.2		0.9382891884537372	0.2	False	0.204
2	['Pt', 'Pd', 'Au', 'Ru', 'Rh', 'Ir', 'Re', 'Os']	14	[0.361 0.412 0.107 0.02  0.001 0.003 0.001 0.086]	[ 0.002  0.102 -0.133  0.017 -0.003 -0.005 -0.003  0.023]	0.74	1.67	1.76	0.42	0.02	0.05	0.01	0.11	0.82	0.37	0.2		0.8637503326259646	0.17	False	0.253
3	['Pt', 'Pd', 'Au', 'Ru', 'Rh', 'Ir', 'Re', 'Os']	14	[0.325 0.314 0.251 0.007 0.001 0.003 0.02  0.086]	[-0.017  0.109 -0.15   0.057  0.001 -0.023 -0.013  0.037]	0.74	1.67	1.76	0.42	0.02	0.05	0.01	0.11	0.82	0.37	0.2		1.015812753001151	0.2	False	0.088
4	['Pt', 'Pd', 'Au', 'Ru', 'Rh', 'Ir', 'Re', 'Os']	14	[0.346 0.374 0.165 0.001 0.03  0.007 0.004 0.071]	[ 0.043  0.107 -0.155  0.001  0.041 -0.022 -0.016  0.001]	0.74	1.67	1.76	0.42	0.02	0.05	0.01	0.11	0.82	0.37	0.2		0.9233982949241504	0.2	False	0.188
5	['Pt', 'Pd', 'Au', 'Ru', 'Rh', 'Ir', 'Re', 'Os']	14	[0.373 0.35  0.179 0.011 0.009 0.002 0.    0.085]	[ 0.068  0.088 -0.165  0.016 -0.014 -0.006  0.004  0.009]	0.74	1.67	1.76	0.42	0.02	0.05	0.01	0.11	0.82	0.37	0.2		0.9821633411123687	0.2	False	0.16
6	['Pt', 'Pd', 'Au', 'Ru', 'Rh', 'Ir', 'Re', 'Os']	14	[0.348 0.363 0.189 0.003 0.002 0.001 0.002 0.097]	[ 0.065  0.094 -0.162  0.013  0.006 -0.023  0.004  0.004]	0.74	1.67	1.76	0.42	0.02	0.05	0.01	0.11	0.82	0.37	0.2		0.9784484834227876	0.2	False	0.158
7	['Pt', 'Pd', 'Au', 'Ru', 'Rh', 'Ir', 'Re', 'Os']	14	[0.356 0.411 0.175 0.015 0.009 0.    0.003 0.028]	[ 0.043  0.126 -0.145  0.018 -0.019 -0.002  0.002 -0.024]	0.74	1.67	1.76	0.42	0.02	0.05	0.01	0.11	0.82	0.37	0.2		0.9084387657105613	0.2	False	0.217
0	['Pt', 'Pd', 'Au', 'Ru', 'Rh', 'Ir', 'Re', 'Os']	15	[0.327 0.292 0.27  0.005 0.004 0.006 0.015 0.081]	[-0.066  0.163  0.056 -0.017 -0.032 -0.057 -0.016 -0.031]	0.74	1.67	1.76	0.42	0.02	0.05	0.01	0.11	0.82	0.37	0.2		1.0231067538583045	0.2	False	0.062
1	['Pt', 'Pd', 'Au', 'Ru', 'Rh', 'Ir', 'Re', 'Os']	15	[0.308 0.267 0.3   0.015 0.002 0.004 0.021 0.091]	[-0.073 -0.134  0.106  0.007 -0.     0.002  0.021  0.071]	0.74	1.67	1.76	0.42	0.02	0.05	0.01	0.11	0.82	0.37	0.2		1.0132270761249682	0.2	False	0.053
2	['Pt', 'Pd', 'Au', 'Ru', 'Rh', 'Ir', 'Re', 'Os']	15	[0.337 0.3   0.267 0.003 0.001 0.001 0.008 0.073]	[-0.029 -0.118  0.156  0.017 -0.006 -0.002  0.002 -0.018]	0.74	1.67	1.76	0.42	0.02	0.05	0.01	0.11	0.82	0.37	0.2		1.0346580209197065	0.199	False	0.068
3	['Pt', 'Pd', 'Au', 'Ru', 'Rh', 'Ir', 'Re', 'Os']	15	[0.327 0.405 0.138 0.015 0.004 0.016 0.002 0.098]	[ 0.005  0.094 -0.111  0.011 -0.006  0.016 -0.023  0.015]	0.74	1.67	1.76	0.42	0.02	0.05	0.01	0.11	0.82	0.37	0.2		0.8731571990697768	0.149	False	0.227
4	['Pt', 'Pd', 'Au', 'Ru', 'Rh', 'Ir', 'Re', 'Os']	15	[0.302 0.263 0.291 0.003 0.035 0.014 0.01  0.082]	[-0.052 -0.125  0.135 -0.008  0.054  0.01  -0.023  0.009]	0.74	1.67	1.76	0.42	0.02	0.05	0.01	0.11	0.82	0.37	0.2		0.9763290704930583	0.2	False	0.066
5	['Pt', 'Pd', 'Au', 'Ru', 'Rh', 'Ir', 'Re', 'Os']	15	[0.401 0.193 0.286 0.001 0.02  0.008 0.002 0.098]	[ 0.029 -0.161  0.111  0.007  0.022 -0.013 -0.01   0.014]	0.74	1.67	1.76	0.42	0.02	0.05	0.01	0.11	0.82	0.37	0.2		1.012924083316426	0.2	False	0.081
6	['Pt', 'Pd', 'Au', 'Ru', 'Rh', 'Ir', 'Re', 'Os']	15	[0.39  0.186 0.264 0.029 0.005 0.019 0.01  0.103]	[ 0.044 -0.176  0.077  0.028 -0.006  0.016  0.01   0.008]	0.74	1.67	1.76	0.42	0.02	0.05	0.01	0.11	0.82	0.37	0.2		0.9909102755927464	0.2	False	0.091
7	['Pt', 'Pd', 'Au', 'Ru', 'Rh', 'Ir', 'Re', 'Os']	15	[0.31  0.283 0.308 0.003 0.007 0.003 0.001 0.084]	[-0.048 -0.131  0.131 -0.02   0.012  0.001  0.001  0.054]	0.74	1.67	1.76	0.42	0.02	0.05	0.01	0.11	0.82	0.37	0.2		1.0220694025563337	0.2	False	0.055
0	['Pt', 'Pd', 'Au', 'Ru', 'Rh', 'Ir', 'Re', 'Os']	16	[0.266 0.403 0.271 0.015 0.021 0.017 0.006 0.001]	[-0.072  0.125 -0.001  0.009  0.014  0.01   0.012 -0.096]	0.74	1.67	1.76	0.42	0.02	0.05	0.01	0.11	0.82	0.37	0.2		0.8484807870358362	0.175	False	0.205
1	['Pt', 'Pd', 'Au', 'Ru', 'Rh', 'Ir', 'Re', 'Os']	16	[0.32  0.282 0.296 0.013 0.    0.003 0.007 0.086]	[ 0.016  0.02  -0.005  0.029 -0.008 -0.003 -0.044 -0.006]	0.74	1.67	1.76	0.42	0.02	0.05	0.01	0.11	0.82	0.37	0.2		1.0322564517412327	0.06	False	0.049
2	['Pt', 'Pd', 'Au', 'Ru', 'Rh', 'Ir', 'Re', 'Os']	16	[0.375 0.24  0.326 0.003 0.    0.    0.003 0.043]	[ 0.037 -0.062  0.059 -0.008 -0.001 -0.002  0.009 -0.031]	0.74	1.67	1.76	0.42	0.02	0.05	0.01	0.11	0.82	0.37	0.2		1.0409640414283228	0.099	False	0.068
3	['Pt', 'Pd', 'Au', 'Ru', 'Rh', 'Ir', 'Re', 'Os']	16	[0.343 0.284 0.291 0.005 0.    0.002 0.01  0.071]	[ 0.012 -0.125  0.15   0.014 -0.002 -0.023  0.004 -0.031]	0.74	1.67	1.76	0.42	0.02	0.05	0.01	0.11	0.82	0.37	0.2		1.0445187093863166	0.2	False	0.047
4	['Pt', 'Pd', 'Au', 'Ru', 'Rh', 'Ir', 'Re', 'Os']	16	[0.364 0.334 0.207 0.016 0.038 0.004 0.004 0.034]	[ 0.076  0.088 -0.111 -0.043  0.069 -0.006 -0.009 -0.065]	0.74	1.67	1.76	0.42	0.02	0.05	0.01	0.11	0.82	0.37	0.2		0.968052281739771	0.192	False	0.148
5	['Pt', 'Pd', 'Au', 'Ru', 'Rh', 'Ir', 'Re', 'Os']	16	[0.245 0.289 0.345 0.002 0.01  0.017 0.002 0.101]	[-0.166  0.094  0.056 -0.004  0.02   0.013 -0.01  -0.002]	0.74	1.67	1.76	0.42	0.02	0.05	0.01	0.11	0.82	0.37	0.2		0.9228018890077632	0.2	False	0.122
6	['Pt', 'Pd', 'Au', 'Ru', 'Rh', 'Ir', 'Re', 'Os']	16	[0.324 0.295 0.322 0.009 0.002 0.002 0.014 0.035]	[-0.083  0.104  0.049  0.024 -0.008  0.007 -0.008 -0.085]	0.74	1.67	1.76	0.42	0.02	0.05	0.01	0.11	0.82	0.37	0.2		1.0131088665239276	0.168	False	0.088
7	['Pt', 'Pd', 'Au', 'Ru', 'Rh', 'Ir', 'Re', 'Os']	16	[0.346 0.225 0.317 0.018 0.001 0.005 0.007 0.079]	[ 0.039 -0.057  0.012  0.018 -0.008 -0.009  0.008 -0.003]	0.74	1.67	1.76	0.42	0.02	0.05	0.01	0.11	0.82	0.37	0.2		1.0273089228460088	0.074	False	0.042
0	['Pt', 'Pd', 'Au', 'Ru', 'Rh', 'Ir', 'Re', 'Os']	17	[0.366 0.248 0.297 0.    0.004 0.    0.024 0.062]	[ 0.106 -0.156  0.03  -0.012 -0.024 -0.014  0.022  0.049]	0.74	1.67	1.76	0.42	0.02	0.05	0.01	0.11	0.82	0.37	0.2		1.0400603744809938	0.201	False	0.048
1	['Pt', 'Pd', 'Au', 'Ru', 'Rh', 'Ir', 'Re', 'Os']	17	[0.384 0.278 0.281 0.001 0.    0.001 0.019 0.045]	[ 0.066 -0.005 -0.017 -0.016 -0.003 -0.002  0.02  -0.044]	0.74	1.67	1.76	0.42	0.02	0.05	0.01	0.11	0.82	0.37	0.2		1.0449453697122522	0.085	False	0.075
2	['Pt', 'Pd', 'Au', 'Ru', 'Rh', 'Ir', 'Re', 'Os']	17	[0.337 0.277 0.278 0.008 0.002 0.002 0.013 0.073]	[-0.038  0.039 -0.049  0.009  0.001 -0.003  0.011  0.031]	0.74	1.67	1.76	0.42	0.02	0.05	0.01	0.11	0.82	0.37	0.2		1.0345152021970374	0.081	False	0.048
3	['Pt', 'Pd', 'Au', 'Ru', 'Rh', 'Ir', 'Re', 'Os']	17	[0.355 0.183 0.401 0.002 0.004 0.012 0.003 0.043]	[ 0.013 -0.101  0.113  0.005 -0.006  0.01  -0.006 -0.027]	0.74	1.67	1.76	0.42	0.02	0.05	0.01	0.11	0.82	0.37	0.2		0.954579218601294	0.155	False	0.135
4	['Pt', 'Pd', 'Au', 'Ru', 'Rh', 'Ir', 'Re', 'Os']	17	[0.341 0.236 0.272 0.012 0.027 0.006 0.029 0.078]	[-0.027 -0.129  0.093  0.023  0.069 -0.037 -0.056  0.064]	0.74	1.67	1.76	0.42	0.02	0.05	0.01	0.11	0.82	0.37	0.2		0.9976697148789702	0.2	False	0.057
5	['Pt', 'Pd', 'Au', 'Ru', 'Rh', 'Ir', 'Re', 'Os']	17	[0.408 0.231 0.257 0.006 0.    0.018 0.002 0.091]	[ 0.162 -0.063 -0.093 -0.014  0.001  0.026 -0.004 -0.014]	0.74	1.67	1.76	0.42	0.02	0.05	0.01	0.11	0.82	0.37	0.2		1.0292125605095912	0.2	False	0.078
6	['Pt', 'Pd', 'Au', 'Ru', 'Rh', 'Ir', 'Re', 'Os']	17	[0.307 0.341 0.292 0.    0.008 0.003 0.008 0.043]	[-0.021  0.048 -0.035 -0.012  0.004 -0.009  0.018  0.007]	0.74	1.67	1.76	0.42	0.02	0.05	0.01	0.11	0.82	0.37	0.2		0.9878321844654823	0.068	False	0.117
7	['Pt', 'Pd', 'Au', 'Ru', 'Rh', 'Ir', 'Re', 'Os']	17	[0.37  0.297 0.267 0.007 0.012 0.005 0.006 0.036]	[ 0.021  0.071 -0.057  0.019  0.005 -0.004 -0.005 -0.049]	0.74	1.67	1.76	0.42	0.02	0.05	0.01	0.11	0.82	0.37	0.2		1.026210251284541	0.107	False	0.09
0	['Pt', 'Pd', 'Au', 'Ru', 'Rh', 'Ir', 'Re', 'Os']	18	[0.461 0.189 0.269 0.007 0.017 0.001 0.012 0.045]	[ 0.102 -0.061 -0.029  0.003  0.016 -0.003 -0.012 -0.017]	0.74	1.67	1.76	0.42	0.02	0.05	0.01	0.11	0.82	0.37	0.2		0.981450627930585	0.125	False	0.143
1	['Pt', 'Pd', 'Au', 'Ru', 'Rh', 'Ir', 'Re', 'Os']	18	[0.436 0.262 0.261 0.015 0.002 0.003 0.025 0.004]	[ 0.056 -0.014 -0.018  0.014 -0.004 -0.004  0.009 -0.04 ]	0.74	1.67	1.76	0.42	0.02	0.05	0.01	0.11	0.82	0.37	0.2		1.0018126473598292	0.075	False	0.138
2	['Pt', 'Pd', 'Au', 'Ru', 'Rh', 'Ir', 'Re', 'Os']	18	[0.456 0.231 0.287 0.007 0.001 0.    0.004 0.002]	[ 0.129 -0.076 -0.007 -0.009 -0.03  -0.028 -0.047  0.067]	0.74	1.67	1.76	0.42	0.02	0.05	0.01	0.11	0.82	0.37	0.2		1.00123866366876	0.176	False	0.146
3	['Pt', 'Pd', 'Au', 'Ru', 'Rh', 'Ir', 'Re', 'Os']	18	[0.376 0.306 0.247 0.004 0.006 0.003 0.015 0.051]	[ 0.017  0.119 -0.159 -0.002  0.004  0.01   0.008  0.004]	0.74	1.67	1.76	0.42	0.02	0.05	0.01	0.11	0.82	0.37	0.2		1.028944603917288	0.2	False	0.096
4	['Pt', 'Pd', 'Au', 'Ru', 'Rh', 'Ir', 'Re', 'Os']	18	[0.333 0.322 0.228 0.025 0.009 0.001 0.062 0.022]	[-0.018  0.122 -0.072 -0.044  0.028 -0.018  0.092 -0.09 ]	0.74	1.67	1.76	0.42	0.02	0.05	0.01	0.11	0.82	0.37	0.2		0.9513498070505089	0.2	False	0.146
5	['Pt', 'Pd', 'Au', 'Ru', 'Rh', 'Ir', 'Re', 'Os']	18	[0.459 0.27  0.247 0.011 0.012 0.003 0.01  0.002]	[ 0.048  0.028 -0.053 -0.02  -0.068 -0.022 -0.023  0.11 ]	0.74	1.67	1.76	0.42	0.02	0.05	0.01	0.11	0.82	0.37	0.2		0.9883235413898717	0.156	False	0.158
6	['Pt', 'Pd', 'Au', 'Ru', 'Rh', 'Ir', 'Re', 'Os']	18	[0.445 0.201 0.283 0.005 0.009 0.005 0.027 0.029]	[ 0.139 -0.142 -0.01  -0.008  0.012  0.004  0.019 -0.015]	0.74	1.67	1.76	0.42	0.02	0.05	0.01	0.11	0.82	0.37	0.2		0.9881561498070282	0.201	False	0.133
7	['Pt', 'Pd', 'Au', 'Ru', 'Rh', 'Ir', 'Re', 'Os']	18	[0.373 0.187 0.325 0.004 0.028 0.001 0.018 0.062]	[ 0.001 -0.118  0.058 -0.006  0.03   0.001  0.01   0.025]	0.74	1.67	1.76	0.42	0.02	0.05	0.01	0.11	0.82	0.37	0.2		0.9903649363714306	0.137	False	0.088
0	['Pt', 'Pd', 'Au', 'Ru', 'Rh', 'Ir', 'Re', 'Os']	19	[0.319 0.328 0.259 0.011 0.023 0.002 0.01  0.049]	[-0.144  0.138 -0.011  0.013  0.005 -0.    -0.003  0.003]	0.74	1.67	1.76	0.42	0.02	0.05	0.01	0.11	0.82	0.37	0.2		0.9889858244025009	0.2	False	0.11
1	['Pt', 'Pd', 'Au', 'Ru', 'Rh', 'Ir', 'Re', 'Os']	19	[0.289 0.325 0.258 0.02  0.004 0.    0.003 0.109]	[-0.148  0.065 -0.002  0.029 -0.012 -0.005 -0.035  0.108]	0.74	1.67	1.76	0.42	0.02	0.05	0.01	0.11	0.82	0.37	0.2		0.9909800648636589	0.2	False	0.108
2	['Pt', 'Pd', 'Au', 'Ru', 'Rh', 'Ir', 'Re', 'Os']	19	[0.322 0.27  0.253 0.004 0.002 0.003 0.003 0.131]	[-0.138  0.04  -0.035  0.006 -0.002 -0.002 -0.003  0.133]	0.74	1.67	1.76	0.42	0.02	0.05	0.01	0.11	0.82	0.37	0.2		1.0246384674555966	0.2	False	0.066
3	['Pt', 'Pd', 'Au', 'Ru', 'Rh', 'Ir', 'Re', 'Os']	19	[0.342 0.345 0.217 0.019 0.002 0.    0.004 0.079]	[-0.037  0.041 -0.033  0.017  0.001 -0.005 -0.013  0.029]	0.74	1.67	1.76	0.42	0.02	0.05	0.01	0.11	0.82	0.37	0.2		1.0033168949649587	0.074	False	0.13
4	['Pt', 'Pd', 'Au', 'Ru', 'Rh', 'Ir', 'Re', 'Os']	19	[0.35  0.324 0.181 0.034 0.023 0.021 0.021 0.051]	[ 0.026  0.    -0.085  0.064 -0.076 -0.088  0.111  0.047]	0.74	1.67	1.76	0.42	0.02	0.05	0.01	0.11	0.82	0.37	0.2		0.9346839116985657	0.2	False	0.157
5	['Pt', 'Pd', 'Au', 'Ru', 'Rh', 'Ir', 'Re', 'Os']	19	[0.331 0.259 0.223 0.017 0.032 0.01  0.002 0.14 ]	[-0.132 -0.011 -0.025  0.006  0.034 -0.014 -0.002  0.143]	0.74	1.67	1.76	0.42	0.02	0.05	0.01	0.11	0.82	0.37	0.2		0.9885558729016442	0.2	False	0.097
6	['Pt', 'Pd', 'Au', 'Ru', 'Rh', 'Ir', 'Re', 'Os']	19	[0.504 0.268 0.181 0.006 0.002 0.003 0.021 0.021]	[ 0.092  0.102 -0.104  0.017  0.018  0.014 -0.068 -0.071]	0.74	1.67	1.76	0.42	0.02	0.05	0.01	0.11	0.82	0.37	0.2		0.9255162263666337	0.2	False	0.212
7	['Pt', 'Pd', 'Au', 'Ru', 'Rh', 'Ir', 'Re', 'Os']	19	[0.368 0.334 0.215 0.002 0.027 0.005 0.002 0.044]	[-0.009  0.15  -0.119 -0.022  0.043 -0.021  0.    -0.023]	0.74	1.67	1.76	0.42	0.02	0.05	0.01	0.11	0.82	0.37	0.2		0.9872448886003264	0.2	False	0.136
0	['Pt', 'Pd', 'Au', 'Ru', 'Rh', 'Ir', 'Re', 'Os']	20	[0.296 0.198 0.299 0.001 0.025 0.008 0.002 0.174]	[-0.027 -0.139  0.039  0.004  0.038 -0.019 -0.023  0.127]	0.74	1.67	1.76	0.42	0.02	0.05	0.01	0.11	0.82	0.37	0.2		0.9531284022601298	0.2	False	0.109
1	['Pt', 'Pd', 'Au', 'Ru', 'Rh', 'Ir', 'Re', 'Os']	20	[0.41  0.181 0.294 0.021 0.003 0.004 0.    0.093]	[ 0.121 -0.15   0.034  0.031  0.    -0.009 -0.006 -0.019]	0.74	1.67	1.76	0.42	0.02	0.05	0.01	0.11	0.82	0.37	0.2		1.0161421344070358	0.199	False	0.094
2	['Pt', 'Pd', 'Au', 'Ru', 'Rh', 'Ir', 'Re', 'Os']	20	[0.332 0.26  0.346 0.001 0.002 0.002 0.005 0.042]	[ 0.008 -0.012  0.091  0.001  0.001  0.002 -0.    -0.091]	0.74	1.67	1.76	0.42	0.02	0.05	0.01	0.11	0.82	0.37	0.2		1.0181756754311773	0.13	False	0.077
3	['Pt', 'Pd', 'Au', 'Ru', 'Rh', 'Ir', 'Re', 'Os']	20	[0.312 0.203 0.337 0.02  0.003 0.001 0.002 0.131]	[-0.033 -0.146  0.118  0.03  -0.009 -0.004 -0.005  0.049]	0.74	1.67	1.76	0.42	0.02	0.05	0.01	0.11	0.82	0.37	0.2		0.9940464096417687	0.2	False	0.08
4	['Pt', 'Pd', 'Au', 'Ru', 'Rh', 'Ir', 'Re', 'Os']	20	[0.291 0.244 0.25  0.02  0.032 0.027 0.001 0.14 ]	[-0.07  -0.094  0.079 -0.072  0.045  0.038 -0.028  0.102]	0.74	1.67	1.76	0.42	0.02	0.05	0.01	0.11	0.82	0.37	0.2		0.9406140493780302	0.2	False	0.099
5	['Pt', 'Pd', 'Au', 'Ru', 'Rh', 'Ir', 'Re', 'Os']	20	[0.287 0.225 0.337 0.    0.037 0.018 0.004 0.104]	[-0.054 -0.042  0.128  0.009  0.06  -0.045 -0.011 -0.045]	0.74	1.67	1.76	0.42	0.02	0.05	0.01	0.11	0.82	0.37	0.2		0.9449456225565369	0.17	False	0.088
6	['Pt', 'Pd', 'Au', 'Ru', 'Rh', 'Ir', 'Re', 'Os']	20	[0.339 0.305 0.272 0.006 0.004 0.004 0.007 0.069]	[-0.171  0.032  0.086 -0.005 -0.003 -0.004  0.021  0.043]	0.74	1.67	1.76	0.42	0.02	0.05	0.01	0.11	0.82	0.37	0.2		1.0326746040844461	0.2	False	0.071
7	['Pt', 'Pd', 'Au', 'Ru', 'Rh', 'Ir', 'Re', 'Os']	20	[0.288 0.208 0.308 0.001 0.04  0.013 0.001 0.136]	[-0.08  -0.127  0.093 -0.001  0.013  0.014 -0.004  0.092]	0.74	1.67	1.76	0.42	0.02	0.05	0.01	0.11	0.82	0.37	0.2		0.9428410151531292	0.2	False	0.093
0	['Pt', 'Pd', 'Au', 'Ru', 'Rh', 'Ir', 'Re', 'Os']	21	[0.383 0.287 0.286 0.001 0.002 0.009 0.013 0.022]	[ 0.087  0.089 -0.013 -0.004 -0.029  0.014  0.011 -0.153]	0.74	1.67	1.76	0.42	0.02	0.05	0.01	0.11	0.82	0.37	0.2		1.025824019182474	0.2	False	0.095
1	['Pt', 'Pd', 'Au', 'Ru', 'Rh', 'Ir', 'Re', 'Os']	21	[0.411 0.022 0.324 0.036 0.049 0.044 0.082 0.037]	[ 0.001 -0.159  0.03   0.015  0.046  0.04   0.082 -0.056]	0.74	1.67	1.76	0.42	0.02	0.05	0.01	0.11	0.82	0.37	0.2		0.665871998000811	0.2	False	0.269
2	['Pt', 'Pd', 'Au', 'Ru', 'Rh', 'Ir', 'Re', 'Os']	21	[0.448 0.305 0.214 0.002 0.003 0.001 0.003 0.013]	[ 0.116  0.045 -0.132 -0.004  0.004  0.002 -0.002 -0.029]	0.74	1.67	1.76	0.42	0.02	0.05	0.01	0.11	0.82	0.37	0.2		0.9864500506006368	0.184	False	0.166
3	['Pt', 'Pd', 'Au', 'Ru', 'Rh', 'Ir', 'Re', 'Os']	21	[0.305 0.269 0.2   0.017 0.005 0.003 0.016 0.196]	[-0.004  0.082 -0.158  0.032  0.001 -0.009 -0.025  0.081]	0.74	1.67	1.76	0.42	0.02	0.05	0.01	0.11	0.82	0.37	0.2		0.957271509792821	0.2	False	0.149
4	['Pt', 'Pd', 'Au', 'Ru', 'Rh', 'Ir', 'Re', 'Os']	21	[0.293 0.284 0.217 0.028 0.005 0.003 0.017 0.159]	[-0.014  0.092 -0.111  0.062  0.045  0.    -0.108  0.034]	0.74	1.67	1.76	0.42	0.02	0.05	0.01	0.11	0.82	0.37	0.2		0.9682909254921928	0.2	False	0.126
5	['Pt', 'Pd', 'Au', 'Ru', 'Rh', 'Ir', 'Re', 'Os']	21	[0.412 0.278 0.239 0.005 0.013 0.045 0.001 0.017]	[ 0.121  0.047 -0.108 -0.016  0.039  0.02  -0.006 -0.097]	0.74	1.67	1.76	0.42	0.02	0.05	0.01	0.11	0.82	0.37	0.2		0.9634069002627148	0.2	False	0.132
6	['Pt', 'Pd', 'Au', 'Ru', 'Rh', 'Ir', 'Re', 'Os']	21	[0.238 0.323 0.342 0.007 0.    0.    0.012 0.082]	[-0.105  0.016  0.069  0.008 -0.    -0.     0.003  0.011]	0.74	1.67	1.76	0.42	0.02	0.05	0.01	0.11	0.82	0.37	0.2		0.9222957530887173	0.127	False	0.142
7	['Pt', 'Pd', 'Au', 'Ru', 'Rh', 'Ir', 'Re', 'Os']	21	[0.376 0.273 0.302 0.001 0.03  0.014 0.001 0.001]	[ 0.09   0.066 -0.01  -0.01   0.059 -0.039 -0.008 -0.149]	0.74	1.67	1.76	0.42	0.02	0.05	0.01	0.11	0.82	0.37	0.2		0.9928018350159631	0.2	False	0.11
0	['Pt', 'Pd', 'Au', 'Ru', 'Rh', 'Ir', 'Re', 'Os']	22	[0.393 0.285 0.278 0.005 0.013 0.002 0.018 0.008]	[ 0.014 -0.014 -0.028 -0.007  0.01  -0.026  0.003  0.047]	0.74	1.67	1.76	0.42	0.02	0.05	0.01	0.11	0.82	0.37	0.2		1.0149781287352133	0.065	False	0.112
1	['Pt', 'Pd', 'Au', 'Ru', 'Rh', 'Ir', 'Re', 'Os']	22	[0.391 0.208 0.297 0.008 0.017 0.018 0.041 0.026]	[-0.02   0.186 -0.027 -0.028 -0.032 -0.026 -0.041 -0.011]	0.74	1.67	1.76	0.42	0.02	0.05	0.01	0.11	0.82	0.37	0.2		0.9708267892569085	0.2	False	0.106
2	['Pt', 'Pd', 'Au', 'Ru', 'Rh', 'Ir', 'Re', 'Os']	22	[0.339 0.24  0.364 0.005 0.    0.007 0.013 0.018]	[-0.11  -0.065  0.151 -0.01  -0.007  0.006  0.01   0.025]	0.74	1.67	1.76	0.42	0.02	0.05	0.01	0.11	0.82	0.37	0.2		0.9892746731306599	0.2	False	0.106
3	['Pt', 'Pd', 'Au', 'Ru', 'Rh', 'Ir', 'Re', 'Os']	22	[0.373 0.316 0.273 0.    0.011 0.003 0.005 0.03 ]	[ 0.068  0.047  0.073 -0.017  0.006  0.    -0.011 -0.166]	0.74	1.67	1.76	0.42	0.02	0.05	0.01	0.11	0.82	0.37	0.2		1.0267375864104082	0.2	False	0.103
4	['Pt', 'Pd', 'Au', 'Ru', 'Rh', 'Ir', 'Re', 'Os']	22	[0.377 0.338 0.239 0.002 0.    0.003 0.046 0.   ]	[ 0.056  0.017 -0.024 -0.092 -0.047 -0.047 -0.015  0.151]	0.74	1.67	1.76	0.42	0.02	0.05	0.01	0.11	0.82	0.37	0.2		0.9725037397658252	0.2	False	0.156
5	['Pt', 'Pd', 'Au', 'Ru', 'Rh', 'Ir', 'Re', 'Os']	22	[0.398 0.23  0.251 0.008 0.017 0.056 0.002 0.048]	[-0.022 -0.074  0.017 -0.021 -0.034  0.118 -0.03   0.046]	0.74	1.67	1.76	0.42	0.02	0.05	0.01	0.11	0.82	0.37	0.2		0.9534754036580144	0.157	False	0.106
6	['Pt', 'Pd', 'Au', 'Ru', 'Rh', 'Ir', 'Re', 'Os']	22	[0.381 0.259 0.234 0.007 0.001 0.003 0.001 0.119]	[ 0.145 -0.068 -0.113  0.007 -0.004 -0.009  0.006  0.036]	0.74	1.67	1.76	0.42	0.02	0.05	0.01	0.11	0.82	0.37	0.2		1.0437232548388653	0.2	False	0.076
7	['Pt', 'Pd', 'Au', 'Ru', 'Rh', 'Ir', 'Re', 'Os']	22	[0.385 0.257 0.258 0.014 0.02  0.032 0.002 0.027]	[ 0.01  -0.029 -0.073 -0.037  0.057  0.046 -0.01   0.037]	0.74	1.67	1.76	0.42	0.02	0.05	0.01	0.11	0.82	0.37	0.2		0.9809985965972119	0.12	False	0.1
0	['Pt', 'Pd', 'Au', 'Ru', 'Rh', 'Ir', 'Re', 'Os']	23	[0.357 0.211 0.233 0.007 0.008 0.001 0.004 0.18 ]	[-0.039 -0.077 -0.048  0.006  0.015 -0.003 -0.026  0.172]	0.74	1.67	1.76	0.42	0.02	0.05	0.01	0.11	0.82	0.37	0.2		0.9991858356760763	0.2	False	0.112
1	['Pt', 'Pd', 'Au', 'Ru', 'Rh', 'Ir', 'Re', 'Os']	23	[0.417 0.073 0.267 0.03  0.019 0.022 0.015 0.163]	[ 0.026 -0.135 -0.03   0.022  0.002  0.004 -0.026  0.137]	0.74	1.67	1.76	0.42	0.02	0.05	0.01	0.11	0.82	0.37	0.2		0.8337540534268104	0.199	False	0.207
2	['Pt', 'Pd', 'Au', 'Ru', 'Rh', 'Ir', 'Re', 'Os']	23	[0.366 0.225 0.217 0.006 0.004 0.006 0.013 0.145]	[ 0.026 -0.016 -0.15   0.006 -0.001  0.008 -0.001  0.128]	0.74	1.67	1.76	0.42	0.02	0.05	0.01	0.11	0.82	0.37	0.2		1.0031921566591242	0.2	False	0.1
3	['Pt', 'Pd', 'Au', 'Ru', 'Rh', 'Ir', 'Re', 'Os']	23	[0.388 0.181 0.288 0.002 0.016 0.008 0.002 0.125]	[ 0.018 -0.136  0.018  0.     0.023 -0.009 -0.012  0.099]	0.74	1.67	1.76	0.42	0.02	0.05	0.01	0.11	0.82	0.37	0.2		1.0049885481289027	0.172	False	0.085
4	['Pt', 'Pd', 'Au', 'Ru', 'Rh', 'Ir', 'Re', 'Os']	23	[0.352 0.265 0.215 0.    0.003 0.002 0.006 0.161]	[-0.038 -0.09  -0.037 -0.013 -0.013 -0.014  0.039  0.164]	0.74	1.67	1.76	0.42	0.02	0.05	0.01	0.11	0.82	0.37	0.2		1.0167514844681476	0.2	False	0.106
5	['Pt', 'Pd', 'Au', 'Ru', 'Rh', 'Ir', 'Re', 'Os']	23	[0.32  0.193 0.204 0.005 0.052 0.067 0.    0.17 ]	[-0.098 -0.048 -0.06   0.002  0.057  0.011 -0.01   0.146]	0.74	1.67	1.76	0.42	0.02	0.05	0.01	0.11	0.82	0.37	0.2		0.8484695734789314	0.2	False	0.16
6	['Pt', 'Pd', 'Au', 'Ru', 'Rh', 'Ir', 'Re', 'Os']	23	[0.472 0.278 0.147 0.001 0.003 0.008 0.004 0.092]	[ 0.097  0.021 -0.091  0.001  0.     0.006 -0.007 -0.028]	0.74	1.67	1.76	0.42	0.02	0.05	0.01	0.11	0.82	0.37	0.2		0.9424468175698117	0.138	False	0.198
7	['Pt', 'Pd', 'Au', 'Ru', 'Rh', 'Ir', 'Re', 'Os']	23	[0.314 0.187 0.239 0.024 0.003 0.037 0.006 0.183]	[-0.08  -0.079 -0.025  0.024  0.014  0.    -0.014  0.16 ]	0.74	1.67	1.76	0.42	0.02	0.05	0.01	0.11	0.82	0.37	0.2		0.9170378267023036	0.2	False	0.134
0	['Pt', 'Pd', 'Au', 'Ru', 'Rh', 'Ir', 'Re', 'Os']	24	[0.372 0.098 0.329 0.011 0.034 0.031 0.06  0.065]	[ 0.015 -0.113  0.096  0.004  0.026  0.03   0.056 -0.115]	0.74	1.67	1.76	0.42	0.02	0.05	0.01	0.11	0.82	0.37	0.2		0.8215243561734458	0.2	False	0.177
1	['Pt', 'Pd', 'Au', 'Ru', 'Rh', 'Ir', 'Re', 'Os']	24	[0.364 0.25  0.235 0.004 0.004 0.027 0.013 0.112]	[-0.067  0.169 -0.045  0.021  0.01  -0.008 -0.015 -0.065]	0.74	1.67	1.76	0.42	0.02	0.05	0.01	0.11	0.82	0.37	0.2		1.005500525172283	0.2	False	0.074
2	['Pt', 'Pd', 'Au', 'Ru', 'Rh', 'Ir', 'Re', 'Os']	24	[0.354 0.309 0.263 0.009 0.018 0.002 0.007 0.019]	[-0.01   0.094  0.053  0.01  -0.029  0.001  0.016 -0.134]	0.74	1.67	1.76	0.42	0.02	0.05	0.01	0.11	0.82	0.37	0.2		1.0036996342681357	0.176	False	0.109
3	['Pt', 'Pd', 'Au', 'Ru', 'Rh', 'Ir', 'Re', 'Os']	24	[0.31  0.347 0.218 0.003 0.001 0.002 0.004 0.13 ]	[-0.085  0.164 -0.077 -0.002  0.008  0.003 -0.01  -0.   ]	0.74	1.67	1.76	0.42	0.02	0.05	0.01	0.11	0.82	0.37	0.2		0.9832792940589672	0.2	False	0.137
4	['Pt', 'Pd', 'Au', 'Ru', 'Rh', 'Ir', 'Re', 'Os']	24	[0.364 0.241 0.239 0.001 0.003 0.01  0.061 0.084]	[ 0.012 -0.025  0.024  0.001  0.005  0.008  0.055 -0.078]	0.74	1.67	1.76	0.42	0.02	0.05	0.01	0.11	0.82	0.37	0.2		0.9919264122081328	0.102	False	0.09
5	['Pt', 'Pd', 'Au', 'Ru', 'Rh', 'Ir', 'Re', 'Os']	24	[0.423 0.094 0.282 0.017 0.004 0.02  0.028 0.145]	[ 0.093 -0.12   0.066 -0.003 -0.076  0.069  0.014 -0.042]	0.74	1.67	1.76	0.42	0.02	0.05	0.01	0.11	0.82	0.37	0.2		0.8816518251010228	0.2	False	0.183
6	['Pt', 'Pd', 'Au', 'Ru', 'Rh', 'Ir', 'Re', 'Os']	24	[0.544 0.169 0.198 0.002 0.006 0.01  0.008 0.069]	[ 0.104 -0.15   0.075 -0.009 -0.002  0.009  0.002 -0.029]	0.74	1.67	1.76	0.42	0.02	0.05	0.01	0.11	0.82	0.37	0.2		0.8744654483355168	0.2	False	0.236
7	['Pt', 'Pd', 'Au', 'Ru', 'Rh', 'Ir', 'Re', 'Os']	24	[0.343 0.278 0.267 0.007 0.007 0.032 0.01  0.05 ]	[ 0.03   0.098  0.029  0.006 -0.033  0.06  -0.04  -0.149]	0.74	1.67	1.76	0.42	0.02	0.05	0.01	0.11	0.82	0.37	0.2		0.9895452347447276	0.2	False	0.075
0	['Pt', 'Pd', 'Au', 'Ru', 'Rh', 'Ir', 'Re', 'Os']	25	[0.338 0.257 0.347 0.008 0.006 0.006 0.006 0.03 ]	[-0.051  0.159  0.006  0.001  0.024  0.005 -0.093 -0.052]	0.74	1.67	1.76	0.42	0.02	0.05	0.01	0.11	0.82	0.37	0.2		1.008251769346026	0.2	False	0.086
1	['Pt', 'Pd', 'Au', 'Ru', 'Rh', 'Ir', 'Re', 'Os']	25	[0.348 0.366 0.265 0.004 0.006 0.006 0.004 0.011]	[-0.056  0.114  0.003 -0.058 -0.06   0.    -0.059  0.115]	0.74	1.67	1.76	0.42	0.02	0.05	0.01	0.11	0.82	0.37	0.2		0.9791215766396246	0.2	False	0.151
2	['Pt', 'Pd', 'Au', 'Ru', 'Rh', 'Ir', 'Re', 'Os']	25	[0.375 0.147 0.301 0.004 0.063 0.001 0.007 0.08 ]	[ 0.026 -0.166  0.044 -0.019  0.068 -0.    -0.019  0.068]	0.74	1.67	1.76	0.42	0.02	0.05	0.01	0.11	0.82	0.37	0.2		0.9280072319208448	0.2	False	0.125
3	['Pt', 'Pd', 'Au', 'Ru', 'Rh', 'Ir', 'Re', 'Os']	25	[0.395 0.235 0.301 0.009 0.005 0.031 0.018 0.02 ]	[ 0.085 -0.112  0.083  0.009  0.004  0.029  0.014 -0.11 ]	0.74	1.67	1.76	0.42	0.02	0.05	0.01	0.11	0.82	0.37	0.2		0.9885707415459535	0.2	False	0.1
4	['Pt', 'Pd', 'Au', 'Ru', 'Rh', 'Ir', 'Re', 'Os']	25	[0.277 0.236 0.129 0.027 0.04  0.023 0.135 0.134]	[-0.093  0.004 -0.12   0.024  0.038 -0.017  0.097  0.068]	0.74	1.67	1.76	0.42	0.02	0.05	0.01	0.11	0.82	0.37	0.2		0.7368921748840904	0.198	False	0.239
5	['Pt', 'Pd', 'Au', 'Ru', 'Rh', 'Ir', 'Re', 'Os']	25	[0.391 0.263 0.249 0.002 0.018 0.027 0.001 0.061]	[-0.035  0.168 -0.036  0.009  0.013  0.004 -0.034 -0.088]	0.74	1.67	1.76	0.42	0.02	0.05	0.01	0.11	0.82	0.37	0.2		1.0078882957369462	0.2	False	0.084
6	['Pt', 'Pd', 'Au', 'Ru', 'Rh', 'Ir', 'Re', 'Os']	25	[0.372 0.239 0.262 0.001 0.008 0.014 0.003 0.107]	[-0.173  0.07   0.064  0.003  0.002  0.004 -0.006  0.038]	0.74	1.67	1.76	0.42	0.02	0.05	0.01	0.11	0.82	0.37	0.2		1.0320865537181698	0.2	False	0.049
7	['Pt', 'Pd', 'Au', 'Ru', 'Rh', 'Ir', 'Re', 'Os']	25	[0.398 0.184 0.289 0.012 0.054 0.013 0.003 0.041]	[ 0.064 -0.1    0.028 -0.009  0.052 -0.017 -0.012 -0.006]	0.74	1.67	1.76	0.42	0.02	0.05	0.01	0.11	0.82	0.37	0.2		0.9527876575081515	0.134	False	0.116
0	['Pt', 'Pd', 'Au', 'Ru', 'Rh', 'Ir', 'Re', 'Os']	26	[0.399 0.223 0.195 0.002 0.019 0.013 0.012 0.135]	[ 0.059 -0.037 -0.156  0.005  0.01   0.004  0.011  0.103]	0.74	1.67	1.76	0.42	0.02	0.05	0.01	0.11	0.82	0.37	0.2		0.978409590426544	0.2	False	0.127
1	['Pt', 'Pd', 'Au', 'Ru', 'Rh', 'Ir', 'Re', 'Os']	26	[0.372 0.215 0.265 0.007 0.009 0.003 0.004 0.133]	[ 0.025 -0.153  0.001  0.007  0.011 -0.012 -0.004  0.125]	0.74	1.67	1.76	0.42	0.02	0.05	0.01	0.11	0.82	0.37	0.2		1.0303060208642068	0.2	False	0.065
2	['Pt', 'Pd', 'Au', 'Ru', 'Rh', 'Ir', 'Re', 'Os']	26	[0.427 0.012 0.332 0.017 0.001 0.044 0.021 0.124]	[ 0.     0.173 -0.035 -0.065  0.019 -0.015 -0.064 -0.013]	0.74	1.67	1.76	0.42	0.02	0.05	0.01	0.11	0.82	0.37	0.2		0.7372622150762027	0.2	False	0.259
3	['Pt', 'Pd', 'Au', 'Ru', 'Rh', 'Ir', 'Re', 'Os']	26	[0.335 0.193 0.278 0.009 0.001 0.016 0.007 0.176]	[-0.076 -0.056 -0.036  0.003 -0.023  0.033 -0.005  0.161]	0.74	1.67	1.76	0.42	0.02	0.05	0.01	0.11	0.82	0.37	0.2		0.9812514161956121	0.194	False	0.101
4	['Pt', 'Pd', 'Au', 'Ru', 'Rh', 'Ir', 'Re', 'Os']	26	[0.361 0.259 0.238 0.002 0.001 0.001 0.002 0.136]	[ 0.078  0.017  0.103  0.022 -0.045 -0.03  -0.14  -0.004]	0.74	1.67	1.76	0.42	0.02	0.05	0.01	0.11	0.82	0.37	0.2		1.0407833090004026	0.2	False	0.073
5	['Pt', 'Pd', 'Au', 'Ru', 'Rh', 'Ir', 'Re', 'Os']	26	[0.343 0.281 0.26  0.015 0.01  0.009 0.002 0.092]	[-0.079  0.022  0.011 -0.041  0.025  0.037 -0.016  0.042]	0.74	1.67	1.76	0.42	0.02	0.05	0.01	0.11	0.82	0.37	0.2		1.0314505564551641	0.112	False	0.056
6	['Pt', 'Pd', 'Au', 'Ru', 'Rh', 'Ir', 'Re', 'Os']	26	[0.267 0.334 0.271 0.007 0.    0.    0.009 0.117]	[-0.112  0.096  0.007 -0.013  0.002  0.009  0.004  0.008]	0.74	1.67	1.76	0.42	0.02	0.05	0.01	0.11	0.82	0.37	0.2		0.9656466231195289	0.149	False	0.123
7	['Pt', 'Pd', 'Au', 'Ru', 'Rh', 'Ir', 'Re', 'Os']	26	[0.381 0.214 0.242 0.    0.048 0.    0.017 0.089]	[-0.036  0.045 -0.087 -0.032  0.13  -0.03  -0.067  0.076]	0.74	1.67	1.76	0.42	0.02	0.05	0.01	0.11	0.82	0.37	0.2		0.9885926001430843	0.2	False	0.091
0	['Pt', 'Pd', 'Au', 'Ru', 'Rh', 'Ir', 'Re', 'Os']	27	[0.294 0.289 0.301 0.005 0.03  0.031 0.006 0.04 ]	[-0.108  0.068  0.11   0.002  0.012  0.034 -0.02  -0.098]	0.74	1.67	1.76	0.42	0.02	0.05	0.01	0.11	0.82	0.37	0.2		0.9384625706352356	0.199	False	0.101
1	['Pt', 'Pd', 'Au', 'Ru', 'Rh', 'Ir', 'Re', 'Os']	27	[0.392 0.3   0.244 0.008 0.006 0.006 0.016 0.039]	[ 0.017  0.086 -0.026  0.008  0.008  0.001  0.009 -0.104]	0.74	1.67	1.76	0.42	0.02	0.05	0.01	0.11	0.82	0.37	0.2		1.021850753299635	0.139	False	0.107
2	['Pt', 'Pd', 'Au', 'Ru', 'Rh', 'Ir', 'Re', 'Os']	27	[0.387 0.194 0.288 0.004 0.    0.009 0.001 0.093]	[-0.043  0.179 -0.047  0.016 -0.005 -0.038 -0.026 -0.034]	0.74	1.67	1.76	0.42	0.02	0.05	0.01	0.11	0.82	0.37	0.2		1.0197148134981262	0.2	False	0.069
3	['Pt', 'Pd', 'Au', 'Ru', 'Rh', 'Ir', 'Re', 'Os']	27	[0.415 0.051 0.279 0.03  0.042 0.046 0.061 0.09 ]	[ 0.08  -0.142  0.001  0.021  0.041  0.03   0.054 -0.086]	0.74	1.67	1.76	0.42	0.02	0.05	0.01	0.11	0.82	0.37	0.2		0.737237310966796	0.2	False	0.23
4	['Pt', 'Pd', 'Au', 'Ru', 'Rh', 'Ir', 'Re', 'Os']	27	[0.368 0.232 0.267 0.036 0.005 0.006 0.054 0.032]	[ 0.044 -0.005  0.076 -0.053  0.007 -0.029  0.076 -0.115]	0.74	1.67	1.76	0.42	0.02	0.05	0.01	0.11	0.82	0.37	0.2		0.9826565837250534	0.174	False	0.103
5	['Pt', 'Pd', 'Au', 'Ru', 'Rh', 'Ir', 'Re', 'Os']	27	[0.314 0.259 0.222 0.046 0.002 0.003 0.003 0.162]	[-0.028 -0.02  -0.038  0.054 -0.019 -0.019 -0.011  0.081]	0.74	1.67	1.76	0.42	0.02	0.05	0.01	0.11	0.82	0.37	0.2		0.9910577641839253	0.114	False	0.116
6	['Pt', 'Pd', 'Au', 'Ru', 'Rh', 'Ir', 'Re', 'Os']	27	[0.404 0.203 0.287 0.008 0.001 0.006 0.004 0.091]	[ 0.143 -0.135  0.018  0.01  -0.008 -0.011  0.009 -0.026]	0.74	1.67	1.76	0.42	0.02	0.05	0.01	0.11	0.82	0.37	0.2		1.0317855818144015	0.2	False	0.074
7	['Pt', 'Pd', 'Au', 'Ru', 'Rh', 'Ir', 'Re', 'Os']	27	[0.255 0.304 0.255 0.009 0.009 0.013 0.037 0.108]	[-0.148  0.106  0.015 -0.037  0.036 -0.04   0.045  0.022]	0.74	1.67	1.76	0.42	0.02	0.05	0.01	0.11	0.82	0.37	0.2		0.9193395912681461	0.2	False	0.125
0	['Pt', 'Pd', 'Au', 'Ru', 'Rh', 'Ir', 'Re', 'Os']	28	[0.427 0.177 0.311 0.01  0.015 0.002 0.005 0.052]	[ 0.137 -0.137 -0.001 -0.027  0.03   0.02  -0.023  0.002]	0.74	1.67	1.76	0.42	0.02	0.05	0.01	0.11	0.82	0.37	0.2		0.9954746355063484	0.2	False	0.118
1	['Pt', 'Pd', 'Au', 'Ru', 'Rh', 'Ir', 'Re', 'Os']	28	[0.414 0.154 0.373 0.003 0.006 0.001 0.001 0.059]	[ 0.018 -0.152  0.126  0.005  0.005  0.    -0.019  0.016]	0.74	1.67	1.76	0.42	0.02	0.05	0.01	0.11	0.82	0.37	0.2		0.9744729859129695	0.2	False	0.143
2	['Pt', 'Pd', 'Au', 'Ru', 'Rh', 'Ir', 'Re', 'Os']	28	[0.342 0.336 0.263 0.005 0.004 0.014 0.006 0.005]	[-0.033  0.159 -0.012 -0.02  -0.006  0.027 -0.004 -0.111]	0.74	1.67	1.76	0.42	0.02	0.05	0.01	0.11	0.82	0.37	0.2		0.9746377011564797	0.2	False	0.135
3	['Pt', 'Pd', 'Au', 'Ru', 'Rh', 'Ir', 'Re', 'Os']	28	[0.393 0.233 0.292 0.003 0.007 0.008 0.017 0.06 ]	[-0.022  0.182  0.013 -0.027 -0.035 -0.038 -0.044 -0.03 ]	0.74	1.67	1.76	0.42	0.02	0.05	0.01	0.11	0.82	0.37	0.2		1.0328141464398235	0.2	False	0.065
4	['Pt', 'Pd', 'Au', 'Ru', 'Rh', 'Ir', 'Re', 'Os']	28	[0.363 0.175 0.231 0.067 0.011 0.015 0.043 0.095]	[-0.025 -0.111 -0.077  0.034 -0.012 -0.006  0.11   0.087]	0.74	1.67	1.76	0.42	0.02	0.05	0.01	0.11	0.82	0.37	0.2		0.9272173219565123	0.2	False	0.131
5	['Pt', 'Pd', 'Au', 'Ru', 'Rh', 'Ir', 'Re', 'Os']	28	[0.424 0.227 0.312 0.005 0.001 0.001 0.002 0.039]	[ 0.102 -0.044  0.081  0.039 -0.013 -0.01  -0.018 -0.137]	0.74	1.67	1.76	0.42	0.02	0.05	0.01	0.11	0.82	0.37	0.2		1.0370295002473593	0.2	False	0.1
6	['Pt', 'Pd', 'Au', 'Ru', 'Rh', 'Ir', 'Re', 'Os']	28	[0.462 0.228 0.205 0.004 0.004 0.01  0.001 0.088]	[ 0.06   0.025 -0.086  0.     0.001  0.011 -0.006 -0.004]	0.74	1.67	1.76	0.42	0.02	0.05	0.01	0.11	0.82	0.37	0.2		0.9853343783382973	0.109	False	0.149
7	['Pt', 'Pd', 'Au', 'Ru', 'Rh', 'Ir', 'Re', 'Os']	28	[0.393 0.202 0.323 0.002 0.    0.011 0.004 0.056]	[ 0.137 -0.106  0.066  0.003 -0.016  0.018 -0.048 -0.055]	0.74	1.67	1.76	0.42	0.02	0.05	0.01	0.11	0.82	0.37	0.2		1.0173195405968072	0.201	False	0.082
0	['Pt', 'Pd', 'Au', 'Ru', 'Rh', 'Ir', 'Re', 'Os']	29	[0.351 0.291 0.286 0.033 0.031 0.001 0.006 0.002]	[-0.082  0.123 -0.027  0.025  0.037 -0.004 -0.009 -0.064]	0.74	1.67	1.76	0.42	0.02	0.05	0.01	0.11	0.82	0.37	0.2		0.9889097317257454	0.17	False	0.116
1	['Pt', 'Pd', 'Au', 'Ru', 'Rh', 'Ir', 'Re', 'Os']	29	[0.387 0.298 0.241 0.004 0.008 0.    0.002 0.072]	[-0.028  0.144 -0.134  0.003  0.009 -0.002 -0.004  0.012]	0.74	1.67	1.76	0.42	0.02	0.05	0.01	0.11	0.82	0.37	0.2		1.0438942007499672	0.2	False	0.09
2	['Pt', 'Pd', 'Au', 'Ru', 'Rh', 'Ir', 'Re', 'Os']	29	[0.425 0.175 0.337 0.003 0.016 0.004 0.011 0.006]	[ 0.084 -0.164  0.075 -0.01   0.014 -0.011  0.012  0.001]	0.74	1.67	1.76	0.42	0.02	0.05	0.01	0.11	0.82	0.37	0.2		0.9630794387366968	0.2	False	0.148
3	['Pt', 'Pd', 'Au', 'Ru', 'Rh', 'Ir', 'Re', 'Os']	29	[0.333 0.369 0.29  0.001 0.005 0.    0.004 0.008]	[-0.073  0.163 -0.003 -0.012  0.002 -0.002  0.013 -0.088]	0.74	1.67	1.76	0.42	0.02	0.05	0.01	0.11	0.82	0.37	0.2		0.97839330245885	0.2	False	0.152
4	['Pt', 'Pd', 'Au', 'Ru', 'Rh', 'Ir', 'Re', 'Os']	29	[0.376 0.24  0.255 0.036 0.006 0.001 0.023 0.059]	[ 0.009  0.082  0.024  0.11  -0.018 -0.021 -0.126 -0.06 ]	0.74	1.67	1.76	0.42	0.02	0.05	0.01	0.11	0.82	0.37	0.2		1.0207461838884961	0.2	False	0.08
5	['Pt', 'Pd', 'Au', 'Ru', 'Rh', 'Ir', 'Re', 'Os']	29	[0.437 0.147 0.313 0.038 0.006 0.019 0.001 0.048]	[ 0.044 -0.108  0.025 -0.051  0.013  0.03   0.008  0.038]	0.74	1.67	1.76	0.42	0.02	0.05	0.01	0.11	0.82	0.37	0.2		0.9479872871577051	0.139	False	0.151
6	['Pt', 'Pd', 'Au', 'Ru', 'Rh', 'Ir', 'Re', 'Os']	29	[0.333 0.283 0.335 0.004 0.002 0.003 0.001 0.04 ]	[-0.133  0.054  0.13  -0.005  0.001  0.008 -0.004 -0.051]	0.74	1.67	1.76	0.42	0.02	0.05	0.01	0.11	0.82	0.37	0.2		1.024625311473174	0.2	False	0.079
7	['Pt', 'Pd', 'Au', 'Ru', 'Rh', 'Ir', 'Re', 'Os']	29	[0.445 0.21  0.304 0.    0.002 0.002 0.016 0.01 ]	[ 0.082  0.001 -0.049 -0.036 -0.034 -0.017  0.005  0.047]	0.74	1.67	1.76	0.42	0.02	0.05	0.01	0.11	0.82	0.37	0.2		0.996767468846995	0.119	False	0.138
0	['Pt', 'Pd', 'Au', 'Ru', 'Rh', 'Ir', 'Re', 'Os']	30	[0.341 0.288 0.19  0.04  0.003 0.015 0.001 0.12 ]	[-0.02  -0.011 -0.123  0.061  0.024 -0.036 -0.029  0.134]	0.74	1.67	1.76	0.42	0.02	0.05	0.01	0.11	0.82	0.37	0.2		0.983939229572294	0.2	False	0.126
1	['Pt', 'Pd', 'Au', 'Ru', 'Rh', 'Ir', 'Re', 'Os']	30	[0.361 0.356 0.221 0.011 0.014 0.001 0.026 0.02 ]	[-0.026  0.059 -0.02   0.011  0.006 -0.001  0.024 -0.053]	0.74	1.67	1.76	0.42	0.02	0.05	0.01	0.11	0.82	0.37	0.2		0.9682896164745602	0.09	False	0.158
2	['Pt', 'Pd', 'Au', 'Ru', 'Rh', 'Ir', 'Re', 'Os']	30	[0.352 0.29  0.229 0.002 0.001 0.006 0.006 0.088]	[-0.08   0.115 -0.117 -0.003  0.007  0.001 -0.003  0.081]	0.74	1.67	1.76	0.42	0.02	0.05	0.01	0.11	0.82	0.37	0.2		1.024041576972196	0.2	False	0.083
3	['Pt', 'Pd', 'Au', 'Ru', 'Rh', 'Ir', 'Re', 'Os']	30	[0.387 0.229 0.236 0.016 0.004 0.002 0.009 0.126]	[ 0.056 -0.139 -0.052  0.014 -0.001 -0.005  0.007  0.12 ]	0.74	1.67	1.76	0.42	0.02	0.05	0.01	0.11	0.82	0.37	0.2		1.0307048697091683	0.2	False	0.083
4	['Pt', 'Pd', 'Au', 'Ru', 'Rh', 'Ir', 'Re', 'Os']	30	[0.326 0.328 0.184 0.024 0.006 0.004 0.059 0.068]	[-0.061  0.13  -0.09  -0.014 -0.029 -0.046  0.087  0.021]	0.74	1.67	1.76	0.42	0.02	0.05	0.01	0.11	0.82	0.37	0.2		0.936178390338761	0.2	False	0.159
5	['Pt', 'Pd', 'Au', 'Ru', 'Rh', 'Ir', 'Re', 'Os']	30	[0.376 0.296 0.242 0.033 0.005 0.    0.002 0.053]	[-0.073  0.153 -0.084  0.056 -0.028  0.001 -0.021 -0.002]	0.74	1.67	1.76	0.42	0.02	0.05	0.01	0.11	0.82	0.37	0.2		1.0346983232024711	0.2	False	0.097
6	['Pt', 'Pd', 'Au', 'Ru', 'Rh', 'Ir', 'Re', 'Os']	30	[0.393 0.302 0.169 0.003 0.001 0.002 0.002 0.132]	[ 0.058  0.017 -0.168  0.004 -0.003 -0.001  0.     0.091]	0.74	1.67	1.76	0.42	0.02	0.05	0.01	0.11	0.82	0.37	0.2		0.996270700997971	0.2	False	0.151
7	['Pt', 'Pd', 'Au', 'Ru', 'Rh', 'Ir', 'Re', 'Os']	30	[0.292 0.271 0.323 0.001 0.008 0.005 0.    0.089]	[-0.167  0.065  0.019 -0.009  0.001 -0.001  0.009  0.084]	0.74	1.67	1.76	0.42	0.02	0.05	0.01	0.11	0.82	0.37	0.2		0.9997290793440996	0.2	False	0.067
