ID	Elements	Generation	Position	Velocity	F_damp	F_b_best	F_h_best	F_g_best	F_b_worst	F_h_worst	F_g_worst	mut_prob	flip_prob	mut_rate	v_max	v_min	Activity	Velocity_mag	Flag	Distance
0	['Pt', 'Pd', 'Au', 'Ru', 'Rh', 'Ir', 'Re', 'Os']	0	[0.79 0.03 0.03 0.03 0.03 0.03 0.03 0.03]	[-0.187  0.027  0.027  0.027  0.027  0.027  0.027  0.027]	0.63	1.11	1.0	1.76	0.08	0.11	0.02	0.13	0.54	0.19	0.2		0.4429187652207028	0.2	False	0.569
1	['Pt', 'Pd', 'Au', 'Ru', 'Rh', 'Ir', 'Re', 'Os']	0	[0.03 0.79 0.03 0.03 0.03 0.03 0.03 0.03]	[ 0.027 -0.187  0.027  0.027  0.027  0.027  0.027  0.027]	0.63	1.11	1.0	1.76	0.08	0.11	0.02	0.13	0.54	0.19	0.2		0.20560014505118765	0.2	False	0.689
2	['Pt', 'Pd', 'Au', 'Ru', 'Rh', 'Ir', 'Re', 'Os']	0	[0.03 0.03 0.79 0.03 0.03 0.03 0.03 0.03]	[ 0.027  0.027 -0.187  0.027  0.027  0.027  0.027  0.027]	0.63	1.11	1.0	1.76	0.08	0.11	0.02	0.13	0.54	0.19	0.2		0.2149894158498778	0.2	False	0.632
3	['Pt', 'Pd', 'Au', 'Ru', 'Rh', 'Ir', 'Re', 'Os']	0	[0.03 0.03 0.03 0.79 0.03 0.03 0.03 0.03]	[ 0.027  0.027  0.027 -0.187  0.027  0.027  0.027  0.027]	0.63	1.11	1.0	1.76	0.08	0.11	0.02	0.13	0.54	0.19	0.2		0.12265296114671781	0.2	False	0.925
4	['Pt', 'Pd', 'Au', 'Ru', 'Rh', 'Ir', 'Re', 'Os']	0	[0.03 0.03 0.03 0.03 0.79 0.03 0.03 0.03]	[ 0.027  0.027  0.027  0.027 -0.187  0.027  0.027  0.027]	0.63	1.11	1.0	1.76	0.08	0.11	0.02	0.13	0.54	0.19	0.2		0.2961943697576309	0.2	False	0.925
5	['Pt', 'Pd', 'Au', 'Ru', 'Rh', 'Ir', 'Re', 'Os']	0	[0.03 0.03 0.03 0.03 0.03 0.79 0.03 0.03]	[ 0.027  0.027  0.027  0.027  0.027 -0.187  0.027  0.027]	0.63	1.11	1.0	1.76	0.08	0.11	0.02	0.13	0.54	0.19	0.2		0.3414716944973704	0.2	False	0.925
6	['Pt', 'Pd', 'Au', 'Ru', 'Rh', 'Ir', 'Re', 'Os']	0	[0.03 0.03 0.03 0.03 0.03 0.03 0.79 0.03]	[ 0.027  0.027  0.027  0.027  0.027  0.027 -0.187  0.027]	0.63	1.11	1.0	1.76	0.08	0.11	0.02	0.13	0.54	0.19	0.2		0.3145140039050876	0.2	False	0.925
7	['Pt', 'Pd', 'Au', 'Ru', 'Rh', 'Ir', 'Re', 'Os']	0	[0.03 0.03 0.03 0.03 0.03 0.03 0.03 0.79]	[ 0.027  0.027  0.027  0.027  0.027  0.027  0.027 -0.187]	0.63	1.11	1.0	1.76	0.08	0.11	0.02	0.13	0.54	0.19	0.2		0.32838217395326336	0.2	False	0.839
0	['Pt', 'Pd', 'Au', 'Ru', 'Rh', 'Ir', 'Re', 'Os']	1	[0.756 0.032 0.032 0.052 0.032 0.032 0.032 0.032]	[-0.051 -0.005 -0.005  0.078 -0.005 -0.005 -0.005 -0.005]	0.63	1.11	1.0	1.76	0.08	0.11	0.02	0.13	0.54	0.19	0.2		0.45726284806769973	0.094	False	0.543
1	['Pt', 'Pd', 'Au', 'Ru', 'Rh', 'Ir', 'Re', 'Os']	1	[0.17  0.647 0.03  0.034 0.03  0.03  0.03  0.03 ]	[ 0.14  -0.143 -0.     0.004 -0.    -0.    -0.    -0.   ]	0.63	1.11	1.0	1.76	0.08	0.11	0.02	0.13	0.54	0.19	0.2		0.3653204558738966	0.2	False	0.521
2	['Pt', 'Pd', 'Au', 'Ru', 'Rh', 'Ir', 'Re', 'Os']	1	[0.171 0.031 0.649 0.025 0.031 0.031 0.031 0.031]	[ 0.141  0.001 -0.141 -0.005  0.001  0.001  0.001  0.001]	0.63	1.11	1.0	1.76	0.08	0.11	0.02	0.13	0.54	0.19	0.2		0.3539340808599202	0.199	False	0.458
3	['Pt', 'Pd', 'Au', 'Ru', 'Rh', 'Ir', 'Re', 'Os']	1	[0.168 0.031 0.031 0.645 0.031 0.031 0.031 0.031]	[ 0.138  0.001  0.001 -0.145  0.001  0.001  0.001  0.001]	0.63	1.11	1.0	1.76	0.08	0.11	0.02	0.13	0.54	0.19	0.2		0.17195294763961064	0.2	False	0.76
4	['Pt', 'Pd', 'Au', 'Ru', 'Rh', 'Ir', 'Re', 'Os']	1	[0.171 0.031 0.031 0.025 0.649 0.031 0.031 0.031]	[ 0.141  0.001  0.001 -0.005 -0.141  0.001  0.001  0.001]	0.63	1.11	1.0	1.76	0.08	0.11	0.02	0.13	0.54	0.19	0.2		0.30070718320270307	0.199	False	0.762
5	['Pt', 'Pd', 'Au', 'Ru', 'Rh', 'Ir', 'Re', 'Os']	1	[0.17  0.03  0.03  0.033 0.03  0.647 0.03  0.03 ]	[ 0.14  -0.    -0.     0.003 -0.    -0.143 -0.    -0.   ]	0.63	1.11	1.0	1.76	0.08	0.11	0.02	0.13	0.54	0.19	0.2		0.32486434899293287	0.2	False	0.762
6	['Pt', 'Pd', 'Au', 'Ru', 'Rh', 'Ir', 'Re', 'Os']	1	[0.171 0.031 0.031 0.025 0.031 0.031 0.649 0.031]	[ 0.141  0.001  0.001 -0.005  0.001  0.001 -0.141  0.001]	0.63	1.11	1.0	1.76	0.08	0.11	0.02	0.13	0.54	0.19	0.2		0.30714692156651163	0.199	False	0.762
7	['Pt', 'Pd', 'Au', 'Ru', 'Rh', 'Ir', 'Re', 'Os']	1	[0.172 0.031 0.029 0.025 0.031 0.031 0.031 0.649]	[ 0.142  0.001 -0.001 -0.005  0.001  0.001  0.001 -0.141]	0.63	1.11	1.0	1.76	0.08	0.11	0.02	0.13	0.54	0.19	0.2		0.3687502311488271	0.2	False	0.677
0	['Pt', 'Pd', 'Au', 'Ru', 'Rh', 'Ir', 'Re', 'Os']	2	[0.799 0.028 0.028 0.022 0.034 0.028 0.028 0.033]	[ 0.043 -0.004 -0.004 -0.03   0.002 -0.004 -0.004  0.001]	0.63	1.11	1.0	1.76	0.08	0.11	0.02	0.13	0.54	0.19	0.2		0.437962015688932	0.053	False	0.577
1	['Pt', 'Pd', 'Au', 'Ru', 'Rh', 'Ir', 'Re', 'Os']	2	[0.311 0.506 0.03  0.032 0.03  0.03  0.03  0.03 ]	[ 0.141 -0.141  0.    -0.002  0.     0.     0.     0.   ]	0.63	1.11	1.0	1.76	0.08	0.11	0.02	0.13	0.54	0.19	0.2		0.6188421369584094	0.199	False	0.385
2	['Pt', 'Pd', 'Au', 'Ru', 'Rh', 'Ir', 'Re', 'Os']	2	[0.302 0.034 0.498 0.027 0.034 0.034 0.034 0.035]	[ 0.131  0.003 -0.151  0.002  0.003  0.003  0.003  0.004]	0.63	1.11	1.0	1.76	0.08	0.11	0.02	0.13	0.54	0.19	0.2		0.5965016703252457	0.2	False	0.311
3	['Pt', 'Pd', 'Au', 'Ru', 'Rh', 'Ir', 'Re', 'Os']	2	[0.309 0.031 0.031 0.503 0.031 0.031 0.031 0.031]	[ 0.141  0.     0.    -0.142  0.     0.     0.     0.   ]	0.63	1.11	1.0	1.76	0.08	0.11	0.02	0.13	0.54	0.19	0.2		0.3102037119881564	0.2	False	0.619
4	['Pt', 'Pd', 'Au', 'Ru', 'Rh', 'Ir', 'Re', 'Os']	2	[0.309 0.032 0.032 0.025 0.504 0.032 0.032 0.032]	[ 0.138  0.001  0.001  0.    -0.145  0.001  0.001  0.001]	0.63	1.11	1.0	1.76	0.08	0.11	0.02	0.13	0.54	0.19	0.2		0.32242973178997975	0.2	False	0.618
5	['Pt', 'Pd', 'Au', 'Ru', 'Rh', 'Ir', 'Re', 'Os']	2	[0.312 0.03  0.03  0.03  0.03  0.506 0.03  0.03 ]	[ 0.142  0.     0.    -0.003  0.    -0.141  0.     0.   ]	0.63	1.11	1.0	1.76	0.08	0.11	0.02	0.13	0.54	0.19	0.2		0.3134065520631898	0.2	False	0.622
6	['Pt', 'Pd', 'Au', 'Ru', 'Rh', 'Ir', 'Re', 'Os']	2	[0.312 0.031 0.031 0.024 0.031 0.031 0.507 0.031]	[ 0.141  0.     0.    -0.001  0.     0.    -0.142  0.   ]	0.63	1.11	1.0	1.76	0.08	0.11	0.02	0.13	0.54	0.19	0.2		0.3309463750916579	0.2	False	0.621
7	['Pt', 'Pd', 'Au', 'Ru', 'Rh', 'Ir', 'Re', 'Os']	2	[0.313 0.031 0.03  0.024 0.031 0.031 0.031 0.507]	[ 0.141  0.     0.001 -0.001  0.     0.     0.    -0.142]	0.63	1.11	1.0	1.76	0.08	0.11	0.02	0.13	0.54	0.19	0.2		0.45357438229572994	0.2	False	0.54
0	['Pt', 'Pd', 'Au', 'Ru', 'Rh', 'Ir', 'Re', 'Os']	3	[0.659 0.171 0.029 0.019 0.033 0.029 0.029 0.032]	[-0.14   0.143  0.001 -0.003 -0.001  0.001  0.001 -0.001]	0.63	1.11	1.0	1.76	0.08	0.11	0.02	0.13	0.54	0.19	0.2		0.5839910020246388	0.2	False	0.428
1	['Pt', 'Pd', 'Au', 'Ru', 'Rh', 'Ir', 'Re', 'Os']	3	[0.418 0.446 0.02  0.036 0.02  0.02  0.02  0.02 ]	[ 0.106 -0.071 -0.018  0.054 -0.018 -0.018 -0.018 -0.018]	0.63	1.11	1.0	1.76	0.08	0.11	0.02	0.13	0.54	0.19	0.2		0.7071891277014717	0.144	False	0.361
2	['Pt', 'Pd', 'Au', 'Ru', 'Rh', 'Ir', 'Re', 'Os']	3	[0.315 0.171 0.353 0.031 0.032 0.032 0.032 0.032]	[ 0.013  0.137 -0.145  0.004 -0.002 -0.002 -0.002 -0.003]	0.63	1.11	1.0	1.76	0.08	0.11	0.02	0.13	0.54	0.19	0.2		0.8635644454757683	0.2	False	0.138
3	['Pt', 'Pd', 'Au', 'Ru', 'Rh', 'Ir', 'Re', 'Os']	3	[0.322 0.167 0.031 0.356 0.031 0.031 0.031 0.031]	[ 0.013  0.136 -0.    -0.147 -0.    -0.    -0.    -0.   ]	0.63	1.11	1.0	1.76	0.08	0.11	0.02	0.13	0.54	0.19	0.2		0.5201498264344732	0.201	False	0.463
4	['Pt', 'Pd', 'Au', 'Ru', 'Rh', 'Ir', 'Re', 'Os']	3	[0.322 0.17  0.031 0.02  0.36  0.031 0.031 0.031]	[ 0.013  0.138 -0.001 -0.005 -0.144 -0.001 -0.001 -0.001]	0.63	1.11	1.0	1.76	0.08	0.11	0.02	0.13	0.54	0.19	0.2		0.42756179072593414	0.2	False	0.465
5	['Pt', 'Pd', 'Au', 'Ru', 'Rh', 'Ir', 'Re', 'Os']	3	[0.282 0.186 0.03  0.023 0.03  0.385 0.03  0.03 ]	[-0.03   0.156  0.    -0.007  0.    -0.121  0.     0.   ]	0.63	1.11	1.0	1.76	0.08	0.11	0.02	0.13	0.54	0.19	0.2		0.3338988354658462	0.2	False	0.487
6	['Pt', 'Pd', 'Au', 'Ru', 'Rh', 'Ir', 'Re', 'Os']	3	[0.323 0.17  0.031 0.019 0.031 0.031 0.363 0.031]	[ 0.011  0.139 -0.    -0.005 -0.    -0.    -0.144  0.   ]	0.63	1.11	1.0	1.76	0.08	0.11	0.02	0.13	0.54	0.19	0.2		0.43655432504215397	0.201	False	0.467
7	['Pt', 'Pd', 'Au', 'Ru', 'Rh', 'Ir', 'Re', 'Os']	3	[0.325 0.169 0.03  0.019 0.031 0.031 0.031 0.363]	[ 0.012  0.138 -0.    -0.005 -0.     0.    -0.    -0.144]	0.63	1.11	1.0	1.76	0.08	0.11	0.02	0.13	0.54	0.19	0.2		0.6226971445964307	0.2	False	0.391
0	['Pt', 'Pd', 'Au', 'Ru', 'Rh', 'Ir', 'Re', 'Os']	4	[0.511 0.187 0.162 0.021 0.033 0.025 0.03  0.032]	[-0.148  0.016  0.133  0.002 -0.    -0.004  0.001  0.   ]	0.63	1.11	1.0	1.76	0.08	0.11	0.02	0.13	0.54	0.19	0.2		0.8328588924327758	0.2	False	0.238
1	['Pt', 'Pd', 'Au', 'Ru', 'Rh', 'Ir', 'Re', 'Os']	4	[0.391 0.315 0.169 0.037 0.023 0.017 0.023 0.023]	[-0.027 -0.131  0.149  0.001  0.003 -0.003  0.003  0.003]	0.63	1.11	1.0	1.76	0.08	0.11	0.02	0.13	0.54	0.19	0.2		0.9272789627415801	0.2	False	0.178
2	['Pt', 'Pd', 'Au', 'Ru', 'Rh', 'Ir', 'Re', 'Os']	4	[0.353 0.268 0.267 0.017 0.029 0.008 0.029 0.029]	[ 0.031  0.091 -0.096 -0.022 -0.011  0.031 -0.011 -0.011]	0.63	1.11	1.0	1.76	0.08	0.11	0.02	0.13	0.54	0.19	0.2		0.9871153469363392	0.142	False	0.092
3	['Pt', 'Pd', 'Au', 'Ru', 'Rh', 'Ir', 'Re', 'Os']	4	[0.326 0.183 0.164 0.208 0.031 0.026 0.032 0.032]	[ 0.004  0.016  0.133 -0.148 -0.    -0.005  0.001  0.001]	0.63	1.11	1.0	1.76	0.08	0.11	0.02	0.13	0.54	0.19	0.2		0.7334755445609449	0.2	False	0.272
4	['Pt', 'Pd', 'Au', 'Ru', 'Rh', 'Ir', 'Re', 'Os']	4	[0.325 0.185 0.164 0.022 0.212 0.025 0.031 0.031]	[ 0.003  0.015  0.133  0.002 -0.148 -0.006  0.     0.   ]	0.63	1.11	1.0	1.76	0.08	0.11	0.02	0.13	0.54	0.19	0.2		0.6494080226868566	0.2	False	0.274
5	['Pt', 'Pd', 'Au', 'Ru', 'Rh', 'Ir', 'Re', 'Os']	4	[0.245 0.167 0.192 0.024 0.031 0.275 0.031 0.031]	[-0.037 -0.019  0.162  0.001  0.001 -0.11   0.001  0.001]	0.63	1.11	1.0	1.76	0.08	0.11	0.02	0.13	0.54	0.19	0.2		0.40470225873856325	0.2	False	0.335
6	['Pt', 'Pd', 'Au', 'Ru', 'Rh', 'Ir', 'Re', 'Os']	4	[0.324 0.185 0.165 0.021 0.031 0.026 0.215 0.031]	[ 0.001  0.015  0.134  0.002  0.    -0.005 -0.148  0.   ]	0.63	1.11	1.0	1.76	0.08	0.11	0.02	0.13	0.54	0.19	0.2		0.6676436383900691	0.2	False	0.276
7	['Pt', 'Pd', 'Au', 'Ru', 'Rh', 'Ir', 'Re', 'Os']	4	[0.346 0.206 0.068 0.039 0.05  0.042 0.05  0.201]	[ 0.017  0.034  0.078  0.015  0.014  0.006  0.014 -0.179]	0.63	1.11	1.0	1.76	0.08	0.11	0.02	0.13	0.54	0.19	0.2		0.7374632428176218	0.2	False	0.273
0	['Pt', 'Pd', 'Au', 'Ru', 'Rh', 'Ir', 'Re', 'Os']	5	[0.378 0.128 0.295 0.033 0.049 0.021 0.049 0.049]	[-0.133 -0.059  0.133  0.012  0.016 -0.004  0.019  0.017]	0.63	1.11	1.0	1.76	0.08	0.11	0.02	0.13	0.54	0.19	0.2		0.8561209796513067	0.2	False	0.157
1	['Pt', 'Pd', 'Au', 'Ru', 'Rh', 'Ir', 'Re', 'Os']	5	[0.356 0.205 0.327 0.008 0.03  0.009 0.03  0.03 ]	[-0.039 -0.114  0.155 -0.033  0.004  0.02   0.004  0.004]	0.63	1.11	1.0	1.76	0.08	0.11	0.02	0.13	0.54	0.19	0.2		0.9656073936798026	0.2	False	0.098
2	['Pt', 'Pd', 'Au', 'Ru', 'Rh', 'Ir', 'Re', 'Os']	5	[0.411 0.355 0.172 0.013 0.017 0.    0.017 0.017]	[ 0.053  0.083 -0.103  0.021 -0.018  0.001 -0.018 -0.018]	0.63	1.11	1.0	1.76	0.08	0.11	0.02	0.13	0.54	0.19	0.2		0.9403330614862921	0.148	False	0.197
3	['Pt', 'Pd', 'Au', 'Ru', 'Rh', 'Ir', 'Re', 'Os']	5	[0.354 0.247 0.256 0.046 0.032 0.006 0.03  0.03 ]	[ 0.028  0.064  0.092 -0.162  0.001 -0.02  -0.002 -0.002]	0.63	1.11	1.0	1.76	0.08	0.11	0.02	0.13	0.54	0.19	0.2		0.9696978037832944	0.2	False	0.105
4	['Pt', 'Pd', 'Au', 'Ru', 'Rh', 'Ir', 'Re', 'Os']	5	[0.355 0.25  0.26  0.014 0.053 0.005 0.029 0.029]	[ 0.03   0.065  0.096 -0.008 -0.159 -0.02  -0.002 -0.002]	0.63	1.11	1.0	1.76	0.08	0.11	0.02	0.13	0.54	0.19	0.2		0.9641559597424008	0.2	False	0.103
5	['Pt', 'Pd', 'Au', 'Ru', 'Rh', 'Ir', 'Re', 'Os']	5	[0.301 0.225 0.259 0.017 0.03  0.105 0.03  0.03 ]	[ 0.056  0.058  0.067 -0.007 -0.001 -0.17  -0.001 -0.001]	0.63	1.11	1.0	1.76	0.08	0.11	0.02	0.13	0.54	0.19	0.2		0.7811240147975334	0.2	False	0.151
6	['Pt', 'Pd', 'Au', 'Ru', 'Rh', 'Ir', 'Re', 'Os']	5	[0.351 0.249 0.259 0.016 0.03  0.007 0.054 0.03 ]	[ 0.027  0.064  0.094 -0.005 -0.001 -0.019 -0.161 -0.001]	0.63	1.11	1.0	1.76	0.08	0.11	0.02	0.13	0.54	0.19	0.2		0.9626553720976434	0.2	False	0.103
7	['Pt', 'Pd', 'Au', 'Ru', 'Rh', 'Ir', 'Re', 'Os']	5	[0.375 0.172 0.214 0.037 0.052 0.028 0.052 0.073]	[ 0.029 -0.034  0.146 -0.002  0.002 -0.014  0.002 -0.128]	0.63	1.11	1.0	1.76	0.08	0.11	0.02	0.13	0.54	0.19	0.2		0.8665599804515252	0.2	False	0.15
0	['Pt', 'Pd', 'Au', 'Ru', 'Rh', 'Ir', 'Re', 'Os']	6	[0.288 0.3   0.308 0.021 0.028 0.005 0.028 0.027]	[-0.096  0.167  0.008 -0.018 -0.027  0.02  -0.027 -0.028]	0.63	1.11	1.0	1.76	0.08	0.11	0.02	0.13	0.54	0.19	0.2		0.9450541704018813	0.2	False	0.117
1	['Pt', 'Pd', 'Au', 'Ru', 'Rh', 'Ir', 'Re', 'Os']	6	[0.346 0.227 0.365 0.007 0.015 0.011 0.013 0.013]	[-0.013  0.021  0.037 -0.003 -0.018  0.015 -0.02  -0.02 ]	0.63	1.11	1.0	1.76	0.08	0.11	0.02	0.13	0.54	0.19	0.2		0.9717070714833729	0.057	False	0.114
2	['Pt', 'Pd', 'Au', 'Ru', 'Rh', 'Ir', 'Re', 'Os']	6	[0.358 0.23  0.085 0.07  0.075 0.042 0.07  0.07 ]	[-0.053 -0.125 -0.087  0.057  0.058  0.042  0.053  0.053]	0.63	1.11	1.0	1.76	0.08	0.11	0.02	0.13	0.54	0.19	0.2		0.7213882473871823	0.2	False	0.255
3	['Pt', 'Pd', 'Au', 'Ru', 'Rh', 'Ir', 'Re', 'Os']	6	[0.34  0.268 0.276 0.099 0.002 0.014 0.001 0.001]	[-0.007  0.039  0.037  0.156 -0.063 -0.038 -0.062 -0.062]	0.63	1.11	1.0	1.76	0.08	0.11	0.02	0.13	0.54	0.19	0.2		0.9586536408567601	0.2	False	0.144
4	['Pt', 'Pd', 'Au', 'Ru', 'Rh', 'Ir', 'Re', 'Os']	6	[0.341 0.268 0.276 0.001 0.095 0.01  0.002 0.002]	[-0.01   0.033  0.03  -0.048  0.161 -0.039 -0.064 -0.064]	0.63	1.11	1.0	1.76	0.08	0.11	0.02	0.13	0.54	0.19	0.2		0.9196421253726459	0.2	False	0.14
5	['Pt', 'Pd', 'Au', 'Ru', 'Rh', 'Ir', 'Re', 'Os']	6	[0.358 0.269 0.273 0.001 0.01  0.066 0.009 0.009]	[ 0.042  0.026 -0.012 -0.05  -0.055  0.161 -0.056 -0.056]	0.63	1.11	1.0	1.76	0.08	0.11	0.02	0.13	0.54	0.19	0.2		0.9260687503736986	0.2	False	0.118
6	['Pt', 'Pd', 'Au', 'Ru', 'Rh', 'Ir', 'Re', 'Os']	6	[0.337 0.271 0.278 0.001 0.003 0.011 0.094 0.001]	[-0.013  0.035  0.031 -0.05  -0.063 -0.037  0.16  -0.064]	0.63	1.11	1.0	1.76	0.08	0.11	0.02	0.13	0.54	0.19	0.2		0.9320114714049641	0.2	False	0.141
7	['Pt', 'Pd', 'Au', 'Ru', 'Rh', 'Ir', 'Re', 'Os']	6	[0.36  0.263 0.309 0.003 0.011 0.006 0.01  0.039]	[-0.043  0.082  0.087 -0.065 -0.074 -0.004 -0.075  0.093]	0.63	1.11	1.0	1.76	0.08	0.11	0.02	0.13	0.54	0.19	0.2		1.027875541914577	0.2	False	0.066
0	['Pt', 'Pd', 'Au', 'Ru', 'Rh', 'Ir', 'Re', 'Os']	7	[0.361 0.233 0.345 0.025 0.    0.022 0.002 0.013]	[ 0.097 -0.113  0.043  0.035  0.016 -0.064  0.019 -0.034]	0.63	1.11	1.0	1.76	0.08	0.11	0.02	0.13	0.54	0.19	0.2		0.9860891405503378	0.176	False	0.105
1	['Pt', 'Pd', 'Au', 'Ru', 'Rh', 'Ir', 'Re', 'Os']	7	[0.382 0.273 0.268 0.015 0.002 0.013 0.001 0.04 ]	[ 0.04   0.051 -0.111  0.015  0.007 -0.036  0.006  0.029]	0.63	1.11	1.0	1.76	0.08	0.11	0.02	0.13	0.54	0.19	0.2		1.0285520328642581	0.138	False	0.081
2	['Pt', 'Pd', 'Au', 'Ru', 'Rh', 'Ir', 'Re', 'Os']	7	[0.348 0.237 0.255 0.004 0.018 0.004 0.098 0.036]	[-0.01   0.007  0.17  -0.066 -0.057 -0.038  0.028 -0.034]	0.63	1.11	1.0	1.76	0.08	0.11	0.02	0.13	0.54	0.19	0.2		0.9368890792791931	0.2	False	0.127
3	['Pt', 'Pd', 'Au', 'Ru', 'Rh', 'Ir', 'Re', 'Os']	7	[0.299 0.167 0.267 0.186 0.002 0.047 0.    0.033]	[-0.038 -0.119  0.005  0.134 -0.002  0.067 -0.002 -0.045]	0.63	1.11	1.0	1.76	0.08	0.11	0.02	0.13	0.54	0.19	0.2		0.7695544863490237	0.2	False	0.228
4	['Pt', 'Pd', 'Au', 'Ru', 'Rh', 'Ir', 'Re', 'Os']	7	[0.357 0.233 0.322 0.005 0.032 0.006 0.024 0.016]	[ 0.009 -0.068  0.055 -0.042  0.151 -0.03  -0.081  0.006]	0.63	1.11	1.0	1.76	0.08	0.11	0.02	0.13	0.54	0.19	0.2		0.9807148460425392	0.2	False	0.098
5	['Pt', 'Pd', 'Au', 'Ru', 'Rh', 'Ir', 'Re', 'Os']	7	[0.358 0.255 0.368 0.006 0.    0.001 0.002 0.006]	[-0.014 -0.04   0.16  -0.023 -0.044  0.057 -0.044 -0.053]	0.63	1.11	1.0	1.76	0.08	0.11	0.02	0.13	0.54	0.19	0.2		1.006719990186808	0.195	False	0.117
6	['Pt', 'Pd', 'Au', 'Ru', 'Rh', 'Ir', 'Re', 'Os']	7	[0.355 0.231 0.326 0.005 0.023 0.005 0.033 0.018]	[ 0.011 -0.076  0.056 -0.042 -0.079 -0.028  0.149  0.009]	0.63	1.11	1.0	1.76	0.08	0.11	0.02	0.13	0.54	0.19	0.2		0.982924269611283	0.2	False	0.097
7	['Pt', 'Pd', 'Au', 'Ru', 'Rh', 'Ir', 'Re', 'Os']	7	[0.296 0.284 0.359 0.021 0.    0.037 0.002 0.004]	[-0.077  0.053  0.098  0.03   0.014 -0.058  0.014 -0.074]	0.63	1.11	1.0	1.76	0.08	0.11	0.02	0.13	0.54	0.19	0.2		0.9202341456238265	0.169	False	0.136
0	['Pt', 'Pd', 'Au', 'Ru', 'Rh', 'Ir', 'Re', 'Os']	8	[0.273 0.324 0.224 0.01  0.036 0.017 0.031 0.085]	[-0.094  0.087 -0.127 -0.02   0.032  0.03   0.024  0.068]	0.63	1.11	1.0	1.76	0.08	0.11	0.02	0.13	0.54	0.19	0.2		0.9021137417117533	0.2	False	0.142
1	['Pt', 'Pd', 'Au', 'Ru', 'Rh', 'Ir', 'Re', 'Os']	8	[0.318 0.302 0.237 0.006 0.024 0.002 0.023 0.083]	[-0.064  0.029 -0.031 -0.009  0.022 -0.011  0.022  0.043]	0.63	1.11	1.0	1.76	0.08	0.11	0.02	0.13	0.54	0.19	0.2		0.9901537700712735	0.094	False	0.096
2	['Pt', 'Pd', 'Au', 'Ru', 'Rh', 'Ir', 'Re', 'Os']	8	[0.378 0.286 0.279 0.002 0.001 0.014 0.036 0.003]	[ 0.022  0.049  0.013 -0.049 -0.026 -0.073  0.148 -0.083]	0.63	1.11	1.0	1.76	0.08	0.11	0.02	0.13	0.54	0.19	0.2		0.9936054880500091	0.201	False	0.116
3	['Pt', 'Pd', 'Au', 'Ru', 'Rh', 'Ir', 'Re', 'Os']	8	[0.378 0.253 0.272 0.026 0.011 0.022 0.009 0.03 ]	[ 0.079  0.086  0.005 -0.16   0.009 -0.025  0.009 -0.003]	0.63	1.11	1.0	1.76	0.08	0.11	0.02	0.13	0.54	0.19	0.2		0.9990465535605728	0.2	False	0.089
4	['Pt', 'Pd', 'Au', 'Ru', 'Rh', 'Ir', 'Re', 'Os']	8	[0.412 0.264 0.2   0.012 0.01  0.022 0.049 0.027]	[ 0.079  0.049 -0.146 -0.014 -0.005 -0.062  0.074  0.023]	0.63	1.11	1.0	1.76	0.08	0.11	0.02	0.13	0.54	0.19	0.2		0.9451235296348202	0.2	False	0.15
5	['Pt', 'Pd', 'Au', 'Ru', 'Rh', 'Ir', 'Re', 'Os']	8	[0.412 0.292 0.218 0.004 0.011 0.004 0.017 0.041]	[ 0.057  0.039 -0.159  0.005  0.004  0.003  0.012  0.037]	0.63	1.11	1.0	1.76	0.08	0.11	0.02	0.13	0.54	0.19	0.2		1.005420651736642	0.178	False	0.127
6	['Pt', 'Pd', 'Au', 'Ru', 'Rh', 'Ir', 'Re', 'Os']	8	[0.43  0.293 0.214 0.001 0.036 0.003 0.011 0.01 ]	[ 0.097  0.081 -0.12  -0.02   0.057 -0.026 -0.073  0.004]	0.63	1.11	1.0	1.76	0.08	0.11	0.02	0.13	0.54	0.19	0.2		0.9696035928646045	0.2	False	0.159
7	['Pt', 'Pd', 'Au', 'Ru', 'Rh', 'Ir', 'Re', 'Os']	8	[0.358 0.202 0.393 0.015 0.004 0.018 0.002 0.012]	[ 0.109 -0.102  0.068  0.005 -0.053  0.072 -0.045 -0.055]	0.63	1.11	1.0	1.76	0.08	0.11	0.02	0.13	0.54	0.19	0.2		0.9516381680518031	0.2	False	0.139
0	['Pt', 'Pd', 'Au', 'Ru', 'Rh', 'Ir', 'Re', 'Os']	9	[0.385 0.214 0.248 0.001 0.013 0.017 0.007 0.111]	[ 0.12  -0.139  0.017 -0.017  0.036 -0.061  0.024  0.02 ]	0.63	1.11	1.0	1.76	0.08	0.11	0.02	0.13	0.54	0.19	0.2		1.0071667902112715	0.2	False	0.077
1	['Pt', 'Pd', 'Au', 'Ru', 'Rh', 'Ir', 'Re', 'Os']	9	[0.469 0.229 0.271 0.    0.01  0.007 0.005 0.002]	[ 0.146 -0.085  0.025 -0.018  0.021 -0.005  0.016 -0.099]	0.63	1.11	1.0	1.76	0.08	0.11	0.02	0.13	0.54	0.19	0.2		0.9786106542807351	0.2	False	0.159
2	['Pt', 'Pd', 'Au', 'Ru', 'Rh', 'Ir', 'Re', 'Os']	9	[0.455 0.297 0.153 0.004 0.01  0.033 0.026 0.018]	[ 0.086  0.014 -0.135  0.001 -0.014  0.039 -0.009  0.018]	0.63	1.11	1.0	1.76	0.08	0.11	0.02	0.13	0.54	0.19	0.2		0.8929202411207102	0.167	False	0.208
3	['Pt', 'Pd', 'Au', 'Ru', 'Rh', 'Ir', 'Re', 'Os']	9	[0.394 0.282 0.161 0.098 0.004 0.028 0.003 0.031]	[ 0.026  0.042 -0.137  0.097  0.01   0.047  0.    -0.086]	0.63	1.11	1.0	1.76	0.08	0.11	0.02	0.13	0.54	0.19	0.2		0.9171388816441599	0.2	False	0.194
4	['Pt', 'Pd', 'Au', 'Ru', 'Rh', 'Ir', 'Re', 'Os']	9	[0.363 0.269 0.314 0.014 0.004 0.022 0.    0.012]	[-0.098 -0.013  0.158 -0.042 -0.015  0.026  0.029 -0.045]	0.63	1.11	1.0	1.76	0.08	0.11	0.02	0.13	0.54	0.19	0.2		1.0015840764094321	0.2	False	0.096
5	['Pt', 'Pd', 'Au', 'Ru', 'Rh', 'Ir', 'Re', 'Os']	9	[0.349 0.247 0.373 0.005 0.004 0.009 0.008 0.003]	[-0.072 -0.052  0.161 -0.016  0.006  0.003  0.016 -0.045]	0.63	1.11	1.0	1.76	0.08	0.11	0.02	0.13	0.54	0.19	0.2		0.9833781038020797	0.19	False	0.122
6	['Pt', 'Pd', 'Au', 'Ru', 'Rh', 'Ir', 'Re', 'Os']	9	[0.325 0.23  0.323 0.011 0.011 0.01  0.045 0.044]	[-0.112 -0.065  0.128 -0.033  0.025 -0.034  0.048  0.044]	0.63	1.11	1.0	1.76	0.08	0.11	0.02	0.13	0.54	0.19	0.2		0.972410379969795	0.201	False	0.084
7	['Pt', 'Pd', 'Au', 'Ru', 'Rh', 'Ir', 'Re', 'Os']	9	[0.441 0.289 0.235 0.001 0.005 0.019 0.    0.011]	[ 0.083  0.087 -0.159 -0.017  0.007  0.001  0.001 -0.001]	0.63	1.11	1.0	1.76	0.08	0.11	0.02	0.13	0.54	0.19	0.2		0.9861872426249962	0.2	False	0.149
0	['Pt', 'Pd', 'Au', 'Ru', 'Rh', 'Ir', 'Re', 'Os']	10	[0.409 0.227 0.313 0.007 0.003 0.031 0.    0.006]	[ 0.025  0.013  0.067 -0.011 -0.011  0.039 -0.013 -0.11 ]	0.63	1.11	1.0	1.76	0.08	0.11	0.02	0.13	0.54	0.19	0.2		0.983846618407233	0.139	False	0.118
1	['Pt', 'Pd', 'Au', 'Ru', 'Rh', 'Ir', 'Re', 'Os']	10	[0.311 0.236 0.288 0.011 0.003 0.022 0.001 0.121]	[-0.158  0.007  0.017  0.011 -0.007  0.015 -0.004  0.119]	0.63	1.11	1.0	1.76	0.08	0.11	0.02	0.13	0.54	0.19	0.2		0.9933077941903894	0.2	False	0.054
2	['Pt', 'Pd', 'Au', 'Ru', 'Rh', 'Ir', 'Re', 'Os']	10	[0.345 0.23  0.29  0.003 0.009 0.041 0.011 0.065]	[-0.118 -0.075  0.133 -0.002 -0.008  0.002  0.027  0.041]	0.63	1.11	1.0	1.76	0.08	0.11	0.02	0.13	0.54	0.19	0.2		0.9744931163582231	0.199	False	0.06
3	['Pt', 'Pd', 'Au', 'Ru', 'Rh', 'Ir', 'Re', 'Os']	10	[0.381 0.241 0.289 0.037 0.001 0.009 0.006 0.037]	[-0.039 -0.071  0.122  0.118 -0.03  -0.046 -0.037 -0.017]	0.63	1.11	1.0	1.76	0.08	0.11	0.02	0.13	0.54	0.19	0.2		1.0239919522327865	0.2	False	0.081
4	['Pt', 'Pd', 'Au', 'Ru', 'Rh', 'Ir', 'Re', 'Os']	10	[0.337 0.189 0.269 0.023 0.069 0.016 0.007 0.09 ]	[-0.017 -0.075 -0.037  0.021  0.066 -0.043 -0.011  0.096]	0.63	1.11	1.0	1.76	0.08	0.11	0.02	0.13	0.54	0.19	0.2		0.9240497715447034	0.153	False	0.103
5	['Pt', 'Pd', 'Au', 'Ru', 'Rh', 'Ir', 'Re', 'Os']	10	[0.391 0.241 0.224 0.    0.    0.016 0.003 0.122]	[ 0.04  -0.008 -0.154 -0.002 -0.01   0.017 -0.001  0.119]	0.63	1.11	1.0	1.76	0.08	0.11	0.02	0.13	0.54	0.19	0.2		1.0189995751567733	0.2	False	0.091
6	['Pt', 'Pd', 'Au', 'Ru', 'Rh', 'Ir', 'Re', 'Os']	10	[0.396 0.213 0.239 0.007 0.001 0.022 0.064 0.055]	[ 0.098 -0.022 -0.112 -0.008 -0.046 -0.042  0.115  0.016]	0.63	1.11	1.0	1.76	0.08	0.11	0.02	0.13	0.54	0.19	0.2		0.9584774860647827	0.2	False	0.118
7	['Pt', 'Pd', 'Au', 'Ru', 'Rh', 'Ir', 'Re', 'Os']	10	[0.292 0.235 0.302 0.006 0.007 0.04  0.006 0.11 ]	[-0.149 -0.054  0.067  0.005  0.002  0.021  0.006  0.099]	0.63	1.11	1.0	1.76	0.08	0.11	0.02	0.13	0.54	0.19	0.2		0.9481884415343711	0.2	False	0.074
0	['Pt', 'Pd', 'Au', 'Ru', 'Rh', 'Ir', 'Re', 'Os']	11	[0.315 0.323 0.221 0.014 0.004 0.005 0.    0.113]	[-0.103  0.089 -0.101 -0.001 -0.003  0.027 -0.008  0.101]	0.63	1.11	1.0	1.76	0.08	0.11	0.02	0.13	0.54	0.19	0.2		0.9951289657137392	0.2	False	0.115
1	['Pt', 'Pd', 'Au', 'Ru', 'Rh', 'Ir', 'Re', 'Os']	11	[0.421 0.271 0.261 0.012 0.002 0.004 0.007 0.016]	[ 0.103  0.013 -0.062 -0.028 -0.032 -0.072 -0.049  0.127]	0.63	1.11	1.0	1.76	0.08	0.11	0.02	0.13	0.54	0.19	0.2		1.019779525245965	0.2	False	0.119
2	['Pt', 'Pd', 'Au', 'Ru', 'Rh', 'Ir', 'Re', 'Os']	11	[0.391 0.303 0.252 0.002 0.001 0.032 0.005 0.01 ]	[ 0.042  0.089 -0.106 -0.055 -0.036  0.063 -0.073  0.075]	0.63	1.11	1.0	1.76	0.08	0.11	0.02	0.13	0.54	0.19	0.2		0.9834495403401391	0.2	False	0.126
3	['Pt', 'Pd', 'Au', 'Ru', 'Rh', 'Ir', 'Re', 'Os']	11	[0.374 0.254 0.333 0.017 0.006 0.005 0.009 0.002]	[-0.002  0.022  0.06  -0.07   0.007  0.003  0.015 -0.036]	0.63	1.11	1.0	1.76	0.08	0.11	0.02	0.13	0.54	0.19	0.2		1.0088405583427336	0.103	False	0.108
4	['Pt', 'Pd', 'Au', 'Ru', 'Rh', 'Ir', 'Re', 'Os']	11	[0.398 0.273 0.272 0.005 0.039 0.01  0.002 0.001]	[ 0.058  0.086 -0.01  -0.051  0.096 -0.024 -0.029 -0.126]	0.63	1.11	1.0	1.76	0.08	0.11	0.02	0.13	0.54	0.19	0.2		0.9881887407176104	0.2	False	0.123
5	['Pt', 'Pd', 'Au', 'Ru', 'Rh', 'Ir', 'Re', 'Os']	11	[0.388 0.297 0.262 0.02  0.003 0.01  0.014 0.003]	[-0.048  0.044  0.016 -0.012 -0.059 -0.013 -0.071  0.142]	0.63	1.11	1.0	1.76	0.08	0.11	0.02	0.13	0.54	0.19	0.2		1.0023417764408185	0.183	False	0.123
6	['Pt', 'Pd', 'Au', 'Ru', 'Rh', 'Ir', 'Re', 'Os']	11	[0.364 0.284 0.299 0.004 0.005 0.001 0.027 0.013]	[-0.048  0.083  0.069 -0.04  -0.044  0.008  0.091 -0.12 ]	0.63	1.11	1.0	1.76	0.08	0.11	0.02	0.13	0.54	0.19	0.2		1.0164151007792497	0.2	False	0.098
7	['Pt', 'Pd', 'Au', 'Ru', 'Rh', 'Ir', 'Re', 'Os']	11	[0.354 0.204 0.219 0.021 0.004 0.023 0.005 0.17 ]	[ 0.089 -0.049 -0.125 -0.044 -0.004  0.066 -0.018  0.086]	0.63	1.11	1.0	1.76	0.08	0.11	0.02	0.13	0.54	0.19	0.2		0.9663779400020889	0.2	False	0.121
0	['Pt', 'Pd', 'Au', 'Ru', 'Rh', 'Ir', 'Re', 'Os']	12	[0.435 0.222 0.286 0.006 0.002 0.027 0.003 0.012]	[ 0.117 -0.104  0.062  0.015 -0.005  0.019 -0.    -0.104]	0.63	1.11	1.0	1.76	0.08	0.11	0.02	0.13	0.54	0.19	0.2		0.9830874780157859	0.2	False	0.129
1	['Pt', 'Pd', 'Au', 'Ru', 'Rh', 'Ir', 'Re', 'Os']	12	[0.388 0.223 0.237 0.007 0.002 0.    0.023 0.114]	[-0.039 -0.057 -0.028 -0.005 -0.01  -0.009  0.024  0.124]	0.63	1.11	1.0	1.76	0.08	0.11	0.02	0.13	0.54	0.19	0.2		1.0245214513791665	0.148	False	0.083
2	['Pt', 'Pd', 'Au', 'Ru', 'Rh', 'Ir', 'Re', 'Os']	12	[0.338 0.308 0.229 0.002 0.006 0.002 0.001 0.113]	[-0.054  0.005 -0.024  0.003  0.005 -0.031 -0.007  0.103]	0.63	1.11	1.0	1.76	0.08	0.11	0.02	0.13	0.54	0.19	0.2		1.0233044394214523	0.123	False	0.094
3	['Pt', 'Pd', 'Au', 'Ru', 'Rh', 'Ir', 'Re', 'Os']	12	[0.344 0.201 0.366 0.055 0.013 0.018 0.002 0.002]	[-0.007 -0.05   0.111  0.125 -0.025 -0.072 -0.029 -0.053]	0.63	1.11	1.0	1.76	0.08	0.11	0.02	0.13	0.54	0.19	0.2		0.9295303044417649	0.2	False	0.141
4	['Pt', 'Pd', 'Au', 'Ru', 'Rh', 'Ir', 'Re', 'Os']	12	[0.423 0.172 0.316 0.003 0.069 0.004 0.011 0.004]	[ 0.035 -0.11   0.057 -0.028  0.105 -0.014 -0.032 -0.013]	0.63	1.11	1.0	1.76	0.08	0.11	0.02	0.13	0.54	0.19	0.2		0.9212216742269064	0.172	False	0.161
5	['Pt', 'Pd', 'Au', 'Ru', 'Rh', 'Ir', 'Re', 'Os']	12	[0.362 0.224 0.232 0.003 0.001 0.005 0.019 0.15 ]	[-0.036 -0.091 -0.041  0.002 -0.01  -0.011  0.019  0.168]	0.63	1.11	1.0	1.76	0.08	0.11	0.02	0.13	0.54	0.19	0.2		1.01117394898778	0.2	False	0.091
6	['Pt', 'Pd', 'Au', 'Ru', 'Rh', 'Ir', 'Re', 'Os']	12	[0.398 0.288 0.23  0.016 0.    0.022 0.039 0.005]	[ 0.048  0.008 -0.091  0.015 -0.004 -0.037  0.07  -0.008]	0.63	1.11	1.0	1.76	0.08	0.11	0.02	0.13	0.54	0.19	0.2		0.965790310571657	0.131	False	0.141
7	['Pt', 'Pd', 'Au', 'Ru', 'Rh', 'Ir', 'Re', 'Os']	12	[0.42  0.279 0.271 0.004 0.003 0.017 0.001 0.007]	[ 0.061  0.07   0.047  0.019 -0.006 -0.011 -0.009 -0.169]	0.63	1.11	1.0	1.76	0.08	0.11	0.02	0.13	0.54	0.19	0.2		1.0072579025268462	0.2	False	0.125
0	['Pt', 'Pd', 'Au', 'Ru', 'Rh', 'Ir', 'Re', 'Os']	13	[0.32  0.25  0.234 0.005 0.003 0.01  0.012 0.159]	[-0.122  0.023 -0.058 -0.007 -0.012  0.029  0.004  0.143]	0.63	1.11	1.0	1.76	0.08	0.11	0.02	0.13	0.54	0.19	0.2		0.9947809060428721	0.2	False	0.095
1	['Pt', 'Pd', 'Au', 'Ru', 'Rh', 'Ir', 'Re', 'Os']	13	[0.363 0.28  0.306 0.002 0.003 0.013 0.016 0.01 ]	[-0.027  0.058  0.071 -0.013  0.     0.013  0.032 -0.135]	0.63	1.11	1.0	1.76	0.08	0.11	0.02	0.13	0.54	0.19	0.2		1.0070117533476173	0.169	False	0.098
2	['Pt', 'Pd', 'Au', 'Ru', 'Rh', 'Ir', 'Re', 'Os']	13	[0.457 0.211 0.235 0.009 0.002 0.005 0.008 0.07 ]	[ 0.12  -0.097  0.007  0.008  0.007 -0.008  0.006 -0.043]	0.63	1.11	1.0	1.76	0.08	0.11	0.02	0.13	0.54	0.19	0.2		0.9974108870849052	0.161	False	0.135
3	['Pt', 'Pd', 'Au', 'Ru', 'Rh', 'Ir', 'Re', 'Os']	13	[0.407 0.269 0.229 0.007 0.007 0.008 0.003 0.07 ]	[ 0.052  0.057 -0.169  0.029 -0.001  0.006 -0.031  0.057]	0.63	1.11	1.0	1.76	0.08	0.11	0.02	0.13	0.54	0.19	0.2		1.0270546144812853	0.199	False	0.099
4	['Pt', 'Pd', 'Au', 'Ru', 'Rh', 'Ir', 'Re', 'Os']	13	[0.355 0.282 0.253 0.006 0.035 0.003 0.003 0.064]	[-0.091  0.109 -0.085 -0.034  0.089 -0.024 -0.017  0.053]	0.63	1.11	1.0	1.76	0.08	0.11	0.02	0.13	0.54	0.19	0.2		1.016620178376528	0.2	False	0.076
5	['Pt', 'Pd', 'Au', 'Ru', 'Rh', 'Ir', 'Re', 'Os']	13	[0.422 0.282 0.262 0.004 0.002 0.011 0.003 0.009]	[ 0.059  0.057  0.028 -0.013 -0.004  0.007  0.016 -0.151]	0.63	1.11	1.0	1.76	0.08	0.11	0.02	0.13	0.54	0.19	0.2		1.0106238134562355	0.176	False	0.127
6	['Pt', 'Pd', 'Au', 'Ru', 'Rh', 'Ir', 'Re', 'Os']	13	[0.351 0.178 0.252 0.004 0.004 0.055 0.066 0.085]	[-0.063 -0.143  0.024  0.009 -0.02   0.067  0.03   0.097]	0.63	1.11	1.0	1.76	0.08	0.11	0.02	0.13	0.54	0.19	0.2		0.8858993016827879	0.2	False	0.123
7	['Pt', 'Pd', 'Au', 'Ru', 'Rh', 'Ir', 'Re', 'Os']	13	[0.323 0.276 0.308 0.013 0.006 0.024 0.017 0.033]	[-0.103 -0.005  0.037  0.007 -0.008  0.032  0.015  0.025]	0.63	1.11	1.0	1.76	0.08	0.11	0.02	0.13	0.54	0.19	0.2		0.9808186561942329	0.118	False	0.084
0	['Pt', 'Pd', 'Au', 'Ru', 'Rh', 'Ir', 'Re', 'Os']	14	[0.415 0.285 0.261 0.003 0.002 0.017 0.012 0.001]	[ 0.074 -0.007 -0.017 -0.069 -0.061 -0.044 -0.027  0.151]	0.63	1.11	1.0	1.76	0.08	0.11	0.02	0.13	0.54	0.19	0.2		0.9960675017635161	0.2	False	0.131
1	['Pt', 'Pd', 'Au', 'Ru', 'Rh', 'Ir', 'Re', 'Os']	14	[0.468 0.249 0.187 0.006 0.005 0.001 0.026 0.049]	[ 0.106 -0.032 -0.122  0.003 -0.011 -0.016  0.034  0.039]	0.63	1.11	1.0	1.76	0.08	0.11	0.02	0.13	0.54	0.19	0.2		0.9609622950265082	0.174	False	0.173
2	['Pt', 'Pd', 'Au', 'Ru', 'Rh', 'Ir', 'Re', 'Os']	14	[0.331 0.363 0.236 0.001 0.005 0.002 0.012 0.046]	[-0.127  0.151  0.    -0.012  0.002 -0.004  0.015 -0.025]	0.63	1.11	1.0	1.76	0.08	0.11	0.02	0.13	0.54	0.19	0.2		0.9784458480166425	0.2	False	0.143
3	['Pt', 'Pd', 'Au', 'Ru', 'Rh', 'Ir', 'Re', 'Os']	14	[0.419 0.321 0.181 0.022 0.014 0.001 0.011 0.032]	[ 0.019  0.068 -0.054  0.028 -0.014 -0.018  0.012 -0.041]	0.63	1.11	1.0	1.76	0.08	0.11	0.02	0.13	0.54	0.19	0.2		0.9707604230305005	0.105	False	0.171
4	['Pt', 'Pd', 'Au', 'Ru', 'Rh', 'Ir', 'Re', 'Os']	14	[0.388 0.317 0.168 0.02  0.068 0.005 0.027 0.01 ]	[ 0.042  0.045 -0.101  0.021  0.042 -0.009  0.023 -0.063]	0.63	1.11	1.0	1.76	0.08	0.11	0.02	0.13	0.54	0.19	0.2		0.8980103931844217	0.145	False	0.193
5	['Pt', 'Pd', 'Au', 'Ru', 'Rh', 'Ir', 'Re', 'Os']	14	[0.335 0.252 0.257 0.004 0.008 0.019 0.001 0.117]	[-0.089 -0.028 -0.002 -0.003 -0.013  0.026 -0.008  0.118]	0.63	1.11	1.0	1.76	0.08	0.11	0.02	0.13	0.54	0.19	0.2		1.0120187824202436	0.153	False	0.053
6	['Pt', 'Pd', 'Au', 'Ru', 'Rh', 'Ir', 'Re', 'Os']	14	[0.375 0.288 0.271 0.002 0.007 0.002 0.034 0.014]	[ 0.003  0.114 -0.003 -0.052 -0.048  0.021  0.084 -0.119]	0.63	1.11	1.0	1.76	0.08	0.11	0.02	0.13	0.54	0.19	0.2		1.008559107074196	0.2	False	0.107
7	['Pt', 'Pd', 'Au', 'Ru', 'Rh', 'Ir', 'Re', 'Os']	14	[0.469 0.254 0.199 0.004 0.007 0.032 0.025 0.011]	[ 0.15  -0.029 -0.121  0.007 -0.011  0.003  0.029 -0.029]	0.63	1.11	1.0	1.76	0.08	0.11	0.02	0.13	0.54	0.19	0.2		0.9212840507601199	0.2	False	0.184
0	['Pt', 'Pd', 'Au', 'Ru', 'Rh', 'Ir', 'Re', 'Os']	15	[0.334 0.217 0.252 0.011 0.002 0.009 0.009 0.163]	[-0.088 -0.074 -0.014  0.005 -0.004  0.001  0.012  0.163]	0.63	1.11	1.0	1.76	0.08	0.11	0.02	0.13	0.54	0.19	0.2		0.9988317624322121	0.2	False	0.089
1	['Pt', 'Pd', 'Au', 'Ru', 'Rh', 'Ir', 'Re', 'Os']	15	[0.322 0.245 0.31  0.003 0.003 0.015 0.013 0.082]	[-0.156 -0.011  0.118 -0.01  -0.001  0.007  0.028  0.026]	0.63	1.11	1.0	1.76	0.08	0.11	0.02	0.13	0.54	0.19	0.2		1.007823527489411	0.2	False	0.041
2	['Pt', 'Pd', 'Au', 'Ru', 'Rh', 'Ir', 'Re', 'Os']	15	[0.358 0.198 0.257 0.004 0.001 0.018 0.015 0.146]	[ 0.026 -0.168  0.02  -0.01  -0.002  0.015  0.021  0.099]	0.63	1.11	1.0	1.76	0.08	0.11	0.02	0.13	0.54	0.19	0.2		0.9926071851626825	0.2	False	0.085
3	['Pt', 'Pd', 'Au', 'Ru', 'Rh', 'Ir', 'Re', 'Os']	15	[0.386 0.272 0.041 0.099 0.012 0.044 0.019 0.127]	[-0.033 -0.049 -0.14   0.077 -0.002  0.043  0.008  0.095]	0.63	1.11	1.0	1.76	0.08	0.11	0.02	0.13	0.54	0.19	0.2		0.7757740180567076	0.2	False	0.286
4	['Pt', 'Pd', 'Au', 'Ru', 'Rh', 'Ir', 'Re', 'Os']	15	[0.326 0.32  0.26  0.003 0.031 0.017 0.005 0.044]	[-0.109 -0.018  0.107 -0.028  0.097 -0.074 -0.001  0.026]	0.63	1.11	1.0	1.76	0.08	0.11	0.02	0.13	0.54	0.19	0.2		0.9765755405294954	0.2	False	0.107
5	['Pt', 'Pd', 'Au', 'Ru', 'Rh', 'Ir', 'Re', 'Os']	15	[0.403 0.252 0.248 0.011 0.016 0.    0.002 0.059]	[ 0.081 -0.    -0.011 -0.018  0.018  0.017 -0.016 -0.07 ]	0.63	1.11	1.0	1.76	0.08	0.11	0.02	0.13	0.54	0.19	0.2		1.031760638345186	0.113	False	0.087
6	['Pt', 'Pd', 'Au', 'Ru', 'Rh', 'Ir', 'Re', 'Os']	15	[0.319 0.277 0.283 0.004 0.017 0.007 0.039 0.044]	[-0.104 -0.027  0.013 -0.027  0.013  0.001  0.088  0.043]	0.63	1.11	1.0	1.76	0.08	0.11	0.02	0.13	0.54	0.19	0.2		0.9832156221697876	0.149	False	0.084
7	['Pt', 'Pd', 'Au', 'Ru', 'Rh', 'Ir', 'Re', 'Os']	15	[0.329 0.268 0.319 0.    0.011 0.003 0.008 0.06 ]	[-0.159  0.001  0.111 -0.018 -0.01   0.02   0.017  0.037]	0.63	1.11	1.0	1.76	0.08	0.11	0.02	0.13	0.54	0.19	0.2		1.024035918739226	0.2	False	0.054
0	['Pt', 'Pd', 'Au', 'Ru', 'Rh', 'Ir', 'Re', 'Os']	16	[0.258 0.294 0.299 0.014 0.067 0.023 0.026 0.017]	[-0.076  0.077  0.047  0.003  0.065  0.014  0.017 -0.146]	0.63	1.11	1.0	1.76	0.08	0.11	0.02	0.13	0.54	0.19	0.2		0.848499767340164	0.2	False	0.152
1	['Pt', 'Pd', 'Au', 'Ru', 'Rh', 'Ir', 'Re', 'Os']	16	[0.444 0.196 0.193 0.003 0.015 0.016 0.009 0.119]	[ 0.134 -0.053 -0.127 -0.009 -0.026  0.024  0.016  0.041]	0.63	1.11	1.0	1.76	0.08	0.11	0.02	0.13	0.54	0.19	0.2		0.9522600537623527	0.2	False	0.155
2	['Pt', 'Pd', 'Au', 'Ru', 'Rh', 'Ir', 'Re', 'Os']	16	[0.438 0.294 0.209 0.005 0.015 0.019 0.006 0.009]	[ 0.075  0.092 -0.056 -0.006  0.008  0.024  0.011 -0.148]	0.63	1.11	1.0	1.76	0.08	0.11	0.02	0.13	0.54	0.19	0.2		0.9613496758517872	0.2	False	0.164
3	['Pt', 'Pd', 'Au', 'Ru', 'Rh', 'Ir', 'Re', 'Os']	16	[0.407 0.257 0.21  0.011 0.013 0.012 0.005 0.084]	[ 0.021 -0.015  0.169 -0.088  0.001 -0.032 -0.014 -0.043]	0.63	1.11	1.0	1.76	0.08	0.11	0.02	0.13	0.54	0.19	0.2		1.0071230407770237	0.2	False	0.11
4	['Pt', 'Pd', 'Au', 'Ru', 'Rh', 'Ir', 'Re', 'Os']	16	[0.427 0.173 0.284 0.001 0.006 0.039 0.011 0.068]	[ 0.109 -0.15   0.029 -0.011 -0.037  0.047 -0.015  0.029]	0.63	1.11	1.0	1.76	0.08	0.11	0.02	0.13	0.54	0.19	0.2		0.9579326118436888	0.2	False	0.122
5	['Pt', 'Pd', 'Au', 'Ru', 'Rh', 'Ir', 'Re', 'Os']	16	[0.447 0.249 0.262 0.006 0.007 0.016 0.002 0.002]	[ 0.059  0.003  0.023  0.019 -0.032  0.015 -0.01  -0.078]	0.63	1.11	1.0	1.76	0.08	0.11	0.02	0.13	0.54	0.19	0.2		0.9856398654279006	0.108	False	0.144
6	['Pt', 'Pd', 'Au', 'Ru', 'Rh', 'Ir', 'Re', 'Os']	16	[0.464 0.208 0.24  0.002 0.011 0.002 0.027 0.035]	[ 0.158 -0.082 -0.053 -0.012 -0.045 -0.008  0.056 -0.015]	0.63	1.11	1.0	1.76	0.08	0.11	0.02	0.13	0.54	0.19	0.2		0.9705876939324085	0.2	False	0.153
7	['Pt', 'Pd', 'Au', 'Ru', 'Rh', 'Ir', 'Re', 'Os']	16	[0.49  0.241 0.24  0.003 0.016 0.003 0.    0.005]	[ 0.151 -0.043 -0.097 -0.013 -0.01  -0.015 -0.023  0.05 ]	0.63	1.11	1.0	1.76	0.08	0.11	0.02	0.13	0.54	0.19	0.2		0.9610630456162621	0.194	False	0.18
0	['Pt', 'Pd', 'Au', 'Ru', 'Rh', 'Ir', 'Re', 'Os']	17	[0.419 0.247 0.233 0.022 0.007 0.003 0.001 0.069]	[ 0.155 -0.054 -0.073  0.001 -0.067 -0.027  0.02   0.045]	0.63	1.11	1.0	1.76	0.08	0.11	0.02	0.13	0.54	0.19	0.2		1.0271361494127202	0.2	False	0.104
1	['Pt', 'Pd', 'Au', 'Ru', 'Rh', 'Ir', 'Re', 'Os']	17	[0.41  0.298 0.27  0.001 0.004 0.007 0.001 0.004]	[-0.082  0.089  0.058 -0.045 -0.019 -0.075 -0.038  0.112]	0.63	1.11	1.0	1.76	0.08	0.11	0.02	0.13	0.54	0.19	0.2		1.0145299070974982	0.2	False	0.127
2	['Pt', 'Pd', 'Au', 'Ru', 'Rh', 'Ir', 'Re', 'Os']	17	[0.319 0.285 0.219 0.    0.005 0.026 0.002 0.139]	[-0.129  0.003  0.025  0.007  0.001 -0.051  0.004  0.14 ]	0.63	1.11	1.0	1.76	0.08	0.11	0.02	0.13	0.54	0.19	0.2		0.9796582546489279	0.199	False	0.105
3	['Pt', 'Pd', 'Au', 'Ru', 'Rh', 'Ir', 'Re', 'Os']	17	[0.395 0.21  0.304 0.058 0.011 0.007 0.007 0.008]	[ 0.01  -0.031  0.135  0.075 -0.05  -0.003 -0.028 -0.108]	0.63	1.11	1.0	1.76	0.08	0.11	0.02	0.13	0.54	0.19	0.2		0.983120993494289	0.2	False	0.125
4	['Pt', 'Pd', 'Au', 'Ru', 'Rh', 'Ir', 'Re', 'Os']	17	[0.405 0.323 0.187 0.006 0.004 0.013 0.001 0.071]	[-0.035  0.151 -0.117 -0.021 -0.005  0.039 -0.004 -0.008]	0.63	1.11	1.0	1.76	0.08	0.11	0.02	0.13	0.54	0.19	0.2		0.9910682033005023	0.2	False	0.149
5	['Pt', 'Pd', 'Au', 'Ru', 'Rh', 'Ir', 'Re', 'Os']	17	[0.314 0.225 0.262 0.015 0.008 0.039 0.01  0.114]	[-0.132 -0.013  0.013 -0.035 -0.016  0.053 -0.005  0.135]	0.63	1.11	1.0	1.76	0.08	0.11	0.02	0.13	0.54	0.19	0.2		0.9542734226017686	0.201	False	0.074
6	['Pt', 'Pd', 'Au', 'Ru', 'Rh', 'Ir', 'Re', 'Os']	17	[0.328 0.319 0.234 0.014 0.004 0.007 0.027 0.054]	[-0.143  0.123 -0.003 -0.031  0.004 -0.022  0.048  0.024]	0.63	1.11	1.0	1.76	0.08	0.11	0.02	0.13	0.54	0.19	0.2		0.986035852558806	0.2	False	0.113
7	['Pt', 'Pd', 'Au', 'Ru', 'Rh', 'Ir', 'Re', 'Os']	17	[0.34  0.275 0.251 0.    0.001 0.001 0.    0.132]	[-0.151  0.033  0.01  -0.004 -0.016  0.003 -0.001  0.126]	0.63	1.11	1.0	1.76	0.08	0.11	0.02	0.13	0.54	0.19	0.2		1.0409396414663283	0.2	False	0.064
0	['Pt', 'Pd', 'Au', 'Ru', 'Rh', 'Ir', 'Re', 'Os']	18	[0.284 0.259 0.211 0.018 0.024 0.005 0.022 0.181]	[-0.143  0.017 -0.02   0.036  0.025 -0.01  -0.032  0.126]	0.63	1.11	1.0	1.76	0.08	0.11	0.02	0.13	0.54	0.19	0.2		0.9318670488714638	0.2	False	0.143
1	['Pt', 'Pd', 'Au', 'Ru', 'Rh', 'Ir', 'Re', 'Os']	18	[0.305 0.257 0.256 0.002 0.005 0.007 0.001 0.162]	[-0.107 -0.042 -0.014 -0.001 -0.005  0.01  -0.004  0.162]	0.63	1.11	1.0	1.76	0.08	0.11	0.02	0.13	0.54	0.19	0.2		0.9994462843172074	0.2	False	0.089
2	['Pt', 'Pd', 'Au', 'Ru', 'Rh', 'Ir', 'Re', 'Os']	18	[0.261 0.235 0.212 0.028 0.021 0.105 0.018 0.114]	[-0.077 -0.066 -0.004  0.023  0.021  0.118  0.014 -0.03 ]	0.63	1.11	1.0	1.76	0.08	0.11	0.02	0.13	0.54	0.19	0.2		0.7626241431484417	0.162	False	0.169
3	['Pt', 'Pd', 'Au', 'Ru', 'Rh', 'Ir', 'Re', 'Os']	18	[0.333 0.279 0.231 0.031 0.001 0.01  0.002 0.112]	[-0.087  0.065 -0.1    0.074 -0.007 -0.025 -0.027  0.106]	0.63	1.11	1.0	1.76	0.08	0.11	0.02	0.13	0.54	0.19	0.2		1.0144259699125207	0.2	False	0.084
4	['Pt', 'Pd', 'Au', 'Ru', 'Rh', 'Ir', 'Re', 'Os']	18	[0.262 0.284 0.283 0.009 0.006 0.009 0.007 0.15 ]	[-0.14  -0.035  0.103  0.014  0.01  -0.026 -0.011  0.085]	0.63	1.11	1.0	1.76	0.08	0.11	0.02	0.13	0.54	0.19	0.2		0.9587521734943856	0.2	False	0.109
5	['Pt', 'Pd', 'Au', 'Ru', 'Rh', 'Ir', 'Re', 'Os']	18	[0.319 0.291 0.192 0.005 0.025 0.036 0.006 0.111]	[ 0.009  0.111 -0.117  0.011 -0.061  0.091 -0.04  -0.004]	0.63	1.11	1.0	1.76	0.08	0.11	0.02	0.13	0.54	0.19	0.2		0.9335559341845767	0.2	False	0.128
6	['Pt', 'Pd', 'Au', 'Ru', 'Rh', 'Ir', 'Re', 'Os']	18	[0.275 0.231 0.28  0.02  0.028 0.008 0.009 0.135]	[-0.067 -0.115  0.067  0.029 -0.05  -0.014  0.036  0.114]	0.63	1.11	1.0	1.76	0.08	0.11	0.02	0.13	0.54	0.19	0.2		0.9454425371320483	0.2	False	0.095
7	['Pt', 'Pd', 'Au', 'Ru', 'Rh', 'Ir', 'Re', 'Os']	18	[0.262 0.309 0.261 0.013 0.    0.006 0.004 0.146]	[-0.078  0.042  0.016  0.012  0.002 -0.007 -0.007  0.02 ]	0.63	1.11	1.0	1.76	0.08	0.11	0.02	0.13	0.54	0.19	0.2		0.956945108693656	0.094	False	0.123
0	['Pt', 'Pd', 'Au', 'Ru', 'Rh', 'Ir', 'Re', 'Os']	19	[0.373 0.282 0.265 0.003 0.001 0.006 0.031 0.044]	[ 0.092  0.019  0.053 -0.038  0.013 -0.018  0.038 -0.158]	0.63	1.11	1.0	1.76	0.08	0.11	0.02	0.13	0.54	0.19	0.2		1.0255604791953892	0.2	False	0.083
1	['Pt', 'Pd', 'Au', 'Ru', 'Rh', 'Ir', 'Re', 'Os']	19	[0.438 0.251 0.238 0.006 0.014 0.004 0.005 0.04 ]	[ 0.135 -0.007 -0.019  0.003  0.012 -0.001  0.001 -0.125]	0.63	1.11	1.0	1.76	0.08	0.11	0.02	0.13	0.54	0.19	0.2		1.0086531308986402	0.186	False	0.124
2	['Pt', 'Pd', 'Au', 'Ru', 'Rh', 'Ir', 'Re', 'Os']	19	[0.159 0.333 0.259 0.012 0.066 0.013 0.01  0.141]	[-0.141  0.08   0.024 -0.046  0.021  0.097 -0.037  0.002]	0.63	1.11	1.0	1.76	0.08	0.11	0.02	0.13	0.54	0.19	0.2		0.7146796168272962	0.2	False	0.227
3	['Pt', 'Pd', 'Au', 'Ru', 'Rh', 'Ir', 'Re', 'Os']	19	[0.357 0.277 0.165 0.04  0.036 0.001 0.004 0.121]	[ 0.053  0.011 -0.092  0.095 -0.075  0.009 -0.029  0.029]	0.63	1.11	1.0	1.76	0.08	0.11	0.02	0.13	0.54	0.19	0.2		0.9611951594098085	0.167	False	0.15
4	['Pt', 'Pd', 'Au', 'Ru', 'Rh', 'Ir', 'Re', 'Os']	19	[0.087 0.353 0.307 0.057 0.025 0.023 0.034 0.124]	[-0.175  0.069  0.024  0.048  0.019  0.014  0.027 -0.026]	0.63	1.11	1.0	1.76	0.08	0.11	0.02	0.13	0.54	0.19	0.2		0.5366931266302648	0.201	False	0.293
5	['Pt', 'Pd', 'Au', 'Ru', 'Rh', 'Ir', 'Re', 'Os']	19	[0.378 0.246 0.239 0.03  0.026 0.012 0.009 0.043]	[ 0.091 -0.067  0.073 -0.075  0.051  0.051 -0.022 -0.102]	0.63	1.11	1.0	1.76	0.08	0.11	0.02	0.13	0.54	0.19	0.2		0.9885605611635886	0.2	False	0.098
6	['Pt', 'Pd', 'Au', 'Ru', 'Rh', 'Ir', 'Re', 'Os']	19	[0.363 0.246 0.207 0.011 0.032 0.003 0.001 0.124]	[ 0.135  0.017 -0.126 -0.017  0.06  -0.017 -0.026 -0.026]	0.63	1.11	1.0	1.76	0.08	0.11	0.02	0.13	0.54	0.19	0.2		0.9966441312370333	0.2	False	0.103
7	['Pt', 'Pd', 'Au', 'Ru', 'Rh', 'Ir', 'Re', 'Os']	19	[0.43  0.255 0.242 0.003 0.    0.006 0.004 0.06 ]	[ 0.167 -0.058 -0.023  0.004 -0.006  0.006  0.002 -0.091]	0.63	1.11	1.0	1.76	0.08	0.11	0.02	0.13	0.54	0.19	0.2		1.0292452067650348	0.2	False	0.107
0	['Pt', 'Pd', 'Au', 'Ru', 'Rh', 'Ir', 'Re', 'Os']	20	[0.45  0.198 0.199 0.002 0.016 0.004 0.036 0.1  ]	[ 0.094 -0.099 -0.077 -0.01  -0.03  -0.009  0.062  0.069]	0.63	1.11	1.0	1.76	0.08	0.11	0.02	0.13	0.54	0.19	0.2		0.9546587218301221	0.186	False	0.156
1	['Pt', 'Pd', 'Au', 'Ru', 'Rh', 'Ir', 'Re', 'Os']	20	[0.365 0.276 0.178 0.001 0.014 0.01  0.005 0.146]	[-0.077  0.023 -0.063 -0.     0.021  0.004 -0.014  0.106]	0.63	1.11	1.0	1.76	0.08	0.11	0.02	0.13	0.54	0.19	0.2		0.9830700501424414	0.149	False	0.135
2	['Pt', 'Pd', 'Au', 'Ru', 'Rh', 'Ir', 'Re', 'Os']	20	[0.019 0.344 0.285 0.037 0.039 0.066 0.047 0.158]	[ 0.172 -0.036 -0.017 -0.018 -0.085  0.018 -0.003 -0.029]	0.63	1.11	1.0	1.76	0.08	0.11	0.02	0.13	0.54	0.19	0.2		0.3440840935290448	0.2	False	0.363
3	['Pt', 'Pd', 'Au', 'Ru', 'Rh', 'Ir', 'Re', 'Os']	20	[0.25  0.29  0.296 0.009 0.025 0.028 0.005 0.095]	[-0.138 -0.004  0.127  0.03   0.039  0.011 -0.018 -0.048]	0.63	1.11	1.0	1.76	0.08	0.11	0.02	0.13	0.54	0.19	0.2		0.9074267967091489	0.2	False	0.115
4	['Pt', 'Pd', 'Au', 'Ru', 'Rh', 'Ir', 'Re', 'Os']	20	[0.272 0.308 0.276 0.021 0.005 0.012 0.014 0.101]	[ 0.185 -0.045 -0.031 -0.036 -0.02  -0.011 -0.02  -0.023]	0.63	1.11	1.0	1.76	0.08	0.11	0.02	0.13	0.54	0.19	0.2		0.9613309569810282	0.2	False	0.104
5	['Pt', 'Pd', 'Au', 'Ru', 'Rh', 'Ir', 'Re', 'Os']	20	[0.394 0.202 0.239 0.062 0.022 0.002 0.002 0.062]	[ 0.04  -0.091  0.005  0.144 -0.045 -0.05  -0.05   0.046]	0.63	1.11	1.0	1.76	0.08	0.11	0.02	0.13	0.54	0.19	0.2		0.9825577868549553	0.2	False	0.117
6	['Pt', 'Pd', 'Au', 'Ru', 'Rh', 'Ir', 'Re', 'Os']	20	[0.42  0.277 0.249 0.017 0.    0.007 0.001 0.016]	[ 0.067  0.038  0.05   0.021  0.029 -0.013 -0.019 -0.173]	0.63	1.11	1.0	1.76	0.08	0.11	0.02	0.13	0.54	0.19	0.2		1.0143343803199698	0.2	False	0.125
7	['Pt', 'Pd', 'Au', 'Ru', 'Rh', 'Ir', 'Re', 'Os']	20	[0.335 0.268 0.247 0.015 0.005 0.001 0.003 0.125]	[-0.099  0.017  0.009  0.014 -0.011 -0.002 -0.001  0.074]	0.63	1.11	1.0	1.76	0.08	0.11	0.02	0.13	0.54	0.19	0.2		1.031922260971439	0.126	False	0.065
0	['Pt', 'Pd', 'Au', 'Ru', 'Rh', 'Ir', 'Re', 'Os']	21	[0.303 0.289 0.258 0.006 0.011 0.    0.003 0.135]	[-0.167  0.086  0.052 -0.022  0.012 -0.014  0.027  0.027]	0.63	1.11	1.0	1.76	0.08	0.11	0.02	0.13	0.54	0.19	0.2		1.0103351675538303	0.2	False	0.083
1	['Pt', 'Pd', 'Au', 'Ru', 'Rh', 'Ir', 'Re', 'Os']	21	[0.328 0.231 0.346 0.007 0.002 0.001 0.009 0.07 ]	[-0.042 -0.05   0.17  -0.015  0.01   0.003  0.006 -0.082]	0.63	1.11	1.0	1.76	0.08	0.11	0.02	0.13	0.54	0.19	0.2		1.0150789972394418	0.2	False	0.063
2	['Pt', 'Pd', 'Au', 'Ru', 'Rh', 'Ir', 'Re', 'Os']	21	[0.206 0.312 0.256 0.013 0.013 0.033 0.022 0.139]	[ 0.187 -0.032 -0.029 -0.024 -0.026 -0.033 -0.025 -0.019]	0.63	1.11	1.0	1.76	0.08	0.11	0.02	0.13	0.54	0.19	0.2		0.8190105215909073	0.2	False	0.173
3	['Pt', 'Pd', 'Au', 'Ru', 'Rh', 'Ir', 'Re', 'Os']	21	[0.397 0.279 0.216 0.015 0.01  0.002 0.001 0.078]	[ 0.162 -0.025 -0.106  0.006 -0.003  0.017 -0.019 -0.032]	0.63	1.11	1.0	1.76	0.08	0.11	0.02	0.13	0.54	0.19	0.2		1.0269517242886774	0.2	False	0.104
4	['Pt', 'Pd', 'Au', 'Ru', 'Rh', 'Ir', 'Re', 'Os']	21	[0.437 0.241 0.224 0.007 0.003 0.003 0.    0.096]	[ 0.167 -0.083 -0.067  0.014 -0.007 -0.006 -0.001 -0.016]	0.63	1.11	1.0	1.76	0.08	0.11	0.02	0.13	0.54	0.19	0.2		1.0247486602031	0.199	False	0.116
5	['Pt', 'Pd', 'Au', 'Ru', 'Rh', 'Ir', 'Re', 'Os']	21	[0.313 0.269 0.228 0.013 0.003 0.023 0.    0.135]	[-0.142  0.083 -0.035  0.039  0.004 -0.002 -0.04   0.092]	0.63	1.11	1.0	1.76	0.08	0.11	0.02	0.13	0.54	0.19	0.2		0.9820094779025828	0.2	False	0.094
6	['Pt', 'Pd', 'Au', 'Ru', 'Rh', 'Ir', 'Re', 'Os']	21	[0.27  0.273 0.293 0.004 0.011 0.008 0.013 0.114]	[-0.161 -0.004  0.047  0.015 -0.015  0.008  0.005  0.105]	0.63	1.11	1.0	1.76	0.08	0.11	0.02	0.13	0.54	0.19	0.2		0.9667284706205459	0.2	False	0.087
7	['Pt', 'Pd', 'Au', 'Ru', 'Rh', 'Ir', 'Re', 'Os']	21	[0.323 0.285 0.252 0.021 0.003 0.006 0.003 0.107]	[-0.021  0.039  0.014  0.056 -0.004 -0.029 -0.021 -0.033]	0.63	1.11	1.0	1.76	0.08	0.11	0.02	0.13	0.54	0.19	0.2		1.0217355714419036	0.088	False	0.069
0	['Pt', 'Pd', 'Au', 'Ru', 'Rh', 'Ir', 'Re', 'Os']	22	[0.441 0.263 0.267 0.01  0.004 0.009 0.007 0.004]	[ 0.141 -0.025  0.01   0.012 -0.006  0.005 -0.006 -0.132]	0.63	1.11	1.0	1.76	0.08	0.11	0.02	0.13	0.54	0.19	0.2		1.002895678822019	0.196	False	0.138
1	['Pt', 'Pd', 'Au', 'Ru', 'Rh', 'Ir', 'Re', 'Os']	22	[0.426 0.28  0.181 0.011 0.001 0.002 0.016 0.078]	[ 0.098  0.049 -0.166  0.004 -0.006 -0.006  0.02   0.008]	0.63	1.11	1.0	1.76	0.08	0.11	0.02	0.13	0.54	0.19	0.2		0.9944747038639401	0.2	False	0.147
2	['Pt', 'Pd', 'Au', 'Ru', 'Rh', 'Ir', 'Re', 'Os']	22	[0.371 0.261 0.194 0.014 0.    0.051 0.014 0.09 ]	[ 0.163 -0.06  -0.072  0.014 -0.021  0.011  0.023 -0.058]	0.63	1.11	1.0	1.76	0.08	0.11	0.02	0.13	0.54	0.19	0.2		0.9486943450036176	0.2	False	0.122
3	['Pt', 'Pd', 'Au', 'Ru', 'Rh', 'Ir', 'Re', 'Os']	22	[0.414 0.213 0.186 0.074 0.003 0.013 0.009 0.088]	[ 0.043 -0.074 -0.023  0.105 -0.016 -0.036 -0.032  0.033]	0.63	1.11	1.0	1.76	0.08	0.11	0.02	0.13	0.54	0.19	0.2		0.9592358114276807	0.15	False	0.156
4	['Pt', 'Pd', 'Au', 'Ru', 'Rh', 'Ir', 'Re', 'Os']	22	[0.374 0.278 0.188 0.01  0.043 0.002 0.007 0.111]	[-0.056  0.056 -0.026 -0.027  0.048 -0.01  -0.017  0.031]	0.63	1.11	1.0	1.76	0.08	0.11	0.02	0.13	0.54	0.19	0.2		0.9857367771084331	0.107	False	0.127
5	['Pt', 'Pd', 'Au', 'Ru', 'Rh', 'Ir', 'Re', 'Os']	22	[0.39  0.272 0.209 0.018 0.011 0.061 0.014 0.01 ]	[ 0.109  0.02  -0.006 -0.026 -0.037  0.087 -0.014 -0.134]	0.63	1.11	1.0	1.76	0.08	0.11	0.02	0.13	0.54	0.19	0.2		0.9069386493312013	0.2	False	0.151
6	['Pt', 'Pd', 'Au', 'Ru', 'Rh', 'Ir', 'Re', 'Os']	22	[0.421 0.266 0.208 0.013 0.003 0.    0.02  0.055]	[ 0.162 -0.008 -0.091 -0.02   0.002 -0.006  0.025 -0.063]	0.63	1.11	1.0	1.76	0.08	0.11	0.02	0.13	0.54	0.19	0.2		1.0067086921356492	0.2	False	0.128
7	['Pt', 'Pd', 'Au', 'Ru', 'Rh', 'Ir', 'Re', 'Os']	22	[0.436 0.233 0.206 0.037 0.012 0.028 0.016 0.034]	[ 0.129 -0.054 -0.047  0.021 -0.013  0.028  0.014 -0.077]	0.63	1.11	1.0	1.76	0.08	0.11	0.02	0.13	0.54	0.19	0.2		0.9465825425758789	0.171	False	0.153
0	['Pt', 'Pd', 'Au', 'Ru', 'Rh', 'Ir', 'Re', 'Os']	23	[0.344 0.269 0.208 0.001 0.003 0.009 0.001 0.167]	[-0.097  0.006 -0.059 -0.009 -0.009  0.015 -0.011  0.164]	0.63	1.11	1.0	1.76	0.08	0.11	0.02	0.13	0.54	0.19	0.2		1.0018102644192843	0.2	False	0.116
1	['Pt', 'Pd', 'Au', 'Ru', 'Rh', 'Ir', 'Re', 'Os']	23	[0.3   0.23  0.314 0.017 0.    0.001 0.028 0.107]	[-0.131 -0.053  0.133  0.02  -0.003 -0.003  0.01   0.027]	0.63	1.11	1.0	1.76	0.08	0.11	0.02	0.13	0.54	0.19	0.2		0.994173212577891	0.197	False	0.065
2	['Pt', 'Pd', 'Au', 'Ru', 'Rh', 'Ir', 'Re', 'Os']	23	[0.413 0.281 0.108 0.001 0.014 0.075 0.013 0.088]	[ 0.061  0.033 -0.102 -0.019 -0.047  0.133 -0.064  0.005]	0.63	1.11	1.0	1.76	0.08	0.11	0.02	0.13	0.54	0.19	0.2		0.83581172096078	0.199	False	0.219
3	['Pt', 'Pd', 'Au', 'Ru', 'Rh', 'Ir', 'Re', 'Os']	23	[0.342 0.27  0.239 0.037 0.015 0.01  0.007 0.078]	[-0.108  0.068  0.063  0.118 -0.057 -0.018 -0.042 -0.023]	0.63	1.11	1.0	1.76	0.08	0.11	0.02	0.13	0.54	0.19	0.2		1.0052940007140558	0.2	False	0.08
4	['Pt', 'Pd', 'Au', 'Ru', 'Rh', 'Ir', 'Re', 'Os']	23	[0.361 0.225 0.261 0.015 0.06  0.014 0.019 0.058]	[-0.002 -0.057  0.116 -0.016  0.12  -0.054 -0.051 -0.057]	0.63	1.11	1.0	1.76	0.08	0.11	0.02	0.13	0.54	0.19	0.2		0.9603609311763301	0.2	False	0.092
5	['Pt', 'Pd', 'Au', 'Ru', 'Rh', 'Ir', 'Re', 'Os']	23	[0.365 0.233 0.235 0.007 0.005 0.035 0.013 0.091]	[-0.058 -0.081  0.025 -0.016 -0.045  0.109 -0.048  0.114]	0.63	1.11	1.0	1.76	0.08	0.11	0.02	0.13	0.54	0.19	0.2		0.9822103056181009	0.2	False	0.079
6	['Pt', 'Pd', 'Au', 'Ru', 'Rh', 'Ir', 'Re', 'Os']	23	[0.297 0.268 0.294 0.023 0.024 0.007 0.013 0.06 ]	[-0.141  0.012  0.114  0.034 -0.038 -0.029  0.033  0.016]	0.63	1.11	1.0	1.76	0.08	0.11	0.02	0.13	0.54	0.19	0.2		0.9738884382488953	0.195	False	0.078
7	['Pt', 'Pd', 'Au', 'Ru', 'Rh', 'Ir', 'Re', 'Os']	23	[0.317 0.283 0.246 0.017 0.003 0.    0.017 0.117]	[-0.164  0.045  0.033  0.038 -0.018  0.01  -0.029  0.086]	0.63	1.11	1.0	1.76	0.08	0.11	0.02	0.13	0.54	0.19	0.2		1.0163714965896467	0.2	False	0.077
0	['Pt', 'Pd', 'Au', 'Ru', 'Rh', 'Ir', 'Re', 'Os']	24	[0.225 0.234 0.289 0.011 0.002 0.028 0.006 0.206]	[-0.125 -0.03   0.101 -0.019 -0.011  0.035 -0.005  0.053]	0.63	1.11	1.0	1.76	0.08	0.11	0.02	0.13	0.54	0.19	0.2		0.8578697600501419	0.176	False	0.168
1	['Pt', 'Pd', 'Au', 'Ru', 'Rh', 'Ir', 'Re', 'Os']	24	[0.374 0.293 0.182 0.01  0.012 0.012 0.035 0.077]	[ 0.089  0.077 -0.138  0.006 -0.033 -0.034  0.059 -0.026]	0.63	1.11	1.0	1.76	0.08	0.11	0.02	0.13	0.54	0.19	0.2		0.970179573804113	0.198	False	0.136
2	['Pt', 'Pd', 'Au', 'Ru', 'Rh', 'Ir', 'Re', 'Os']	24	[0.314 0.292 0.244 0.    0.005 0.008 0.006 0.127]	[-0.105  0.008  0.137 -0.009  0.012 -0.092  0.012  0.037]	0.63	1.11	1.0	1.76	0.08	0.11	0.02	0.13	0.54	0.19	0.2		1.0084687742354217	0.2	False	0.084
3	['Pt', 'Pd', 'Au', 'Ru', 'Rh', 'Ir', 'Re', 'Os']	24	[0.279 0.289 0.256 0.023 0.015 0.004 0.016 0.114]	[-0.14   0.036  0.031  0.082  0.023 -0.041 -0.063  0.072]	0.63	1.11	1.0	1.76	0.08	0.11	0.02	0.13	0.54	0.19	0.2		0.9684016528471349	0.2	False	0.099
4	['Pt', 'Pd', 'Au', 'Ru', 'Rh', 'Ir', 'Re', 'Os']	24	[0.335 0.26  0.24  0.018 0.032 0.003 0.001 0.123]	[-0.074  0.042 -0.065 -0.061  0.116 -0.027 -0.029  0.099]	0.63	1.11	1.0	1.76	0.08	0.11	0.02	0.13	0.54	0.19	0.2		1.00922084593232	0.2	False	0.076
5	['Pt', 'Pd', 'Au', 'Ru', 'Rh', 'Ir', 'Re', 'Os']	24	[0.214 0.244 0.241 0.02  0.029 0.057 0.05  0.128]	[-0.174  0.022  0.016  0.023 -0.034  0.035  0.058  0.053]	0.63	1.11	1.0	1.76	0.08	0.11	0.02	0.13	0.54	0.19	0.2		0.7621417036863583	0.2	False	0.173
6	['Pt', 'Pd', 'Au', 'Ru', 'Rh', 'Ir', 'Re', 'Os']	24	[0.307 0.27  0.23  0.    0.038 0.001 0.02  0.121]	[ 0.015 -0.    -0.132 -0.006  0.077 -0.018 -0.052  0.117]	0.63	1.11	1.0	1.76	0.08	0.11	0.02	0.13	0.54	0.19	0.2		0.9741992950371126	0.2	False	0.097
7	['Pt', 'Pd', 'Au', 'Ru', 'Rh', 'Ir', 'Re', 'Os']	24	[0.261 0.277 0.281 0.004 0.002 0.021 0.028 0.128]	[-0.078 -0.003  0.059  0.011 -0.018 -0.046  0.053  0.023]	0.63	1.11	1.0	1.76	0.08	0.11	0.02	0.13	0.54	0.19	0.2		0.9385005331127545	0.124	False	0.105
0	['Pt', 'Pd', 'Au', 'Ru', 'Rh', 'Ir', 'Re', 'Os']	25	[0.372 0.272 0.254 0.003 0.005 0.001 0.004 0.088]	[ 0.142  0.031 -0.043 -0.022 -0.004  0.021  0.001 -0.127]	0.63	1.11	1.0	1.76	0.08	0.11	0.02	0.13	0.54	0.19	0.2		1.0496150787683116	0.2	False	0.057
1	['Pt', 'Pd', 'Au', 'Ru', 'Rh', 'Ir', 'Re', 'Os']	25	[0.351 0.195 0.284 0.022 0.001 0.005 0.023 0.112]	[-0.035 -0.13   0.125 -0.037 -0.018  0.004  0.051  0.04 ]	0.63	1.11	1.0	1.76	0.08	0.11	0.02	0.13	0.54	0.19	0.2		1.004164048454975	0.2	False	0.067
2	['Pt', 'Pd', 'Au', 'Ru', 'Rh', 'Ir', 'Re', 'Os']	25	[0.335 0.238 0.236 0.016 0.001 0.067 0.001 0.102]	[ 0.047 -0.061  0.005 -0.032 -0.016  0.088 -0.011 -0.019]	0.63	1.11	1.0	1.76	0.08	0.11	0.02	0.13	0.54	0.19	0.2		0.9340214054966316	0.124	False	0.096
3	['Pt', 'Pd', 'Au', 'Ru', 'Rh', 'Ir', 'Re', 'Os']	25	[0.403 0.228 0.203 0.005 0.023 0.001 0.036 0.098]	[ 0.156 -0.072 -0.062  0.024 -0.057 -0.019  0.045 -0.016]	0.63	1.11	1.0	1.76	0.08	0.11	0.02	0.13	0.54	0.19	0.2		0.9835909522129702	0.2	False	0.121
4	['Pt', 'Pd', 'Au', 'Ru', 'Rh', 'Ir', 'Re', 'Os']	25	[0.397 0.26  0.165 0.042 0.006 0.013 0.008 0.123]	[ 0.111  0.006 -0.122  0.07   0.028 -0.05  -0.049  0.006]	0.63	1.11	1.0	1.76	0.08	0.11	0.02	0.13	0.54	0.19	0.2		0.9741003129965919	0.195	False	0.152
5	['Pt', 'Pd', 'Au', 'Ru', 'Rh', 'Ir', 'Re', 'Os']	25	[0.365 0.275 0.211 0.001 0.005 0.02  0.    0.105]	[ 0.148  0.011 -0.059 -0.057 -0.071  0.056  0.023 -0.051]	0.63	1.11	1.0	1.76	0.08	0.11	0.02	0.13	0.54	0.19	0.2		1.0053920246966839	0.2	False	0.096
6	['Pt', 'Pd', 'Au', 'Ru', 'Rh', 'Ir', 'Re', 'Os']	25	[0.154 0.324 0.299 0.016 0.005 0.002 0.062 0.123]	[-0.163  0.054  0.069  0.014 -0.037 -0.002  0.064 -0.001]	0.63	1.11	1.0	1.76	0.08	0.11	0.02	0.13	0.54	0.19	0.2		0.738211022040331	0.2	False	0.22
7	['Pt', 'Pd', 'Au', 'Ru', 'Rh', 'Ir', 'Re', 'Os']	25	[0.41  0.247 0.219 0.009 0.011 0.029 0.001 0.078]	[ 0.164 -0.036 -0.072 -0.025 -0.032  0.039  0.021 -0.058]	0.63	1.11	1.0	1.76	0.08	0.11	0.02	0.13	0.54	0.19	0.2		0.9929225597732103	0.2	False	0.108
0	['Pt', 'Pd', 'Au', 'Ru', 'Rh', 'Ir', 'Re', 'Os']	26	[0.442 0.294 0.228 0.023 0.005 0.002 0.    0.003]	[ 0.077  0.027 -0.022  0.022 -0.006 -0.002 -0.004 -0.093]	0.63	1.11	1.0	1.76	0.08	0.11	0.02	0.13	0.54	0.19	0.2		0.9922137904462043	0.128	False	0.16
1	['Pt', 'Pd', 'Au', 'Ru', 'Rh', 'Ir', 'Re', 'Os']	26	[0.407 0.278 0.245 0.034 0.007 0.009 0.007 0.008]	[ 0.071  0.101 -0.034  0.053 -0.03  -0.038  0.011 -0.135]	0.63	1.11	1.0	1.76	0.08	0.11	0.02	0.13	0.54	0.19	0.2		0.9993290944735447	0.2	False	0.13
2	['Pt', 'Pd', 'Au', 'Ru', 'Rh', 'Ir', 'Re', 'Os']	26	[0.409 0.287 0.191 0.011 0.02  0.026 0.014 0.038]	[ 0.092  0.059 -0.064  0.015 -0.059  0.097 -0.052 -0.089]	0.63	1.11	1.0	1.76	0.08	0.11	0.02	0.13	0.54	0.19	0.2		0.9556477981047757	0.2	False	0.148
3	['Pt', 'Pd', 'Au', 'Ru', 'Rh', 'Ir', 'Re', 'Os']	26	[0.393 0.256 0.236 0.034 0.03  0.007 0.027 0.015]	[-0.009  0.044  0.051  0.033  0.015 -0.033  0.068 -0.169]	0.63	1.11	1.0	1.76	0.08	0.11	0.02	0.13	0.54	0.19	0.2		0.9719671275888946	0.2	False	0.127
4	['Pt', 'Pd', 'Au', 'Ru', 'Rh', 'Ir', 'Re', 'Os']	26	[0.444 0.251 0.278 0.002 0.001 0.01  0.003 0.026]	[ 0.042 -0.029  0.126  0.03  -0.017  0.    -0.012 -0.141]	0.63	1.11	1.0	1.76	0.08	0.11	0.02	0.13	0.54	0.19	0.2		1.019739246422477	0.199	False	0.122
5	['Pt', 'Pd', 'Au', 'Ru', 'Rh', 'Ir', 'Re', 'Os']	26	[0.456 0.224 0.26  0.001 0.007 0.011 0.015 0.009]	[ 0.112 -0.045  0.066  0.002 -0.001  0.032 -0.028 -0.139]	0.63	1.11	1.0	1.76	0.08	0.11	0.02	0.13	0.54	0.19	0.2		0.9759324750333536	0.2	False	0.149
6	['Pt', 'Pd', 'Au', 'Ru', 'Rh', 'Ir', 'Re', 'Os']	26	[0.334 0.289 0.283 0.    0.003 0.    0.009 0.068]	[ 0.178 -0.037 -0.018 -0.018  0.005  0.    -0.055 -0.057]	0.63	1.11	1.0	1.76	0.08	0.11	0.02	0.13	0.54	0.19	0.2		1.0354892713288368	0.2	False	0.056
7	['Pt', 'Pd', 'Au', 'Ru', 'Rh', 'Ir', 'Re', 'Os']	26	[0.346 0.287 0.265 0.017 0.    0.018 0.03  0.038]	[-0.099  0.067  0.076  0.02   0.003  0.054 -0.061 -0.061]	0.63	1.11	1.0	1.76	0.08	0.11	0.02	0.13	0.54	0.19	0.2		0.9966902894796841	0.175	False	0.089
0	['Pt', 'Pd', 'Au', 'Ru', 'Rh', 'Ir', 'Re', 'Os']	27	[0.31  0.323 0.174 0.002 0.017 0.013 0.023 0.135]	[-0.132  0.029 -0.054 -0.021  0.012  0.011  0.023  0.132]	0.63	1.11	1.0	1.76	0.08	0.11	0.02	0.13	0.54	0.19	0.2		0.9316792458280418	0.2	False	0.158
1	['Pt', 'Pd', 'Au', 'Ru', 'Rh', 'Ir', 'Re', 'Os']	27	[0.292 0.257 0.284 0.02  0.007 0.003 0.027 0.102]	[-0.135 -0.023  0.049  0.05  -0.008  0.005 -0.054  0.115]	0.63	1.11	1.0	1.76	0.08	0.11	0.02	0.13	0.54	0.19	0.2		0.987093307040608	0.2	False	0.07
2	['Pt', 'Pd', 'Au', 'Ru', 'Rh', 'Ir', 'Re', 'Os']	27	[0.285 0.291 0.263 0.002 0.022 0.025 0.006 0.1  ]	[-0.141  0.008  0.087 -0.008  0.036 -0.071  0.015  0.075]	0.63	1.11	1.0	1.76	0.08	0.11	0.02	0.13	0.54	0.19	0.2		0.9552692740400932	0.2	False	0.092
3	['Pt', 'Pd', 'Au', 'Ru', 'Rh', 'Ir', 'Re', 'Os']	27	[0.306 0.285 0.269 0.048 0.01  0.002 0.027 0.05 ]	[-0.115  0.046  0.051  0.087  0.01  -0.03  -0.103  0.054]	0.63	1.11	1.0	1.76	0.08	0.11	0.02	0.13	0.54	0.19	0.2		0.9792490604533854	0.2	False	0.099
4	['Pt', 'Pd', 'Au', 'Ru', 'Rh', 'Ir', 'Re', 'Os']	27	[0.282 0.292 0.272 0.002 0.031 0.003 0.013 0.12 ]	[-0.16   0.049  0.001 -0.01   0.027  0.009 -0.02   0.104]	0.63	1.11	1.0	1.76	0.08	0.11	0.02	0.13	0.54	0.19	0.2		0.9748739609722687	0.2	False	0.093
5	['Pt', 'Pd', 'Au', 'Ru', 'Rh', 'Ir', 'Re', 'Os']	27	[0.297 0.296 0.278 0.007 0.008 0.015 0.006 0.078]	[-0.165  0.076  0.02  -0.016 -0.024  0.02   0.017  0.073]	0.63	1.11	1.0	1.76	0.08	0.11	0.02	0.13	0.54	0.19	0.2		0.9862445106411815	0.2	False	0.079
6	['Pt', 'Pd', 'Au', 'Ru', 'Rh', 'Ir', 'Re', 'Os']	27	[0.448 0.208 0.202 0.015 0.013 0.017 0.06  0.021]	[ 0.152 -0.065 -0.065 -0.007 -0.031 -0.032  0.074 -0.027]	0.63	1.11	1.0	1.76	0.08	0.11	0.02	0.13	0.54	0.19	0.2		0.9074590892154821	0.2	False	0.177
7	['Pt', 'Pd', 'Au', 'Ru', 'Rh', 'Ir', 'Re', 'Os']	27	[0.276 0.256 0.265 0.008 0.022 0.016 0.064 0.096]	[-0.096 -0.036  0.012  0.006 -0.067 -0.037  0.115  0.102]	0.63	1.11	1.0	1.76	0.08	0.11	0.02	0.13	0.54	0.19	0.2		0.917705920659436	0.2	False	0.108
0	['Pt', 'Pd', 'Au', 'Ru', 'Rh', 'Ir', 'Re', 'Os']	28	[0.315 0.237 0.343 0.    0.001 0.004 0.005 0.095]	[-0.001 -0.094  0.166 -0.005  0.008  0.009 -0.037 -0.047]	0.63	1.11	1.0	1.76	0.08	0.11	0.02	0.13	0.54	0.19	0.2		1.0139496320079047	0.2	False	0.058
1	['Pt', 'Pd', 'Au', 'Ru', 'Rh', 'Ir', 'Re', 'Os']	28	[0.411 0.208 0.233 0.017 0.001 0.008 0.062 0.052]	[ 0.148 -0.05  -0.052 -0.019 -0.022 -0.038  0.085 -0.051]	0.63	1.11	1.0	1.76	0.08	0.11	0.02	0.13	0.54	0.19	0.2		0.9670272340274153	0.198	False	0.128
2	['Pt', 'Pd', 'Au', 'Ru', 'Rh', 'Ir', 'Re', 'Os']	28	[0.366 0.225 0.197 0.02  0.001 0.079 0.008 0.098]	[ 0.118 -0.071 -0.071 -0.048 -0.005  0.109 -0.044  0.011]	0.63	1.11	1.0	1.76	0.08	0.11	0.02	0.13	0.54	0.19	0.2		0.8976770536751912	0.2	False	0.135
3	['Pt', 'Pd', 'Au', 'Ru', 'Rh', 'Ir', 'Re', 'Os']	28	[0.35  0.23  0.222 0.022 0.025 0.016 0.023 0.111]	[ 0.064 -0.076 -0.065  0.078 -0.081 -0.057  0.049  0.088]	0.63	1.11	1.0	1.76	0.08	0.11	0.02	0.13	0.54	0.19	0.2		0.9741256752889442	0.2	False	0.092
4	['Pt', 'Pd', 'Au', 'Ru', 'Rh', 'Ir', 'Re', 'Os']	28	[0.423 0.225 0.219 0.007 0.048 0.007 0.003 0.084]	[ 0.156 -0.071 -0.056 -0.026  0.07  -0.027 -0.009 -0.037]	0.63	1.11	1.0	1.76	0.08	0.11	0.02	0.13	0.54	0.19	0.2		0.9818585843297081	0.2	False	0.123
5	['Pt', 'Pd', 'Au', 'Ru', 'Rh', 'Ir', 'Re', 'Os']	28	[0.173 0.248 0.311 0.004 0.002 0.051 0.026 0.168]	[-0.128 -0.049  0.035 -0.015 -0.013  0.053  0.022  0.094]	0.63	1.11	1.0	1.76	0.08	0.11	0.02	0.13	0.54	0.19	0.2		0.7444830276551329	0.18	False	0.198
6	['Pt', 'Pd', 'Au', 'Ru', 'Rh', 'Ir', 'Re', 'Os']	28	[0.327 0.277 0.276 0.002 0.001 0.006 0.001 0.092]	[-0.168  0.053  0.059 -0.017 -0.018 -0.005  0.04   0.056]	0.63	1.11	1.0	1.76	0.08	0.11	0.02	0.13	0.54	0.19	0.2		1.0319724666334718	0.2	False	0.044
7	['Pt', 'Pd', 'Au', 'Ru', 'Rh', 'Ir', 'Re', 'Os']	28	[0.37  0.25  0.236 0.028 0.021 0.003 0.006 0.086]	[ 0.144 -0.032 -0.073 -0.082  0.028 -0.008  0.061 -0.039]	0.63	1.11	1.0	1.76	0.08	0.11	0.02	0.13	0.54	0.19	0.2		1.019612015651551	0.2	False	0.077
0	['Pt', 'Pd', 'Au', 'Ru', 'Rh', 'Ir', 'Re', 'Os']	29	[0.426 0.306 0.201 0.    0.001 0.004 0.012 0.051]	[ 0.114  0.071 -0.141 -0.004 -0.002 -0.01   0.014 -0.042]	0.63	1.11	1.0	1.76	0.08	0.11	0.02	0.13	0.54	0.19	0.2		1.0007924817959817	0.2	False	0.146
1	['Pt', 'Pd', 'Au', 'Ru', 'Rh', 'Ir', 'Re', 'Os']	29	[0.346 0.287 0.257 0.001 0.025 0.    0.033 0.041]	[-0.105  0.106  0.025 -0.003 -0.067 -0.033  0.103 -0.026]	0.63	1.11	1.0	1.76	0.08	0.11	0.02	0.13	0.54	0.19	0.2		0.9992009797208798	0.2	False	0.092
2	['Pt', 'Pd', 'Au', 'Ru', 'Rh', 'Ir', 'Re', 'Os']	29	[0.362 0.294 0.224 0.014 0.027 0.016 0.006 0.053]	[-0.027  0.091  0.023  0.015 -0.085  0.112 -0.038 -0.093]	0.63	1.11	1.0	1.76	0.08	0.11	0.02	0.13	0.54	0.19	0.2		0.9887077602630945	0.2	False	0.106
3	['Pt', 'Pd', 'Au', 'Ru', 'Rh', 'Ir', 'Re', 'Os']	29	[0.385 0.24  0.199 0.014 0.056 0.03  0.01  0.067]	[ 0.066  0.008 -0.069 -0.034  0.115  0.047 -0.013 -0.118]	0.63	1.11	1.0	1.76	0.08	0.11	0.02	0.13	0.54	0.19	0.2		0.9314268626763496	0.2	False	0.13
4	['Pt', 'Pd', 'Au', 'Ru', 'Rh', 'Ir', 'Re', 'Os']	29	[0.367 0.274 0.246 0.005 0.061 0.    0.028 0.033]	[-0.069  0.081  0.049 -0.029  0.128 -0.034 -0.064 -0.062]	0.63	1.11	1.0	1.76	0.08	0.11	0.02	0.13	0.54	0.19	0.2		0.9751018008144949	0.2	False	0.113
5	['Pt', 'Pd', 'Au', 'Ru', 'Rh', 'Ir', 'Re', 'Os']	29	[0.345 0.263 0.269 0.003 0.002 0.001 0.004 0.097]	[ 0.171  0.014 -0.043  0.005 -0.001 -0.053 -0.023 -0.072]	0.63	1.11	1.0	1.76	0.08	0.11	0.02	0.13	0.54	0.19	0.2		1.0443108001359258	0.2	False	0.035
6	['Pt', 'Pd', 'Au', 'Ru', 'Rh', 'Ir', 'Re', 'Os']	29	[0.312 0.311 0.271 0.012 0.012 0.003 0.003 0.059]	[-0.016  0.062 -0.     0.016 -0.023  0.011 -0.005 -0.045]	0.63	1.11	1.0	1.76	0.08	0.11	0.02	0.13	0.54	0.19	0.2		1.001922006726611	0.084	False	0.089
7	['Pt', 'Pd', 'Au', 'Ru', 'Rh', 'Ir', 'Re', 'Os']	29	[0.397 0.297 0.153 0.089 0.005 0.024 0.014 0.018]	[ 0.049  0.074 -0.091  0.123 -0.012 -0.056 -0.016 -0.071]	0.63	1.11	1.0	1.76	0.08	0.11	0.02	0.13	0.54	0.19	0.2		0.9061902784284479	0.199	False	0.204
0	['Pt', 'Pd', 'Au', 'Ru', 'Rh', 'Ir', 'Re', 'Os']	30	[0.291 0.253 0.304 0.006 0.    0.005 0.003 0.138]	[-0.139 -0.056  0.102  0.001 -0.003  0.004  0.005  0.086]	0.63	1.11	1.0	1.76	0.08	0.11	0.02	0.13	0.54	0.19	0.2		1.0017251604993498	0.2	False	0.071
1	['Pt', 'Pd', 'Au', 'Ru', 'Rh', 'Ir', 'Re', 'Os']	30	[0.368 0.226 0.303 0.004 0.033 0.005 0.015 0.036]	[ 0.04  -0.083  0.075 -0.042  0.063 -0.042 -0.102  0.09 ]	0.63	1.11	1.0	1.76	0.08	0.11	0.02	0.13	0.54	0.19	0.2		0.9975116914977109	0.2	False	0.08
2	['Pt', 'Pd', 'Au', 'Ru', 'Rh', 'Ir', 'Re', 'Os']	30	[0.283 0.257 0.237 0.008 0.085 0.025 0.002 0.1  ]	[-0.104 -0.044  0.027  0.02   0.123 -0.068 -0.029  0.075]	0.63	1.11	1.0	1.76	0.08	0.11	0.02	0.13	0.54	0.19	0.2		0.8876237005531638	0.2	False	0.128
3	['Pt', 'Pd', 'Au', 'Ru', 'Rh', 'Ir', 'Re', 'Os']	30	[0.362 0.278 0.269 0.066 0.002 0.005 0.001 0.016]	[-0.066  0.042  0.099  0.072  0.04  -0.009 -0.062 -0.115]	0.63	1.11	1.0	1.76	0.08	0.11	0.02	0.13	0.54	0.19	0.2		1.0069475041571234	0.2	False	0.115
4	['Pt', 'Pd', 'Au', 'Ru', 'Rh', 'Ir', 'Re', 'Os']	30	[0.379 0.267 0.172 0.005 0.008 0.022 0.022 0.139]	[ 0.003 -0.022 -0.111 -0.04   0.066 -0.06   0.036  0.128]	0.63	1.11	1.0	1.76	0.08	0.11	0.02	0.13	0.54	0.19	0.2		0.9665002532233813	0.2	False	0.142
5	['Pt', 'Pd', 'Au', 'Ru', 'Rh', 'Ir', 'Re', 'Os']	30	[0.449 0.252 0.197 0.009 0.025 0.049 0.    0.002]	[ 0.141  0.01  -0.059 -0.006 -0.037  0.055 -0.012 -0.092]	0.63	1.11	1.0	1.76	0.08	0.11	0.02	0.13	0.54	0.19	0.2		0.8988755653307958	0.191	False	0.182
6	['Pt', 'Pd', 'Au', 'Ru', 'Rh', 'Ir', 'Re', 'Os']	30	[0.47  0.24  0.25  0.    0.    0.003 0.01  0.012]	[ 0.165 -0.074 -0.022  0.007  0.007 -0.008  0.006 -0.081]	0.63	1.11	1.0	1.76	0.08	0.11	0.02	0.13	0.54	0.19	0.2		0.9862758205938562	0.2	False	0.158
7	['Pt', 'Pd', 'Au', 'Ru', 'Rh', 'Ir', 'Re', 'Os']	30	[0.345 0.269 0.272 0.001 0.01  0.013 0.    0.086]	[-0.1   -0.07   0.117  0.073 -0.048  0.004 -0.029  0.053]	0.63	1.11	1.0	1.76	0.08	0.11	0.02	0.13	0.54	0.19	0.2		1.0296588390676895	0.2	False	0.04
