ID	Elements	Generation	Position	Velocity	F_damp	F_b_best	F_h_best	F_g_best	F_b_worst	F_h_worst	F_g_worst	mut_prob	flip_prob	mut_rate	v_max	v_min	Activity	Velocity_mag	Flag	Distance
0	['Pt', 'Pd', 'Au', 'Ru', 'Rh', 'Ir', 'Re', 'Os']	0	[0.79 0.03 0.03 0.03 0.03 0.03 0.03 0.03]	[-0.187  0.027  0.027  0.027  0.027  0.027  0.027  0.027]	0.63	1.11	1.0	1.76	0.08	0.11	0.02	0.13	0.54	0.19	0.2		0.4429187652207028	0.2	False	0.569
1	['Pt', 'Pd', 'Au', 'Ru', 'Rh', 'Ir', 'Re', 'Os']	0	[0.03 0.79 0.03 0.03 0.03 0.03 0.03 0.03]	[ 0.027 -0.187  0.027  0.027  0.027  0.027  0.027  0.027]	0.63	1.11	1.0	1.76	0.08	0.11	0.02	0.13	0.54	0.19	0.2		0.20560014505118765	0.2	False	0.689
2	['Pt', 'Pd', 'Au', 'Ru', 'Rh', 'Ir', 'Re', 'Os']	0	[0.03 0.03 0.79 0.03 0.03 0.03 0.03 0.03]	[ 0.027  0.027 -0.187  0.027  0.027  0.027  0.027  0.027]	0.63	1.11	1.0	1.76	0.08	0.11	0.02	0.13	0.54	0.19	0.2		0.2149894158498778	0.2	False	0.632
3	['Pt', 'Pd', 'Au', 'Ru', 'Rh', 'Ir', 'Re', 'Os']	0	[0.03 0.03 0.03 0.79 0.03 0.03 0.03 0.03]	[ 0.027  0.027  0.027 -0.187  0.027  0.027  0.027  0.027]	0.63	1.11	1.0	1.76	0.08	0.11	0.02	0.13	0.54	0.19	0.2		0.12265296114671781	0.2	False	0.925
4	['Pt', 'Pd', 'Au', 'Ru', 'Rh', 'Ir', 'Re', 'Os']	0	[0.03 0.03 0.03 0.03 0.79 0.03 0.03 0.03]	[ 0.027  0.027  0.027  0.027 -0.187  0.027  0.027  0.027]	0.63	1.11	1.0	1.76	0.08	0.11	0.02	0.13	0.54	0.19	0.2		0.2961943697576309	0.2	False	0.925
5	['Pt', 'Pd', 'Au', 'Ru', 'Rh', 'Ir', 'Re', 'Os']	0	[0.03 0.03 0.03 0.03 0.03 0.79 0.03 0.03]	[ 0.027  0.027  0.027  0.027  0.027 -0.187  0.027  0.027]	0.63	1.11	1.0	1.76	0.08	0.11	0.02	0.13	0.54	0.19	0.2		0.3414716944973704	0.2	False	0.925
6	['Pt', 'Pd', 'Au', 'Ru', 'Rh', 'Ir', 'Re', 'Os']	0	[0.03 0.03 0.03 0.03 0.03 0.03 0.79 0.03]	[ 0.027  0.027  0.027  0.027  0.027  0.027 -0.187  0.027]	0.63	1.11	1.0	1.76	0.08	0.11	0.02	0.13	0.54	0.19	0.2		0.3145140039050876	0.2	False	0.925
7	['Pt', 'Pd', 'Au', 'Ru', 'Rh', 'Ir', 'Re', 'Os']	0	[0.03 0.03 0.03 0.03 0.03 0.03 0.03 0.79]	[ 0.027  0.027  0.027  0.027  0.027  0.027  0.027 -0.187]	0.63	1.11	1.0	1.76	0.08	0.11	0.02	0.13	0.54	0.19	0.2		0.32838217395326336	0.2	False	0.839
0	['Pt', 'Pd', 'Au', 'Ru', 'Rh', 'Ir', 'Re', 'Os']	1	[0.756 0.032 0.032 0.052 0.032 0.032 0.032 0.032]	[-0.051 -0.005 -0.005  0.078 -0.005 -0.005 -0.005 -0.005]	0.63	1.11	1.0	1.76	0.08	0.11	0.02	0.13	0.54	0.19	0.2		0.45726284806769973	0.094	False	0.543
1	['Pt', 'Pd', 'Au', 'Ru', 'Rh', 'Ir', 'Re', 'Os']	1	[0.172 0.649 0.032 0.025 0.031 0.031 0.029 0.031]	[ 0.142 -0.141  0.002 -0.005  0.001  0.001 -0.001  0.001]	0.63	1.11	1.0	1.76	0.08	0.11	0.02	0.13	0.54	0.19	0.2		0.3669017911934942	0.2	False	0.52
2	['Pt', 'Pd', 'Au', 'Ru', 'Rh', 'Ir', 'Re', 'Os']	1	[0.171 0.031 0.649 0.025 0.031 0.031 0.031 0.031]	[ 0.141  0.001 -0.141 -0.005  0.001  0.001  0.001  0.001]	0.63	1.11	1.0	1.76	0.08	0.11	0.02	0.13	0.54	0.19	0.2		0.3539340808599202	0.199	False	0.458
3	['Pt', 'Pd', 'Au', 'Ru', 'Rh', 'Ir', 'Re', 'Os']	1	[0.1   0.042 0.042 0.646 0.042 0.042 0.042 0.042]	[ 0.11   0.009  0.009 -0.166  0.009  0.009  0.009  0.009]	0.63	1.11	1.0	1.76	0.08	0.11	0.02	0.13	0.54	0.19	0.2		0.13615471753335426	0.201	False	0.773
4	['Pt', 'Pd', 'Au', 'Ru', 'Rh', 'Ir', 'Re', 'Os']	1	[0.172 0.029 0.031 0.025 0.649 0.031 0.031 0.031]	[ 0.142 -0.001  0.001 -0.005 -0.141  0.001  0.001  0.001]	0.63	1.11	1.0	1.76	0.08	0.11	0.02	0.13	0.54	0.19	0.2		0.30066824584821317	0.2	False	0.762
5	['Pt', 'Pd', 'Au', 'Ru', 'Rh', 'Ir', 'Re', 'Os']	1	[0.172 0.031 0.029 0.025 0.031 0.649 0.031 0.031]	[ 0.142  0.001 -0.001 -0.005  0.001 -0.141  0.001  0.001]	0.63	1.11	1.0	1.76	0.08	0.11	0.02	0.13	0.54	0.19	0.2		0.32700349931726147	0.2	False	0.763
6	['Pt', 'Pd', 'Au', 'Ru', 'Rh', 'Ir', 'Re', 'Os']	1	[0.172 0.03  0.03  0.025 0.032 0.032 0.649 0.03 ]	[ 0.142 -0.    -0.    -0.005  0.002  0.002 -0.141 -0.   ]	0.63	1.11	1.0	1.76	0.08	0.11	0.02	0.13	0.54	0.19	0.2		0.30679961152695273	0.2	False	0.763
7	['Pt', 'Pd', 'Au', 'Ru', 'Rh', 'Ir', 'Re', 'Os']	1	[0.172 0.031 0.031 0.025 0.029 0.031 0.031 0.649]	[ 0.142  0.001  0.001 -0.005 -0.001  0.001  0.001 -0.141]	0.63	1.11	1.0	1.76	0.08	0.11	0.02	0.13	0.54	0.19	0.2		0.3692064985214107	0.2	False	0.676
0	['Pt', 'Pd', 'Au', 'Ru', 'Rh', 'Ir', 'Re', 'Os']	2	[0.808 0.028 0.028 0.023 0.028 0.028 0.028 0.028]	[ 0.052 -0.004 -0.004 -0.029 -0.004 -0.004 -0.004 -0.004]	0.63	1.11	1.0	1.76	0.08	0.11	0.02	0.13	0.54	0.19	0.2		0.4346955658477119	0.06	False	0.584
1	['Pt', 'Pd', 'Au', 'Ru', 'Rh', 'Ir', 'Re', 'Os']	2	[0.313 0.508 0.032 0.024 0.031 0.031 0.03  0.031]	[ 0.141 -0.141  0.    -0.001 -0.     0.     0.001  0.   ]	0.63	1.11	1.0	1.76	0.08	0.11	0.02	0.13	0.54	0.19	0.2		0.6195462075318412	0.199	False	0.385
2	['Pt', 'Pd', 'Au', 'Ru', 'Rh', 'Ir', 'Re', 'Os']	2	[0.312 0.031 0.508 0.024 0.031 0.031 0.031 0.031]	[ 0.141  0.    -0.141 -0.001  0.     0.     0.     0.   ]	0.63	1.11	1.0	1.76	0.08	0.11	0.02	0.13	0.54	0.19	0.2		0.6011475044420391	0.199	False	0.318
3	['Pt', 'Pd', 'Au', 'Ru', 'Rh', 'Ir', 'Re', 'Os']	2	[0.251 0.038 0.038 0.515 0.038 0.038 0.038 0.041]	[ 0.151 -0.004 -0.004 -0.131 -0.004 -0.004 -0.004 -0.001]	0.63	1.11	1.0	1.76	0.08	0.11	0.02	0.13	0.54	0.19	0.2		0.26944111598464887	0.2	False	0.63
4	['Pt', 'Pd', 'Au', 'Ru', 'Rh', 'Ir', 'Re', 'Os']	2	[0.313 0.029 0.031 0.024 0.508 0.031 0.031 0.031]	[ 0.141  0.     0.    -0.001 -0.141  0.     0.     0.   ]	0.63	1.11	1.0	1.76	0.08	0.11	0.02	0.13	0.54	0.19	0.2		0.32235449032558205	0.199	False	0.623
5	['Pt', 'Pd', 'Au', 'Ru', 'Rh', 'Ir', 'Re', 'Os']	2	[0.313 0.031 0.03  0.024 0.031 0.507 0.031 0.031]	[ 0.141  0.     0.001 -0.001  0.    -0.142  0.     0.   ]	0.63	1.11	1.0	1.76	0.08	0.11	0.02	0.13	0.54	0.19	0.2		0.3152387155059949	0.2	False	0.622
6	['Pt', 'Pd', 'Au', 'Ru', 'Rh', 'Ir', 'Re', 'Os']	2	[0.313 0.03  0.03  0.024 0.032 0.032 0.507 0.03 ]	[ 0.141  0.     0.    -0.001 -0.    -0.    -0.142  0.   ]	0.63	1.11	1.0	1.76	0.08	0.11	0.02	0.13	0.54	0.19	0.2		0.329987663313497	0.2	False	0.622
7	['Pt', 'Pd', 'Au', 'Ru', 'Rh', 'Ir', 'Re', 'Os']	2	[0.313 0.031 0.031 0.024 0.029 0.031 0.031 0.508]	[ 0.141  0.     0.    -0.001  0.     0.     0.    -0.141]	0.63	1.11	1.0	1.76	0.08	0.11	0.02	0.13	0.54	0.19	0.2		0.45396308663370977	0.199	False	0.54
0	['Pt', 'Pd', 'Au', 'Ru', 'Rh', 'Ir', 'Re', 'Os']	3	[0.664 0.167 0.03  0.018 0.03  0.03  0.03  0.03 ]	[-0.144  0.139  0.002 -0.005  0.002  0.002  0.002  0.002]	0.63	1.11	1.0	1.76	0.08	0.11	0.02	0.13	0.54	0.19	0.2		0.5791848220848617	0.2	False	0.432
1	['Pt', 'Pd', 'Au', 'Ru', 'Rh', 'Ir', 'Re', 'Os']	3	[0.422 0.437 0.012 0.087 0.011 0.011 0.01  0.011]	[ 0.109 -0.071 -0.02   0.063 -0.02  -0.02  -0.02  -0.02 ]	0.63	1.11	1.0	1.76	0.08	0.11	0.02	0.13	0.54	0.19	0.2		0.7131424776932231	0.151	False	0.373
2	['Pt', 'Pd', 'Au', 'Ru', 'Rh', 'Ir', 'Re', 'Os']	3	[0.325 0.169 0.364 0.017 0.031 0.031 0.031 0.031]	[ 0.013  0.138 -0.144 -0.007 -0.    -0.    -0.    -0.   ]	0.63	1.11	1.0	1.76	0.08	0.11	0.02	0.13	0.54	0.19	0.2		0.8749518670708885	0.2	False	0.139
3	['Pt', 'Pd', 'Au', 'Ru', 'Rh', 'Ir', 'Re', 'Os']	3	[0.28  0.169 0.036 0.367 0.036 0.036 0.035 0.038]	[ 0.029  0.131 -0.002 -0.148 -0.002 -0.002 -0.003 -0.003]	0.63	1.11	1.0	1.76	0.08	0.11	0.02	0.13	0.54	0.19	0.2		0.4817794066120686	0.2	False	0.473
4	['Pt', 'Pd', 'Au', 'Ru', 'Rh', 'Ir', 'Re', 'Os']	3	[0.326 0.168 0.031 0.017 0.365 0.031 0.031 0.031]	[ 0.013  0.139  0.    -0.007 -0.143 -0.    -0.    -0.   ]	0.63	1.11	1.0	1.76	0.08	0.11	0.02	0.13	0.54	0.19	0.2		0.4267323761717844	0.2	False	0.469
5	['Pt', 'Pd', 'Au', 'Ru', 'Rh', 'Ir', 'Re', 'Os']	3	[0.288 0.187 0.03  0.016 0.031 0.385 0.03  0.031]	[-0.025  0.156  0.    -0.008  0.    -0.122 -0.001 -0.   ]	0.63	1.11	1.0	1.76	0.08	0.11	0.02	0.13	0.54	0.19	0.2		0.33958224185097474	0.2	False	0.486
6	['Pt', 'Pd', 'Au', 'Ru', 'Rh', 'Ir', 'Re', 'Os']	3	[0.323 0.169 0.031 0.017 0.032 0.032 0.364 0.03 ]	[ 0.01   0.139  0.001 -0.007 -0.    -0.    -0.143  0.   ]	0.63	1.11	1.0	1.76	0.08	0.11	0.02	0.13	0.54	0.19	0.2		0.43431793967679966	0.2	False	0.468
7	['Pt', 'Pd', 'Au', 'Ru', 'Rh', 'Ir', 'Re', 'Os']	3	[0.32  0.077 0.054 0.037 0.052 0.054 0.053 0.351]	[ 0.002  0.088  0.019  0.009  0.019  0.019  0.018 -0.175]	0.63	1.11	1.0	1.76	0.08	0.11	0.02	0.13	0.54	0.19	0.2		0.5489641559419981	0.2	False	0.405
0	['Pt', 'Pd', 'Au', 'Ru', 'Rh', 'Ir', 'Re', 'Os']	4	[0.519 0.183 0.166 0.015 0.031 0.025 0.031 0.031]	[-0.145  0.016  0.136 -0.003  0.001 -0.005  0.001  0.001]	0.63	1.11	1.0	1.76	0.08	0.11	0.02	0.13	0.54	0.19	0.2		0.8294370420186027	0.2	False	0.242
1	['Pt', 'Pd', 'Au', 'Ru', 'Rh', 'Ir', 'Re', 'Os']	4	[0.34  0.525 0.116 0.003 0.003 0.003 0.002 0.012]	[-0.099  0.091  0.109 -0.101 -0.006  0.002 -0.006  0.01 ]	0.63	1.11	1.0	1.76	0.08	0.11	0.02	0.13	0.54	0.19	0.2		0.7202235671379498	0.2	False	0.343
2	['Pt', 'Pd', 'Au', 'Ru', 'Rh', 'Ir', 'Re', 'Os']	4	[0.364 0.265 0.28  0.002 0.028 0.007 0.028 0.028]	[ 0.028  0.088 -0.101  0.006 -0.016  0.025 -0.016 -0.016]	0.63	1.11	1.0	1.76	0.08	0.11	0.02	0.13	0.54	0.19	0.2		0.9995353851479656	0.142	False	0.087
3	['Pt', 'Pd', 'Au', 'Ru', 'Rh', 'Ir', 'Re', 'Os']	4	[0.304 0.182 0.164 0.216 0.034 0.028 0.033 0.035]	[ 0.024  0.013  0.128 -0.151 -0.002 -0.008 -0.002 -0.003]	0.63	1.11	1.0	1.76	0.08	0.11	0.02	0.13	0.54	0.19	0.2		0.702600713931057	0.2	False	0.281
4	['Pt', 'Pd', 'Au', 'Ru', 'Rh', 'Ir', 'Re', 'Os']	4	[0.332 0.183 0.166 0.014 0.218 0.025 0.031 0.031]	[ 0.006  0.015  0.135 -0.003 -0.147 -0.006  0.    -0.   ]	0.63	1.11	1.0	1.76	0.08	0.11	0.02	0.13	0.54	0.19	0.2		0.6513984318784093	0.2	False	0.277
5	['Pt', 'Pd', 'Au', 'Ru', 'Rh', 'Ir', 'Re', 'Os']	4	[0.253 0.167 0.194 0.015 0.031 0.277 0.03  0.031]	[-0.035 -0.02   0.164 -0.001 -0.    -0.108  0.    -0.   ]	0.63	1.11	1.0	1.76	0.08	0.11	0.02	0.13	0.54	0.19	0.2		0.41667491606877705	0.2	False	0.333
6	['Pt', 'Pd', 'Au', 'Ru', 'Rh', 'Ir', 'Re', 'Os']	4	[0.319 0.187 0.167 0.015 0.032 0.027 0.219 0.031]	[-0.004  0.018  0.136 -0.002  0.    -0.005 -0.145  0.001]	0.63	1.11	1.0	1.76	0.08	0.11	0.02	0.13	0.54	0.19	0.2		0.6624175958994967	0.2	False	0.278
7	['Pt', 'Pd', 'Au', 'Ru', 'Rh', 'Ir', 'Re', 'Os']	4	[0.327 0.121 0.182 0.028 0.046 0.041 0.046 0.206]	[ 0.007  0.044  0.128 -0.009 -0.006 -0.013 -0.007 -0.145]	0.63	1.11	1.0	1.76	0.08	0.11	0.02	0.13	0.54	0.19	0.2		0.7647710553720839	0.199	False	0.221
0	['Pt', 'Pd', 'Au', 'Ru', 'Rh', 'Ir', 'Re', 'Os']	5	[0.376 0.257 0.282 0.001 0.028 0.002 0.028 0.028]	[-0.147  0.07   0.112  0.012 -0.007 -0.027 -0.007 -0.007]	0.63	1.11	1.0	1.76	0.08	0.11	0.02	0.13	0.54	0.19	0.2		1.0075679812610765	0.2	False	0.088
1	['Pt', 'Pd', 'Au', 'Ru', 'Rh', 'Ir', 'Re', 'Os']	5	[0.345 0.367 0.236 0.016 0.011 0.003 0.011 0.017]	[ 0.005 -0.159  0.12   0.014  0.008 -0.001  0.009  0.005]	0.63	1.11	1.0	1.76	0.08	0.11	0.02	0.13	0.54	0.19	0.2		0.9658456887001747	0.2	False	0.159
2	['Pt', 'Pd', 'Au', 'Ru', 'Rh', 'Ir', 'Re', 'Os']	5	[0.362 0.292 0.314 0.007 0.008 0.002 0.008 0.008]	[-0.019  0.076  0.098 -0.022 -0.038 -0.019 -0.038 -0.038]	0.63	1.11	1.0	1.76	0.08	0.11	0.02	0.13	0.54	0.19	0.2		1.0183825121225267	0.145	False	0.104
3	['Pt', 'Pd', 'Au', 'Ru', 'Rh', 'Ir', 'Re', 'Os']	5	[0.349 0.236 0.253 0.053 0.036 0.005 0.027 0.037]	[ 0.045  0.054  0.089 -0.163  0.002 -0.023 -0.006  0.002]	0.63	1.11	1.0	1.76	0.08	0.11	0.02	0.13	0.54	0.19	0.2		0.961013963975325	0.2	False	0.106
4	['Pt', 'Pd', 'Au', 'Ru', 'Rh', 'Ir', 'Re', 'Os']	5	[0.38  0.14  0.285 0.016 0.072 0.019 0.044 0.044]	[ 0.048 -0.043  0.119  0.002 -0.146 -0.006  0.013  0.013]	0.63	1.11	1.0	1.76	0.08	0.11	0.02	0.13	0.54	0.19	0.2		0.856947257495613	0.2	False	0.155
5	['Pt', 'Pd', 'Au', 'Ru', 'Rh', 'Ir', 'Re', 'Os']	5	[0.31  0.222 0.266 0.004 0.029 0.109 0.029 0.029]	[ 0.057  0.055  0.072 -0.011 -0.002 -0.168 -0.001 -0.002]	0.63	1.11	1.0	1.76	0.08	0.11	0.02	0.13	0.54	0.19	0.2		0.7899100237329936	0.2	False	0.149
6	['Pt', 'Pd', 'Au', 'Ru', 'Rh', 'Ir', 'Re', 'Os']	5	[0.264 0.161 0.189 0.032 0.005 0.02  0.326 0.001]	[-0.106 -0.06   0.016  0.029  0.007 -0.033  0.151 -0.003]	0.63	1.11	1.0	1.76	0.08	0.11	0.02	0.13	0.54	0.19	0.2		0.5199713044587045	0.2	False	0.381
7	['Pt', 'Pd', 'Au', 'Ru', 'Rh', 'Ir', 'Re', 'Os']	5	[0.296 0.231 0.263 0.014 0.067 0.018 0.041 0.068]	[-0.031  0.11   0.081 -0.014  0.021 -0.023 -0.005 -0.138]	0.63	1.11	1.0	1.76	0.08	0.11	0.02	0.13	0.54	0.19	0.2		0.8939397798067252	0.2	False	0.111
0	['Pt', 'Pd', 'Au', 'Ru', 'Rh', 'Ir', 'Re', 'Os']	6	[0.259 0.338 0.376 0.006 0.001 0.007 0.012 0.   ]	[-0.144  0.083  0.098 -0.038  0.    -0.024  0.026 -0.001]	0.63	1.11	1.0	1.76	0.08	0.11	0.02	0.13	0.54	0.19	0.2		0.892097872686562	0.2	False	0.179
1	['Pt', 'Pd', 'Au', 'Ru', 'Rh', 'Ir', 'Re', 'Os']	6	[0.383 0.229 0.373 0.    0.008 0.002 0.005 0.006]	[ 0.036 -0.14   0.135 -0.018 -0.005 -0.007  0.013 -0.013]	0.63	1.11	1.0	1.76	0.08	0.11	0.02	0.13	0.54	0.19	0.2		0.9994208176859201	0.2	False	0.126
2	['Pt', 'Pd', 'Au', 'Ru', 'Rh', 'Ir', 'Re', 'Os']	6	[0.34  0.326 0.303 0.008 0.003 0.008 0.013 0.002]	[-0.019  0.101  0.005 -0.017 -0.034 -0.053  0.041 -0.025]	0.63	1.11	1.0	1.76	0.08	0.11	0.02	0.13	0.54	0.19	0.2		0.9905774704411516	0.13	False	0.126
3	['Pt', 'Pd', 'Au', 'Ru', 'Rh', 'Ir', 'Re', 'Os']	6	[0.284 0.305 0.337 0.048 0.006 0.003 0.008 0.006]	[-0.067  0.08   0.096  0.095 -0.054 -0.033 -0.062 -0.055]	0.63	1.11	1.0	1.76	0.08	0.11	0.02	0.13	0.54	0.19	0.2		0.9401462650019525	0.2	False	0.141
4	['Pt', 'Pd', 'Au', 'Ru', 'Rh', 'Ir', 'Re', 'Os']	6	[0.353 0.244 0.316 0.005 0.033 0.004 0.005 0.039]	[-0.083  0.124  0.008 -0.051  0.103 -0.045 -0.007 -0.048]	0.63	1.11	1.0	1.76	0.08	0.11	0.02	0.13	0.54	0.19	0.2		1.0075763440060963	0.2	False	0.072
5	['Pt', 'Pd', 'Au', 'Ru', 'Rh', 'Ir', 'Re', 'Os']	6	[0.355 0.289 0.318 0.003 0.002 0.027 0.003 0.002]	[ 0.025  0.054  0.034 -0.052 -0.087  0.132 -0.019 -0.087]	0.63	1.11	1.0	1.76	0.08	0.11	0.02	0.13	0.54	0.19	0.2		0.9877590522603767	0.2	False	0.111
6	['Pt', 'Pd', 'Au', 'Ru', 'Rh', 'Ir', 'Re', 'Os']	6	[0.315 0.228 0.252 0.016 0.012 0.008 0.157 0.01 ]	[ 0.051  0.067  0.063 -0.016  0.007 -0.012 -0.169  0.009]	0.63	1.11	1.0	1.76	0.08	0.11	0.02	0.13	0.54	0.19	0.2		0.8296762205194363	0.2	False	0.193
7	['Pt', 'Pd', 'Au', 'Ru', 'Rh', 'Ir', 'Re', 'Os']	6	[0.34  0.303 0.319 0.003 0.003 0.001 0.001 0.027]	[ 0.031  0.069  0.047 -0.044 -0.147 -0.037 -0.005  0.085]	0.63	1.11	1.0	1.76	0.08	0.11	0.02	0.13	0.54	0.19	0.2		1.0240297714796565	0.2	False	0.093
0	['Pt', 'Pd', 'Au', 'Ru', 'Rh', 'Ir', 'Re', 'Os']	7	[0.383 0.262 0.261 0.022 0.005 0.006 0.011 0.049]	[ 0.129 -0.076 -0.116  0.021  0.006  0.01  -0.025  0.052]	0.63	1.11	1.0	1.76	0.08	0.11	0.02	0.13	0.54	0.19	0.2		1.030996996214821	0.199	False	0.078
1	['Pt', 'Pd', 'Au', 'Ru', 'Rh', 'Ir', 'Re', 'Os']	7	[0.321 0.304 0.35  0.006 0.003 0.001 0.002 0.018]	[-0.057  0.088 -0.016 -0.004 -0.019 -0.01  -0.005  0.024]	0.63	1.11	1.0	1.76	0.08	0.11	0.02	0.13	0.54	0.19	0.2		0.9996091309695929	0.111	False	0.114
2	['Pt', 'Pd', 'Au', 'Ru', 'Rh', 'Ir', 'Re', 'Os']	7	[0.341 0.282 0.289 0.034 0.007 0.029 0.009 0.013]	[-0.002 -0.089 -0.031  0.048 -0.002  0.037  0.021  0.017]	0.63	1.11	1.0	1.76	0.08	0.11	0.02	0.13	0.54	0.19	0.2		0.9724285095685201	0.116	False	0.105
3	['Pt', 'Pd', 'Au', 'Ru', 'Rh', 'Ir', 'Re', 'Os']	7	[0.402 0.268 0.265 0.025 0.025 0.    0.005 0.008]	[ 0.145 -0.05  -0.094  0.071 -0.043 -0.028  0.    -0.001]	0.63	1.11	1.0	1.76	0.08	0.11	0.02	0.13	0.54	0.19	0.2		1.0069698151589659	0.2	False	0.118
4	['Pt', 'Pd', 'Au', 'Ru', 'Rh', 'Ir', 'Re', 'Os']	7	[0.264 0.368 0.295 0.018 0.032 0.003 0.001 0.018]	[-0.119  0.157 -0.031  0.008 -0.005 -0.008 -0.012  0.01 ]	0.63	1.11	1.0	1.76	0.08	0.11	0.02	0.13	0.54	0.19	0.2		0.8950756054750768	0.2	False	0.172
5	['Pt', 'Pd', 'Au', 'Ru', 'Rh', 'Ir', 'Re', 'Os']	7	[0.275 0.328 0.311 0.009 0.032 0.009 0.006 0.027]	[-0.096  0.083  0.014  0.002  0.046 -0.003  0.017 -0.063]	0.63	1.11	1.0	1.76	0.08	0.11	0.02	0.13	0.54	0.19	0.2		0.928144558145255	0.15	False	0.136
6	['Pt', 'Pd', 'Au', 'Ru', 'Rh', 'Ir', 'Re', 'Os']	7	[0.346 0.303 0.32  0.    0.002 0.001 0.006 0.022]	[-0.019  0.041  0.032 -0.04  -0.074 -0.053  0.158 -0.044]	0.63	1.11	1.0	1.76	0.08	0.11	0.02	0.13	0.54	0.19	0.2		1.0238600749345956	0.2	False	0.097
7	['Pt', 'Pd', 'Au', 'Ru', 'Rh', 'Ir', 'Re', 'Os']	7	[0.313 0.302 0.305 0.017 0.039 0.002 0.004 0.014]	[ 0.009  0.057  0.033 -0.002  0.089 -0.039 -0.047 -0.1  ]	0.63	1.11	1.0	1.76	0.08	0.11	0.02	0.13	0.54	0.19	0.2		0.9683444308454152	0.162	False	0.115
0	['Pt', 'Pd', 'Au', 'Ru', 'Rh', 'Ir', 'Re', 'Os']	8	[0.448 0.223 0.205 0.018 0.004 0.008 0.006 0.084]	[ 0.063 -0.041 -0.059 -0.006 -0.003 -0.     0.013  0.033]	0.63	1.11	1.0	1.76	0.08	0.11	0.02	0.13	0.54	0.19	0.2		0.988004988453991	0.102	False	0.142
1	['Pt', 'Pd', 'Au', 'Ru', 'Rh', 'Ir', 'Re', 'Os']	8	[0.429 0.24  0.212 0.02  0.003 0.001 0.014 0.087]	[ 0.108 -0.065 -0.139  0.014  0.005 -0.003  0.012  0.069]	0.63	1.11	1.0	1.76	0.08	0.11	0.02	0.13	0.54	0.19	0.2		1.0133582611760177	0.2	False	0.122
2	['Pt', 'Pd', 'Au', 'Ru', 'Rh', 'Ir', 'Re', 'Os']	8	[0.476 0.215 0.206 0.    0.001 0.016 0.003 0.09 ]	[ 0.132 -0.073 -0.089 -0.043 -0.015  0.036 -0.02   0.073]	0.63	1.11	1.0	1.76	0.08	0.11	0.02	0.13	0.54	0.19	0.2		0.9674400917356143	0.2	False	0.162
3	['Pt', 'Pd', 'Au', 'Ru', 'Rh', 'Ir', 'Re', 'Os']	8	[0.467 0.202 0.185 0.002 0.045 0.013 0.    0.084]	[ 0.073 -0.079 -0.095  0.009  0.059 -0.031 -0.022  0.085]	0.63	1.11	1.0	1.76	0.08	0.11	0.02	0.13	0.54	0.19	0.2		0.9228090044268549	0.181	False	0.178
4	['Pt', 'Pd', 'Au', 'Ru', 'Rh', 'Ir', 'Re', 'Os']	8	[0.403 0.246 0.264 0.006 0.02  0.003 0.003 0.055]	[ 0.135 -0.131 -0.038 -0.019  0.04  -0.014 -0.005  0.031]	0.63	1.11	1.0	1.76	0.08	0.11	0.02	0.13	0.54	0.19	0.2		1.0303492608187206	0.2	False	0.081
5	['Pt', 'Pd', 'Au', 'Ru', 'Rh', 'Ir', 'Re', 'Os']	8	[0.442 0.245 0.258 0.01  0.008 0.004 0.01  0.018]	[ 0.161 -0.094 -0.064 -0.009  0.028  0.002 -0.005 -0.019]	0.63	1.11	1.0	1.76	0.08	0.11	0.02	0.13	0.54	0.19	0.2		1.004307206728527	0.2	False	0.131
6	['Pt', 'Pd', 'Au', 'Ru', 'Rh', 'Ir', 'Re', 'Os']	8	[0.471 0.232 0.208 0.007 0.023 0.002 0.056 0.003]	[ 0.127 -0.078 -0.121  0.003  0.013 -0.009  0.048  0.018]	0.63	1.11	1.0	1.76	0.08	0.11	0.02	0.13	0.54	0.19	0.2		0.9184580702874983	0.2	False	0.191
7	['Pt', 'Pd', 'Au', 'Ru', 'Rh', 'Ir', 'Re', 'Os']	8	[0.481 0.249 0.249 0.005 0.004 0.001 0.003 0.003]	[ 0.17  -0.06  -0.063 -0.036  0.036 -0.007 -0.008 -0.032]	0.63	1.11	1.0	1.76	0.08	0.11	0.02	0.13	0.54	0.19	0.2		0.9793667647661652	0.2	False	0.171
0	['Pt', 'Pd', 'Au', 'Ru', 'Rh', 'Ir', 'Re', 'Os']	9	[0.319 0.298 0.323 0.006 0.011 0.    0.012 0.027]	[-0.129  0.075  0.118 -0.012  0.007 -0.008  0.006 -0.057]	0.63	1.11	1.0	1.76	0.08	0.11	0.02	0.13	0.54	0.19	0.2		1.0016299641093338	0.199	False	0.097
1	['Pt', 'Pd', 'Au', 'Ru', 'Rh', 'Ir', 'Re', 'Os']	9	[0.428 0.207 0.284 0.006 0.022 0.009 0.001 0.049]	[-0.001 -0.033  0.072 -0.014  0.019  0.008 -0.013 -0.038]	0.63	1.11	1.0	1.76	0.08	0.11	0.02	0.13	0.54	0.19	0.2		1.0048416685777102	0.092	False	0.107
2	['Pt', 'Pd', 'Au', 'Ru', 'Rh', 'Ir', 'Re', 'Os']	9	[0.347 0.306 0.301 0.002 0.01  0.027 0.001 0.014]	[-0.129  0.091  0.095  0.002  0.009  0.011 -0.002 -0.076]	0.63	1.11	1.0	1.76	0.08	0.11	0.02	0.13	0.54	0.19	0.2		0.9878037178344816	0.2	False	0.107
3	['Pt', 'Pd', 'Au', 'Ru', 'Rh', 'Ir', 'Re', 'Os']	9	[0.355 0.282 0.3   0.008 0.004 0.032 0.001 0.016]	[-0.125  0.072  0.108 -0.003  0.031  0.009 -0.011 -0.08 ]	0.63	1.11	1.0	1.76	0.08	0.11	0.02	0.13	0.54	0.19	0.2		0.9894976310428318	0.2	False	0.096
4	['Pt', 'Pd', 'Au', 'Ru', 'Rh', 'Ir', 'Re', 'Os']	9	[0.463 0.195 0.245 0.003 0.035 0.005 0.002 0.053]	[ 0.07  -0.054 -0.018 -0.021  0.051 -0.013 -0.016  0.001]	0.63	1.11	1.0	1.76	0.08	0.11	0.02	0.13	0.54	0.19	0.2		0.9658901362890104	0.108	False	0.149
5	['Pt', 'Pd', 'Au', 'Ru', 'Rh', 'Ir', 'Re', 'Os']	9	[0.4   0.223 0.241 0.007 0.012 0.029 0.001 0.082]	[-0.045 -0.023 -0.017 -0.022  0.006  0.026  0.003  0.071]	0.63	1.11	1.0	1.76	0.08	0.11	0.02	0.13	0.54	0.19	0.2		0.994559547107216	0.096	False	0.09
6	['Pt', 'Pd', 'Au', 'Ru', 'Rh', 'Ir', 'Re', 'Os']	9	[0.341 0.269 0.289 0.004 0.006 0.004 0.029 0.061]	[-0.144  0.033  0.079 -0.022 -0.049 -0.024  0.073  0.055]	0.63	1.11	1.0	1.76	0.08	0.11	0.02	0.13	0.54	0.19	0.2		1.0240602007051618	0.2	False	0.055
7	['Pt', 'Pd', 'Au', 'Ru', 'Rh', 'Ir', 'Re', 'Os']	9	[0.319 0.312 0.196 0.014 0.046 0.021 0.019 0.069]	[-0.162  0.063 -0.053  0.009  0.042  0.02   0.016  0.066]	0.63	1.11	1.0	1.76	0.08	0.11	0.02	0.13	0.54	0.19	0.2		0.9222426464905229	0.2	False	0.14
0	['Pt', 'Pd', 'Au', 'Ru', 'Rh', 'Ir', 'Re', 'Os']	10	[0.405 0.233 0.224 0.019 0.008 0.008 0.022 0.078]	[ 0.085 -0.068 -0.102  0.011  0.014  0.003  0.008  0.049]	0.63	1.11	1.0	1.76	0.08	0.11	0.02	0.13	0.54	0.19	0.2		1.005451612479268	0.158	False	0.103
1	['Pt', 'Pd', 'Au', 'Ru', 'Rh', 'Ir', 'Re', 'Os']	10	[0.292 0.307 0.228 0.001 0.069 0.023 0.027 0.058]	[-0.138  0.1   -0.057 -0.008  0.046  0.024  0.025  0.008]	0.63	1.11	1.0	1.76	0.08	0.11	0.02	0.13	0.54	0.19	0.2		0.8920693436880467	0.189	False	0.14
2	['Pt', 'Pd', 'Au', 'Ru', 'Rh', 'Ir', 'Re', 'Os']	10	[0.339 0.325 0.238 0.003 0.003 0.057 0.016 0.028]	[-0.016  0.019 -0.088 -0.016 -0.006  0.081  0.014  0.013]	0.63	1.11	1.0	1.76	0.08	0.11	0.02	0.13	0.54	0.19	0.2		0.9272488875215499	0.125	False	0.135
3	['Pt', 'Pd', 'Au', 'Ru', 'Rh', 'Ir', 'Re', 'Os']	10	[0.369 0.255 0.257 0.014 0.012 0.061 0.008 0.022]	[ 0.012 -0.05  -0.075  0.009  0.003  0.101  0.001 -0.   ]	0.63	1.11	1.0	1.76	0.08	0.11	0.02	0.13	0.54	0.19	0.2		0.9351159360420038	0.136	False	0.112
4	['Pt', 'Pd', 'Au', 'Ru', 'Rh', 'Ir', 'Re', 'Os']	10	[0.322 0.302 0.291 0.003 0.032 0.006 0.003 0.041]	[-0.152  0.106  0.043 -0.018  0.054 -0.012 -0.004 -0.018]	0.63	1.11	1.0	1.76	0.08	0.11	0.02	0.13	0.54	0.19	0.2		0.9949191809072737	0.2	False	0.09
5	['Pt', 'Pd', 'Au', 'Ru', 'Rh', 'Ir', 'Re', 'Os']	10	[0.323 0.294 0.299 0.011 0.002 0.048 0.006 0.012]	[-0.076  0.086  0.072 -0.039 -0.009  0.072  0.014 -0.122]	0.63	1.11	1.0	1.76	0.08	0.11	0.02	0.13	0.54	0.19	0.2		0.9425748401341196	0.201	False	0.113
6	['Pt', 'Pd', 'Au', 'Ru', 'Rh', 'Ir', 'Re', 'Os']	10	[0.327 0.278 0.305 0.005 0.023 0.003 0.004 0.058]	[-0.032  0.013  0.027 -0.04   0.033 -0.013  0.023 -0.011]	0.63	1.11	1.0	1.76	0.08	0.11	0.02	0.13	0.54	0.19	0.2		1.0173000443293145	0.073	False	0.061
7	['Pt', 'Pd', 'Au', 'Ru', 'Rh', 'Ir', 'Re', 'Os']	10	[0.349 0.268 0.351 0.007 0.019 0.    0.002 0.001]	[ 0.018 -0.061  0.152 -0.039  0.048  0.005 -0.037 -0.086]	0.63	1.11	1.0	1.76	0.08	0.11	0.02	0.13	0.54	0.19	0.2		0.9974081283018765	0.2	False	0.115
0	['Pt', 'Pd', 'Au', 'Ru', 'Rh', 'Ir', 'Re', 'Os']	11	[0.299 0.311 0.343 0.016 0.001 0.001 0.021 0.004]	[-0.115  0.073  0.115 -0.009 -0.014  0.001  0.03  -0.082]	0.63	1.11	1.0	1.76	0.08	0.11	0.02	0.13	0.54	0.19	0.2		0.9621539742689664	0.2	False	0.134
1	['Pt', 'Pd', 'Au', 'Ru', 'Rh', 'Ir', 'Re', 'Os']	11	[0.419 0.36  0.157 0.004 0.023 0.002 0.01  0.029]	[ 0.123  0.04  -0.1   -0.016  0.074 -0.001 -0.067 -0.053]	0.63	1.11	1.0	1.76	0.08	0.11	0.02	0.13	0.54	0.19	0.2		0.9277044728030859	0.2	False	0.207
2	['Pt', 'Pd', 'Au', 'Ru', 'Rh', 'Ir', 'Re', 'Os']	11	[0.41  0.195 0.294 0.003 0.    0.046 0.012 0.048]	[ 0.069 -0.148  0.053 -0.016 -0.014  0.088 -0.045  0.014]	0.63	1.11	1.0	1.76	0.08	0.11	0.02	0.13	0.54	0.19	0.2		0.9656348387209033	0.2	False	0.108
3	['Pt', 'Pd', 'Au', 'Ru', 'Rh', 'Ir', 'Re', 'Os']	11	[0.378 0.229 0.239 0.006 0.02  0.087 0.015 0.025]	[ 0.01  -0.042 -0.03  -0.015 -0.048  0.173 -0.05   0.001]	0.63	1.11	1.0	1.76	0.08	0.11	0.02	0.13	0.54	0.19	0.2		0.8749104606141549	0.194	False	0.137
4	['Pt', 'Pd', 'Au', 'Ru', 'Rh', 'Ir', 'Re', 'Os']	11	[0.431 0.208 0.252 0.004 0.056 0.001 0.007 0.041]	[ 0.123 -0.103 -0.042 -0.022  0.079 -0.013 -0.024  0.002]	0.63	1.11	1.0	1.76	0.08	0.11	0.02	0.13	0.54	0.19	0.2		0.9696025970314579	0.187	False	0.132
5	['Pt', 'Pd', 'Au', 'Ru', 'Rh', 'Ir', 'Re', 'Os']	11	[0.423 0.191 0.214 0.027 0.004 0.121 0.002 0.015]	[ 0.112 -0.104 -0.085  0.034 -0.005  0.084 -0.003 -0.034]	0.63	1.11	1.0	1.76	0.08	0.11	0.02	0.13	0.54	0.19	0.2		0.797649471280377	0.2	False	0.197
6	['Pt', 'Pd', 'Au', 'Ru', 'Rh', 'Ir', 'Re', 'Os']	11	[0.437 0.264 0.257 0.002 0.008 0.002 0.001 0.034]	[ 0.108 -0.021 -0.057 -0.001  0.023 -0.008 -0.013 -0.032]	0.63	1.11	1.0	1.76	0.08	0.11	0.02	0.13	0.54	0.19	0.2		1.02581631551813	0.131	False	0.119
7	['Pt', 'Pd', 'Au', 'Ru', 'Rh', 'Ir', 'Re', 'Os']	11	[0.416 0.277 0.242 0.011 0.004 0.002 0.005 0.037]	[ 0.068  0.01  -0.11   0.014 -0.025  0.002  0.004  0.037]	0.63	1.11	1.0	1.76	0.08	0.11	0.02	0.13	0.54	0.19	0.2		1.0266070447437743	0.138	False	0.112
0	['Pt', 'Pd', 'Au', 'Ru', 'Rh', 'Ir', 'Re', 'Os']	12	[0.432 0.259 0.217 0.02  0.    0.001 0.005 0.063]	[ 0.133 -0.052 -0.126  0.004 -0.001  0.002 -0.016  0.059]	0.63	1.11	1.0	1.76	0.08	0.11	0.02	0.13	0.54	0.19	0.2		1.0194954760124233	0.2	False	0.124
1	['Pt', 'Pd', 'Au', 'Ru', 'Rh', 'Ir', 'Re', 'Os']	12	[0.437 0.203 0.274 0.006 0.001 0.011 0.02  0.054]	[ 0.018 -0.158  0.117  0.002 -0.022  0.01   0.01   0.025]	0.63	1.11	1.0	1.76	0.08	0.11	0.02	0.13	0.54	0.19	0.2		1.0026726133792816	0.2	False	0.115
2	['Pt', 'Pd', 'Au', 'Ru', 'Rh', 'Ir', 'Re', 'Os']	12	[0.387 0.354 0.228 0.001 0.005 0.022 0.005 0.008]	[-0.037  0.158 -0.083 -0.017 -0.02   0.052  0.002 -0.055]	0.63	1.11	1.0	1.76	0.08	0.11	0.02	0.13	0.54	0.19	0.2		0.9642189829964218	0.199	False	0.162
3	['Pt', 'Pd', 'Au', 'Ru', 'Rh', 'Ir', 'Re', 'Os']	12	[0.411 0.286 0.25  0.006 0.003 0.029 0.003 0.011]	[ 0.021  0.066 -0.02  -0.069 -0.031  0.149 -0.048 -0.067]	0.63	1.11	1.0	1.76	0.08	0.11	0.02	0.13	0.54	0.19	0.2		0.9883631812955636	0.2	False	0.128
4	['Pt', 'Pd', 'Au', 'Ru', 'Rh', 'Ir', 'Re', 'Os']	12	[0.336 0.272 0.185 0.001 0.147 0.026 0.022 0.011]	[-0.105  0.081 -0.072 -0.001  0.113  0.02   0.024 -0.059]	0.63	1.11	1.0	1.76	0.08	0.11	0.02	0.13	0.54	0.19	0.2		0.7930733960261847	0.2	False	0.211
5	['Pt', 'Pd', 'Au', 'Ru', 'Rh', 'Ir', 'Re', 'Os']	12	[0.417 0.261 0.246 0.002 0.008 0.043 0.    0.022]	[-0.038  0.057  0.01  -0.071 -0.053  0.158 -0.042 -0.022]	0.63	1.11	1.0	1.76	0.08	0.11	0.02	0.13	0.54	0.19	0.2		0.9715990961333483	0.2	False	0.125
6	['Pt', 'Pd', 'Au', 'Ru', 'Rh', 'Ir', 'Re', 'Os']	12	[0.409 0.282 0.23  0.015 0.001 0.    0.033 0.035]	[-0.033  0.023 -0.031  0.017 -0.007 -0.     0.03   0.002]	0.63	1.11	1.0	1.76	0.08	0.11	0.02	0.13	0.54	0.19	0.2		1.0123613977701442	0.062	False	0.122
7	['Pt', 'Pd', 'Au', 'Ru', 'Rh', 'Ir', 'Re', 'Os']	12	[0.432 0.284 0.224 0.013 0.012 0.003 0.009 0.016]	[ 0.017  0.007 -0.021  0.002  0.013  0.003  0.004 -0.024]	0.63	1.11	1.0	1.76	0.08	0.11	0.02	0.13	0.54	0.19	0.2		0.9940947138271055	0.04	False	0.145
0	['Pt', 'Pd', 'Au', 'Ru', 'Rh', 'Ir', 'Re', 'Os']	13	[0.361 0.254 0.283 0.012 0.006 0.008 0.005 0.066]	[-0.071 -0.005  0.067 -0.008  0.005  0.008  0.001  0.004]	0.63	1.11	1.0	1.76	0.08	0.11	0.02	0.13	0.54	0.19	0.2		1.0358995641216104	0.098	False	0.043
1	['Pt', 'Pd', 'Au', 'Ru', 'Rh', 'Ir', 'Re', 'Os']	13	[0.386 0.242 0.219 0.036 0.015 0.005 0.001 0.103]	[-0.066  0.037 -0.071  0.027  0.004  0.006  0.013  0.049]	0.63	1.11	1.0	1.76	0.08	0.11	0.02	0.13	0.54	0.19	0.2		1.015898315233769	0.118	False	0.097
2	['Pt', 'Pd', 'Au', 'Ru', 'Rh', 'Ir', 'Re', 'Os']	13	[0.399 0.176 0.263 0.018 0.029 0.051 0.001 0.075]	[ 0.012 -0.18   0.035  0.017  0.026  0.029 -0.005  0.067]	0.63	1.11	1.0	1.76	0.08	0.11	0.02	0.13	0.54	0.19	0.2		0.926481186411533	0.2	False	0.117
3	['Pt', 'Pd', 'Au', 'Ru', 'Rh', 'Ir', 'Re', 'Os']	13	[0.407 0.24  0.244 0.041 0.007 0.002 0.002 0.057]	[ 0.    -0.053 -0.002  0.046 -0.011 -0.035 -0.007  0.063]	0.63	1.11	1.0	1.76	0.08	0.11	0.02	0.13	0.54	0.19	0.2		1.0250745125554708	0.101	False	0.1
4	['Pt', 'Pd', 'Au', 'Ru', 'Rh', 'Ir', 'Re', 'Os']	13	[0.256 0.266 0.104 0.003 0.306 0.004 0.025 0.038]	[-0.087 -0.013 -0.088 -0.005  0.153  0.023 -0.004  0.02 ]	0.63	1.11	1.0	1.76	0.08	0.11	0.02	0.13	0.54	0.19	0.2		0.54167064956325	0.2	False	0.382
5	['Pt', 'Pd', 'Au', 'Ru', 'Rh', 'Ir', 'Re', 'Os']	13	[0.36  0.26  0.25  0.018 0.029 0.012 0.017 0.051]	[-0.077  0.006  0.013 -0.053  0.038  0.071 -0.049  0.05 ]	0.63	1.11	1.0	1.76	0.08	0.11	0.02	0.13	0.54	0.19	0.2		0.9944911593057215	0.142	False	0.082
6	['Pt', 'Pd', 'Au', 'Ru', 'Rh', 'Ir', 'Re', 'Os']	13	[0.409 0.22  0.285 0.005 0.012 0.005 0.068 0.002]	[-0.    -0.086  0.076 -0.035 -0.047 -0.022  0.106  0.008]	0.63	1.11	1.0	1.76	0.08	0.11	0.02	0.13	0.54	0.19	0.2		0.9624614815971497	0.169	False	0.138
7	['Pt', 'Pd', 'Au', 'Ru', 'Rh', 'Ir', 'Re', 'Os']	13	[0.374 0.228 0.297 0.003 0.027 0.007 0.006 0.052]	[-0.057 -0.055  0.078 -0.007  0.034 -0.014 -0.02   0.04 ]	0.63	1.11	1.0	1.76	0.08	0.11	0.02	0.13	0.54	0.19	0.2		1.0143195198664925	0.126	False	0.065
0	['Pt', 'Pd', 'Au', 'Ru', 'Rh', 'Ir', 'Re', 'Os']	14	[0.308 0.3   0.207 0.011 0.008 0.036 0.024 0.102]	[-0.055  0.045 -0.078 -0.002  0.011  0.027  0.018  0.035]	0.63	1.11	1.0	1.76	0.08	0.11	0.02	0.13	0.54	0.19	0.2		0.9359255459609848	0.116	False	0.122
1	['Pt', 'Pd', 'Au', 'Ru', 'Rh', 'Ir', 'Re', 'Os']	14	[0.294 0.225 0.351 0.063 0.046 0.008 0.008 0.015]	[-0.091 -0.013  0.14   0.032  0.052 -0.019 -0.014 -0.087]	0.63	1.11	1.0	1.76	0.08	0.11	0.02	0.13	0.54	0.19	0.2		0.8931005537597689	0.199	False	0.141
2	['Pt', 'Pd', 'Au', 'Ru', 'Rh', 'Ir', 'Re', 'Os']	14	[0.326 0.299 0.314 0.012 0.013 0.019 0.001 0.029]	[-0.098  0.127  0.044 -0.057  0.024  0.055 -0.027 -0.067]	0.63	1.11	1.0	1.76	0.08	0.11	0.02	0.13	0.54	0.19	0.2		0.9913667269372375	0.2	False	0.094
3	['Pt', 'Pd', 'Au', 'Ru', 'Rh', 'Ir', 'Re', 'Os']	14	[0.296 0.217 0.33  0.042 0.004 0.016 0.02  0.076]	[-0.124 -0.019  0.111  0.085  0.    -0.039 -0.046  0.031]	0.63	1.11	1.0	1.76	0.08	0.11	0.02	0.13	0.54	0.19	0.2		0.9507724070854104	0.2	False	0.089
4	['Pt', 'Pd', 'Au', 'Ru', 'Rh', 'Ir', 'Re', 'Os']	14	[0.214 0.277 0.219 0.021 0.153 0.017 0.029 0.072]	[-0.042  0.011  0.115  0.018 -0.153  0.013  0.004  0.034]	0.63	1.11	1.0	1.76	0.08	0.11	0.02	0.13	0.54	0.19	0.2		0.7022096864669671	0.2	False	0.227
5	['Pt', 'Pd', 'Au', 'Ru', 'Rh', 'Ir', 'Re', 'Os']	14	[0.367 0.197 0.324 0.005 0.016 0.045 0.008 0.032]	[ 0.016 -0.096  0.123  0.019  0.049 -0.107  0.021 -0.026]	0.63	1.11	1.0	1.76	0.08	0.11	0.02	0.13	0.54	0.19	0.2		0.9415672529699899	0.2	False	0.103
6	['Pt', 'Pd', 'Au', 'Ru', 'Rh', 'Ir', 'Re', 'Os']	14	[0.336 0.238 0.277 0.011 0.003 0.023 0.032 0.086]	[-0.102  0.018 -0.016 -0.045  0.001 -0.068  0.106  0.106]	0.63	1.11	1.0	1.76	0.08	0.11	0.02	0.13	0.54	0.19	0.2		0.9937695987188522	0.2	False	0.052
7	['Pt', 'Pd', 'Au', 'Ru', 'Rh', 'Ir', 'Re', 'Os']	14	[0.36  0.298 0.263 0.005 0.05  0.011 0.003 0.005]	[-0.013  0.094 -0.039 -0.028  0.079 -0.024 -0.013 -0.056]	0.63	1.11	1.0	1.76	0.08	0.11	0.02	0.13	0.54	0.19	0.2		0.9693904942994689	0.147	False	0.124
0	['Pt', 'Pd', 'Au', 'Ru', 'Rh', 'Ir', 'Re', 'Os']	15	[0.374 0.214 0.353 0.002 0.002 0.005 0.001 0.045]	[ 0.058 -0.097  0.14  -0.025 -0.     0.03  -0.037 -0.068]	0.63	1.11	1.0	1.76	0.08	0.11	0.02	0.13	0.54	0.19	0.2		1.01778582192539	0.2	False	0.088
1	['Pt', 'Pd', 'Au', 'Ru', 'Rh', 'Ir', 'Re', 'Os']	15	[0.376 0.204 0.218 0.111 0.025 0.001 0.003 0.075]	[ 0.076 -0.037 -0.16   0.038  0.054 -0.01  -0.013  0.052]	0.63	1.11	1.0	1.76	0.08	0.11	0.02	0.13	0.54	0.19	0.2		0.9511709533793795	0.2	False	0.152
2	['Pt', 'Pd', 'Au', 'Ru', 'Rh', 'Ir', 'Re', 'Os']	15	[0.221 0.252 0.394 0.046 0.027 0.004 0.008 0.063]	[-0.11  -0.05   0.081  0.045  0.013 -0.017  0.006  0.034]	0.63	1.11	1.0	1.76	0.08	0.11	0.02	0.13	0.54	0.19	0.2		0.8338508347022879	0.158	False	0.173
3	['Pt', 'Pd', 'Au', 'Ru', 'Rh', 'Ir', 'Re', 'Os']	15	[0.16  0.343 0.288 0.011 0.039 0.025 0.017 0.118]	[-0.136  0.126 -0.042 -0.031  0.035  0.009 -0.003  0.042]	0.63	1.11	1.0	1.76	0.08	0.11	0.02	0.13	0.54	0.19	0.2		0.7207477063845105	0.2	False	0.219
4	['Pt', 'Pd', 'Au', 'Ru', 'Rh', 'Ir', 'Re', 'Os']	15	[0.334 0.26  0.284 0.012 0.009 0.014 0.016 0.074]	[ 0.12  -0.017  0.065 -0.009 -0.144 -0.003 -0.013  0.002]	0.63	1.11	1.0	1.76	0.08	0.11	0.02	0.13	0.54	0.19	0.2		1.0132962114251725	0.2	False	0.044
5	['Pt', 'Pd', 'Au', 'Ru', 'Rh', 'Ir', 'Re', 'Os']	15	[0.291 0.269 0.254 0.004 0.015 0.091 0.006 0.061]	[-0.089  0.082 -0.082 -0.014 -0.047  0.123 -0.004  0.032]	0.63	1.11	1.0	1.76	0.08	0.11	0.02	0.13	0.54	0.19	0.2		0.8532762830052325	0.2	False	0.127
6	['Pt', 'Pd', 'Au', 'Ru', 'Rh', 'Ir', 'Re', 'Os']	15	[0.409 0.271 0.235 0.001 0.033 0.033 0.008 0.017]	[ 0.113  0.052 -0.062 -0.001 -0.071  0.058  0.014 -0.104]	0.63	1.11	1.0	1.76	0.08	0.11	0.02	0.13	0.54	0.19	0.2		0.9598915505756596	0.197	False	0.131
7	['Pt', 'Pd', 'Au', 'Ru', 'Rh', 'Ir', 'Re', 'Os']	15	[0.396 0.19  0.25  0.011 0.06  0.006 0.004 0.075]	[ 0.042 -0.132 -0.017 -0.034  0.105 -0.023 -0.025  0.084]	0.63	1.11	1.0	1.76	0.08	0.11	0.02	0.13	0.54	0.19	0.2		0.9602367578217781	0.2	False	0.112
0	['Pt', 'Pd', 'Au', 'Ru', 'Rh', 'Ir', 'Re', 'Os']	16	[0.372 0.265 0.273 0.    0.    0.023 0.015 0.049]	[-0.002  0.052 -0.081  0.001 -0.002  0.018  0.011  0.004]	0.63	1.11	1.0	1.76	0.08	0.11	0.02	0.13	0.54	0.19	0.2		1.0162275622605335	0.099	False	0.069
1	['Pt', 'Pd', 'Au', 'Ru', 'Rh', 'Ir', 'Re', 'Os']	16	[0.438 0.249 0.132 0.041 0.021 0.02  0.011 0.099]	[ 0.043  0.023 -0.133  0.135 -0.036 -0.008 -0.021 -0.002]	0.63	1.11	1.0	1.76	0.08	0.11	0.02	0.13	0.54	0.19	0.2		0.9116006576019453	0.2	False	0.197
2	['Pt', 'Pd', 'Au', 'Ru', 'Rh', 'Ir', 'Re', 'Os']	16	[0.392 0.252 0.302 0.007 0.005 0.003 0.007 0.048]	[ 0.171 -0.    -0.092 -0.039 -0.022 -0.001 -0.001 -0.015]	0.63	1.11	1.0	1.76	0.08	0.11	0.02	0.13	0.54	0.19	0.2		1.0467408429426301	0.2	False	0.068
3	['Pt', 'Pd', 'Au', 'Ru', 'Rh', 'Ir', 'Re', 'Os']	16	[0.316 0.251 0.266 0.011 0.005 0.002 0.001 0.147]	[ 0.154 -0.105 -0.032  0.009 -0.06   0.008  0.005  0.021]	0.63	1.11	1.0	1.76	0.08	0.11	0.02	0.13	0.54	0.19	0.2		1.0186142076463964	0.2	False	0.068
4	['Pt', 'Pd', 'Au', 'Ru', 'Rh', 'Ir', 'Re', 'Os']	16	[0.448 0.178 0.301 0.007 0.051 0.014 0.    0.003]	[ 0.143 -0.089  0.029 -0.021  0.055 -0.024 -0.009 -0.084]	0.63	1.11	1.0	1.76	0.08	0.11	0.02	0.13	0.54	0.19	0.2		0.9297323797188193	0.201	False	0.164
5	['Pt', 'Pd', 'Au', 'Ru', 'Rh', 'Ir', 'Re', 'Os']	16	[0.406 0.256 0.275 0.008 0.001 0.019 0.011 0.013]	[ 0.124 -0.041  0.003 -0.046 -0.011  0.105 -0.046 -0.086]	0.63	1.11	1.0	1.76	0.08	0.11	0.02	0.13	0.54	0.19	0.2		1.0035641849833856	0.2	False	0.109
6	['Pt', 'Pd', 'Au', 'Ru', 'Rh', 'Ir', 'Re', 'Os']	16	[0.39  0.193 0.334 0.023 0.043 0.008 0.002 0.011]	[-0.026 -0.107  0.135 -0.06   0.076 -0.003 -0.007 -0.008]	0.63	1.11	1.0	1.76	0.08	0.11	0.02	0.13	0.54	0.19	0.2		0.9579949310886122	0.2	False	0.128
7	['Pt', 'Pd', 'Au', 'Ru', 'Rh', 'Ir', 'Re', 'Os']	16	[0.375 0.255 0.322 0.002 0.022 0.001 0.002 0.015]	[-0.03   0.074  0.083 -0.005  0.079 -0.039 -0.026 -0.135]	0.63	1.11	1.0	1.76	0.08	0.11	0.02	0.13	0.54	0.19	0.2		1.0173950254624697	0.2	False	0.094
0	['Pt', 'Pd', 'Au', 'Ru', 'Rh', 'Ir', 'Re', 'Os']	17	[0.383 0.28  0.194 0.016 0.019 0.028 0.008 0.07 ]	[ 0.005  0.01  -0.096  0.011  0.014  0.04  -0.001  0.017]	0.63	1.11	1.0	1.76	0.08	0.11	0.02	0.13	0.54	0.19	0.2		0.9700072612776311	0.107	False	0.125
1	['Pt', 'Pd', 'Au', 'Ru', 'Rh', 'Ir', 'Re', 'Os']	17	[0.457 0.213 0.291 0.004 0.01  0.008 0.004 0.023]	[ 0.009 -0.051  0.159 -0.052  0.015  0.013 -0.    -0.094]	0.63	1.11	1.0	1.76	0.08	0.11	0.02	0.13	0.54	0.19	0.2		0.9962136313751413	0.199	False	0.138
2	['Pt', 'Pd', 'Au', 'Ru', 'Rh', 'Ir', 'Re', 'Os']	17	[0.507 0.25  0.205 0.026 0.006 0.007 0.008 0.01 ]	[ 0.127  0.005 -0.095  0.03   0.001 -0.012 -0.023 -0.033]	0.63	1.11	1.0	1.76	0.08	0.11	0.02	0.13	0.54	0.19	0.2		0.9329714643214657	0.167	False	0.206
3	['Pt', 'Pd', 'Au', 'Ru', 'Rh', 'Ir', 'Re', 'Os']	17	[0.473 0.234 0.24  0.001 0.002 0.009 0.013 0.029]	[ 0.153 -0.021 -0.03   0.008  0.003  0.003  0.008 -0.123]	0.63	1.11	1.0	1.76	0.08	0.11	0.02	0.13	0.54	0.19	0.2		0.9812829716665079	0.2	False	0.156
4	['Pt', 'Pd', 'Au', 'Ru', 'Rh', 'Ir', 'Re', 'Os']	17	[0.327 0.261 0.245 0.024 0.094 0.036 0.007 0.008]	[-0.142  0.101 -0.065  0.022  0.053  0.041 -0.017  0.008]	0.63	1.11	1.0	1.76	0.08	0.11	0.02	0.13	0.54	0.19	0.2		0.8609360475254575	0.2	False	0.151
5	['Pt', 'Pd', 'Au', 'Ru', 'Rh', 'Ir', 'Re', 'Os']	17	[0.448 0.181 0.324 0.008 0.019 0.001 0.    0.007]	[ 0.072 -0.101  0.082  0.014 -0.053 -0.01   0.004 -0.008]	0.63	1.11	1.0	1.76	0.08	0.11	0.02	0.13	0.54	0.19	0.2		0.9707351229536674	0.159	False	0.155
6	['Pt', 'Pd', 'Au', 'Ru', 'Rh', 'Ir', 'Re', 'Os']	17	[0.366 0.259 0.291 0.039 0.    0.019 0.004 0.024]	[-0.054  0.126 -0.092  0.074  0.03  -0.066 -0.038  0.02 ]	0.63	1.11	1.0	1.76	0.08	0.11	0.02	0.13	0.54	0.19	0.2		1.0070064008017179	0.199	False	0.09
7	['Pt', 'Pd', 'Au', 'Ru', 'Rh', 'Ir', 'Re', 'Os']	17	[0.434 0.298 0.228 0.001 0.006 0.023 0.002 0.005]	[ 0.073  0.053 -0.115 -0.013  0.008  0.015 -0.01  -0.012]	0.63	1.11	1.0	1.76	0.08	0.11	0.02	0.13	0.54	0.19	0.2		0.9738931337040784	0.149	False	0.155
0	['Pt', 'Pd', 'Au', 'Ru', 'Rh', 'Ir', 'Re', 'Os']	18	[0.35  0.235 0.372 0.001 0.012 0.002 0.002 0.024]	[-0.046 -0.059  0.172 -0.027  0.016  0.012 -0.009 -0.06 ]	0.63	1.11	1.0	1.76	0.08	0.11	0.02	0.13	0.54	0.19	0.2		0.9982722132792989	0.2	False	0.106
1	['Pt', 'Pd', 'Au', 'Ru', 'Rh', 'Ir', 'Re', 'Os']	18	[0.57  0.082 0.291 0.016 0.015 0.003 0.005 0.027]	[ 0.133 -0.146  0.004 -0.021  0.019 -0.001  0.003  0.009]	0.63	1.11	1.0	1.76	0.08	0.11	0.02	0.13	0.54	0.19	0.2		0.802743518735579	0.2	False	0.287
2	['Pt', 'Pd', 'Au', 'Ru', 'Rh', 'Ir', 'Re', 'Os']	18	[0.362 0.239 0.331 0.012 0.002 0.007 0.003 0.063]	[-0.145 -0.011  0.126 -0.014 -0.004  0.    -0.005  0.053]	0.63	1.11	1.0	1.76	0.08	0.11	0.02	0.13	0.54	0.19	0.2		1.037712093294921	0.2	False	0.053
3	['Pt', 'Pd', 'Au', 'Ru', 'Rh', 'Ir', 'Re', 'Os']	18	[0.33  0.28  0.366 0.005 0.001 0.001 0.01  0.008]	[-0.149  0.042  0.123 -0.001 -0.006  0.002  0.015 -0.026]	0.63	1.11	1.0	1.76	0.08	0.11	0.02	0.13	0.54	0.19	0.2		0.9937521846985571	0.2	False	0.119
4	['Pt', 'Pd', 'Au', 'Ru', 'Rh', 'Ir', 'Re', 'Os']	18	[0.409 0.287 0.175 0.011 0.046 0.001 0.001 0.073]	[ 0.069  0.005 -0.106 -0.04   0.121 -0.066 -0.032  0.049]	0.63	1.11	1.0	1.76	0.08	0.11	0.02	0.13	0.54	0.19	0.2		0.9706465679442786	0.2	False	0.153
5	['Pt', 'Pd', 'Au', 'Ru', 'Rh', 'Ir', 'Re', 'Os']	18	[0.339 0.3   0.252 0.003 0.045 0.003 0.008 0.04 ]	[-0.114  0.129 -0.075 -0.017  0.053 -0.001 -0.013  0.037]	0.63	1.11	1.0	1.76	0.08	0.11	0.02	0.13	0.54	0.19	0.2		0.9862595568660704	0.2	False	0.103
6	['Pt', 'Pd', 'Au', 'Ru', 'Rh', 'Ir', 'Re', 'Os']	18	[0.449 0.155 0.224 0.001 0.003 0.059 0.052 0.061]	[ 0.084 -0.133 -0.09   0.026 -0.017  0.057  0.043  0.03 ]	0.63	1.11	1.0	1.76	0.08	0.11	0.02	0.13	0.54	0.19	0.2		0.8640764519100463	0.2	False	0.18
7	['Pt', 'Pd', 'Au', 'Ru', 'Rh', 'Ir', 'Re', 'Os']	18	[0.349 0.199 0.357 0.009 0.001 0.027 0.012 0.041]	[-0.09  -0.105  0.133  0.007  0.001  0.04  -0.021  0.036]	0.63	1.11	1.0	1.76	0.08	0.11	0.02	0.13	0.54	0.19	0.2		0.9630247949657587	0.2	False	0.101
0	['Pt', 'Pd', 'Au', 'Ru', 'Rh', 'Ir', 'Re', 'Os']	19	[0.351 0.277 0.246 0.001 0.011 0.006 0.005 0.1  ]	[ 0.     0.042 -0.129 -0.001  0.018  0.003 -0.01   0.076]	0.63	1.11	1.0	1.76	0.08	0.11	0.02	0.13	0.54	0.19	0.2		1.0318747086043831	0.157	False	0.062
1	['Pt', 'Pd', 'Au', 'Ru', 'Rh', 'Ir', 'Re', 'Os']	19	[0.419 0.206 0.292 0.008 0.009 0.003 0.005 0.068]	[-0.151  0.124  0.001 -0.008 -0.006 -0.     0.     0.041]	0.63	1.11	1.0	1.76	0.08	0.11	0.02	0.13	0.54	0.19	0.2		1.0273115035469842	0.2	False	0.089
2	['Pt', 'Pd', 'Au', 'Ru', 'Rh', 'Ir', 'Re', 'Os']	19	[0.355 0.296 0.289 0.022 0.007 0.    0.002 0.049]	[-0.008  0.063 -0.046  0.029 -0.015 -0.001 -0.006 -0.015]	0.63	1.11	1.0	1.76	0.08	0.11	0.02	0.13	0.54	0.19	0.2		1.0426430619902314	0.087	False	0.073
3	['Pt', 'Pd', 'Au', 'Ru', 'Rh', 'Ir', 'Re', 'Os']	19	[0.415 0.221 0.233 0.016 0.003 0.002 0.001 0.11 ]	[ 0.086 -0.059 -0.134  0.016 -0.009 -0.008  0.004  0.103]	0.63	1.11	1.0	1.76	0.08	0.11	0.02	0.13	0.54	0.19	0.2		1.0267916246038462	0.2	False	0.1
4	['Pt', 'Pd', 'Au', 'Ru', 'Rh', 'Ir', 'Re', 'Os']	19	[0.383 0.224 0.342 0.004 0.001 0.004 0.006 0.041]	[-0.04  -0.08   0.168 -0.     0.033 -0.011 -0.022 -0.047]	0.63	1.11	1.0	1.76	0.08	0.11	0.02	0.13	0.54	0.19	0.2		1.027952945869828	0.2	False	0.084
5	['Pt', 'Pd', 'Au', 'Ru', 'Rh', 'Ir', 'Re', 'Os']	19	[0.403 0.191 0.318 0.015 0.03  0.002 0.012 0.021]	[ 0.079 -0.137  0.082 -0.038  0.073 -0.007 -0.029 -0.024]	0.63	1.11	1.0	1.76	0.08	0.11	0.02	0.13	0.54	0.19	0.2		0.9788135130286513	0.2	False	0.119
6	['Pt', 'Pd', 'Au', 'Ru', 'Rh', 'Ir', 'Re', 'Os']	19	[0.375 0.262 0.3   0.002 0.009 0.002 0.023 0.03 ]	[-0.115  0.104  0.067 -0.041 -0.043  0.038  0.053 -0.063]	0.63	1.11	1.0	1.76	0.08	0.11	0.02	0.13	0.54	0.19	0.2		1.0276234983228145	0.201	False	0.079
7	['Pt', 'Pd', 'Au', 'Ru', 'Rh', 'Ir', 'Re', 'Os']	19	[0.399 0.304 0.218 0.003 0.005 0.04  0.027 0.   ]	[ 0.051  0.109 -0.148  0.006 -0.011  0.012  0.029 -0.048]	0.63	1.11	1.0	1.76	0.08	0.11	0.02	0.13	0.54	0.19	0.2		0.9368365935898877	0.2	False	0.156
0	['Pt', 'Pd', 'Au', 'Ru', 'Rh', 'Ir', 'Re', 'Os']	20	[0.38  0.25  0.343 0.003 0.008 0.001 0.002 0.012]	[ 0.005 -0.072  0.1   -0.032 -0.039 -0.035 -0.038  0.111]	0.63	1.11	1.0	1.76	0.08	0.11	0.02	0.13	0.54	0.19	0.2		1.0213329467404002	0.18	False	0.103
1	['Pt', 'Pd', 'Au', 'Ru', 'Rh', 'Ir', 'Re', 'Os']	20	[0.285 0.347 0.323 0.    0.    0.004 0.003 0.048]	[-0.138  0.139  0.028  0.002  0.005  0.002 -0.013 -0.023]	0.63	1.11	1.0	1.76	0.08	0.11	0.02	0.13	0.54	0.19	0.2		0.9697838201439255	0.2	False	0.13
2	['Pt', 'Pd', 'Au', 'Ru', 'Rh', 'Ir', 'Re', 'Os']	20	[0.476 0.227 0.262 0.011 0.002 0.006 0.001 0.036]	[ 0.12  -0.076 -0.033  0.025  0.002 -0.013 -0.008 -0.018]	0.63	1.11	1.0	1.76	0.08	0.11	0.02	0.13	0.54	0.19	0.2		0.9994690952447014	0.15	False	0.149
3	['Pt', 'Pd', 'Au', 'Ru', 'Rh', 'Ir', 'Re', 'Os']	20	[0.359 0.274 0.298 0.044 0.007 0.005 0.007 0.007]	[-0.042  0.076  0.089  0.062 -0.023 -0.011 -0.026 -0.127]	0.63	1.11	1.0	1.76	0.08	0.11	0.02	0.13	0.54	0.19	0.2		1.0060108235683212	0.192	False	0.107
4	['Pt', 'Pd', 'Au', 'Ru', 'Rh', 'Ir', 'Re', 'Os']	20	[0.38  0.308 0.26  0.007 0.002 0.008 0.01  0.031]	[-0.001  0.092 -0.086 -0.013 -0.003  0.008  0.013 -0.009]	0.63	1.11	1.0	1.76	0.08	0.11	0.02	0.13	0.54	0.19	0.2		1.0233932400745829	0.128	False	0.104
5	['Pt', 'Pd', 'Au', 'Ru', 'Rh', 'Ir', 'Re', 'Os']	20	[0.386 0.308 0.236 0.005 0.019 0.018 0.001 0.02 ]	[-0.03   0.157 -0.12   0.007 -0.005  0.002 -0.005 -0.007]	0.63	1.11	1.0	1.76	0.08	0.11	0.02	0.13	0.54	0.19	0.2		0.9883998924864201	0.2	False	0.126
6	['Pt', 'Pd', 'Au', 'Ru', 'Rh', 'Ir', 'Re', 'Os']	20	[0.293 0.321 0.334 0.001 0.009 0.013 0.028 0.003]	[-0.104  0.077  0.045 -0.018  0.012 -0.028  0.049 -0.033]	0.63	1.11	1.0	1.76	0.08	0.11	0.02	0.13	0.54	0.19	0.2		0.9370434935350649	0.153	False	0.141
7	['Pt', 'Pd', 'Au', 'Ru', 'Rh', 'Ir', 'Re', 'Os']	20	[0.367 0.224 0.302 0.012 0.016 0.052 0.005 0.017]	[-0.043 -0.107  0.112 -0.05  -0.046  0.094  0.016  0.023]	0.63	1.11	1.0	1.76	0.08	0.11	0.02	0.13	0.54	0.19	0.2		0.9403746771420318	0.2	False	0.105
0	['Pt', 'Pd', 'Au', 'Ru', 'Rh', 'Ir', 'Re', 'Os']	21	[0.347 0.254 0.22  0.002 0.014 0.004 0.003 0.156]	[-0.032  0.006 -0.125 -0.001  0.018 -0.009 -0.007  0.151]	0.63	1.11	1.0	1.76	0.08	0.11	0.02	0.13	0.54	0.19	0.2		1.0094634897590982	0.2	False	0.099
1	['Pt', 'Pd', 'Au', 'Ru', 'Rh', 'Ir', 'Re', 'Os']	21	[0.437 0.223 0.285 0.003 0.008 0.003 0.004 0.047]	[ 0.152 -0.124 -0.038  0.002  0.008 -0.001  0.001 -0.001]	0.63	1.11	1.0	1.76	0.08	0.11	0.02	0.13	0.54	0.19	0.2		1.0256542111810303	0.2	False	0.107
2	['Pt', 'Pd', 'Au', 'Ru', 'Rh', 'Ir', 'Re', 'Os']	21	[0.308 0.324 0.301 0.002 0.007 0.006 0.014 0.055]	[-0.168  0.097  0.039 -0.014  0.005  0.01   0.013  0.019]	0.63	1.11	1.0	1.76	0.08	0.11	0.02	0.13	0.54	0.19	0.2		0.9985138842944288	0.2	False	0.098
3	['Pt', 'Pd', 'Au', 'Ru', 'Rh', 'Ir', 'Re', 'Os']	21	[0.425 0.222 0.226 0.055 0.    0.016 0.006 0.049]	[ 0.094 -0.064 -0.091  0.106 -0.028 -0.044 -0.033  0.062]	0.63	1.11	1.0	1.76	0.08	0.11	0.02	0.13	0.54	0.19	0.2		0.9851236312252398	0.2	False	0.133
4	['Pt', 'Pd', 'Au', 'Ru', 'Rh', 'Ir', 'Re', 'Os']	21	[0.44  0.193 0.271 0.001 0.038 0.001 0.009 0.054]	[ 0.067 -0.125  0.014 -0.007  0.031 -0.002 -0.005  0.027]	0.63	1.11	1.0	1.76	0.08	0.11	0.02	0.13	0.54	0.19	0.2		0.9843080957619392	0.148	False	0.126
5	['Pt', 'Pd', 'Au', 'Ru', 'Rh', 'Ir', 'Re', 'Os']	21	[0.402 0.212 0.28  0.032 0.003 0.044 0.001 0.02 ]	[ 0.036 -0.12   0.074 -0.063  0.019  0.069 -0.028  0.013]	0.63	1.11	1.0	1.76	0.08	0.11	0.02	0.13	0.54	0.19	0.2		0.957475954032794	0.177	False	0.118
6	['Pt', 'Pd', 'Au', 'Ru', 'Rh', 'Ir', 'Re', 'Os']	21	[0.437 0.239 0.259 0.    0.008 0.008 0.006 0.047]	[ 0.145 -0.092 -0.085 -0.014 -0.028  0.01   0.024  0.04 ]	0.63	1.11	1.0	1.76	0.08	0.11	0.02	0.13	0.54	0.19	0.2		1.0183149948951884	0.2	False	0.111
7	['Pt', 'Pd', 'Au', 'Ru', 'Rh', 'Ir', 'Re', 'Os']	21	[0.416 0.278 0.234 0.005 0.015 0.015 0.029 0.001]	[ 0.07   0.078 -0.122 -0.002  0.018  0.077 -0.081 -0.04 ]	0.63	1.11	1.0	1.76	0.08	0.11	0.02	0.13	0.54	0.19	0.2		0.9695185049632913	0.2	False	0.144
0	['Pt', 'Pd', 'Au', 'Ru', 'Rh', 'Ir', 'Re', 'Os']	22	[0.412 0.248 0.33  0.    0.    0.004 0.    0.003]	[ 0.064 -0.007  0.109  0.    -0.016  0.005 -0.004 -0.154]	0.63	1.11	1.0	1.76	0.08	0.11	0.02	0.13	0.54	0.19	0.2		1.0211584784964765	0.2	False	0.119
1	['Pt', 'Pd', 'Au', 'Ru', 'Rh', 'Ir', 'Re', 'Os']	22	[0.474 0.132 0.32  0.004 0.003 0.004 0.004 0.072]	[ 0.036 -0.093  0.034  0.004 -0.007  0.004 -0.002  0.024]	0.63	1.11	1.0	1.76	0.08	0.11	0.02	0.13	0.54	0.19	0.2		0.947760273950395	0.108	False	0.175
2	['Pt', 'Pd', 'Au', 'Ru', 'Rh', 'Ir', 'Re', 'Os']	22	[0.467 0.205 0.288 0.005 0.003 0.002 0.    0.048]	[ 0.159 -0.119 -0.013  0.006 -0.004 -0.008 -0.014 -0.007]	0.63	1.11	1.0	1.76	0.08	0.11	0.02	0.13	0.54	0.19	0.2		1.0092290140233506	0.2	False	0.136
3	['Pt', 'Pd', 'Au', 'Ru', 'Rh', 'Ir', 'Re', 'Os']	22	[0.394 0.183 0.274 0.043 0.032 0.002 0.009 0.063]	[-0.048 -0.061  0.082  0.128 -0.086  0.011 -0.053  0.026]	0.63	1.11	1.0	1.76	0.08	0.11	0.02	0.13	0.54	0.19	0.2		0.9779809851303041	0.2	False	0.107
4	['Pt', 'Pd', 'Au', 'Ru', 'Rh', 'Ir', 'Re', 'Os']	22	[0.347 0.255 0.3   0.009 0.069 0.018 0.004 0.005]	[-0.098  0.092  0.052 -0.041  0.113 -0.047 -0.027 -0.044]	0.63	1.11	1.0	1.76	0.08	0.11	0.02	0.13	0.54	0.19	0.2		0.9406013588513062	0.2	False	0.119
5	['Pt', 'Pd', 'Au', 'Ru', 'Rh', 'Ir', 'Re', 'Os']	22	[0.403 0.186 0.276 0.043 0.018 0.026 0.034 0.008]	[ 0.015 -0.034  0.006  0.105 -0.084  0.103 -0.1   -0.009]	0.63	1.11	1.0	1.76	0.08	0.11	0.02	0.13	0.54	0.19	0.2		0.9237267913316498	0.2	False	0.141
6	['Pt', 'Pd', 'Au', 'Ru', 'Rh', 'Ir', 'Re', 'Os']	22	[0.392 0.216 0.353 0.007 0.011 0.007 0.005 0.014]	[-0.052 -0.028  0.101 -0.     0.012  0.009 -0.003 -0.039]	0.63	1.11	1.0	1.76	0.08	0.11	0.02	0.13	0.54	0.19	0.2		0.9988985202344642	0.124	False	0.116
7	['Pt', 'Pd', 'Au', 'Ru', 'Rh', 'Ir', 'Re', 'Os']	22	[0.396 0.216 0.267 0.001 0.    0.028 0.082 0.003]	[-0.006 -0.069  0.072 -0.039 -0.023 -0.091  0.139  0.016]	0.63	1.11	1.0	1.76	0.08	0.11	0.02	0.13	0.54	0.19	0.2		0.9228088803972994	0.2	False	0.146
0	['Pt', 'Pd', 'Au', 'Ru', 'Rh', 'Ir', 'Re', 'Os']	23	[0.339 0.219 0.341 0.015 0.009 0.011 0.01  0.053]	[-0.073 -0.029  0.011  0.015  0.009  0.007  0.01   0.05 ]	0.63	1.11	1.0	1.76	0.08	0.11	0.02	0.13	0.54	0.19	0.2		0.9945802614023063	0.096	False	0.074
1	['Pt', 'Pd', 'Au', 'Ru', 'Rh', 'Ir', 'Re', 'Os']	23	[0.342 0.272 0.294 0.003 0.002 0.    0.004 0.096]	[-0.136  0.142 -0.028  0.002 -0.004 -0.001  0.003  0.023]	0.63	1.11	1.0	1.76	0.08	0.11	0.02	0.13	0.54	0.19	0.2		1.0531389606318584	0.2	False	0.025
2	['Pt', 'Pd', 'Au', 'Ru', 'Rh', 'Ir', 'Re', 'Os']	23	[0.326 0.304 0.308 0.007 0.003 0.002 0.    0.068]	[-0.144  0.102  0.021  0.008 -0.004  0.001 -0.005  0.021]	0.63	1.11	1.0	1.76	0.08	0.11	0.02	0.13	0.54	0.19	0.2		1.0347376237336856	0.179	False	0.068
3	['Pt', 'Pd', 'Au', 'Ru', 'Rh', 'Ir', 'Re', 'Os']	23	[0.365 0.251 0.302 0.001 0.036 0.033 0.007 0.003]	[-0.05   0.105  0.041  0.038  0.073 -0.087 -0.023 -0.099]	0.63	1.11	1.0	1.76	0.08	0.11	0.02	0.13	0.54	0.19	0.2		0.9554873477452281	0.2	False	0.11
4	['Pt', 'Pd', 'Au', 'Ru', 'Rh', 'Ir', 'Re', 'Os']	23	[0.236 0.301 0.342 0.012 0.034 0.003 0.001 0.076]	[-0.15   0.038  0.033 -0.034  0.09  -0.01  -0.034  0.067]	0.63	1.11	1.0	1.76	0.08	0.11	0.02	0.13	0.54	0.19	0.2		0.9013755354155886	0.2	False	0.139
5	['Pt', 'Pd', 'Au', 'Ru', 'Rh', 'Ir', 'Re', 'Os']	23	[0.377 0.259 0.279 0.014 0.003 0.019 0.034 0.009]	[-0.071  0.139 -0.01  -0.022  0.001 -0.065  0.086 -0.058]	0.63	1.11	1.0	1.76	0.08	0.11	0.02	0.13	0.54	0.19	0.2		0.9864189452163175	0.2	False	0.106
6	['Pt', 'Pd', 'Au', 'Ru', 'Rh', 'Ir', 'Re', 'Os']	23	[0.313 0.297 0.359 0.002 0.005 0.004 0.024 0.003]	[-0.108  0.129  0.018  0.004 -0.014 -0.018  0.026 -0.037]	0.63	1.11	1.0	1.76	0.08	0.11	0.02	0.13	0.54	0.19	0.2		0.9692383465977286	0.177	False	0.131
7	['Pt', 'Pd', 'Au', 'Ru', 'Rh', 'Ir', 'Re', 'Os']	23	[0.438 0.302 0.166 0.008 0.    0.019 0.016 0.045]	[ 0.023  0.077 -0.153 -0.042 -0.029  0.019  0.082  0.023]	0.63	1.11	1.0	1.76	0.08	0.11	0.02	0.13	0.54	0.19	0.2		0.9487757342895464	0.2	False	0.179
0	['Pt', 'Pd', 'Au', 'Ru', 'Rh', 'Ir', 'Re', 'Os']	24	[0.298 0.32  0.217 0.007 0.001 0.002 0.006 0.146]	[-0.051  0.099 -0.138  0.01  -0.004  0.002 -0.008  0.09 ]	0.63	1.11	1.0	1.76	0.08	0.11	0.02	0.13	0.54	0.19	0.2		0.9789351652655782	0.2	False	0.129
1	['Pt', 'Pd', 'Au', 'Ru', 'Rh', 'Ir', 'Re', 'Os']	24	[0.29  0.312 0.288 0.01  0.    0.001 0.004 0.11 ]	[-0.053  0.043 -0.005  0.011  0.001 -0.004 -0.009  0.016]	0.63	1.11	1.0	1.76	0.08	0.11	0.02	0.13	0.54	0.19	0.2		1.006254649436626	0.072	False	0.088
2	['Pt', 'Pd', 'Au', 'Ru', 'Rh', 'Ir', 'Re', 'Os']	24	[0.386 0.244 0.233 0.012 0.001 0.002 0.006 0.133]	[ 0.06  -0.062 -0.077  0.013 -0.001 -0.004  0.005  0.065]	0.63	1.11	1.0	1.76	0.08	0.11	0.02	0.13	0.54	0.19	0.2		1.0387501098892062	0.134	False	0.084
3	['Pt', 'Pd', 'Au', 'Ru', 'Rh', 'Ir', 'Re', 'Os']	24	[0.326 0.265 0.232 0.006 0.007 0.032 0.007 0.122]	[-0.058  0.01  -0.099 -0.029  0.005  0.056 -0.032  0.147]	0.63	1.11	1.0	1.76	0.08	0.11	0.02	0.13	0.54	0.19	0.2		0.9806467135852179	0.2	False	0.084
4	['Pt', 'Pd', 'Au', 'Ru', 'Rh', 'Ir', 'Re', 'Os']	24	[0.391 0.247 0.255 0.009 0.001 0.005 0.003 0.094]	[ 0.155 -0.066 -0.101  0.008  0.025 -0.016 -0.017  0.01 ]	0.63	1.11	1.0	1.76	0.08	0.11	0.02	0.13	0.54	0.19	0.2		1.0472878631973168	0.2	False	0.062
5	['Pt', 'Pd', 'Au', 'Ru', 'Rh', 'Ir', 'Re', 'Os']	24	[0.28  0.285 0.231 0.048 0.001 0.045 0.009 0.094]	[-0.139  0.024 -0.074  0.046 -0.017  0.024  0.032  0.103]	0.63	1.11	1.0	1.76	0.08	0.11	0.02	0.13	0.54	0.19	0.2		0.9079016605996981	0.2	False	0.124
6	['Pt', 'Pd', 'Au', 'Ru', 'Rh', 'Ir', 'Re', 'Os']	24	[0.353 0.276 0.225 0.003 0.005 0.002 0.015 0.126]	[ 0.04  -0.024 -0.143 -0.014 -0.012 -0.005  0.031  0.127]	0.63	1.11	1.0	1.76	0.08	0.11	0.02	0.13	0.54	0.19	0.2		1.0266024379484693	0.2	False	0.085
7	['Pt', 'Pd', 'Au', 'Ru', 'Rh', 'Ir', 'Re', 'Os']	24	[0.321 0.27  0.313 0.015 0.001 0.003 0.004 0.07 ]	[-0.127 -0.039  0.146  0.012 -0.008  0.014 -0.018  0.02 ]	0.63	1.11	1.0	1.76	0.08	0.11	0.02	0.13	0.54	0.19	0.2		1.027144896306731	0.2	False	0.051
0	['Pt', 'Pd', 'Au', 'Ru', 'Rh', 'Ir', 'Re', 'Os']	25	[0.399 0.229 0.319 0.    0.001 0.003 0.003 0.043]	[ 0.1   -0.093  0.101  0.004 -0.003 -0.009  0.005 -0.105]	0.63	1.11	1.0	1.76	0.08	0.11	0.02	0.13	0.54	0.19	0.2		1.0378268904000831	0.2	False	0.08
1	['Pt', 'Pd', 'Au', 'Ru', 'Rh', 'Ir', 'Re', 'Os']	25	[0.44  0.186 0.273 0.026 0.004 0.006 0.002 0.079]	[ 0.151 -0.126 -0.015  0.016 -0.005  0.004  0.004 -0.031]	0.63	1.11	1.0	1.76	0.08	0.11	0.02	0.13	0.54	0.19	0.2		1.0055946358478782	0.2	False	0.119
2	['Pt', 'Pd', 'Au', 'Ru', 'Rh', 'Ir', 'Re', 'Os']	25	[0.391 0.269 0.336 0.013 0.    0.001 0.003 0.004]	[-0.033 -0.006  0.098 -0.014 -0.055 -0.052 -0.066  0.128]	0.63	1.11	1.0	1.76	0.08	0.11	0.02	0.13	0.54	0.19	0.2		1.0286717920694042	0.194	False	0.113
3	['Pt', 'Pd', 'Au', 'Ru', 'Rh', 'Ir', 'Re', 'Os']	25	[0.42  0.185 0.247 0.038 0.025 0.003 0.    0.078]	[ 0.139 -0.108  0.027  0.039 -0.046  0.028 -0.022 -0.057]	0.63	1.11	1.0	1.76	0.08	0.11	0.02	0.13	0.54	0.19	0.2		0.983494349196153	0.2	False	0.12
4	['Pt', 'Pd', 'Au', 'Ru', 'Rh', 'Ir', 'Re', 'Os']	25	[0.413 0.229 0.247 0.    0.025 0.004 0.012 0.072]	[ 0.063 -0.026 -0.004 -0.001  0.041 -0.004 -0.035 -0.035]	0.63	1.11	1.0	1.76	0.08	0.11	0.02	0.13	0.54	0.19	0.2		1.0138523233667724	0.094	False	0.094
5	['Pt', 'Pd', 'Au', 'Ru', 'Rh', 'Ir', 'Re', 'Os']	25	[0.387 0.218 0.271 0.002 0.018 0.033 0.005 0.058]	[ 0.12  -0.099  0.036  0.039 -0.051  0.066 -0.051 -0.06 ]	0.63	1.11	1.0	1.76	0.08	0.11	0.02	0.13	0.54	0.19	0.2		0.9843933502403122	0.2	False	0.08
6	['Pt', 'Pd', 'Au', 'Ru', 'Rh', 'Ir', 'Re', 'Os']	25	[0.411 0.21  0.341 0.002 0.007 0.007 0.016 0.012]	[ 0.063 -0.069  0.125  0.001 -0.011 -0.014  0.025 -0.12 ]	0.63	1.11	1.0	1.76	0.08	0.11	0.02	0.13	0.54	0.19	0.2		0.9970705091095498	0.2	False	0.123
7	['Pt', 'Pd', 'Au', 'Ru', 'Rh', 'Ir', 'Re', 'Os']	25	[0.356 0.221 0.325 0.017 0.    0.012 0.001 0.067]	[ 0.048 -0.063  0.018  0.032 -0.013 -0.019 -0.001 -0.002]	0.63	1.11	1.0	1.76	0.08	0.11	0.02	0.13	0.54	0.19	0.2		1.0211334361096647	0.09	False	0.055
0	['Pt', 'Pd', 'Au', 'Ru', 'Rh', 'Ir', 'Re', 'Os']	26	[0.315 0.253 0.357 0.009 0.    0.003 0.008 0.049]	[-0.084  0.03   0.044  0.008 -0.003  0.007 -0.012  0.011]	0.63	1.11	1.0	1.76	0.08	0.11	0.02	0.13	0.54	0.19	0.2		1.0008762476259367	0.101	False	0.085
1	['Pt', 'Pd', 'Au', 'Ru', 'Rh', 'Ir', 'Re', 'Os']	26	[0.297 0.279 0.34  0.03  0.003 0.004 0.001 0.06 ]	[-0.151  0.096  0.069  0.046 -0.012 -0.011 -0.015 -0.021]	0.63	1.11	1.0	1.76	0.08	0.11	0.02	0.13	0.54	0.19	0.2		0.9950699148122293	0.2	False	0.088
2	['Pt', 'Pd', 'Au', 'Ru', 'Rh', 'Ir', 'Re', 'Os']	26	[0.334 0.238 0.265 0.01  0.001 0.    0.003 0.168]	[-0.061 -0.034 -0.076  0.017 -0.006 -0.004 -0.006  0.171]	0.63	1.11	1.0	1.76	0.08	0.11	0.02	0.13	0.54	0.19	0.2		1.0264134962302507	0.2	False	0.08
3	['Pt', 'Pd', 'Au', 'Ru', 'Rh', 'Ir', 'Re', 'Os']	26	[0.343 0.241 0.299 0.037 0.011 0.023 0.019 0.024]	[-0.096  0.082  0.076  0.08   0.036 -0.06  -0.054 -0.065]	0.63	1.11	1.0	1.76	0.08	0.11	0.02	0.13	0.54	0.19	0.2		0.9705409843466284	0.2	False	0.091
4	['Pt', 'Pd', 'Au', 'Ru', 'Rh', 'Ir', 'Re', 'Os']	26	[0.298 0.251 0.336 0.015 0.043 0.016 0.007 0.037]	[-0.127  0.038  0.119 -0.039  0.069 -0.035  0.005 -0.03 ]	0.63	1.11	1.0	1.76	0.08	0.11	0.02	0.13	0.54	0.19	0.2		0.9387809687087176	0.2	False	0.102
5	['Pt', 'Pd', 'Au', 'Ru', 'Rh', 'Ir', 'Re', 'Os']	26	[0.293 0.274 0.351 0.004 0.023 0.03  0.016 0.002]	[-0.121  0.068  0.098 -0.026  0.031  0.057 -0.034 -0.073]	0.63	1.11	1.0	1.76	0.08	0.11	0.02	0.13	0.54	0.19	0.2		0.9095616676064837	0.2	False	0.133
6	['Pt', 'Pd', 'Au', 'Ru', 'Rh', 'Ir', 'Re', 'Os']	26	[0.283 0.313 0.279 0.011 0.008 0.018 0.022 0.071]	[-0.138  0.11  -0.067  0.005  0.007  0.015  0.006  0.063]	0.63	1.11	1.0	1.76	0.08	0.11	0.02	0.13	0.54	0.19	0.2		0.9570910296437509	0.2	False	0.104
7	['Pt', 'Pd', 'Au', 'Ru', 'Rh', 'Ir', 'Re', 'Os']	26	[0.357 0.322 0.266 0.004 0.005 0.025 0.015 0.003]	[ 0.006  0.121 -0.063  0.02  -0.02   0.032 -0.027 -0.068]	0.63	1.11	1.0	1.76	0.08	0.11	0.02	0.13	0.54	0.19	0.2		0.9726735348018427	0.161	False	0.129
0	['Pt', 'Pd', 'Au', 'Ru', 'Rh', 'Ir', 'Re', 'Os']	27	[0.344 0.252 0.209 0.006 0.006 0.001 0.005 0.17 ]	[ 0.03  -0.001 -0.153  0.01  -0.012 -0.006  0.008  0.124]	0.63	1.11	1.0	1.76	0.08	0.11	0.02	0.13	0.54	0.19	0.2		1.001927788714673	0.2	False	0.115
1	['Pt', 'Pd', 'Au', 'Ru', 'Rh', 'Ir', 'Re', 'Os']	27	[0.286 0.167 0.371 0.026 0.025 0.01  0.    0.131]	[-0.008 -0.144  0.049  0.06  -0.043  0.007 -0.025  0.103]	0.63	1.11	1.0	1.76	0.08	0.11	0.02	0.13	0.54	0.19	0.2		0.8978515486589527	0.2	False	0.136
2	['Pt', 'Pd', 'Au', 'Ru', 'Rh', 'Ir', 'Re', 'Os']	27	[0.404 0.304 0.258 0.007 0.002 0.001 0.001 0.043]	[ 0.07   0.066 -0.008  0.013 -0.005 -0.003 -0.008 -0.126]	0.63	1.11	1.0	1.76	0.08	0.11	0.02	0.13	0.54	0.19	0.2		1.0432342893897681	0.16	False	0.104
3	['Pt', 'Pd', 'Au', 'Ru', 'Rh', 'Ir', 'Re', 'Os']	27	[0.35  0.182 0.26  0.003 0.01  0.017 0.004 0.172]	[-0.009 -0.087 -0.064  0.023 -0.046  0.02   0.003  0.159]	0.63	1.11	1.0	1.76	0.08	0.11	0.02	0.13	0.54	0.19	0.2		0.97083752206818	0.2	False	0.109
4	['Pt', 'Pd', 'Au', 'Ru', 'Rh', 'Ir', 'Re', 'Os']	27	[0.336 0.239 0.229 0.005 0.036 0.013 0.015 0.134]	[ 0.035 -0.026 -0.143 -0.024  0.067  0.012 -0.03   0.108]	0.63	1.11	1.0	1.76	0.08	0.11	0.02	0.13	0.54	0.19	0.2		0.9783965917520909	0.2	False	0.091
5	['Pt', 'Pd', 'Au', 'Ru', 'Rh', 'Ir', 'Re', 'Os']	27	[0.368 0.252 0.239 0.002 0.007 0.012 0.002 0.113]	[ 0.07  -0.04  -0.141 -0.021 -0.003  0.025  0.     0.111]	0.63	1.11	1.0	1.76	0.08	0.11	0.02	0.13	0.54	0.19	0.2		1.0278302709355664	0.2	False	0.066
6	['Pt', 'Pd', 'Au', 'Ru', 'Rh', 'Ir', 'Re', 'Os']	27	[0.374 0.203 0.248 0.    0.019 0.001 0.026 0.136]	[ 0.106 -0.137 -0.042 -0.013 -0.031  0.006  0.037  0.074]	0.63	1.11	1.0	1.76	0.08	0.11	0.02	0.13	0.54	0.19	0.2		1.002585988210237	0.199	False	0.088
7	['Pt', 'Pd', 'Au', 'Ru', 'Rh', 'Ir', 'Re', 'Os']	27	[0.289 0.215 0.269 0.014 0.013 0.034 0.024 0.138]	[-0.071 -0.113  0.004 -0.016  0.011  0.011  0.031  0.145]	0.63	1.11	1.0	1.76	0.08	0.11	0.02	0.13	0.54	0.19	0.2		0.9241702066339015	0.2	False	0.097
0	['Pt', 'Pd', 'Au', 'Ru', 'Rh', 'Ir', 'Re', 'Os']	28	[0.38  0.284 0.307 0.002 0.004 0.002 0.007 0.006]	[ 0.037  0.033  0.1    0.006  0.007 -0.003 -0.015 -0.165]	0.63	1.11	1.0	1.76	0.08	0.11	0.02	0.13	0.54	0.19	0.2		1.0242491527816744	0.2	False	0.105
1	['Pt', 'Pd', 'Au', 'Ru', 'Rh', 'Ir', 'Re', 'Os']	28	[0.205 0.324 0.287 0.029 0.005 0.025 0.027 0.113]	[-0.081  0.157 -0.084  0.003 -0.02   0.015  0.027 -0.018]	0.63	1.11	1.0	1.76	0.08	0.11	0.02	0.13	0.54	0.19	0.2		0.8287777905348694	0.2	False	0.17
2	['Pt', 'Pd', 'Au', 'Ru', 'Rh', 'Ir', 'Re', 'Os']	28	[0.369 0.267 0.309 0.017 0.003 0.005 0.003 0.045]	[-0.035 -0.037  0.053  0.011  0.004  0.005 -0.004  0.003]	0.63	1.11	1.0	1.76	0.08	0.11	0.02	0.13	0.54	0.19	0.2		1.043862651747349	0.074	False	0.064
3	['Pt', 'Pd', 'Au', 'Ru', 'Rh', 'Ir', 'Re', 'Os']	28	[0.397 0.3   0.233 0.006 0.009 0.001 0.013 0.038]	[ 0.049  0.124 -0.03   0.002  0.012  0.005 -0.018 -0.144]	0.63	1.11	1.0	1.76	0.08	0.11	0.02	0.13	0.54	0.19	0.2		1.0188068595858237	0.2	False	0.115
4	['Pt', 'Pd', 'Au', 'Ru', 'Rh', 'Ir', 'Re', 'Os']	28	[0.413 0.284 0.239 0.004 0.031 0.012 0.005 0.019]	[ 0.093  0.052  0.007 -0.03   0.06  -0.026 -0.004 -0.153]	0.63	1.11	1.0	1.76	0.08	0.11	0.02	0.13	0.54	0.19	0.2		0.9908926092893828	0.2	False	0.129
5	['Pt', 'Pd', 'Au', 'Ru', 'Rh', 'Ir', 'Re', 'Os']	28	[0.372 0.308 0.224 0.002 0.002 0.024 0.02  0.045]	[ 0.014  0.085 -0.013  0.001 -0.007  0.038 -0.033 -0.085]	0.63	1.11	1.0	1.76	0.08	0.11	0.02	0.13	0.54	0.19	0.2		0.9876922139645572	0.132	False	0.117
6	['Pt', 'Pd', 'Au', 'Ru', 'Rh', 'Ir', 'Re', 'Os']	28	[0.385 0.297 0.29  0.001 0.008 0.013 0.008 0.006]	[ 0.011  0.102  0.045 -0.019  0.02  -0.028  0.028 -0.158]	0.63	1.11	1.0	1.76	0.08	0.11	0.02	0.13	0.54	0.19	0.2		1.010762681830689	0.2	False	0.113
7	['Pt', 'Pd', 'Au', 'Ru', 'Rh', 'Ir', 'Re', 'Os']	28	[0.36  0.274 0.272 0.023 0.008 0.039 0.013 0.007]	[ 0.075  0.062  0.002  0.027 -0.033  0.004  0.029 -0.167]	0.63	1.11	1.0	1.76	0.08	0.11	0.02	0.13	0.54	0.19	0.2		0.9600254919228357	0.2	False	0.111
0	['Pt', 'Pd', 'Au', 'Ru', 'Rh', 'Ir', 'Re', 'Os']	29	[0.309 0.197 0.364 0.005 0.001 0.003 0.016 0.098]	[-0.073 -0.089  0.063 -0.009 -0.005 -0.004  0.018  0.099]	0.63	1.11	1.0	1.76	0.08	0.11	0.02	0.13	0.54	0.19	0.2		0.9721336655204627	0.166	False	0.094
1	['Pt', 'Pd', 'Au', 'Ru', 'Rh', 'Ir', 'Re', 'Os']	29	[0.037 0.419 0.33  0.027 0.032 0.03  0.036 0.104]	[-0.168  0.095  0.043 -0.002  0.027  0.005  0.009 -0.009]	0.63	1.11	1.0	1.76	0.08	0.11	0.02	0.13	0.54	0.19	0.2		0.39497912838893073	0.2	False	0.362
2	['Pt', 'Pd', 'Au', 'Ru', 'Rh', 'Ir', 'Re', 'Os']	29	[0.363 0.239 0.264 0.022 0.003 0.002 0.005 0.12 ]	[-0.006 -0.029 -0.048  0.034 -0.014 -0.003 -0.016  0.082]	0.63	1.11	1.0	1.76	0.08	0.11	0.02	0.13	0.54	0.19	0.2		1.0445801946411861	0.107	False	0.05
3	['Pt', 'Pd', 'Au', 'Ru', 'Rh', 'Ir', 'Re', 'Os']	29	[0.334 0.191 0.343 0.02  0.005 0.021 0.011 0.07 ]	[-0.064 -0.116  0.135  0.022 -0.012 -0.033  0.022  0.045]	0.63	1.11	1.0	1.76	0.08	0.11	0.02	0.13	0.54	0.19	0.2		0.9647624623587383	0.2	False	0.086
4	['Pt', 'Pd', 'Au', 'Ru', 'Rh', 'Ir', 'Re', 'Os']	29	[0.312 0.247 0.326 0.005 0.036 0.005 0.017 0.06 ]	[-0.125 -0.044  0.114 -0.029  0.065 -0.001 -0.036  0.055]	0.63	1.11	1.0	1.76	0.08	0.11	0.02	0.13	0.54	0.19	0.2		0.9809495424222929	0.2	False	0.073
5	['Pt', 'Pd', 'Au', 'Ru', 'Rh', 'Ir', 'Re', 'Os']	29	[0.315 0.206 0.337 0.013 0.018 0.015 0.016 0.075]	[-0.06  -0.112  0.133 -0.032 -0.035  0.035  0.032  0.039]	0.63	1.11	1.0	1.76	0.08	0.11	0.02	0.13	0.54	0.19	0.2		0.9623157572355756	0.2	False	0.078
6	['Pt', 'Pd', 'Au', 'Ru', 'Rh', 'Ir', 'Re', 'Os']	29	[0.295 0.233 0.342 0.003 0.019 0.035 0.006 0.076]	[-0.092 -0.062  0.07  -0.018 -0.038  0.047  0.004  0.09 ]	0.63	1.11	1.0	1.76	0.08	0.11	0.02	0.13	0.54	0.19	0.2		0.9402632671754931	0.171	False	0.085
7	['Pt', 'Pd', 'Au', 'Ru', 'Rh', 'Ir', 'Re', 'Os']	29	[0.321 0.246 0.331 0.    0.01  0.048 0.025 0.014]	[-0.072 -0.051  0.11  -0.022 -0.029  0.118 -0.068  0.014]	0.63	1.11	1.0	1.76	0.08	0.11	0.02	0.13	0.54	0.19	0.2		0.921974432142119	0.2	False	0.111
0	['Pt', 'Pd', 'Au', 'Ru', 'Rh', 'Ir', 'Re', 'Os']	30	[0.388 0.284 0.212 0.002 0.009 0.001 0.005 0.09 ]	[ 0.08   0.088 -0.159  0.001 -0.014 -0.002  0.015 -0.01 ]	0.63	1.11	1.0	1.76	0.08	0.11	0.02	0.13	0.54	0.19	0.2		1.026202728101257	0.2	False	0.103
1	['Pt', 'Pd', 'Au', 'Ru', 'Rh', 'Ir', 'Re', 'Os']	30	[0.212 0.329 0.312 0.013 0.016 0.012 0.018 0.103]	[ 0.175 -0.09  -0.018 -0.014 -0.016 -0.018 -0.018 -0.001]	0.63	1.11	1.0	1.76	0.08	0.11	0.02	0.13	0.54	0.19	0.2		0.8585254759584122	0.2	False	0.162
2	['Pt', 'Pd', 'Au', 'Ru', 'Rh', 'Ir', 'Re', 'Os']	30	[0.409 0.279 0.269 0.012 0.001 0.004 0.    0.045]	[ 0.048  0.041  0.001  0.028 -0.008 -0.013 -0.007 -0.091]	0.63	1.11	1.0	1.76	0.08	0.11	0.02	0.13	0.54	0.19	0.2		1.046963480501154	0.115	False	0.092
3	['Pt', 'Pd', 'Au', 'Ru', 'Rh', 'Ir', 'Re', 'Os']	30	[0.382 0.231 0.205 0.014 0.006 0.014 0.018 0.126]	[ 0.055  0.046 -0.166  0.026 -0.026  0.027 -0.027  0.065]	0.63	1.11	1.0	1.76	0.08	0.11	0.02	0.13	0.54	0.19	0.2		0.9925965715358931	0.2	False	0.109
4	['Pt', 'Pd', 'Au', 'Ru', 'Rh', 'Ir', 'Re', 'Os']	30	[0.374 0.211 0.224 0.012 0.033 0.015 0.001 0.136]	[ 0.077 -0.045 -0.127 -0.035  0.065 -0.037  0.007  0.095]	0.63	1.11	1.0	1.76	0.08	0.11	0.02	0.13	0.54	0.19	0.2		0.980636536843791	0.2	False	0.103
5	['Pt', 'Pd', 'Au', 'Ru', 'Rh', 'Ir', 'Re', 'Os']	30	[0.424 0.296 0.252 0.006 0.005 0.002 0.004 0.004]	[ 0.1    0.077 -0.132 -0.028 -0.008 -0.023 -0.045  0.059]	0.63	1.11	1.0	1.76	0.08	0.11	0.02	0.13	0.54	0.19	0.2		1.0090790532748615	0.2	False	0.139
6	['Pt', 'Pd', 'Au', 'Ru', 'Rh', 'Ir', 'Re', 'Os']	30	[0.397 0.233 0.213 0.002 0.031 0.029 0.014 0.088]	[ 0.111 -0.008 -0.157 -0.014  0.006  0.051  0.004  0.006]	0.63	1.11	1.0	1.76	0.08	0.11	0.02	0.13	0.54	0.19	0.2		0.9679782685154208	0.2	False	0.111
7	['Pt', 'Pd', 'Au', 'Ru', 'Rh', 'Ir', 'Re', 'Os']	30	[0.348 0.237 0.266 0.003 0.007 0.024 0.001 0.109]	[ 0.054  0.005 -0.072 -0.019  0.013 -0.115  0.001  0.134]	0.63	1.11	1.0	1.76	0.08	0.11	0.02	0.13	0.54	0.19	0.2		1.0114869130729776	0.2	False	0.045
