ID	Elements	Generation	Position	Velocity	F_damp	F_b_best	F_h_best	F_g_best	F_b_worst	F_h_worst	F_g_worst	mut_prob	flip_prob	mut_rate	v_max	v_min	Activity	Velocity_mag	Flag	Distance
0	['Pt', 'Pd', 'Au', 'Ru', 'Rh', 'Ir', 'Re', 'Os']	0	[0.79 0.03 0.03 0.03 0.03 0.03 0.03 0.03]	[-0.187  0.027  0.027  0.027  0.027  0.027  0.027  0.027]	0.63	1.11	1.0	1.76	0.08	0.11	0.02	0.13	0.54	0.19	0.2		0.4429187652207028	0.2	False	0.569
1	['Pt', 'Pd', 'Au', 'Ru', 'Rh', 'Ir', 'Re', 'Os']	0	[0.03 0.79 0.03 0.03 0.03 0.03 0.03 0.03]	[ 0.027 -0.187  0.027  0.027  0.027  0.027  0.027  0.027]	0.63	1.11	1.0	1.76	0.08	0.11	0.02	0.13	0.54	0.19	0.2		0.20560014505118765	0.2	False	0.689
2	['Pt', 'Pd', 'Au', 'Ru', 'Rh', 'Ir', 'Re', 'Os']	0	[0.03 0.03 0.79 0.03 0.03 0.03 0.03 0.03]	[ 0.027  0.027 -0.187  0.027  0.027  0.027  0.027  0.027]	0.63	1.11	1.0	1.76	0.08	0.11	0.02	0.13	0.54	0.19	0.2		0.2149894158498778	0.2	False	0.632
3	['Pt', 'Pd', 'Au', 'Ru', 'Rh', 'Ir', 'Re', 'Os']	0	[0.03 0.03 0.03 0.79 0.03 0.03 0.03 0.03]	[ 0.027  0.027  0.027 -0.187  0.027  0.027  0.027  0.027]	0.63	1.11	1.0	1.76	0.08	0.11	0.02	0.13	0.54	0.19	0.2		0.12265296114671781	0.2	False	0.925
4	['Pt', 'Pd', 'Au', 'Ru', 'Rh', 'Ir', 'Re', 'Os']	0	[0.03 0.03 0.03 0.03 0.79 0.03 0.03 0.03]	[ 0.027  0.027  0.027  0.027 -0.187  0.027  0.027  0.027]	0.63	1.11	1.0	1.76	0.08	0.11	0.02	0.13	0.54	0.19	0.2		0.2961943697576309	0.2	False	0.925
5	['Pt', 'Pd', 'Au', 'Ru', 'Rh', 'Ir', 'Re', 'Os']	0	[0.03 0.03 0.03 0.03 0.03 0.79 0.03 0.03]	[ 0.027  0.027  0.027  0.027  0.027 -0.187  0.027  0.027]	0.63	1.11	1.0	1.76	0.08	0.11	0.02	0.13	0.54	0.19	0.2		0.3414716944973704	0.2	False	0.925
6	['Pt', 'Pd', 'Au', 'Ru', 'Rh', 'Ir', 'Re', 'Os']	0	[0.03 0.03 0.03 0.03 0.03 0.03 0.79 0.03]	[ 0.027  0.027  0.027  0.027  0.027  0.027 -0.187  0.027]	0.63	1.11	1.0	1.76	0.08	0.11	0.02	0.13	0.54	0.19	0.2		0.3145140039050876	0.2	False	0.925
7	['Pt', 'Pd', 'Au', 'Ru', 'Rh', 'Ir', 'Re', 'Os']	0	[0.03 0.03 0.03 0.03 0.03 0.03 0.03 0.79]	[ 0.027  0.027  0.027  0.027  0.027  0.027  0.027 -0.187]	0.63	1.11	1.0	1.76	0.08	0.11	0.02	0.13	0.54	0.19	0.2		0.32838217395326336	0.2	False	0.839
0	['Pt', 'Pd', 'Au', 'Ru', 'Rh', 'Ir', 'Re', 'Os']	1	[0.754 0.032 0.032 0.051 0.032 0.032 0.032 0.032]	[-0.052 -0.004 -0.004  0.077 -0.004 -0.004 -0.004 -0.004]	0.63	1.11	1.0	1.76	0.08	0.11	0.02	0.13	0.54	0.19	0.2		0.4582209010974597	0.093	False	0.541
1	['Pt', 'Pd', 'Au', 'Ru', 'Rh', 'Ir', 'Re', 'Os']	1	[0.077 0.632 0.05  0.042 0.048 0.05  0.05  0.05 ]	[ 0.087 -0.176  0.017  0.008  0.014  0.017  0.017  0.017]	0.63	1.11	1.0	1.76	0.08	0.11	0.02	0.13	0.54	0.19	0.2		0.24800631563752654	0.199	False	0.543
2	['Pt', 'Pd', 'Au', 'Ru', 'Rh', 'Ir', 'Re', 'Os']	1	[0.172 0.031 0.649 0.025 0.031 0.031 0.029 0.031]	[ 0.142  0.001 -0.141 -0.005  0.001  0.001 -0.001  0.001]	0.63	1.11	1.0	1.76	0.08	0.11	0.02	0.13	0.54	0.19	0.2		0.35528246473722874	0.2	False	0.458
3	['Pt', 'Pd', 'Au', 'Ru', 'Rh', 'Ir', 'Re', 'Os']	1	[0.106 0.    0.    0.895 0.    0.    0.    0.   ]	[ 0.122 -0.041 -0.041  0.123 -0.041 -0.041 -0.041 -0.041]	0.63	1.11	1.0	1.76	0.08	0.11	0.02	0.13	0.54	0.19	0.2		0.1683522020151975	0.2	False	1.011
4	['Pt', 'Pd', 'Au', 'Ru', 'Rh', 'Ir', 'Re', 'Os']	1	[0.157 0.034 0.036 0.029 0.636 0.036 0.036 0.036]	[ 0.127  0.004  0.006 -0.001 -0.154  0.006  0.006  0.006]	0.63	1.11	1.0	1.76	0.08	0.11	0.02	0.13	0.54	0.19	0.2		0.29712742636324185	0.2	False	0.752
5	['Pt', 'Pd', 'Au', 'Ru', 'Rh', 'Ir', 'Re', 'Os']	1	[0.172 0.031 0.031 0.025 0.029 0.649 0.031 0.031]	[ 0.142  0.001  0.001 -0.005 -0.001 -0.141  0.001  0.001]	0.63	1.11	1.0	1.76	0.08	0.11	0.02	0.13	0.54	0.19	0.2		0.3266907540848139	0.2	False	0.762
6	['Pt', 'Pd', 'Au', 'Ru', 'Rh', 'Ir', 'Re', 'Os']	1	[0.171 0.031 0.031 0.025 0.031 0.031 0.649 0.031]	[ 0.141  0.001  0.001 -0.005  0.001  0.001 -0.141  0.001]	0.63	1.11	1.0	1.76	0.08	0.11	0.02	0.13	0.54	0.19	0.2		0.30714692156651163	0.199	False	0.762
7	['Pt', 'Pd', 'Au', 'Ru', 'Rh', 'Ir', 'Re', 'Os']	1	[0.171 0.031 0.031 0.025 0.031 0.031 0.031 0.649]	[ 0.141  0.001  0.001 -0.005  0.001  0.001  0.001 -0.141]	0.63	1.11	1.0	1.76	0.08	0.11	0.02	0.13	0.54	0.19	0.2		0.3688241333902895	0.199	False	0.676
0	['Pt', 'Pd', 'Au', 'Ru', 'Rh', 'Ir', 'Re', 'Os']	2	[0.802 0.031 0.031 0.006 0.031 0.031 0.031 0.031]	[ 0.042 -0.015 -0.015  0.05  -0.015 -0.015 -0.015 -0.015]	0.63	1.11	1.0	1.76	0.08	0.11	0.02	0.13	0.54	0.19	0.2		0.4391784405558662	0.076	False	0.576
1	['Pt', 'Pd', 'Au', 'Ru', 'Rh', 'Ir', 'Re', 'Os']	2	[0.226 0.499 0.047 0.035 0.045 0.047 0.052 0.047]	[ 0.149 -0.133 -0.003 -0.007 -0.003 -0.003  0.002 -0.003]	0.63	1.11	1.0	1.76	0.08	0.11	0.02	0.13	0.54	0.19	0.2		0.5273123000762696	0.2	False	0.39
2	['Pt', 'Pd', 'Au', 'Ru', 'Rh', 'Ir', 'Re', 'Os']	2	[0.313 0.032 0.508 0.022 0.032 0.032 0.03  0.032]	[ 0.141  0.001 -0.141 -0.003  0.001  0.001  0.001  0.001]	0.63	1.11	1.0	1.76	0.08	0.11	0.02	0.13	0.54	0.19	0.2		0.6031064040824254	0.199	False	0.317
3	['Pt', 'Pd', 'Au', 'Ru', 'Rh', 'Ir', 'Re', 'Os']	2	[0.234 0.004 0.004 0.742 0.004 0.003 0.004 0.004]	[ 0.128  0.004  0.004 -0.153  0.004  0.002  0.004  0.004]	0.63	1.11	1.0	1.76	0.08	0.11	0.02	0.13	0.54	0.19	0.2		0.1899727339382253	0.2	False	0.849
4	['Pt', 'Pd', 'Au', 'Ru', 'Rh', 'Ir', 'Re', 'Os']	2	[0.301 0.034 0.036 0.025 0.497 0.036 0.036 0.036]	[ 0.144  0.    -0.    -0.004 -0.139 -0.    -0.    -0.   ]	0.63	1.11	1.0	1.76	0.08	0.11	0.02	0.13	0.54	0.19	0.2		0.32146807685403495	0.2	False	0.611
5	['Pt', 'Pd', 'Au', 'Ru', 'Rh', 'Ir', 'Re', 'Os']	2	[0.313 0.032 0.032 0.022 0.031 0.507 0.031 0.032]	[ 0.141  0.001  0.001 -0.003  0.002 -0.142 -0.     0.001]	0.63	1.11	1.0	1.76	0.08	0.11	0.02	0.13	0.54	0.19	0.2		0.31582273083021867	0.2	False	0.62
6	['Pt', 'Pd', 'Au', 'Ru', 'Rh', 'Ir', 'Re', 'Os']	2	[0.313 0.032 0.032 0.022 0.031 0.032 0.508 0.032]	[ 0.142  0.001  0.001 -0.003 -0.     0.001 -0.141  0.001]	0.63	1.11	1.0	1.76	0.08	0.11	0.02	0.13	0.54	0.19	0.2		0.3314940097623294	0.2	False	0.621
7	['Pt', 'Pd', 'Au', 'Ru', 'Rh', 'Ir', 'Re', 'Os']	2	[0.312 0.032 0.032 0.022 0.032 0.032 0.032 0.508]	[ 0.141  0.001  0.001 -0.003  0.001  0.001  0.001 -0.141]	0.63	1.11	1.0	1.76	0.08	0.11	0.02	0.13	0.54	0.19	0.2		0.4540211925656544	0.199	False	0.539
0	['Pt', 'Pd', 'Au', 'Ru', 'Rh', 'Ir', 'Re', 'Os']	3	[0.661 0.03  0.173 0.009 0.03  0.03  0.03  0.03 ]	[-0.141 -0.001  0.142  0.003 -0.001 -0.001 -0.001 -0.001]	0.63	1.11	1.0	1.76	0.08	0.11	0.02	0.13	0.54	0.19	0.2		0.5969822211392489	0.2	False	0.411
1	['Pt', 'Pd', 'Au', 'Ru', 'Rh', 'Ir', 'Re', 'Os']	3	[0.261 0.355 0.18  0.019 0.046 0.041 0.056 0.041]	[ 0.035 -0.144  0.133 -0.016  0.001 -0.006  0.004 -0.006]	0.63	1.11	1.0	1.76	0.08	0.11	0.02	0.13	0.54	0.19	0.2		0.7761209206378157	0.2	False	0.21
2	['Pt', 'Pd', 'Au', 'Ru', 'Rh', 'Ir', 'Re', 'Os']	3	[0.422 0.015 0.438 0.069 0.015 0.015 0.012 0.015]	[ 0.115 -0.022 -0.079  0.074 -0.022 -0.022 -0.023 -0.022]	0.63	1.11	1.0	1.76	0.08	0.11	0.02	0.13	0.54	0.19	0.2		0.7049493805288197	0.166	False	0.303
3	['Pt', 'Pd', 'Au', 'Ru', 'Rh', 'Ir', 'Re', 'Os']	3	[0.262 0.013 0.117 0.58  0.    0.012 0.    0.013]	[ 0.028  0.009  0.113 -0.162 -0.004  0.009 -0.004  0.009]	0.63	1.11	1.0	1.76	0.08	0.11	0.02	0.13	0.54	0.19	0.2		0.2781002146828176	0.2	False	0.664
4	['Pt', 'Pd', 'Au', 'Ru', 'Rh', 'Ir', 'Re', 'Os']	3	[0.318 0.034 0.175 0.014 0.355 0.035 0.035 0.035]	[ 0.017 -0.     0.139 -0.011 -0.142 -0.001 -0.001 -0.001]	0.63	1.11	1.0	1.76	0.08	0.11	0.02	0.13	0.54	0.19	0.2		0.4030014952224124	0.2	False	0.443
5	['Pt', 'Pd', 'Au', 'Ru', 'Rh', 'Ir', 'Re', 'Os']	3	[0.288 0.032 0.188 0.012 0.032 0.385 0.031 0.032]	[-0.025  0.     0.156 -0.01   0.001 -0.122 -0.     0.   ]	0.63	1.11	1.0	1.76	0.08	0.11	0.02	0.13	0.54	0.19	0.2		0.30206669763197336	0.2	False	0.468
6	['Pt', 'Pd', 'Au', 'Ru', 'Rh', 'Ir', 'Re', 'Os']	3	[0.325 0.033 0.171 0.012 0.032 0.033 0.365 0.032]	[ 0.012  0.001  0.139 -0.01   0.001  0.001 -0.143 -0.   ]	0.63	1.11	1.0	1.76	0.08	0.11	0.02	0.13	0.54	0.19	0.2		0.4193061686504116	0.2	False	0.452
7	['Pt', 'Pd', 'Au', 'Ru', 'Rh', 'Ir', 'Re', 'Os']	3	[0.325 0.032 0.171 0.012 0.032 0.032 0.032 0.365]	[ 0.013  0.     0.139 -0.01   0.     0.    -0.    -0.143]	0.63	1.11	1.0	1.76	0.08	0.11	0.02	0.13	0.54	0.19	0.2		0.6009460603582366	0.2	False	0.372
0	['Pt', 'Pd', 'Au', 'Ru', 'Rh', 'Ir', 'Re', 'Os']	4	[0.505 0.153 0.163 0.008 0.042 0.039 0.045 0.039]	[-0.156  0.123 -0.01  -0.001  0.012  0.009  0.015  0.009]	0.63	1.11	1.0	1.76	0.08	0.11	0.02	0.13	0.54	0.19	0.2		0.7872242731284695	0.2	False	0.248
1	['Pt', 'Pd', 'Au', 'Ru', 'Rh', 'Ir', 'Re', 'Os']	4	[0.284 0.245 0.267 0.096 0.029 0.016 0.044 0.017]	[ 0.023 -0.11   0.087  0.077 -0.017 -0.025 -0.012 -0.024]	0.63	1.11	1.0	1.76	0.08	0.11	0.02	0.13	0.54	0.19	0.2		0.859336440052932	0.167	False	0.157
2	['Pt', 'Pd', 'Au', 'Ru', 'Rh', 'Ir', 'Re', 'Os']	4	[0.372 0.163 0.318 0.044 0.027 0.024 0.029 0.024]	[-0.05   0.148 -0.12  -0.025  0.012  0.009  0.017  0.009]	0.63	1.11	1.0	1.76	0.08	0.11	0.02	0.13	0.54	0.19	0.2		0.9073762539399248	0.2	False	0.135
3	['Pt', 'Pd', 'Au', 'Ru', 'Rh', 'Ir', 'Re', 'Os']	4	[0.266 0.11  0.143 0.409 0.012 0.021 0.015 0.021]	[ 0.004  0.097  0.026 -0.171  0.012  0.009  0.015  0.008]	0.63	1.11	1.0	1.76	0.08	0.11	0.02	0.13	0.54	0.19	0.2		0.47142730032595226	0.2	False	0.475
4	['Pt', 'Pd', 'Au', 'Ru', 'Rh', 'Ir', 'Re', 'Os']	4	[0.261 0.089 0.153 0.027 0.465 0.001 0.004 0.001]	[-0.06   0.112 -0.02  -0.053  0.129 -0.038 -0.031 -0.038]	0.63	1.11	1.0	1.76	0.08	0.11	0.02	0.13	0.54	0.19	0.2		0.3806765047317796	0.2	False	0.531
5	['Pt', 'Pd', 'Au', 'Ru', 'Rh', 'Ir', 'Re', 'Os']	4	[0.223 0.195 0.172 0.003 0.038 0.291 0.042 0.035]	[-0.065  0.163 -0.016 -0.009  0.006 -0.094  0.011  0.003]	0.63	1.11	1.0	1.76	0.08	0.11	0.02	0.13	0.54	0.19	0.2		0.38261226307370433	0.2	False	0.357
6	['Pt', 'Pd', 'Au', 'Ru', 'Rh', 'Ir', 'Re', 'Os']	4	[0.303 0.171 0.191 0.002 0.039 0.037 0.224 0.037]	[-0.022  0.138  0.02  -0.01   0.007  0.004 -0.141  0.005]	0.63	1.11	1.0	1.76	0.08	0.11	0.02	0.13	0.54	0.19	0.2		0.6395676716170395	0.2	False	0.278
7	['Pt', 'Pd', 'Au', 'Ru', 'Rh', 'Ir', 'Re', 'Os']	4	[0.313 0.172 0.159 0.007 0.044 0.033 0.048 0.224]	[-0.012  0.14  -0.012 -0.005  0.012  0.001  0.016 -0.141]	0.63	1.11	1.0	1.76	0.08	0.11	0.02	0.13	0.54	0.19	0.2		0.8004367957201589	0.2	False	0.219
0	['Pt', 'Pd', 'Au', 'Ru', 'Rh', 'Ir', 'Re', 'Os']	5	[0.369 0.192 0.301 0.008 0.021 0.033 0.04  0.033]	[-0.138  0.037  0.136  0.012 -0.023 -0.008 -0.007 -0.008]	0.63	1.11	1.0	1.76	0.08	0.11	0.02	0.13	0.54	0.19	0.2		0.9341951323902513	0.2	False	0.107
1	['Pt', 'Pd', 'Au', 'Ru', 'Rh', 'Ir', 'Re', 'Os']	5	[0.393 0.113 0.355 0.053 0.001 0.014 0.057 0.014]	[ 0.102 -0.14   0.081 -0.051  0.023 -0.01   0.006 -0.011]	0.63	1.11	1.0	1.76	0.08	0.11	0.02	0.13	0.54	0.19	0.2		0.8604967925477445	0.2	False	0.193
2	['Pt', 'Pd', 'Au', 'Ru', 'Rh', 'Ir', 'Re', 'Os']	5	[0.383 0.274 0.225 0.012 0.014 0.028 0.039 0.028]	[ 0.005  0.106 -0.101 -0.039  0.031 -0.003  0.004 -0.003]	0.63	1.11	1.0	1.76	0.08	0.11	0.02	0.13	0.54	0.19	0.2		0.9599529216955898	0.155	False	0.123
3	['Pt', 'Pd', 'Au', 'Ru', 'Rh', 'Ir', 'Re', 'Os']	5	[0.338 0.165 0.086 0.247 0.031 0.043 0.043 0.043]	[ 0.072  0.055 -0.057 -0.162  0.019  0.022  0.028  0.022]	0.63	1.11	1.0	1.76	0.08	0.11	0.02	0.13	0.54	0.19	0.2		0.6202436163701834	0.2	False	0.349
4	['Pt', 'Pd', 'Au', 'Ru', 'Rh', 'Ir', 'Re', 'Os']	5	[0.311 0.12  0.22  0.025 0.287 0.011 0.015 0.011]	[ 0.05   0.031  0.067 -0.002 -0.178  0.01   0.011  0.01 ]	0.63	1.11	1.0	1.76	0.08	0.11	0.02	0.13	0.54	0.19	0.2		0.5485949543835519	0.2	False	0.341
5	['Pt', 'Pd', 'Au', 'Ru', 'Rh', 'Ir', 'Re', 'Os']	5	[0.3   0.204 0.256 0.022 0.023 0.129 0.037 0.029]	[ 0.077  0.009  0.084  0.019 -0.015 -0.162 -0.005 -0.006]	0.63	1.11	1.0	1.76	0.08	0.11	0.02	0.13	0.54	0.19	0.2		0.7233711679352945	0.2	False	0.175
6	['Pt', 'Pd', 'Au', 'Ru', 'Rh', 'Ir', 'Re', 'Os']	5	[0.349 0.195 0.291 0.026 0.021 0.031 0.062 0.03 ]	[ 0.046  0.024  0.1    0.024 -0.018 -0.006 -0.162 -0.007]	0.63	1.11	1.0	1.76	0.08	0.11	0.02	0.13	0.54	0.19	0.2		0.9072365102352928	0.2	False	0.118
7	['Pt', 'Pd', 'Au', 'Ru', 'Rh', 'Ir', 'Re', 'Os']	5	[0.358 0.194 0.266 0.026 0.024 0.028 0.039 0.065]	[ 0.045  0.022  0.107  0.019 -0.02  -0.005 -0.009 -0.159]	0.63	1.11	1.0	1.76	0.08	0.11	0.02	0.13	0.54	0.19	0.2		0.9385396926108374	0.2	False	0.096
0	['Pt', 'Pd', 'Au', 'Ru', 'Rh', 'Ir', 'Re', 'Os']	6	[0.313 0.365 0.241 0.    0.024 0.013 0.028 0.013]	[-0.061  0.171 -0.065 -0.013  0.034 -0.025 -0.017 -0.025]	0.63	1.11	1.0	1.76	0.08	0.11	0.02	0.13	0.54	0.19	0.2		0.9192600965875828	0.2	False	0.165
1	['Pt', 'Pd', 'Au', 'Ru', 'Rh', 'Ir', 'Re', 'Os']	6	[0.422 0.249 0.234 0.016 0.001 0.021 0.033 0.021]	[ 0.017  0.128 -0.137  0.053 -0.013 -0.005 -0.037 -0.005]	0.63	1.11	1.0	1.76	0.08	0.11	0.02	0.13	0.54	0.19	0.2		0.9752125220021179	0.2	False	0.133
2	['Pt', 'Pd', 'Au', 'Ru', 'Rh', 'Ir', 'Re', 'Os']	6	[0.418 0.371 0.11  0.029 0.007 0.017 0.034 0.017]	[ 0.036  0.099 -0.117  0.033 -0.023 -0.011 -0.005 -0.011]	0.63	1.11	1.0	1.76	0.08	0.11	0.02	0.13	0.54	0.19	0.2		0.8520667374318263	0.163	False	0.254
3	['Pt', 'Pd', 'Au', 'Ru', 'Rh', 'Ir', 'Re', 'Os']	6	[0.4   0.262 0.03  0.096 0.035 0.056 0.063 0.056]	[ 0.062  0.097 -0.056 -0.151  0.004  0.013  0.02   0.013]	0.63	1.11	1.0	1.76	0.08	0.11	0.02	0.13	0.54	0.19	0.2		0.695872727214053	0.2	False	0.308
4	['Pt', 'Pd', 'Au', 'Ru', 'Rh', 'Ir', 'Re', 'Os']	6	[0.36  0.206 0.234 0.015 0.115 0.021 0.029 0.021]	[ 0.049  0.086  0.014 -0.01  -0.172  0.01   0.014  0.01 ]	0.63	1.11	1.0	1.76	0.08	0.11	0.02	0.13	0.54	0.19	0.2		0.8429055205922145	0.2	False	0.165
5	['Pt', 'Pd', 'Au', 'Ru', 'Rh', 'Ir', 'Re', 'Os']	6	[0.398 0.283 0.243 0.004 0.004 0.016 0.033 0.021]	[ 0.077  0.053 -0.062 -0.068 -0.023  0.129 -0.051 -0.056]	0.63	1.11	1.0	1.76	0.08	0.11	0.02	0.13	0.54	0.19	0.2		0.9929758252744729	0.2	False	0.119
6	['Pt', 'Pd', 'Au', 'Ru', 'Rh', 'Ir', 'Re', 'Os']	6	[0.407 0.311 0.222 0.009 0.    0.007 0.039 0.007]	[ 0.05   0.116 -0.096 -0.063 -0.004 -0.044  0.084 -0.043]	0.63	1.11	1.0	1.76	0.08	0.11	0.02	0.13	0.54	0.19	0.2		0.9780791453700501	0.2	False	0.153
7	['Pt', 'Pd', 'Au', 'Ru', 'Rh', 'Ir', 'Re', 'Os']	6	[0.36  0.268 0.18  0.005 0.028 0.009 0.022 0.128]	[-0.002  0.089 -0.114  0.022  0.042 -0.009 -0.104  0.075]	0.63	1.11	1.0	1.76	0.08	0.11	0.02	0.13	0.54	0.19	0.2		0.9694239314008226	0.2	False	0.13
0	['Pt', 'Pd', 'Au', 'Ru', 'Rh', 'Ir', 'Re', 'Os']	7	[0.433 0.213 0.282 0.008 0.    0.007 0.033 0.023]	[ 0.12  -0.152  0.041  0.006 -0.024 -0.006  0.005  0.01 ]	0.63	1.11	1.0	1.76	0.08	0.11	0.02	0.13	0.54	0.19	0.2		0.9948949515412273	0.2	False	0.125
1	['Pt', 'Pd', 'Au', 'Ru', 'Rh', 'Ir', 'Re', 'Os']	7	[0.399 0.374 0.207 0.007 0.002 0.003 0.    0.004]	[-0.032  0.123 -0.036  0.013 -0.007  0.009 -0.044 -0.026]	0.63	1.11	1.0	1.76	0.08	0.11	0.02	0.13	0.54	0.19	0.2		0.9578845829014311	0.142	False	0.189
2	['Pt', 'Pd', 'Au', 'Ru', 'Rh', 'Ir', 'Re', 'Os']	7	[0.333 0.425 0.21  0.011 0.    0.003 0.015 0.007]	[-0.103  0.068  0.124  0.036 -0.004 -0.012 -0.088 -0.021]	0.63	1.11	1.0	1.76	0.08	0.11	0.02	0.13	0.54	0.19	0.2		0.8933289450742361	0.2	False	0.219
3	['Pt', 'Pd', 'Au', 'Ru', 'Rh', 'Ir', 'Re', 'Os']	7	[0.413 0.302 0.174 0.018 0.004 0.023 0.039 0.027]	[-0.012  0.018  0.132  0.093 -0.06  -0.062 -0.052 -0.058]	0.63	1.11	1.0	1.76	0.08	0.11	0.02	0.13	0.54	0.19	0.2		0.934672673530818	0.2	False	0.174
4	['Pt', 'Pd', 'Au', 'Ru', 'Rh', 'Ir', 'Re', 'Os']	7	[0.401 0.287 0.244 0.006 0.042 0.001 0.018 0.004]	[ 0.016  0.068 -0.025 -0.031  0.151 -0.067 -0.052 -0.06 ]	0.63	1.11	1.0	1.76	0.08	0.11	0.02	0.13	0.54	0.19	0.2		0.9814018571098964	0.2	False	0.136
5	['Pt', 'Pd', 'Au', 'Ru', 'Rh', 'Ir', 'Re', 'Os']	7	[0.419 0.301 0.193 0.041 0.    0.02  0.021 0.004]	[ 0.046  0.04  -0.097  0.056 -0.041  0.012 -0.013 -0.003]	0.63	1.11	1.0	1.76	0.08	0.11	0.02	0.13	0.54	0.19	0.2		0.9478057550553045	0.135	False	0.175
6	['Pt', 'Pd', 'Au', 'Ru', 'Rh', 'Ir', 'Re', 'Os']	7	[0.403 0.302 0.222 0.053 0.008 0.004 0.01  0.003]	[ 0.014  0.008  0.02   0.074 -0.027 -0.015 -0.049 -0.025]	0.63	1.11	1.0	1.76	0.08	0.11	0.02	0.13	0.54	0.19	0.2		0.9843312615865827	0.101	False	0.155
7	['Pt', 'Pd', 'Au', 'Ru', 'Rh', 'Ir', 'Re', 'Os']	7	[0.329 0.231 0.15  0.02  0.01  0.003 0.033 0.226]	[-0.052 -0.062 -0.051  0.013  0.039 -0.01  -0.042  0.165]	0.63	1.11	1.0	1.76	0.08	0.11	0.02	0.13	0.54	0.19	0.2		0.8952962344036761	0.2	False	0.202
0	['Pt', 'Pd', 'Au', 'Ru', 'Rh', 'Ir', 'Re', 'Os']	8	[0.49  0.104 0.333 0.    0.015 0.005 0.03  0.022]	[ 0.058 -0.11   0.052  0.005  0.011 -0.014 -0.002 -0.   ]	0.63	1.11	1.0	1.76	0.08	0.11	0.02	0.13	0.54	0.19	0.2		0.8736417816105915	0.136	False	0.222
1	['Pt', 'Pd', 'Au', 'Ru', 'Rh', 'Ir', 'Re', 'Os']	8	[0.446 0.198 0.283 0.008 0.002 0.014 0.025 0.021]	[ 0.049 -0.175  0.078  0.002 -0.004  0.012  0.019  0.018]	0.63	1.11	1.0	1.76	0.08	0.11	0.02	0.13	0.54	0.19	0.2		0.9761568475801832	0.2	False	0.139
2	['Pt', 'Pd', 'Au', 'Ru', 'Rh', 'Ir', 'Re', 'Os']	8	[0.412 0.255 0.277 0.013 0.005 0.013 0.023 0.003]	[ 0.078 -0.171  0.066  0.001  0.004  0.009  0.007  0.008]	0.63	1.11	1.0	1.76	0.08	0.11	0.02	0.13	0.54	0.19	0.2		0.9971145599158304	0.2	False	0.121
3	['Pt', 'Pd', 'Au', 'Ru', 'Rh', 'Ir', 'Re', 'Os']	8	[0.442 0.199 0.328 0.006 0.011 0.003 0.009 0.002]	[ 0.022 -0.115  0.152  0.     0.002  0.016 -0.039 -0.039]	0.63	1.11	1.0	1.76	0.08	0.11	0.02	0.13	0.54	0.19	0.2		0.9839773216356575	0.2	False	0.147
4	['Pt', 'Pd', 'Au', 'Ru', 'Rh', 'Ir', 'Re', 'Os']	8	[0.496 0.149 0.316 0.017 0.014 0.003 0.006 0.004]	[ 0.091 -0.156  0.066  0.007  0.043 -0.008 -0.023 -0.02 ]	0.63	1.11	1.0	1.76	0.08	0.11	0.02	0.13	0.54	0.19	0.2		0.9197115386645993	0.2	False	0.204
5	['Pt', 'Pd', 'Au', 'Ru', 'Rh', 'Ir', 'Re', 'Os']	8	[0.445 0.166 0.311 0.009 0.005 0.004 0.029 0.027]	[ 0.014 -0.16   0.113  0.034 -0.013  0.007 -0.006  0.011]	0.63	1.11	1.0	1.76	0.08	0.11	0.02	0.13	0.54	0.19	0.2		0.9647199813775333	0.2	False	0.15
6	['Pt', 'Pd', 'Au', 'Ru', 'Rh', 'Ir', 'Re', 'Os']	8	[0.466 0.16  0.328 0.003 0.018 0.004 0.01  0.014]	[ 0.065 -0.141  0.108 -0.059  0.022 -0.01   0.002  0.013]	0.63	1.11	1.0	1.76	0.08	0.11	0.02	0.13	0.54	0.19	0.2		0.9469045722782867	0.2	False	0.174
7	['Pt', 'Pd', 'Au', 'Ru', 'Rh', 'Ir', 'Re', 'Os']	8	[0.409 0.215 0.244 0.03  0.011 0.002 0.02  0.07 ]	[ 0.08  -0.016  0.094  0.01   0.001 -0.001 -0.013 -0.156]	0.63	1.11	1.0	1.76	0.08	0.11	0.02	0.13	0.54	0.19	0.2		1.0086254322907233	0.2	False	0.101
0	['Pt', 'Pd', 'Au', 'Ru', 'Rh', 'Ir', 'Re', 'Os']	9	[0.387 0.237 0.24  0.026 0.021 0.004 0.017 0.068]	[-0.104  0.132 -0.094  0.025  0.005  0.007 -0.014  0.045]	0.63	1.11	1.0	1.76	0.08	0.11	0.02	0.13	0.54	0.19	0.2		1.0097948457937886	0.2	False	0.087
1	['Pt', 'Pd', 'Au', 'Ru', 'Rh', 'Ir', 'Re', 'Os']	9	[0.401 0.098 0.234 0.046 0.011 0.033 0.013 0.162]	[-0.045 -0.1   -0.049  0.038  0.009  0.019 -0.012  0.141]	0.63	1.11	1.0	1.76	0.08	0.11	0.02	0.13	0.54	0.19	0.2		0.846691570533125	0.191	False	0.193
2	['Pt', 'Pd', 'Au', 'Ru', 'Rh', 'Ir', 'Re', 'Os']	9	[0.401 0.322 0.14  0.013 0.004 0.026 0.002 0.093]	[-0.012  0.073 -0.15  -0.04  -0.008  0.029  0.011  0.098]	0.63	1.11	1.0	1.76	0.08	0.11	0.02	0.13	0.54	0.19	0.2		0.9367745978225313	0.2	False	0.185
3	['Pt', 'Pd', 'Au', 'Ru', 'Rh', 'Ir', 'Re', 'Os']	9	[0.398 0.196 0.219 0.006 0.008 0.005 0.008 0.158]	[-0.045 -0.004 -0.11   0.009 -0.004  0.001 -0.002  0.155]	0.63	1.11	1.0	1.76	0.08	0.11	0.02	0.13	0.54	0.19	0.2		0.9897122194200247	0.196	False	0.124
4	['Pt', 'Pd', 'Au', 'Ru', 'Rh', 'Ir', 'Re', 'Os']	9	[0.386 0.263 0.22  0.023 0.008 0.002 0.02  0.078]	[-0.11   0.114 -0.096  0.006 -0.006  0.004  0.014  0.074]	0.63	1.11	1.0	1.76	0.08	0.11	0.02	0.13	0.54	0.19	0.2		1.019620834383721	0.2	False	0.097
5	['Pt', 'Pd', 'Au', 'Ru', 'Rh', 'Ir', 'Re', 'Os']	9	[0.36  0.278 0.195 0.042 0.003 0.009 0.009 0.098]	[-0.085  0.112 -0.117  0.033 -0.002  0.01  -0.02   0.071]	0.63	1.11	1.0	1.76	0.08	0.11	0.02	0.13	0.54	0.19	0.2		0.9978045149622492	0.2	False	0.118
6	['Pt', 'Pd', 'Au', 'Ru', 'Rh', 'Ir', 'Re', 'Os']	9	[0.39  0.274 0.206 0.038 0.009 0.002 0.001 0.084]	[-0.08   0.111 -0.126  0.031 -0.013  0.002  0.007  0.067]	0.63	1.11	1.0	1.76	0.08	0.11	0.02	0.13	0.54	0.19	0.2		1.0191705971647627	0.2	False	0.113
7	['Pt', 'Pd', 'Au', 'Ru', 'Rh', 'Ir', 'Re', 'Os']	9	[0.447 0.194 0.273 0.012 0.002 0.009 0.001 0.062]	[ 0.05  -0.023  0.039 -0.055 -0.046 -0.042 -0.061  0.138]	0.63	1.11	1.0	1.76	0.08	0.11	0.02	0.13	0.54	0.19	0.2		1.0031929099115593	0.185	False	0.122
0	['Pt', 'Pd', 'Au', 'Ru', 'Rh', 'Ir', 'Re', 'Os']	10	[0.305 0.394 0.161 0.017 0.005 0.    0.013 0.107]	[-0.089  0.152 -0.086 -0.015  0.019 -0.002 -0.01   0.033]	0.63	1.11	1.0	1.76	0.08	0.11	0.02	0.13	0.54	0.19	0.2		0.8971032688626093	0.2	False	0.206
1	['Pt', 'Pd', 'Au', 'Ru', 'Rh', 'Ir', 'Re', 'Os']	10	[0.406 0.261 0.234 0.009 0.004 0.002 0.02  0.059]	[-0.003  0.156 -0.008 -0.045 -0.015  0.026 -0.001 -0.112]	0.63	1.11	1.0	1.76	0.08	0.11	0.02	0.13	0.54	0.19	0.2		1.0250587394212771	0.2	False	0.099
2	['Pt', 'Pd', 'Au', 'Ru', 'Rh', 'Ir', 'Re', 'Os']	10	[0.395 0.22  0.284 0.005 0.    0.017 0.048 0.03 ]	[-0.01  -0.107  0.142 -0.024 -0.008  0.033  0.043 -0.068]	0.63	1.11	1.0	1.76	0.08	0.11	0.02	0.13	0.54	0.19	0.2		0.9859613495661628	0.2	False	0.103
3	['Pt', 'Pd', 'Au', 'Ru', 'Rh', 'Ir', 'Re', 'Os']	10	[0.369 0.357 0.171 0.016 0.003 0.001 0.023 0.06 ]	[-0.031  0.161 -0.05   0.016 -0.013  0.003  0.014 -0.1  ]	0.63	1.11	1.0	1.76	0.08	0.11	0.02	0.13	0.54	0.19	0.2		0.957553532685115	0.2	False	0.176
4	['Pt', 'Pd', 'Au', 'Ru', 'Rh', 'Ir', 'Re', 'Os']	10	[0.327 0.352 0.153 0.005 0.051 0.012 0.005 0.096]	[-0.056  0.101 -0.064 -0.035  0.052 -0.015 -0.009  0.026]	0.63	1.11	1.0	1.76	0.08	0.11	0.02	0.13	0.54	0.19	0.2		0.8996320348948887	0.15	False	0.188
5	['Pt', 'Pd', 'Au', 'Ru', 'Rh', 'Ir', 'Re', 'Os']	10	[0.369 0.335 0.173 0.005 0.001 0.035 0.005 0.07 ]	[ 0.     0.063 -0.04   0.031 -0.022  0.032 -0.017 -0.048]	0.63	1.11	1.0	1.76	0.08	0.11	0.02	0.13	0.54	0.19	0.2		0.9441630502573661	0.103	False	0.161
6	['Pt', 'Pd', 'Au', 'Ru', 'Rh', 'Ir', 'Re', 'Os']	10	[0.352 0.357 0.179 0.001 0.003 0.001 0.004 0.106]	[-0.041  0.081 -0.03  -0.04   0.009 -0.     0.001  0.02 ]	0.63	1.11	1.0	1.76	0.08	0.11	0.02	0.13	0.54	0.19	0.2		0.9751567456229842	0.106	False	0.162
7	['Pt', 'Pd', 'Au', 'Ru', 'Rh', 'Ir', 'Re', 'Os']	10	[0.392 0.062 0.219 0.051 0.041 0.009 0.067 0.158]	[-0.055 -0.132 -0.054  0.039  0.039  0.     0.066  0.096]	0.63	1.11	1.0	1.76	0.08	0.11	0.02	0.13	0.54	0.19	0.2		0.7565687613651804	0.2	False	0.236
0	['Pt', 'Pd', 'Au', 'Ru', 'Rh', 'Ir', 'Re', 'Os']	11	[0.382 0.231 0.228 0.005 0.005 0.005 0.002 0.144]	[ 0.076 -0.167  0.066  0.017 -0.006  0.    -0.022  0.036]	0.63	1.11	1.0	1.76	0.08	0.11	0.02	0.13	0.54	0.19	0.2		1.0232568945044083	0.201	False	0.093
1	['Pt', 'Pd', 'Au', 'Ru', 'Rh', 'Ir', 'Re', 'Os']	11	[0.418 0.318 0.225 0.027 0.001 0.002 0.004 0.001]	[ 0.003  0.073 -0.03   0.022 -0.031 -0.036 -0.067  0.065]	0.63	1.11	1.0	1.76	0.08	0.11	0.02	0.13	0.54	0.19	0.2		0.9917620862909098	0.133	False	0.159
2	['Pt', 'Pd', 'Au', 'Ru', 'Rh', 'Ir', 'Re', 'Os']	11	[0.307 0.334 0.198 0.009 0.001 0.003 0.126 0.02 ]	[-0.094  0.11  -0.092  0.006 -0.004  0.013  0.074 -0.015]	0.63	1.11	1.0	1.76	0.08	0.11	0.02	0.13	0.54	0.19	0.2		0.8571902989052347	0.188	False	0.204
3	['Pt', 'Pd', 'Au', 'Ru', 'Rh', 'Ir', 'Re', 'Os']	11	[0.472 0.221 0.091 0.016 0.02  0.024 0.053 0.1  ]	[ 0.101 -0.14  -0.084  0.024  0.014  0.02   0.027  0.037]	0.63	1.11	1.0	1.76	0.08	0.11	0.02	0.13	0.54	0.19	0.2		0.8178393790898009	0.2	False	0.252
4	['Pt', 'Pd', 'Au', 'Ru', 'Rh', 'Ir', 'Re', 'Os']	11	[0.423 0.25  0.245 0.009 0.023 0.002 0.009 0.04 ]	[ 0.091 -0.12   0.087 -0.032  0.059 -0.006 -0.007 -0.071]	0.63	1.11	1.0	1.76	0.08	0.11	0.02	0.13	0.54	0.19	0.2		1.011343183724334	0.2	False	0.112
5	['Pt', 'Pd', 'Au', 'Ru', 'Rh', 'Ir', 'Re', 'Os']	11	[0.426 0.205 0.272 0.001 0.015 0.033 0.008 0.032]	[ 0.057 -0.143  0.102 -0.003 -0.026  0.056 -0.    -0.044]	0.63	1.11	1.0	1.76	0.08	0.11	0.02	0.13	0.54	0.19	0.2		0.966137108596484	0.2	False	0.121
6	['Pt', 'Pd', 'Au', 'Ru', 'Rh', 'Ir', 'Re', 'Os']	11	[0.448 0.234 0.271 0.011 0.009 0.003 0.002 0.023]	[ 0.095 -0.124  0.091  0.009  0.005  0.001  0.004 -0.084]	0.63	1.11	1.0	1.76	0.08	0.11	0.02	0.13	0.54	0.19	0.2		1.0097209140709653	0.2	False	0.13
7	['Pt', 'Pd', 'Au', 'Ru', 'Rh', 'Ir', 'Re', 'Os']	11	[0.408 0.229 0.233 0.018 0.013 0.002 0.032 0.065]	[ 0.016  0.167  0.014 -0.033 -0.028 -0.007 -0.035 -0.093]	0.63	1.11	1.0	1.76	0.08	0.11	0.02	0.13	0.54	0.19	0.2		1.0032966661652813	0.2	False	0.105
0	['Pt', 'Pd', 'Au', 'Ru', 'Rh', 'Ir', 'Re', 'Os']	12	[0.437 0.199 0.313 0.005 0.003 0.003 0.01  0.033]	[ 0.053 -0.034  0.083 -0.002  0.005  0.005  0.006 -0.114]	0.63	1.11	1.0	1.76	0.08	0.11	0.02	0.13	0.54	0.19	0.2		1.008052680730233	0.154	False	0.122
1	['Pt', 'Pd', 'Au', 'Ru', 'Rh', 'Ir', 'Re', 'Os']	12	[0.39  0.199 0.19  0.047 0.003 0.01  0.003 0.153]	[-0.027 -0.118 -0.034  0.021  0.003  0.009 -0.007  0.154]	0.63	1.11	1.0	1.76	0.08	0.11	0.02	0.13	0.54	0.19	0.2		0.9654656149520888	0.2	False	0.146
2	['Pt', 'Pd', 'Au', 'Ru', 'Rh', 'Ir', 'Re', 'Os']	12	[0.42  0.258 0.23  0.003 0.002 0.007 0.004 0.077]	[ 0.092 -0.122  0.    -0.043 -0.035 -0.031  0.11   0.028]	0.63	1.11	1.0	1.76	0.08	0.11	0.02	0.13	0.54	0.19	0.2		1.029113964417988	0.2	False	0.102
3	['Pt', 'Pd', 'Au', 'Ru', 'Rh', 'Ir', 'Re', 'Os']	12	[0.398 0.206 0.257 0.016 0.001 0.004 0.    0.115]	[-0.074 -0.015  0.167  0.026 -0.027 -0.033 -0.059  0.015]	0.63	1.11	1.0	1.76	0.08	0.11	0.02	0.13	0.54	0.19	0.2		1.0290166916290677	0.2	False	0.081
4	['Pt', 'Pd', 'Au', 'Ru', 'Rh', 'Ir', 'Re', 'Os']	12	[0.369 0.181 0.241 0.007 0.045 0.011 0.013 0.136]	[-0.049 -0.066  0.007 -0.006  0.068 -0.032 -0.041  0.12 ]	0.63	1.11	1.0	1.76	0.08	0.11	0.02	0.13	0.54	0.19	0.2		0.9548930963620947	0.169	False	0.111
5	['Pt', 'Pd', 'Au', 'Ru', 'Rh', 'Ir', 'Re', 'Os']	12	[0.338 0.271 0.185 0.009 0.015 0.026 0.004 0.142]	[-0.104  0.063 -0.103 -0.     0.015  0.044 -0.024  0.11 ]	0.63	1.11	1.0	1.76	0.08	0.11	0.02	0.13	0.54	0.19	0.2		0.9590002939385862	0.201	False	0.129
6	['Pt', 'Pd', 'Au', 'Ru', 'Rh', 'Ir', 'Re', 'Os']	12	[0.354 0.215 0.209 0.022 0.002 0.002 0.012 0.186]	[-0.094 -0.019 -0.062  0.011 -0.007 -0.001  0.011  0.163]	0.63	1.11	1.0	1.76	0.08	0.11	0.02	0.13	0.54	0.19	0.2		0.981892810931404	0.2	False	0.132
7	['Pt', 'Pd', 'Au', 'Ru', 'Rh', 'Ir', 'Re', 'Os']	12	[0.347 0.331 0.214 0.049 0.002 0.008 0.039 0.012]	[-0.108  0.135 -0.046  0.053 -0.053 -0.019 -0.007  0.044]	0.63	1.11	1.0	1.76	0.08	0.11	0.02	0.13	0.54	0.19	0.2		0.9492721340765968	0.2	False	0.16
0	['Pt', 'Pd', 'Au', 'Ru', 'Rh', 'Ir', 'Re', 'Os']	13	[0.301 0.225 0.386 0.015 0.002 0.009 0.009 0.053]	[-0.166  0.038  0.097  0.013 -0.007 -0.017  0.013  0.03 ]	0.63	1.11	1.0	1.76	0.08	0.11	0.02	0.13	0.54	0.19	0.2		0.9547722495290807	0.2	False	0.114
1	['Pt', 'Pd', 'Au', 'Ru', 'Rh', 'Ir', 'Re', 'Os']	13	[0.311 0.27  0.294 0.029 0.012 0.013 0.02  0.048]	[-0.093  0.062  0.097  0.059 -0.002 -0.008  0.006 -0.12 ]	0.63	1.11	1.0	1.76	0.08	0.11	0.02	0.13	0.54	0.19	0.2		0.9807180047216433	0.2	False	0.079
2	['Pt', 'Pd', 'Au', 'Ru', 'Rh', 'Ir', 'Re', 'Os']	13	[0.499 0.17  0.165 0.035 0.004 0.005 0.041 0.081]	[ 0.09  -0.096 -0.07   0.029  0.001 -0.002  0.043  0.006]	0.63	1.11	1.0	1.76	0.08	0.11	0.02	0.13	0.54	0.19	0.2		0.8754240373358069	0.158	False	0.224
3	['Pt', 'Pd', 'Au', 'Ru', 'Rh', 'Ir', 'Re', 'Os']	13	[0.314 0.308 0.281 0.048 0.01  0.017 0.01  0.007]	[-0.072  0.13   0.045  0.066 -0.025 -0.034 -0.01  -0.098]	0.63	1.11	1.0	1.76	0.08	0.11	0.02	0.13	0.54	0.19	0.2		0.9524481970125236	0.2	False	0.128
4	['Pt', 'Pd', 'Au', 'Ru', 'Rh', 'Ir', 'Re', 'Os']	13	[0.428 0.29  0.2   0.013 0.029 0.001 0.001 0.042]	[ 0.059  0.117 -0.057 -0.032  0.062 -0.016 -0.014 -0.119]	0.63	1.11	1.0	1.76	0.08	0.11	0.02	0.13	0.54	0.19	0.2		0.9887301285674788	0.2	False	0.149
5	['Pt', 'Pd', 'Au', 'Ru', 'Rh', 'Ir', 'Re', 'Os']	13	[0.416 0.202 0.153 0.008 0.011 0.031 0.022 0.147]	[ 0.133 -0.104 -0.044 -0.035  0.023  0.067 -0.056  0.015]	0.63	1.11	1.0	1.76	0.08	0.11	0.02	0.13	0.54	0.19	0.2		0.9063248505014927	0.2	False	0.179
6	['Pt', 'Pd', 'Au', 'Ru', 'Rh', 'Ir', 'Re', 'Os']	13	[0.44  0.285 0.215 0.005 0.002 0.003 0.024 0.029]	[ 0.085  0.069  0.003  0.007 -0.015 -0.01   0.025 -0.165]	0.63	1.11	1.0	1.76	0.08	0.11	0.02	0.13	0.54	0.19	0.2		0.9935355626065294	0.2	False	0.149
7	['Pt', 'Pd', 'Au', 'Ru', 'Rh', 'Ir', 'Re', 'Os']	13	[0.446 0.217 0.231 0.    0.    0.008 0.007 0.094]	[ 0.09  -0.155 -0.005  0.029 -0.025 -0.028  0.024  0.07 ]	0.63	1.11	1.0	1.76	0.08	0.11	0.02	0.13	0.54	0.19	0.2		1.0076218026730495	0.2	False	0.123
0	['Pt', 'Pd', 'Au', 'Ru', 'Rh', 'Ir', 'Re', 'Os']	14	[0.316 0.165 0.472 0.016 0.006 0.005 0.002 0.018]	[ 0.024 -0.11   0.15   0.024 -0.014 -0.003 -0.006 -0.065]	0.63	1.11	1.0	1.76	0.08	0.11	0.02	0.13	0.54	0.19	0.2		0.8445910804363674	0.2	False	0.212
1	['Pt', 'Pd', 'Au', 'Ru', 'Rh', 'Ir', 'Re', 'Os']	14	[0.482 0.229 0.22  0.002 0.003 0.    0.005 0.055]	[ 0.166 -0.054 -0.088  0.019  0.002 -0.002 -0.039 -0.004]	0.63	1.11	1.0	1.76	0.08	0.11	0.02	0.13	0.54	0.19	0.2		0.982798025247366	0.2	False	0.162
2	['Pt', 'Pd', 'Au', 'Ru', 'Rh', 'Ir', 'Re', 'Os']	14	[0.418 0.32  0.093 0.01  0.018 0.029 0.002 0.108]	[-0.09   0.144 -0.081  0.035  0.007  0.017 -0.052  0.02 ]	0.63	1.11	1.0	1.76	0.08	0.11	0.02	0.13	0.54	0.19	0.2		0.8738944172323024	0.2	False	0.232
3	['Pt', 'Pd', 'Au', 'Ru', 'Rh', 'Ir', 'Re', 'Os']	14	[0.434 0.227 0.225 0.015 0.004 0.    0.007 0.084]	[ 0.119 -0.108 -0.08   0.045 -0.014 -0.01  -0.022  0.07 ]	0.63	1.11	1.0	1.76	0.08	0.11	0.02	0.13	0.54	0.19	0.2		1.0164651824404904	0.2	False	0.117
4	['Pt', 'Pd', 'Au', 'Ru', 'Rh', 'Ir', 'Re', 'Os']	14	[0.403 0.192 0.239 0.005 0.061 0.025 0.011 0.066]	[-0.021 -0.119  0.064  0.019  0.099 -0.051 -0.036  0.044]	0.63	1.11	1.0	1.76	0.08	0.11	0.02	0.13	0.54	0.19	0.2		0.9314078687295333	0.187	False	0.125
5	['Pt', 'Pd', 'Au', 'Ru', 'Rh', 'Ir', 'Re', 'Os']	14	[0.428 0.26  0.253 0.004 0.006 0.003 0.022 0.014]	[ 0.003  0.054  0.101 -0.02  -0.018  0.011  0.028 -0.159]	0.63	1.11	1.0	1.76	0.08	0.11	0.02	0.13	0.54	0.19	0.2		1.0043260988518252	0.2	False	0.128
6	['Pt', 'Pd', 'Au', 'Ru', 'Rh', 'Ir', 'Re', 'Os']	14	[0.389 0.196 0.231 0.003 0.012 0.012 0.073 0.087]	[-0.044 -0.088  0.033 -0.021 -0.028 -0.032  0.097  0.082]	0.63	1.11	1.0	1.76	0.08	0.11	0.02	0.13	0.54	0.19	0.2		0.9502256615048876	0.17	False	0.122
7	['Pt', 'Pd', 'Au', 'Ru', 'Rh', 'Ir', 'Re', 'Os']	14	[0.445 0.207 0.262 0.028 0.002 0.017 0.019 0.022]	[-0.002 -0.011  0.031  0.028 -0.005  0.02   0.012 -0.075]	0.63	1.11	1.0	1.76	0.08	0.11	0.02	0.13	0.54	0.19	0.2		0.9740012886976652	0.09	False	0.141
0	['Pt', 'Pd', 'Au', 'Ru', 'Rh', 'Ir', 'Re', 'Os']	15	[0.391 0.216 0.303 0.008 0.001 0.004 0.002 0.074]	[ 0.075  0.051 -0.169 -0.008 -0.005 -0.001  0.     0.056]	0.63	1.11	1.0	1.76	0.08	0.11	0.02	0.13	0.54	0.19	0.2		1.0403961585922323	0.2	False	0.06
1	['Pt', 'Pd', 'Au', 'Ru', 'Rh', 'Ir', 'Re', 'Os']	15	[0.408 0.243 0.189 0.014 0.002 0.007 0.006 0.13 ]	[-0.075  0.013 -0.032  0.011 -0.006  0.006  0.008  0.074]	0.63	1.11	1.0	1.76	0.08	0.11	0.02	0.13	0.54	0.19	0.2		1.000261324469091	0.112	False	0.13
2	['Pt', 'Pd', 'Au', 'Ru', 'Rh', 'Ir', 'Re', 'Os']	15	[0.416 0.247 0.263 0.004 0.002 0.002 0.004 0.06 ]	[-0.013 -0.087  0.166 -0.026  0.008  0.019 -0.008 -0.061]	0.63	1.11	1.0	1.76	0.08	0.11	0.02	0.13	0.54	0.19	0.2		1.0421313275440305	0.2	False	0.086
3	['Pt', 'Pd', 'Au', 'Ru', 'Rh', 'Ir', 'Re', 'Os']	15	[0.456 0.179 0.173 0.032 0.001 0.019 0.004 0.132]	[ 0.037 -0.054 -0.06   0.05  -0.012 -0.033  0.001  0.071]	0.63	1.11	1.0	1.76	0.08	0.11	0.02	0.13	0.54	0.19	0.2		0.9215317173704103	0.129	False	0.187
4	['Pt', 'Pd', 'Au', 'Ru', 'Rh', 'Ir', 'Re', 'Os']	15	[0.426 0.278 0.225 0.006 0.039 0.008 0.019 0.001]	[ 0.02   0.101 -0.028 -0.027  0.097  0.02  -0.067 -0.116]	0.63	1.11	1.0	1.76	0.08	0.11	0.02	0.13	0.54	0.19	0.2		0.9604884926728983	0.2	False	0.155
5	['Pt', 'Pd', 'Au', 'Ru', 'Rh', 'Ir', 'Re', 'Os']	15	[0.428 0.266 0.209 0.004 0.004 0.004 0.008 0.068]	[-0.006  0.003 -0.07  -0.003 -0.    -0.004  0.007  0.073]	0.63	1.11	1.0	1.76	0.08	0.11	0.02	0.13	0.54	0.19	0.2		1.0115742387861248	0.101	False	0.126
6	['Pt', 'Pd', 'Au', 'Ru', 'Rh', 'Ir', 'Re', 'Os']	15	[0.274 0.262 0.169 0.016 0.019 0.024 0.175 0.061]	[-0.123  0.073 -0.066 -0.02   0.023  0.028  0.112 -0.027]	0.63	1.11	1.0	1.76	0.08	0.11	0.02	0.13	0.54	0.19	0.2		0.7363578096712982	0.2	False	0.238
7	['Pt', 'Pd', 'Au', 'Ru', 'Rh', 'Ir', 'Re', 'Os']	15	[0.444 0.295 0.128 0.022 0.013 0.019 0.002 0.081]	[-0.007  0.093 -0.157  0.038 -0.025  0.023 -0.025  0.06 ]	0.63	1.11	1.0	1.76	0.08	0.11	0.02	0.13	0.54	0.19	0.2		0.9198468800315149	0.2	False	0.205
0	['Pt', 'Pd', 'Au', 'Ru', 'Rh', 'Ir', 'Re', 'Os']	16	[0.471 0.3   0.144 0.01  0.006 0.003 0.    0.067]	[ 0.082  0.086 -0.16   0.014 -0.009 -0.004 -0.    -0.006]	0.63	1.11	1.0	1.76	0.08	0.11	0.02	0.13	0.54	0.19	0.2		0.9385930667312878	0.2	False	0.207
1	['Pt', 'Pd', 'Au', 'Ru', 'Rh', 'Ir', 'Re', 'Os']	16	[0.406 0.227 0.327 0.027 0.001 0.005 0.001 0.004]	[-0.044 -0.062  0.131 -0.025 -0.04  -0.03  -0.04   0.112]	0.63	1.11	1.0	1.76	0.08	0.11	0.02	0.13	0.54	0.19	0.2		1.0098783775580646	0.2	False	0.12
2	['Pt', 'Pd', 'Au', 'Ru', 'Rh', 'Ir', 'Re', 'Os']	16	[0.418 0.24  0.297 0.016 0.004 0.016 0.005 0.003]	[ 0.019  0.008  0.058  0.027 -0.016 -0.03   0.016 -0.082]	0.63	1.11	1.0	1.76	0.08	0.11	0.02	0.13	0.54	0.19	0.2		1.0002740362378768	0.112	False	0.121
3	['Pt', 'Pd', 'Au', 'Ru', 'Rh', 'Ir', 'Re', 'Os']	16	[0.392 0.241 0.293 0.015 0.01  0.002 0.004 0.039]	[-0.077  0.061  0.125  0.036 -0.027  0.011 -0.019 -0.109]	0.63	1.11	1.0	1.76	0.08	0.11	0.02	0.13	0.54	0.19	0.2		1.0337170459773168	0.199	False	0.077
4	['Pt', 'Pd', 'Au', 'Ru', 'Rh', 'Ir', 'Re', 'Os']	16	[0.366 0.229 0.25  0.015 0.025 0.028 0.02  0.07 ]	[-0.085 -0.068  0.044 -0.053  0.076 -0.062  0.039  0.11 ]	0.63	1.11	1.0	1.76	0.08	0.11	0.02	0.13	0.54	0.19	0.2		0.9751000149526472	0.2	False	0.078
5	['Pt', 'Pd', 'Au', 'Ru', 'Rh', 'Ir', 'Re', 'Os']	16	[0.408 0.219 0.305 0.002 0.014 0.018 0.003 0.023]	[-0.018 -0.048  0.111 -0.005 -0.017  0.019  0.003 -0.046]	0.63	1.11	1.0	1.76	0.08	0.11	0.02	0.13	0.54	0.19	0.2		0.997718754898341	0.133	False	0.104
6	['Pt', 'Pd', 'Au', 'Ru', 'Rh', 'Ir', 'Re', 'Os']	16	[0.384 0.272 0.235 0.007 0.008 0.008 0.023 0.063]	[ 0.11   0.01   0.066 -0.009 -0.011 -0.016 -0.152  0.002]	0.63	1.11	1.0	1.76	0.08	0.11	0.02	0.13	0.54	0.19	0.2		1.018764067146557	0.2	False	0.089
7	['Pt', 'Pd', 'Au', 'Ru', 'Rh', 'Ir', 'Re', 'Os']	16	[0.414 0.233 0.307 0.005 0.006 0.001 0.001 0.04 ]	[-0.039 -0.071  0.173 -0.026  0.009  0.011 -0.008 -0.05 ]	0.63	1.11	1.0	1.76	0.08	0.11	0.02	0.13	0.54	0.19	0.2		1.0387298874107391	0.2	False	0.09
0	['Pt', 'Pd', 'Au', 'Ru', 'Rh', 'Ir', 'Re', 'Os']	17	[0.389 0.231 0.311 0.015 0.003 0.    0.002 0.051]	[-0.084 -0.071  0.165  0.003  0.006  0.001 -0.004 -0.018]	0.63	1.11	1.0	1.76	0.08	0.11	0.02	0.13	0.54	0.19	0.2		1.0434651507155182	0.2	False	0.068
1	['Pt', 'Pd', 'Au', 'Ru', 'Rh', 'Ir', 'Re', 'Os']	17	[0.392 0.187 0.225 0.028 0.002 0.007 0.018 0.14 ]	[-0.01  -0.038 -0.105  0.051 -0.016 -0.005 -0.031  0.154]	0.63	1.11	1.0	1.76	0.08	0.11	0.02	0.13	0.54	0.19	0.2		0.9844571452978739	0.2	False	0.119
2	['Pt', 'Pd', 'Au', 'Ru', 'Rh', 'Ir', 'Re', 'Os']	17	[0.414 0.233 0.189 0.002 0.005 0.037 0.019 0.103]	[ 0.001 -0.003 -0.121  0.012 -0.02   0.048 -0.039  0.123]	0.63	1.11	1.0	1.76	0.08	0.11	0.02	0.13	0.54	0.19	0.2		0.956316999720231	0.185	False	0.136
3	['Pt', 'Pd', 'Au', 'Ru', 'Rh', 'Ir', 'Re', 'Os']	17	[0.375 0.237 0.316 0.032 0.015 0.011 0.001 0.01 ]	[ 0.008  0.025  0.063  0.068  0.003 -0.047 -0.023 -0.097]	0.63	1.11	1.0	1.76	0.08	0.11	0.02	0.13	0.54	0.19	0.2		0.9971104471552668	0.146	False	0.103
4	['Pt', 'Pd', 'Au', 'Ru', 'Rh', 'Ir', 'Re', 'Os']	17	[0.405 0.2   0.274 0.007 0.001 0.04  0.042 0.036]	[ 0.078 -0.044  0.051 -0.005  0.022  0.088 -0.136 -0.053]	0.63	1.11	1.0	1.76	0.08	0.11	0.02	0.13	0.54	0.19	0.2		0.9495084505542231	0.2	False	0.117
5	['Pt', 'Pd', 'Au', 'Ru', 'Rh', 'Ir', 'Re', 'Os']	17	[0.4   0.265 0.18  0.008 0.007 0.034 0.023 0.072]	[ 0.001  0.066 -0.141 -0.027  0.022  0.052 -0.043  0.07 ]	0.63	1.11	1.0	1.76	0.08	0.11	0.02	0.13	0.54	0.19	0.2		0.9512660598449958	0.187	False	0.14
6	['Pt', 'Pd', 'Au', 'Ru', 'Rh', 'Ir', 'Re', 'Os']	17	[0.43  0.181 0.272 0.014 0.017 0.002 0.083 0.003]	[ 0.078 -0.093  0.067 -0.05  -0.037 -0.025  0.115 -0.054]	0.63	1.11	1.0	1.76	0.08	0.11	0.02	0.13	0.54	0.19	0.2		0.917797623187832	0.2	False	0.17
7	['Pt', 'Pd', 'Au', 'Ru', 'Rh', 'Ir', 'Re', 'Os']	17	[0.405 0.206 0.364 0.017 0.004 0.001 0.009 0.   ]	[-0.013 -0.035  0.071  0.015 -0.032 -0.02  -0.03   0.043]	0.63	1.11	1.0	1.76	0.08	0.11	0.02	0.13	0.54	0.19	0.2		0.9896115940304202	0.105	False	0.139
0	['Pt', 'Pd', 'Au', 'Ru', 'Rh', 'Ir', 'Re', 'Os']	18	[0.3   0.206 0.441 0.002 0.    0.001 0.01  0.041]	[-0.087 -0.023  0.132 -0.017 -0.004 -0.001  0.01  -0.008]	0.63	1.11	1.0	1.76	0.08	0.11	0.02	0.13	0.54	0.19	0.2		0.909281788969813	0.162	False	0.167
1	['Pt', 'Pd', 'Au', 'Ru', 'Rh', 'Ir', 'Re', 'Os']	18	[0.391 0.248 0.322 0.008 0.004 0.004 0.021 0.001]	[ 0.001  0.064  0.101 -0.043 -0.004 -0.001  0.033 -0.15 ]	0.63	1.11	1.0	1.76	0.08	0.11	0.02	0.13	0.54	0.19	0.2		1.0095349281490857	0.2	False	0.112
2	['Pt', 'Pd', 'Au', 'Ru', 'Rh', 'Ir', 'Re', 'Os']	18	[0.373 0.23  0.334 0.    0.007 0.009 0.024 0.023]	[-0.057 -0.014  0.154 -0.02  -0.021  0.033  0.026 -0.101]	0.63	1.11	1.0	1.76	0.08	0.11	0.02	0.13	0.54	0.19	0.2		1.003788276845125	0.2	False	0.093
3	['Pt', 'Pd', 'Au', 'Ru', 'Rh', 'Ir', 'Re', 'Os']	18	[0.422 0.223 0.236 0.022 0.011 0.016 0.019 0.049]	[ 0.077 -0.019 -0.122  0.063 -0.028  0.022 -0.058  0.064]	0.63	1.11	1.0	1.76	0.08	0.11	0.02	0.13	0.54	0.19	0.2		0.9861031652984957	0.184	False	0.118
4	['Pt', 'Pd', 'Au', 'Ru', 'Rh', 'Ir', 'Re', 'Os']	18	[0.363 0.241 0.284 0.013 0.    0.009 0.076 0.02 ]	[-0.072  0.066  0.014 -0.072 -0.054  0.002  0.146 -0.029]	0.63	1.11	1.0	1.76	0.08	0.11	0.02	0.13	0.54	0.19	0.2		0.9707936878466801	0.2	False	0.114
5	['Pt', 'Pd', 'Au', 'Ru', 'Rh', 'Ir', 'Re', 'Os']	18	[0.369 0.214 0.316 0.011 0.018 0.013 0.019 0.029]	[-0.039 -0.063  0.16  -0.029 -0.052  0.041  0.034 -0.053]	0.63	1.11	1.0	1.76	0.08	0.11	0.02	0.13	0.54	0.19	0.2		0.9860034629701577	0.201	False	0.089
6	['Pt', 'Pd', 'Au', 'Ru', 'Rh', 'Ir', 'Re', 'Os']	18	[0.367 0.257 0.299 0.    0.024 0.007 0.012 0.035]	[-0.105  0.097  0.026 -0.062 -0.049 -0.031  0.107  0.017]	0.63	1.11	1.0	1.76	0.08	0.11	0.02	0.13	0.54	0.19	0.2		1.0164893106819504	0.2	False	0.073
7	['Pt', 'Pd', 'Au', 'Ru', 'Rh', 'Ir', 'Re', 'Os']	18	[0.375 0.266 0.224 0.013 0.005 0.    0.021 0.103]	[-0.03   0.066 -0.147 -0.006 -0.006 -0.012  0.023  0.112]	0.63	1.11	1.0	1.76	0.08	0.11	0.02	0.13	0.54	0.19	0.2		1.0305074004627512	0.2	False	0.085
0	['Pt', 'Pd', 'Au', 'Ru', 'Rh', 'Ir', 'Re', 'Os']	19	[0.241 0.28  0.28  0.032 0.024 0.02  0.028 0.096]	[-0.059  0.074 -0.161  0.03   0.024  0.019  0.018  0.055]	0.63	1.11	1.0	1.76	0.08	0.11	0.02	0.13	0.54	0.19	0.2		0.8844374265309909	0.2	False	0.126
1	['Pt', 'Pd', 'Au', 'Ru', 'Rh', 'Ir', 'Re', 'Os']	19	[0.42  0.243 0.181 0.011 0.005 0.004 0.001 0.132]	[ 0.029 -0.005 -0.143  0.014 -0.005  0.004 -0.027  0.133]	0.63	1.11	1.0	1.76	0.08	0.11	0.02	0.13	0.54	0.19	0.2		0.9940605579115194	0.2	False	0.142
2	['Pt', 'Pd', 'Au', 'Ru', 'Rh', 'Ir', 'Re', 'Os']	19	[0.43  0.275 0.174 0.001 0.01  0.006 0.008 0.097]	[ 0.053  0.04  -0.173 -0.01   0.006 -0.008  0.021  0.07 ]	0.63	1.11	1.0	1.76	0.08	0.11	0.02	0.13	0.54	0.19	0.2		0.9854027385093065	0.2	False	0.152
3	['Pt', 'Pd', 'Au', 'Ru', 'Rh', 'Ir', 'Re', 'Os']	19	[0.323 0.247 0.278 0.016 0.014 0.001 0.042 0.076]	[-0.165  0.032  0.06   0.03  -0.053  0.001  0.057  0.036]	0.63	1.11	1.0	1.76	0.08	0.11	0.02	0.13	0.54	0.19	0.2		0.9969996590377872	0.2	False	0.063
4	['Pt', 'Pd', 'Au', 'Ru', 'Rh', 'Ir', 'Re', 'Os']	19	[0.413 0.173 0.229 0.006 0.027 0.007 0.006 0.145]	[ 0.044 -0.092 -0.077 -0.023  0.005 -0.048  0.059  0.131]	0.63	1.11	1.0	1.76	0.08	0.11	0.02	0.13	0.54	0.19	0.2		0.9655758651376656	0.2	False	0.133
5	['Pt', 'Pd', 'Au', 'Ru', 'Rh', 'Ir', 'Re', 'Os']	19	[0.404 0.262 0.184 0.002 0.031 0.    0.027 0.078]	[ 0.044  0.06  -0.167 -0.015  0.041  0.002 -0.028  0.062]	0.63	1.11	1.0	1.76	0.08	0.11	0.02	0.13	0.54	0.19	0.2		0.9760090030937023	0.2	False	0.137
6	['Pt', 'Pd', 'Au', 'Ru', 'Rh', 'Ir', 'Re', 'Os']	19	[0.426 0.212 0.199 0.048 0.002 0.01  0.032 0.073]	[ 0.064 -0.067 -0.136  0.05   0.013 -0.035  0.015  0.096]	0.63	1.11	1.0	1.76	0.08	0.11	0.02	0.13	0.54	0.19	0.2		0.9644666575303111	0.201	False	0.147
7	['Pt', 'Pd', 'Au', 'Ru', 'Rh', 'Ir', 'Re', 'Os']	19	[0.436 0.223 0.334 0.001 0.009 0.001 0.    0.001]	[ 0.045 -0.094  0.111 -0.035 -0.055 -0.053 -0.016  0.096]	0.63	1.11	1.0	1.76	0.08	0.11	0.02	0.13	0.54	0.19	0.2		1.0049174114814872	0.2	False	0.138
0	['Pt', 'Pd', 'Au', 'Ru', 'Rh', 'Ir', 'Re', 'Os']	20	[0.418 0.238 0.301 0.007 0.001 0.001 0.001 0.035]	[ 0.168 -0.055  0.009 -0.038 -0.036  0.009  0.017 -0.074]	0.63	1.11	1.0	1.76	0.08	0.11	0.02	0.13	0.54	0.19	0.2		1.0393967985536208	0.2	False	0.095
1	['Pt', 'Pd', 'Au', 'Ru', 'Rh', 'Ir', 'Re', 'Os']	20	[0.425 0.207 0.335 0.013 0.001 0.004 0.    0.011]	[ 0.003 -0.038  0.153  0.     0.001  0.004 -0.002 -0.123]	0.63	1.11	1.0	1.76	0.08	0.11	0.02	0.13	0.54	0.19	0.2		1.0043780361912522	0.2	False	0.13
2	['Pt', 'Pd', 'Au', 'Ru', 'Rh', 'Ir', 'Re', 'Os']	20	[0.428 0.209 0.336 0.001 0.012 0.01  0.001 0.003]	[-0.004 -0.068  0.161 -0.005  0.     0.01   0.002 -0.096]	0.63	1.11	1.0	1.76	0.08	0.11	0.02	0.13	0.54	0.19	0.2		0.9886720249755323	0.2	False	0.137
3	['Pt', 'Pd', 'Au', 'Ru', 'Rh', 'Ir', 'Re', 'Os']	20	[0.418 0.202 0.348 0.001 0.002 0.01  0.002 0.012]	[ 0.107 -0.057  0.078  0.008 -0.001 -0.038  0.032 -0.129]	0.63	1.11	1.0	1.76	0.08	0.11	0.02	0.13	0.54	0.19	0.2		0.9937467691543753	0.2	False	0.131
4	['Pt', 'Pd', 'Au', 'Ru', 'Rh', 'Ir', 'Re', 'Os']	20	[0.411 0.245 0.305 0.01  0.027 0.005 0.003 0.001]	[-0.005  0.073  0.078 -0.025  0.043  0.004 -0.006 -0.162]	0.63	1.11	1.0	1.76	0.08	0.11	0.02	0.13	0.54	0.19	0.2		1.0018396103198968	0.2	False	0.12
5	['Pt', 'Pd', 'Au', 'Ru', 'Rh', 'Ir', 'Re', 'Os']	20	[0.424 0.21  0.316 0.012 0.002 0.002 0.02  0.001]	[ 0.02  -0.063  0.147 -0.032  0.015 -0.02   0.038 -0.105]	0.63	1.11	1.0	1.76	0.08	0.11	0.02	0.13	0.54	0.19	0.2		0.9939303372381016	0.2	False	0.133
6	['Pt', 'Pd', 'Au', 'Ru', 'Rh', 'Ir', 'Re', 'Os']	20	[0.389 0.22  0.313 0.01  0.013 0.003 0.042 0.015]	[-0.062 -0.001  0.143  0.014 -0.053 -0.013  0.064 -0.091]	0.63	1.11	1.0	1.76	0.08	0.11	0.02	0.13	0.54	0.19	0.2		0.9915549489106845	0.2	False	0.109
7	['Pt', 'Pd', 'Au', 'Ru', 'Rh', 'Ir', 'Re', 'Os']	20	[0.382 0.165 0.332 0.008 0.016 0.011 0.011 0.081]	[-0.056 -0.061  0.008 -0.018  0.027  0.012 -0.021  0.109]	0.63	1.11	1.0	1.76	0.08	0.11	0.02	0.13	0.54	0.19	0.2		0.9773592946788794	0.143	False	0.101
0	['Pt', 'Pd', 'Au', 'Ru', 'Rh', 'Ir', 'Re', 'Os']	21	[0.407 0.198 0.345 0.001 0.016 0.007 0.001 0.027]	[-0.01  -0.043  0.051  0.008  0.013 -0.009 -0.003 -0.007]	0.63	1.11	1.0	1.76	0.08	0.11	0.02	0.13	0.54	0.19	0.2		0.996424751265055	0.07	False	0.117
1	['Pt', 'Pd', 'Au', 'Ru', 'Rh', 'Ir', 'Re', 'Os']	21	[0.366 0.266 0.26  0.02  0.002 0.015 0.008 0.059]	[-0.06   0.06  -0.076  0.007 -0.002  0.014  0.008  0.048]	0.63	1.11	1.0	1.76	0.08	0.11	0.02	0.13	0.54	0.19	0.2		1.0237510459201073	0.124	False	0.067
2	['Pt', 'Pd', 'Au', 'Ru', 'Rh', 'Ir', 'Re', 'Os']	21	[0.393 0.142 0.259 0.033 0.01  0.002 0.022 0.14 ]	[-0.04  -0.072 -0.082  0.028  0.015  0.002  0.017  0.134]	0.63	1.11	1.0	1.76	0.08	0.11	0.02	0.13	0.54	0.19	0.2		0.95098415447378	0.181	False	0.136
3	['Pt', 'Pd', 'Au', 'Ru', 'Rh', 'Ir', 'Re', 'Os']	21	[0.414 0.284 0.223 0.007 0.018 0.038 0.001 0.009]	[ 0.005  0.098 -0.127  0.008 -0.024  0.044 -0.01   0.006]	0.63	1.11	1.0	1.76	0.08	0.11	0.02	0.13	0.54	0.19	0.2		0.9529951265628307	0.169	False	0.146
4	['Pt', 'Pd', 'Au', 'Ru', 'Rh', 'Ir', 'Re', 'Os']	21	[0.362 0.161 0.26  0.006 0.134 0.017 0.008 0.061]	[-0.052 -0.088 -0.048  0.01   0.11   0.015 -0.009  0.061]	0.63	1.11	1.0	1.76	0.08	0.11	0.02	0.13	0.54	0.19	0.2		0.8339566576492219	0.17	False	0.172
5	['Pt', 'Pd', 'Au', 'Ru', 'Rh', 'Ir', 'Re', 'Os']	21	[0.349 0.273 0.233 0.005 0.026 0.023 0.007 0.072]	[-0.085  0.083 -0.094  0.015 -0.041  0.02   0.011  0.092]	0.63	1.11	1.0	1.76	0.08	0.11	0.02	0.13	0.54	0.19	0.2		0.9862953348594856	0.184	False	0.084
6	['Pt', 'Pd', 'Au', 'Ru', 'Rh', 'Ir', 'Re', 'Os']	21	[0.35  0.271 0.246 0.    0.004 0.024 0.067 0.042]	[-0.056  0.077 -0.098 -0.04   0.007 -0.053  0.123  0.041]	0.63	1.11	1.0	1.76	0.08	0.11	0.02	0.13	0.54	0.19	0.2		0.9601294950382138	0.2	False	0.109
7	['Pt', 'Pd', 'Au', 'Ru', 'Rh', 'Ir', 'Re', 'Os']	21	[0.406 0.305 0.268 0.002 0.    0.004 0.016 0.006]	[ 0.001  0.148 -0.111 -0.03  -0.021 -0.038 -0.006  0.056]	0.63	1.11	1.0	1.76	0.08	0.11	0.02	0.13	0.54	0.19	0.2		1.0155741728637069	0.2	False	0.128
0	['Pt', 'Pd', 'Au', 'Ru', 'Rh', 'Ir', 'Re', 'Os']	22	[0.303 0.309 0.247 0.027 0.025 0.001 0.005 0.088]	[-0.11   0.11  -0.104  0.023  0.03   0.001 -0.01   0.059]	0.63	1.11	1.0	1.76	0.08	0.11	0.02	0.13	0.54	0.19	0.2		0.9871106655679209	0.2	False	0.1
1	['Pt', 'Pd', 'Au', 'Ru', 'Rh', 'Ir', 'Re', 'Os']	22	[0.433 0.197 0.282 0.003 0.004 0.013 0.    0.064]	[ 0.069 -0.088  0.017  0.013 -0.006  0.017 -0.018 -0.003]	0.63	1.11	1.0	1.76	0.08	0.11	0.02	0.13	0.54	0.19	0.2		1.0079741542157417	0.117	False	0.107
2	['Pt', 'Pd', 'Au', 'Ru', 'Rh', 'Ir', 'Re', 'Os']	22	[0.394 0.305 0.26  0.002 0.003 0.003 0.    0.036]	[-0.016  0.153 -0.016  0.018 -0.004 -0.016  0.006 -0.125]	0.63	1.11	1.0	1.76	0.08	0.11	0.02	0.13	0.54	0.19	0.2		1.036159056999726	0.2	False	0.103
3	['Pt', 'Pd', 'Au', 'Ru', 'Rh', 'Ir', 'Re', 'Os']	22	[0.335 0.212 0.326 0.006 0.014 0.005 0.021 0.077]	[-0.098 -0.09   0.115 -0.013  0.02   0.035 -0.043  0.074]	0.63	1.11	1.0	1.76	0.08	0.11	0.02	0.13	0.54	0.19	0.2		0.9986721282713651	0.2	False	0.06
4	['Pt', 'Pd', 'Au', 'Ru', 'Rh', 'Ir', 'Re', 'Os']	22	[0.391 0.267 0.246 0.021 0.025 0.005 0.008 0.047]	[-0.005  0.089 -0.057 -0.021  0.144 -0.054 -0.04  -0.057]	0.63	1.11	1.0	1.76	0.08	0.11	0.02	0.13	0.54	0.19	0.2		1.0167604514556468	0.2	False	0.094
5	['Pt', 'Pd', 'Au', 'Ru', 'Rh', 'Ir', 'Re', 'Os']	22	[0.407 0.212 0.247 0.016 0.05  0.007 0.03  0.019]	[ 0.102 -0.075  0.037 -0.05   0.092  0.037 -0.078 -0.063]	0.63	1.11	1.0	1.76	0.08	0.11	0.02	0.13	0.54	0.19	0.2		0.9444254294695058	0.2	False	0.133
6	['Pt', 'Pd', 'Au', 'Ru', 'Rh', 'Ir', 'Re', 'Os']	22	[0.379 0.23  0.226 0.007 0.031 0.016 0.049 0.065]	[ 0.037 -0.079 -0.044 -0.036 -0.082  0.031  0.145  0.027]	0.63	1.11	1.0	1.76	0.08	0.11	0.02	0.13	0.54	0.19	0.2		0.9595620209305351	0.2	False	0.108
7	['Pt', 'Pd', 'Au', 'Ru', 'Rh', 'Ir', 'Re', 'Os']	22	[0.359 0.171 0.307 0.013 0.    0.01  0.029 0.117]	[-0.047 -0.138  0.044 -0.019 -0.007  0.009  0.038  0.12 ]	0.63	1.11	1.0	1.76	0.08	0.11	0.02	0.13	0.54	0.19	0.2		0.9832223266022473	0.199	False	0.088
0	['Pt', 'Pd', 'Au', 'Ru', 'Rh', 'Ir', 'Re', 'Os']	23	[0.184 0.268 0.391 0.029 0.01  0.039 0.028 0.055]	[-0.119 -0.041  0.144  0.002 -0.015  0.038  0.023 -0.033]	0.63	1.11	1.0	1.76	0.08	0.11	0.02	0.13	0.54	0.19	0.2		0.735480661188749	0.2	False	0.204
1	['Pt', 'Pd', 'Au', 'Ru', 'Rh', 'Ir', 'Re', 'Os']	23	[0.394 0.077 0.342 0.064 0.025 0.006 0.051 0.038]	[-0.039 -0.12   0.06   0.061  0.021 -0.007  0.051 -0.026]	0.63	1.11	1.0	1.76	0.08	0.11	0.02	0.13	0.54	0.19	0.2		0.8125856915789057	0.164	False	0.212
2	['Pt', 'Pd', 'Au', 'Ru', 'Rh', 'Ir', 'Re', 'Os']	23	[0.428 0.238 0.3   0.013 0.003 0.013 0.001 0.006]	[ 0.034 -0.069  0.041  0.011  0.004  0.012 -0.001 -0.031]	0.63	1.11	1.0	1.76	0.08	0.11	0.02	0.13	0.54	0.19	0.2		1.006443151821625	0.094	False	0.124
3	['Pt', 'Pd', 'Au', 'Ru', 'Rh', 'Ir', 'Re', 'Os']	23	[0.442 0.082 0.286 0.021 0.011 0.013 0.037 0.103]	[ 0.118 -0.143 -0.044  0.018 -0.003 -0.024  0.048  0.029]	0.63	1.11	1.0	1.76	0.08	0.11	0.02	0.13	0.54	0.19	0.2		0.8614898694483972	0.201	False	0.197
4	['Pt', 'Pd', 'Au', 'Ru', 'Rh', 'Ir', 'Re', 'Os']	23	[0.427 0.34  0.165 0.001 0.001 0.014 0.009 0.052]	[ 0.034  0.081 -0.111  0.011  0.007  0.003 -0.02  -0.004]	0.63	1.11	1.0	1.76	0.08	0.11	0.02	0.13	0.54	0.19	0.2		0.9530427755995028	0.144	False	0.187
5	['Pt', 'Pd', 'Au', 'Ru', 'Rh', 'Ir', 'Re', 'Os']	23	[0.396 0.264 0.273 0.002 0.004 0.024 0.014 0.011]	[-0.022  0.107  0.054 -0.046  0.013 -0.14   0.056 -0.022]	0.63	1.11	1.0	1.76	0.08	0.11	0.02	0.13	0.54	0.19	0.2		0.9945279682488823	0.2	False	0.108
6	['Pt', 'Pd', 'Au', 'Ru', 'Rh', 'Ir', 'Re', 'Os']	23	[0.387 0.244 0.276 0.022 0.045 0.017 0.006 0.007]	[ 0.007  0.017  0.078 -0.093  0.084 -0.052  0.064 -0.105]	0.63	1.11	1.0	1.76	0.08	0.11	0.02	0.13	0.54	0.19	0.2		0.9675117844962233	0.2	False	0.116
7	['Pt', 'Pd', 'Au', 'Ru', 'Rh', 'Ir', 'Re', 'Os']	23	[0.413 0.27  0.293 0.002 0.01  0.004 0.009 0.003]	[ 0.031  0.1   -0.072 -0.036 -0.075 -0.06  -0.004  0.115]	0.63	1.11	1.0	1.76	0.08	0.11	0.02	0.13	0.54	0.19	0.2		1.0171974295375221	0.2	False	0.118
0	['Pt', 'Pd', 'Au', 'Ru', 'Rh', 'Ir', 'Re', 'Os']	24	[0.363 0.234 0.332 0.043 0.003 0.001 0.001 0.028]	[ 0.177 -0.036 -0.061  0.012  0.01  -0.04  -0.031 -0.029]	0.63	1.11	1.0	1.76	0.08	0.11	0.02	0.13	0.54	0.19	0.2		1.0182187946700674	0.2	False	0.092
1	['Pt', 'Pd', 'Au', 'Ru', 'Rh', 'Ir', 'Re', 'Os']	24	[0.412 0.248 0.284 0.    0.001 0.014 0.005 0.034]	[ 0.018  0.171 -0.058 -0.064 -0.024  0.008 -0.046 -0.004]	0.63	1.11	1.0	1.76	0.08	0.11	0.02	0.13	0.54	0.19	0.2		1.0253132309835602	0.199	False	0.093
2	['Pt', 'Pd', 'Au', 'Ru', 'Rh', 'Ir', 'Re', 'Os']	24	[0.412 0.239 0.232 0.016 0.006 0.012 0.006 0.077]	[-0.007  0.015 -0.076 -0.047  0.018 -0.011  0.02   0.088]	0.63	1.11	1.0	1.76	0.08	0.11	0.02	0.13	0.54	0.19	0.2		1.0167018900509697	0.13	False	0.098
3	['Pt', 'Pd', 'Au', 'Ru', 'Rh', 'Ir', 'Re', 'Os']	24	[0.424 0.244 0.302 0.012 0.001 0.003 0.003 0.008]	[-0.025  0.159  0.009  0.023 -0.019  0.007 -0.049 -0.104]	0.63	1.11	1.0	1.76	0.08	0.11	0.02	0.13	0.54	0.19	0.2		1.0211021676770236	0.2	False	0.119
4	['Pt', 'Pd', 'Au', 'Ru', 'Rh', 'Ir', 'Re', 'Os']	24	[0.399 0.216 0.314 0.006 0.013 0.002 0.008 0.051]	[-0.029 -0.126  0.15   0.005  0.009  0.013 -0.02  -0.002]	0.63	1.11	1.0	1.76	0.08	0.11	0.02	0.13	0.54	0.19	0.2		1.0278777993759312	0.2	False	0.08
5	['Pt', 'Pd', 'Au', 'Ru', 'Rh', 'Ir', 'Re', 'Os']	24	[0.368 0.216 0.232 0.002 0.023 0.11  0.02  0.016]	[ 0.    -0.027 -0.017 -0.034 -0.061  0.165 -0.07   0.045]	0.63	1.11	1.0	1.76	0.08	0.11	0.02	0.13	0.54	0.19	0.2		0.8123812775437935	0.2	False	0.162
6	['Pt', 'Pd', 'Au', 'Ru', 'Rh', 'Ir', 'Re', 'Os']	24	[0.411 0.252 0.28  0.017 0.009 0.001 0.026 0.009]	[ 0.088  0.046  0.035 -0.012 -0.01   0.004 -0.169  0.017]	0.63	1.11	1.0	1.76	0.08	0.11	0.02	0.13	0.54	0.19	0.2		1.0105707258246663	0.2	False	0.116
7	['Pt', 'Pd', 'Au', 'Ru', 'Rh', 'Ir', 'Re', 'Os']	24	[0.407 0.196 0.259 0.015 0.021 0.015 0.01  0.08 ]	[ 0.005 -0.092 -0.035 -0.034  0.034  0.019 -0.02   0.122]	0.63	1.11	1.0	1.76	0.08	0.11	0.02	0.13	0.54	0.19	0.2		0.990762049043588	0.166	False	0.096
0	['Pt', 'Pd', 'Au', 'Ru', 'Rh', 'Ir', 'Re', 'Os']	25	[0.479 0.177 0.237 0.034 0.012 0.012 0.009 0.049]	[ 0.131 -0.064 -0.107  0.07  -0.031  0.003 -0.026  0.024]	0.63	1.11	1.0	1.76	0.08	0.11	0.02	0.13	0.54	0.19	0.2		0.9413658264150286	0.2	False	0.173
1	['Pt', 'Pd', 'Au', 'Ru', 'Rh', 'Ir', 'Re', 'Os']	25	[0.375 0.221 0.319 0.003 0.021 0.007 0.008 0.043]	[-0.053 -0.036  0.066 -0.002 -0.038  0.026  0.013  0.023]	0.63	1.11	1.0	1.76	0.08	0.11	0.02	0.13	0.54	0.19	0.2		1.0111874342355214	0.107	False	0.075
2	['Pt', 'Pd', 'Au', 'Ru', 'Rh', 'Ir', 'Re', 'Os']	25	[0.46  0.279 0.064 0.014 0.046 0.008 0.042 0.085]	[ 0.043  0.035 -0.178  0.02   0.035  0.011  0.031  0.002]	0.63	1.11	1.0	1.76	0.08	0.11	0.02	0.13	0.54	0.19	0.2		0.8099362570588884	0.193	False	0.27
3	['Pt', 'Pd', 'Au', 'Ru', 'Rh', 'Ir', 'Re', 'Os']	25	[0.321 0.308 0.238 0.028 0.001 0.012 0.002 0.087]	[-0.107  0.069 -0.066  0.032  0.001 -0.014  0.001  0.084]	0.63	1.11	1.0	1.76	0.08	0.11	0.02	0.13	0.54	0.19	0.2		1.0019052000747872	0.17	False	0.096
4	['Pt', 'Pd', 'Au', 'Ru', 'Rh', 'Ir', 'Re', 'Os']	25	[0.369 0.147 0.405 0.008 0.045 0.01  0.007 0.021]	[-0.025 -0.07   0.115 -0.028  0.056 -0.022 -0.003 -0.025]	0.63	1.11	1.0	1.76	0.08	0.11	0.02	0.13	0.54	0.19	0.2		0.8865256044118883	0.154	False	0.175
5	['Pt', 'Pd', 'Au', 'Ru', 'Rh', 'Ir', 'Re', 'Os']	25	[0.39  0.221 0.282 0.02  0.    0.013 0.001 0.062]	[-0.016 -0.047  0.036 -0.101 -0.025  0.154 -0.029  0.028]	0.63	1.11	1.0	1.76	0.08	0.11	0.02	0.13	0.54	0.19	0.2		1.025175166831564	0.2	False	0.069
6	['Pt', 'Pd', 'Au', 'Ru', 'Rh', 'Ir', 'Re', 'Os']	25	[0.378 0.208 0.199 0.001 0.01  0.018 0.095 0.096]	[-0.019 -0.032 -0.075 -0.038 -0.039 -0.037  0.121  0.119]	0.63	1.11	1.0	1.76	0.08	0.11	0.02	0.13	0.54	0.19	0.2		0.9136305058724803	0.2	False	0.149
7	['Pt', 'Pd', 'Au', 'Ru', 'Rh', 'Ir', 'Re', 'Os']	25	[0.378 0.219 0.378 0.    0.007 0.002 0.006 0.015]	[-0.034  0.028  0.141  0.009 -0.01   0.006 -0.005 -0.134]	0.63	1.11	1.0	1.76	0.08	0.11	0.02	0.13	0.54	0.19	0.2		0.9965681011742542	0.2	False	0.123
0	['Pt', 'Pd', 'Au', 'Ru', 'Rh', 'Ir', 'Re', 'Os']	26	[0.364 0.29  0.138 0.078 0.009 0.024 0.012 0.095]	[-0.115  0.113 -0.099  0.044 -0.003  0.012  0.003  0.046]	0.63	1.11	1.0	1.76	0.08	0.11	0.02	0.13	0.54	0.19	0.2		0.9171250000037994	0.2	False	0.187
1	['Pt', 'Pd', 'Au', 'Ru', 'Rh', 'Ir', 'Re', 'Os']	26	[0.412 0.162 0.292 0.002 0.071 0.003 0.011 0.042]	[ 0.054 -0.069 -0.028 -0.02   0.094 -0.019 -0.018  0.005]	0.63	1.11	1.0	1.76	0.08	0.11	0.02	0.13	0.54	0.19	0.2		0.9278520703403519	0.135	False	0.142
2	['Pt', 'Pd', 'Au', 'Ru', 'Rh', 'Ir', 'Re', 'Os']	26	[0.401 0.232 0.235 0.002 0.078 0.002 0.003 0.046]	[-0.073 -0.061  0.162 -0.025  0.02  -0.003  0.032 -0.052]	0.63	1.11	1.0	1.76	0.08	0.11	0.02	0.13	0.54	0.19	0.2		0.9609830057030364	0.2	False	0.127
3	['Pt', 'Pd', 'Au', 'Ru', 'Rh', 'Ir', 'Re', 'Os']	26	[0.413 0.187 0.338 0.014 0.002 0.002 0.006 0.033]	[ 0.09  -0.129  0.099  0.033 -0.016  0.003 -0.02  -0.06 ]	0.63	1.11	1.0	1.76	0.08	0.11	0.02	0.13	0.54	0.19	0.2		1.002146380696642	0.2	False	0.119
4	['Pt', 'Pd', 'Au', 'Ru', 'Rh', 'Ir', 'Re', 'Os']	26	[0.395 0.243 0.273 0.002 0.037 0.003 0.008 0.049]	[ 0.025  0.101 -0.145 -0.031  0.071 -0.013 -0.035  0.028]	0.63	1.11	1.0	1.76	0.08	0.11	0.02	0.13	0.54	0.19	0.2		1.017085748102958	0.2	False	0.083
5	['Pt', 'Pd', 'Au', 'Ru', 'Rh', 'Ir', 'Re', 'Os']	26	[0.344 0.179 0.352 0.064 0.016 0.016 0.001 0.019]	[-0.053 -0.048  0.09   0.08  -0.022  0.007 -0.004 -0.049]	0.63	1.11	1.0	1.76	0.08	0.11	0.02	0.13	0.54	0.19	0.2		0.9218064330688944	0.15	False	0.138
6	['Pt', 'Pd', 'Au', 'Ru', 'Rh', 'Ir', 'Re', 'Os']	26	[0.376 0.236 0.296 0.001 0.004 0.    0.036 0.054]	[-0.037  0.004  0.1   -0.042 -0.037 -0.022  0.128 -0.093]	0.63	1.11	1.0	1.76	0.08	0.11	0.02	0.13	0.54	0.19	0.2		1.0290986199947787	0.2	False	0.066
7	['Pt', 'Pd', 'Au', 'Ru', 'Rh', 'Ir', 'Re', 'Os']	26	[0.473 0.171 0.251 0.058 0.    0.03  0.001 0.021]	[ 0.095 -0.048 -0.127  0.058 -0.007  0.028 -0.005  0.006]	0.63	1.11	1.0	1.76	0.08	0.11	0.02	0.13	0.54	0.19	0.2		0.918373805078218	0.178	False	0.185
0	['Pt', 'Pd', 'Au', 'Ru', 'Rh', 'Ir', 'Re', 'Os']	27	[0.36  0.254 0.316 0.009 0.002 0.    0.012 0.057]	[-0.004 -0.036  0.178 -0.069 -0.007 -0.024 -0.    -0.038]	0.63	1.11	1.0	1.76	0.08	0.11	0.02	0.13	0.54	0.19	0.2		1.0451023251371747	0.2	False	0.049
1	['Pt', 'Pd', 'Au', 'Ru', 'Rh', 'Ir', 'Re', 'Os']	27	[0.369 0.253 0.287 0.002 0.05  0.005 0.017 0.011]	[-0.055  0.113 -0.007 -0.034  0.126 -0.039 -0.065 -0.04 ]	0.63	1.11	1.0	1.76	0.08	0.11	0.02	0.13	0.54	0.19	0.2		0.9784744209971248	0.2	False	0.106
2	['Pt', 'Pd', 'Au', 'Ru', 'Rh', 'Ir', 'Re', 'Os']	27	[0.306 0.153 0.325 0.019 0.153 0.017 0.011 0.017]	[-0.089 -0.072  0.11   0.023  0.094  0.021 -0.016 -0.071]	0.63	1.11	1.0	1.76	0.08	0.11	0.02	0.13	0.54	0.19	0.2		0.7456701738412068	0.2	False	0.207
3	['Pt', 'Pd', 'Au', 'Ru', 'Rh', 'Ir', 'Re', 'Os']	27	[0.374 0.261 0.277 0.052 0.007 0.007 0.004 0.012]	[-0.031  0.094 -0.056  0.064 -0.017 -0.02  -0.023 -0.011]	0.63	1.11	1.0	1.76	0.08	0.11	0.02	0.13	0.54	0.19	0.2		1.00514185457554	0.136	False	0.109
4	['Pt', 'Pd', 'Au', 'Ru', 'Rh', 'Ir', 'Re', 'Os']	27	[0.375 0.213 0.306 0.006 0.07  0.003 0.012 0.024]	[-0.018 -0.032  0.061 -0.035  0.13  -0.031 -0.05  -0.025]	0.63	1.11	1.0	1.76	0.08	0.11	0.02	0.13	0.54	0.19	0.2		0.9590678449596239	0.165	False	0.114
5	['Pt', 'Pd', 'Au', 'Ru', 'Rh', 'Ir', 'Re', 'Os']	27	[0.397 0.251 0.254 0.017 0.006 0.011 0.01  0.048]	[ 0.047  0.073 -0.159  0.072 -0.006 -0.    -0.043  0.015]	0.63	1.11	1.0	1.76	0.08	0.11	0.02	0.13	0.54	0.19	0.2		1.0207154264396838	0.2	False	0.087
6	['Pt', 'Pd', 'Au', 'Ru', 'Rh', 'Ir', 'Re', 'Os']	27	[0.369 0.213 0.397 0.006 0.001 0.005 0.008 0.004]	[-0.014 -0.034  0.126 -0.006 -0.011 -0.021 -0.078  0.038]	0.63	1.11	1.0	1.76	0.08	0.11	0.02	0.13	0.54	0.19	0.2		0.9719347587541258	0.159	False	0.143
7	['Pt', 'Pd', 'Au', 'Ru', 'Rh', 'Ir', 'Re', 'Os']	27	[0.356 0.263 0.321 0.021 0.01  0.008 0.    0.025]	[-0.153  0.086  0.06   0.06  -0.034  0.017 -0.022 -0.015]	0.63	1.11	1.0	1.76	0.08	0.11	0.02	0.13	0.54	0.19	0.2		1.017725800570304	0.2	False	0.083
0	['Pt', 'Pd', 'Au', 'Ru', 'Rh', 'Ir', 'Re', 'Os']	28	[0.3   0.23  0.421 0.032 0.002 0.003 0.014 0.006]	[-0.059 -0.018  0.128  0.038 -0.002 -0.007 -0.032 -0.049]	0.63	1.11	1.0	1.76	0.08	0.11	0.02	0.13	0.54	0.19	0.2		0.9106164752186885	0.158	False	0.166
1	['Pt', 'Pd', 'Au', 'Ru', 'Rh', 'Ir', 'Re', 'Os']	28	[0.326 0.221 0.305 0.004 0.035 0.025 0.021 0.057]	[-0.08  -0.06   0.031 -0.042  0.114 -0.08   0.034  0.082]	0.63	1.11	1.0	1.76	0.08	0.11	0.02	0.13	0.54	0.19	0.2		0.9523004052478383	0.2	False	0.075
2	['Pt', 'Pd', 'Au', 'Ru', 'Rh', 'Ir', 'Re', 'Os']	28	[0.376 0.255 0.308 0.005 0.002 0.001 0.005 0.049]	[ 0.07   0.102 -0.017 -0.014 -0.151 -0.016 -0.006  0.032]	0.63	1.11	1.0	1.76	0.08	0.11	0.02	0.13	0.54	0.19	0.2		1.0482268616692825	0.2	False	0.058
3	['Pt', 'Pd', 'Au', 'Ru', 'Rh', 'Ir', 'Re', 'Os']	28	[0.353 0.278 0.18  0.06  0.009 0.009 0.005 0.099]	[-0.026  0.02  -0.118  0.108 -0.03  -0.03  -0.026  0.104]	0.63	1.11	1.0	1.76	0.08	0.11	0.02	0.13	0.54	0.19	0.2		0.9759050152422182	0.2	False	0.138
4	['Pt', 'Pd', 'Au', 'Ru', 'Rh', 'Ir', 'Re', 'Os']	28	[0.333 0.239 0.319 0.008 0.055 0.002 0.012 0.04 ]	[-0.073  0.036  0.016 -0.055  0.157 -0.053 -0.048  0.02 ]	0.63	1.11	1.0	1.76	0.08	0.11	0.02	0.13	0.54	0.19	0.2		0.9755060651464851	0.2	False	0.087
5	['Pt', 'Pd', 'Au', 'Ru', 'Rh', 'Ir', 'Re', 'Os']	28	[0.301 0.261 0.313 0.01  0.019 0.026 0.003 0.063]	[-0.126  0.015  0.08  -0.041  0.018  0.032 -0.001  0.022]	0.63	1.11	1.0	1.76	0.08	0.11	0.02	0.13	0.54	0.19	0.2		0.9667831454180946	0.161	False	0.072
6	['Pt', 'Pd', 'Au', 'Ru', 'Rh', 'Ir', 'Re', 'Os']	28	[0.348 0.27  0.251 0.009 0.002 0.    0.013 0.11 ]	[-0.021  0.061 -0.152 -0.009 -0.007  0.001  0.015  0.112]	0.63	1.11	1.0	1.76	0.08	0.11	0.02	0.13	0.54	0.19	0.2		1.0411889545781121	0.2	False	0.056
7	['Pt', 'Pd', 'Au', 'Ru', 'Rh', 'Ir', 'Re', 'Os']	28	[0.339 0.26  0.324 0.006 0.044 0.002 0.006 0.026]	[-0.036 -0.005  0.008  0.001  0.083 -0.016 -0.038  0.004]	0.63	1.11	1.0	1.76	0.08	0.11	0.02	0.13	0.54	0.19	0.2		0.9911782093624097	0.1	False	0.091
0	['Pt', 'Pd', 'Au', 'Ru', 'Rh', 'Ir', 'Re', 'Os']	29	[0.392 0.269 0.269 0.004 0.003 0.001 0.003 0.068]	[ 0.084  0.03  -0.167  0.024 -0.018 -0.012  0.005  0.053]	0.63	1.11	1.0	1.76	0.08	0.11	0.02	0.13	0.54	0.19	0.2		1.0553248715214776	0.2	False	0.064
1	['Pt', 'Pd', 'Au', 'Ru', 'Rh', 'Ir', 'Re', 'Os']	29	[0.438 0.205 0.271 0.005 0.02  0.041 0.012 0.   ]	[ 0.157 -0.024 -0.05  -0.019 -0.016  0.064 -0.029 -0.083]	0.63	1.11	1.0	1.76	0.08	0.11	0.02	0.13	0.54	0.19	0.2		0.9291001995134429	0.2	False	0.151
2	['Pt', 'Pd', 'Au', 'Ru', 'Rh', 'Ir', 'Re', 'Os']	29	[0.4   0.289 0.199 0.01  0.062 0.007 0.024 0.011]	[ 0.06   0.073 -0.112 -0.009  0.076 -0.03  -0.037 -0.021]	0.63	1.11	1.0	1.76	0.08	0.11	0.02	0.13	0.54	0.19	0.2		0.9322648327731604	0.173	False	0.163
3	['Pt', 'Pd', 'Au', 'Ru', 'Rh', 'Ir', 'Re', 'Os']	29	[0.386 0.232 0.322 0.014 0.002 0.001 0.007 0.028]	[ 0.021 -0.069  0.145  0.058 -0.019 -0.013 -0.027 -0.097]	0.63	1.11	1.0	1.76	0.08	0.11	0.02	0.13	0.54	0.19	0.2		1.0284621168342094	0.2	False	0.087
4	['Pt', 'Pd', 'Au', 'Ru', 'Rh', 'Ir', 'Re', 'Os']	29	[0.421 0.239 0.278 0.004 0.024 0.007 0.003 0.033]	[ 0.137 -0.018 -0.089 -0.016  0.093 -0.049 -0.028 -0.03 ]	0.63	1.11	1.0	1.76	0.08	0.11	0.02	0.13	0.54	0.19	0.2		1.0146965539081294	0.2	False	0.104
5	['Pt', 'Pd', 'Au', 'Ru', 'Rh', 'Ir', 'Re', 'Os']	29	[0.126 0.293 0.37  0.024 0.019 0.005 0.057 0.102]	[-0.175  0.032  0.057  0.014  0.    -0.021  0.054  0.039]	0.63	1.11	1.0	1.76	0.08	0.11	0.02	0.13	0.54	0.19	0.2		0.6615099837987279	0.2	False	0.247
6	['Pt', 'Pd', 'Au', 'Ru', 'Rh', 'Ir', 'Re', 'Os']	29	[0.403 0.261 0.282 0.    0.011 0.016 0.029 0.002]	[ 0.072 -0.     0.045  0.01  -0.023 -0.029  0.042 -0.118]	0.63	1.11	1.0	1.76	0.08	0.11	0.02	0.13	0.54	0.19	0.2		0.9907744498386444	0.156	False	0.119
7	['Pt', 'Pd', 'Au', 'Ru', 'Rh', 'Ir', 'Re', 'Os']	29	[0.48  0.213 0.261 0.005 0.022 0.008 0.001 0.016]	[ 0.158 -0.061 -0.08  -0.02   0.057 -0.027 -0.009 -0.018]	0.63	1.11	1.0	1.76	0.08	0.11	0.02	0.13	0.54	0.19	0.2		0.9645450395352848	0.2	False	0.166
0	['Pt', 'Pd', 'Au', 'Ru', 'Rh', 'Ir', 'Re', 'Os']	30	[0.438 0.299 0.166 0.005 0.006 0.003 0.002 0.091]	[ 0.049  0.032 -0.103 -0.011  0.008  0.003 -0.002  0.025]	0.63	1.11	1.0	1.76	0.08	0.11	0.02	0.13	0.54	0.19	0.2		0.9822355041246349	0.122	False	0.168
1	['Pt', 'Pd', 'Au', 'Ru', 'Rh', 'Ir', 'Re', 'Os']	30	[0.379 0.256 0.189 0.015 0.036 0.04  0.024 0.053]	[-0.094  0.073 -0.129  0.004  0.051 -0.006  0.026  0.076]	0.63	1.11	1.0	1.76	0.08	0.11	0.02	0.13	0.54	0.19	0.2		0.9177709477399081	0.2	False	0.138
2	['Pt', 'Pd', 'Au', 'Ru', 'Rh', 'Ir', 'Re', 'Os']	30	[0.391 0.234 0.265 0.009 0.014 0.005 0.012 0.073]	[-0.042 -0.119  0.084 -0.047  0.081 -0.048  0.014  0.077]	0.63	1.11	1.0	1.76	0.08	0.11	0.02	0.13	0.54	0.19	0.2		1.029968204951031	0.2	False	0.066
3	['Pt', 'Pd', 'Au', 'Ru', 'Rh', 'Ir', 'Re', 'Os']	30	[0.43  0.257 0.193 0.036 0.001 0.01  0.042 0.022]	[ 0.055  0.032 -0.153  0.029 -0.004  0.004  0.041 -0.005]	0.63	1.11	1.0	1.76	0.08	0.11	0.02	0.13	0.54	0.19	0.2		0.9524582728251048	0.173	False	0.165
4	['Pt', 'Pd', 'Au', 'Ru', 'Rh', 'Ir', 'Re', 'Os']	30	[0.429 0.243 0.205 0.004 0.012 0.017 0.013 0.085]	[ 0.017  0.01  -0.113 -0.025  0.041  0.02  -0.036  0.087]	0.63	1.11	1.0	1.76	0.08	0.11	0.02	0.13	0.54	0.19	0.2		0.989123103957771	0.158	False	0.127
5	['Pt', 'Pd', 'Au', 'Ru', 'Rh', 'Ir', 'Re', 'Os']	30	[0.299 0.308 0.289 0.005 0.001 0.008 0.016 0.072]	[ 0.168  0.01  -0.086 -0.024  0.015 -0.002 -0.046 -0.035]	0.63	1.11	1.0	1.76	0.08	0.11	0.02	0.13	0.54	0.19	0.2		0.9964899422269404	0.2	False	0.085
6	['Pt', 'Pd', 'Au', 'Ru', 'Rh', 'Ir', 'Re', 'Os']	30	[0.36  0.277 0.223 0.018 0.008 0.019 0.005 0.095]	[-0.02   0.077 -0.047 -0.017 -0.085 -0.057  0.004  0.145]	0.63	1.11	1.0	1.76	0.08	0.11	0.02	0.13	0.54	0.19	0.2		1.009343737209905	0.2	False	0.087
7	['Pt', 'Pd', 'Au', 'Ru', 'Rh', 'Ir', 'Re', 'Os']	30	[0.335 0.312 0.261 0.006 0.008 0.014 0.008 0.063]	[-0.159  0.108 -0.     0.004  0.003  0.014 -0.02   0.051]	0.63	1.11	1.0	1.76	0.08	0.11	0.02	0.13	0.54	0.19	0.2		1.0097740383987654	0.2	False	0.086
