ID	Elements	Generation	Position	Velocity	F_damp	F_b_best	F_h_best	F_g_best	F_b_worst	F_h_worst	F_g_worst	mut_prob	flip_prob	mut_rate	v_max	v_min	Activity	Velocity_mag	Flag	Distance
0	['Pt', 'Pd', 'Au', 'Ru', 'Rh', 'Ir', 'Re', 'Os']	0	[0.79 0.03 0.03 0.03 0.03 0.03 0.03 0.03]	[-0.187  0.027  0.027  0.027  0.027  0.027  0.027  0.027]	0.63	1.11	1.0	1.76	0.08	0.11	0.02	0.13	0.54	0.19	0.2		0.4429187652207028	0.2	False	0.569
1	['Pt', 'Pd', 'Au', 'Ru', 'Rh', 'Ir', 'Re', 'Os']	0	[0.03 0.79 0.03 0.03 0.03 0.03 0.03 0.03]	[ 0.027 -0.187  0.027  0.027  0.027  0.027  0.027  0.027]	0.63	1.11	1.0	1.76	0.08	0.11	0.02	0.13	0.54	0.19	0.2		0.20560014505118765	0.2	False	0.689
2	['Pt', 'Pd', 'Au', 'Ru', 'Rh', 'Ir', 'Re', 'Os']	0	[0.03 0.03 0.79 0.03 0.03 0.03 0.03 0.03]	[ 0.027  0.027 -0.187  0.027  0.027  0.027  0.027  0.027]	0.63	1.11	1.0	1.76	0.08	0.11	0.02	0.13	0.54	0.19	0.2		0.2149894158498778	0.2	False	0.632
3	['Pt', 'Pd', 'Au', 'Ru', 'Rh', 'Ir', 'Re', 'Os']	0	[0.03 0.03 0.03 0.79 0.03 0.03 0.03 0.03]	[ 0.027  0.027  0.027 -0.187  0.027  0.027  0.027  0.027]	0.63	1.11	1.0	1.76	0.08	0.11	0.02	0.13	0.54	0.19	0.2		0.12265296114671781	0.2	False	0.925
4	['Pt', 'Pd', 'Au', 'Ru', 'Rh', 'Ir', 'Re', 'Os']	0	[0.03 0.03 0.03 0.03 0.79 0.03 0.03 0.03]	[ 0.027  0.027  0.027  0.027 -0.187  0.027  0.027  0.027]	0.63	1.11	1.0	1.76	0.08	0.11	0.02	0.13	0.54	0.19	0.2		0.2961943697576309	0.2	False	0.925
5	['Pt', 'Pd', 'Au', 'Ru', 'Rh', 'Ir', 'Re', 'Os']	0	[0.03 0.03 0.03 0.03 0.03 0.79 0.03 0.03]	[ 0.027  0.027  0.027  0.027  0.027 -0.187  0.027  0.027]	0.63	1.11	1.0	1.76	0.08	0.11	0.02	0.13	0.54	0.19	0.2		0.3414716944973704	0.2	False	0.925
6	['Pt', 'Pd', 'Au', 'Ru', 'Rh', 'Ir', 'Re', 'Os']	0	[0.03 0.03 0.03 0.03 0.03 0.03 0.79 0.03]	[ 0.027  0.027  0.027  0.027  0.027  0.027 -0.187  0.027]	0.63	1.11	1.0	1.76	0.08	0.11	0.02	0.13	0.54	0.19	0.2		0.3145140039050876	0.2	False	0.925
7	['Pt', 'Pd', 'Au', 'Ru', 'Rh', 'Ir', 'Re', 'Os']	0	[0.03 0.03 0.03 0.03 0.03 0.03 0.03 0.79]	[ 0.027  0.027  0.027  0.027  0.027  0.027  0.027 -0.187]	0.63	1.11	1.0	1.76	0.08	0.11	0.02	0.13	0.54	0.19	0.2		0.32838217395326336	0.2	False	0.839
0	['Pt', 'Pd', 'Au', 'Ru', 'Rh', 'Ir', 'Re', 'Os']	1	[0.756 0.032 0.032 0.052 0.032 0.032 0.032 0.032]	[-0.051 -0.005 -0.005  0.078 -0.005 -0.005 -0.005 -0.005]	0.63	1.11	1.0	1.76	0.08	0.11	0.02	0.13	0.54	0.19	0.2		0.45726284806769973	0.094	False	0.543
1	['Pt', 'Pd', 'Au', 'Ru', 'Rh', 'Ir', 'Re', 'Os']	1	[0.171 0.649 0.031 0.025 0.031 0.031 0.031 0.031]	[ 0.141 -0.141  0.001 -0.005  0.001  0.001  0.001  0.001]	0.63	1.11	1.0	1.76	0.08	0.11	0.02	0.13	0.54	0.19	0.2		0.3651739682550588	0.199	False	0.521
2	['Pt', 'Pd', 'Au', 'Ru', 'Rh', 'Ir', 'Re', 'Os']	1	[0.171 0.031 0.649 0.025 0.031 0.031 0.031 0.031]	[ 0.141  0.001 -0.141 -0.005  0.001  0.001  0.001  0.001]	0.63	1.11	1.0	1.76	0.08	0.11	0.02	0.13	0.54	0.19	0.2		0.3539340808599202	0.199	False	0.458
3	['Pt', 'Pd', 'Au', 'Ru', 'Rh', 'Ir', 'Re', 'Os']	1	[0.168 0.031 0.031 0.645 0.031 0.031 0.031 0.031]	[ 0.138  0.001  0.001 -0.145  0.001  0.001  0.001  0.001]	0.63	1.11	1.0	1.76	0.08	0.11	0.02	0.13	0.54	0.19	0.2		0.17195294763961064	0.2	False	0.76
4	['Pt', 'Pd', 'Au', 'Ru', 'Rh', 'Ir', 'Re', 'Os']	1	[0.171 0.031 0.031 0.025 0.649 0.031 0.031 0.031]	[ 0.141  0.001  0.001 -0.005 -0.141  0.001  0.001  0.001]	0.63	1.11	1.0	1.76	0.08	0.11	0.02	0.13	0.54	0.19	0.2		0.30070718320270307	0.199	False	0.762
5	['Pt', 'Pd', 'Au', 'Ru', 'Rh', 'Ir', 'Re', 'Os']	1	[0.171 0.031 0.031 0.025 0.031 0.649 0.031 0.031]	[ 0.141  0.001  0.001 -0.005  0.001 -0.141  0.001  0.001]	0.63	1.11	1.0	1.76	0.08	0.11	0.02	0.13	0.54	0.19	0.2		0.3266445513526716	0.199	False	0.762
6	['Pt', 'Pd', 'Au', 'Ru', 'Rh', 'Ir', 'Re', 'Os']	1	[0.171 0.031 0.031 0.025 0.031 0.031 0.649 0.031]	[ 0.141  0.001  0.001 -0.005  0.001  0.001 -0.141  0.001]	0.63	1.11	1.0	1.76	0.08	0.11	0.02	0.13	0.54	0.19	0.2		0.30714692156651163	0.199	False	0.762
7	['Pt', 'Pd', 'Au', 'Ru', 'Rh', 'Ir', 'Re', 'Os']	1	[0.171 0.031 0.031 0.025 0.031 0.031 0.031 0.649]	[ 0.141  0.001  0.001 -0.005  0.001  0.001  0.001 -0.141]	0.63	1.11	1.0	1.76	0.08	0.11	0.02	0.13	0.54	0.19	0.2		0.3688241333902895	0.199	False	0.676
0	['Pt', 'Pd', 'Au', 'Ru', 'Rh', 'Ir', 'Re', 'Os']	2	[0.8   0.029 0.029 0.022 0.029 0.034 0.029 0.029]	[ 0.044 -0.003 -0.003 -0.03  -0.003  0.002 -0.003 -0.003]	0.63	1.11	1.0	1.76	0.08	0.11	0.02	0.13	0.54	0.19	0.2		0.4375681411447059	0.054	False	0.577
1	['Pt', 'Pd', 'Au', 'Ru', 'Rh', 'Ir', 'Re', 'Os']	2	[0.312 0.507 0.031 0.024 0.031 0.031 0.031 0.031]	[ 0.141 -0.142  0.    -0.001 -0.     0.     0.     0.   ]	0.63	1.11	1.0	1.76	0.08	0.11	0.02	0.13	0.54	0.19	0.2		0.6183582951108755	0.2	False	0.385
2	['Pt', 'Pd', 'Au', 'Ru', 'Rh', 'Ir', 'Re', 'Os']	2	[0.312 0.031 0.507 0.024 0.031 0.031 0.031 0.031]	[ 0.141  0.    -0.142 -0.001  0.     0.     0.     0.   ]	0.63	1.11	1.0	1.76	0.08	0.11	0.02	0.13	0.54	0.19	0.2		0.6018024967587907	0.2	False	0.317
3	['Pt', 'Pd', 'Au', 'Ru', 'Rh', 'Ir', 'Re', 'Os']	2	[0.309 0.031 0.031 0.503 0.031 0.031 0.031 0.031]	[ 0.141  0.     0.    -0.142  0.     0.    -0.     0.   ]	0.63	1.11	1.0	1.76	0.08	0.11	0.02	0.13	0.54	0.19	0.2		0.3102037119881564	0.2	False	0.619
4	['Pt', 'Pd', 'Au', 'Ru', 'Rh', 'Ir', 'Re', 'Os']	2	[0.312 0.031 0.031 0.024 0.507 0.031 0.031 0.031]	[ 0.141  0.     0.    -0.001 -0.142  0.     0.    -0.   ]	0.63	1.11	1.0	1.76	0.08	0.11	0.02	0.13	0.54	0.19	0.2		0.32286617657337097	0.2	False	0.621
5	['Pt', 'Pd', 'Au', 'Ru', 'Rh', 'Ir', 'Re', 'Os']	2	[0.251 0.    0.    0.002 0.    0.745 0.    0.   ]	[ 0.106 -0.041 -0.041 -0.039 -0.041  0.138 -0.041 -0.041]	0.63	1.11	1.0	1.76	0.08	0.11	0.02	0.13	0.54	0.19	0.2		0.3502921076304209	0.2	False	0.853
6	['Pt', 'Pd', 'Au', 'Ru', 'Rh', 'Ir', 'Re', 'Os']	2	[0.312 0.031 0.031 0.024 0.031 0.031 0.507 0.031]	[ 0.141  0.     0.    -0.001  0.     0.    -0.142  0.   ]	0.63	1.11	1.0	1.76	0.08	0.11	0.02	0.13	0.54	0.19	0.2		0.3309463750916579	0.2	False	0.621
7	['Pt', 'Pd', 'Au', 'Ru', 'Rh', 'Ir', 'Re', 'Os']	2	[0.312 0.031 0.031 0.026 0.031 0.031 0.031 0.507]	[ 0.141  0.     0.     0.001 -0.    -0.     0.    -0.142]	0.63	1.11	1.0	1.76	0.08	0.11	0.02	0.13	0.54	0.19	0.2		0.4534453504465884	0.2	False	0.539
0	['Pt', 'Pd', 'Au', 'Ru', 'Rh', 'Ir', 'Re', 'Os']	3	[0.66  0.172 0.03  0.017 0.03  0.033 0.03  0.03 ]	[-0.14   0.143  0.001 -0.005  0.001 -0.001  0.001  0.001]	0.63	1.11	1.0	1.76	0.08	0.11	0.02	0.13	0.54	0.19	0.2		0.5829725538343524	0.2	False	0.428
1	['Pt', 'Pd', 'Au', 'Ru', 'Rh', 'Ir', 'Re', 'Os']	3	[0.42  0.435 0.013 0.075 0.013 0.013 0.013 0.013]	[ 0.108 -0.072 -0.018  0.051 -0.018 -0.018 -0.018 -0.018]	0.63	1.11	1.0	1.76	0.08	0.11	0.02	0.13	0.54	0.19	0.2		0.7133057835091924	0.145	False	0.368
2	['Pt', 'Pd', 'Au', 'Ru', 'Rh', 'Ir', 'Re', 'Os']	3	[0.324 0.169 0.363 0.017 0.031 0.031 0.031 0.031]	[ 0.012  0.138 -0.144 -0.007  0.     0.     0.     0.   ]	0.63	1.11	1.0	1.76	0.08	0.11	0.02	0.13	0.54	0.19	0.2		0.8741758168139071	0.2	False	0.138
3	['Pt', 'Pd', 'Au', 'Ru', 'Rh', 'Ir', 'Re', 'Os']	3	[0.322 0.166 0.031 0.356 0.031 0.031 0.031 0.031]	[ 0.013  0.135  0.    -0.147  0.     0.     0.     0.   ]	0.63	1.11	1.0	1.76	0.08	0.11	0.02	0.13	0.54	0.19	0.2		0.5192789612651079	0.2	False	0.463
4	['Pt', 'Pd', 'Au', 'Ru', 'Rh', 'Ir', 'Re', 'Os']	3	[0.324 0.169 0.031 0.018 0.363 0.031 0.031 0.031]	[ 0.012  0.138 -0.    -0.006 -0.144 -0.    -0.    -0.   ]	0.63	1.11	1.0	1.76	0.08	0.11	0.02	0.13	0.54	0.19	0.2		0.4270955014259344	0.2	False	0.467
5	['Pt', 'Pd', 'Au', 'Ru', 'Rh', 'Ir', 'Re', 'Os']	3	[0.272 0.121 0.005 0.001 0.003 0.587 0.005 0.005]	[ 0.021  0.121  0.005 -0.003  0.002 -0.158  0.005  0.005]	0.63	1.11	1.0	1.76	0.08	0.11	0.02	0.13	0.54	0.19	0.2		0.3337228179346538	0.2	False	0.681
6	['Pt', 'Pd', 'Au', 'Ru', 'Rh', 'Ir', 'Re', 'Os']	3	[0.279 0.097 0.001 0.008 0.001 0.001 0.61  0.001]	[-0.03   0.119 -0.041 -0.048 -0.041 -0.041  0.125 -0.041]	0.63	1.11	1.0	1.76	0.08	0.11	0.02	0.13	0.54	0.19	0.2		0.3362119796864719	0.2	False	0.707
7	['Pt', 'Pd', 'Au', 'Ru', 'Rh', 'Ir', 'Re', 'Os']	3	[0.324 0.169 0.031 0.018 0.031 0.031 0.031 0.363]	[ 0.012  0.138  0.    -0.008  0.     0.     0.    -0.144]	0.63	1.11	1.0	1.76	0.08	0.11	0.02	0.13	0.54	0.19	0.2		0.6233351964360374	0.2	False	0.39
0	['Pt', 'Pd', 'Au', 'Ru', 'Rh', 'Ir', 'Re', 'Os']	4	[0.516 0.187 0.167 0.015 0.031 0.023 0.031 0.031]	[-0.144  0.015  0.137 -0.002  0.001 -0.01   0.001  0.001]	0.63	1.11	1.0	1.76	0.08	0.11	0.02	0.13	0.54	0.19	0.2		0.836942052415157	0.2	False	0.238
1	['Pt', 'Pd', 'Au', 'Ru', 'Rh', 'Ir', 'Re', 'Os']	4	[0.397 0.312 0.167 0.054 0.019 0.009 0.019 0.019]	[-0.023 -0.123  0.154 -0.021  0.006 -0.004  0.006  0.006]	0.63	1.11	1.0	1.76	0.08	0.11	0.02	0.13	0.54	0.19	0.2		0.9341513421896459	0.2	False	0.184
2	['Pt', 'Pd', 'Au', 'Ru', 'Rh', 'Ir', 'Re', 'Os']	4	[0.356 0.264 0.273 0.007 0.023 0.028 0.023 0.023]	[ 0.025  0.093 -0.106 -0.001 -0.018  0.044 -0.018 -0.018]	0.63	1.11	1.0	1.76	0.08	0.11	0.02	0.13	0.54	0.19	0.2		0.9702971214626592	0.153	False	0.094
3	['Pt', 'Pd', 'Au', 'Ru', 'Rh', 'Ir', 'Re', 'Os']	4	[0.331 0.183 0.158 0.203 0.033 0.025 0.033 0.033]	[ 0.009  0.017  0.127 -0.153  0.002 -0.006  0.002  0.002]	0.63	1.11	1.0	1.76	0.08	0.11	0.02	0.13	0.54	0.19	0.2		0.7355906731385549	0.2	False	0.271
4	['Pt', 'Pd', 'Au', 'Ru', 'Rh', 'Ir', 'Re', 'Os']	4	[0.33  0.185 0.166 0.015 0.217 0.022 0.031 0.031]	[ 0.006  0.016  0.135 -0.003 -0.146 -0.009  0.     0.   ]	0.63	1.11	1.0	1.76	0.08	0.11	0.02	0.13	0.54	0.19	0.2		0.6551829888600209	0.2	False	0.276
5	['Pt', 'Pd', 'Au', 'Ru', 'Rh', 'Ir', 'Re', 'Os']	4	[0.289 0.13  0.116 0.004 0.011 0.423 0.013 0.014]	[ 0.017  0.009  0.111  0.003  0.008 -0.164  0.008  0.009]	0.63	1.11	1.0	1.76	0.08	0.11	0.02	0.13	0.54	0.19	0.2		0.33322587296352707	0.2	False	0.488
6	['Pt', 'Pd', 'Au', 'Ru', 'Rh', 'Ir', 'Re', 'Os']	4	[0.3   0.078 0.119 0.013 0.014 0.007 0.452 0.014]	[ 0.021 -0.019  0.118  0.005  0.013  0.006 -0.158  0.013]	0.63	1.11	1.0	1.76	0.08	0.11	0.02	0.13	0.54	0.19	0.2		0.39507031860945047	0.2	False	0.526
7	['Pt', 'Pd', 'Au', 'Ru', 'Rh', 'Ir', 'Re', 'Os']	4	[0.33  0.185 0.166 0.015 0.032 0.022 0.031 0.217]	[ 0.006  0.016  0.135 -0.003  0.001 -0.009  0.    -0.146]	0.63	1.11	1.0	1.76	0.08	0.11	0.02	0.13	0.54	0.19	0.2		0.8569393493117341	0.2	False	0.197
0	['Pt', 'Pd', 'Au', 'Ru', 'Rh', 'Ir', 'Re', 'Os']	5	[0.368 0.257 0.281 0.004 0.026 0.013 0.026 0.026]	[-0.148  0.07   0.114 -0.011 -0.005 -0.01  -0.005 -0.005]	0.63	1.11	1.0	1.76	0.08	0.11	0.02	0.13	0.54	0.19	0.2		0.9933176445585616	0.2	False	0.088
1	['Pt', 'Pd', 'Au', 'Ru', 'Rh', 'Ir', 'Re', 'Os']	5	[0.363 0.22  0.33  0.007 0.023 0.008 0.023 0.023]	[-0.049 -0.108  0.153  0.047 -0.01  -0.015 -0.01  -0.01 ]	0.63	1.11	1.0	1.76	0.08	0.11	0.02	0.13	0.54	0.19	0.2		0.9849286022939876	0.2	False	0.095
2	['Pt', 'Pd', 'Au', 'Ru', 'Rh', 'Ir', 'Re', 'Os']	5	[0.405 0.358 0.183 0.022 0.007 0.007 0.007 0.007]	[ 0.049  0.094 -0.09   0.015 -0.016 -0.021 -0.016 -0.016]	0.63	1.11	1.0	1.76	0.08	0.11	0.02	0.13	0.54	0.19	0.2		0.9434778447486862	0.144	False	0.194
3	['Pt', 'Pd', 'Au', 'Ru', 'Rh', 'Ir', 'Re', 'Os']	5	[0.373 0.133 0.275 0.056 0.044 0.03  0.044 0.044]	[ 0.042 -0.05   0.117 -0.147  0.011  0.005  0.011  0.011]	0.63	1.11	1.0	1.76	0.08	0.11	0.02	0.13	0.54	0.19	0.2		0.8401511406926276	0.2	False	0.161
4	['Pt', 'Pd', 'Au', 'Ru', 'Rh', 'Ir', 'Re', 'Os']	5	[0.223 0.196 0.223 0.021 0.322 0.011 0.002 0.002]	[-0.156 -0.007  0.051  0.011  0.112 -0.019  0.003  0.003]	0.63	1.11	1.0	1.76	0.08	0.11	0.02	0.13	0.54	0.19	0.2		0.5122479383369364	0.2	False	0.373
5	['Pt', 'Pd', 'Au', 'Ru', 'Rh', 'Ir', 'Re', 'Os']	5	[0.262 0.189 0.204 0.011 0.025 0.257 0.026 0.026]	[-0.027  0.059  0.088  0.007  0.014 -0.166  0.013  0.012]	0.63	1.11	1.0	1.76	0.08	0.11	0.02	0.13	0.54	0.19	0.2		0.4682642238609417	0.2	False	0.306
6	['Pt', 'Pd', 'Au', 'Ru', 'Rh', 'Ir', 'Re', 'Os']	5	[0.325 0.147 0.189 0.009 0.018 0.009 0.28  0.019]	[ 0.025  0.069  0.07  -0.004  0.004  0.002 -0.172  0.005]	0.63	1.11	1.0	1.76	0.08	0.11	0.02	0.13	0.54	0.19	0.2		0.6102926113519465	0.2	False	0.33
7	['Pt', 'Pd', 'Au', 'Ru', 'Rh', 'Ir', 'Re', 'Os']	5	[0.357 0.247 0.265 0.005 0.027 0.014 0.026 0.057]	[ 0.027  0.062  0.099 -0.01  -0.005 -0.008 -0.005 -0.16 ]	0.63	1.11	1.0	1.76	0.08	0.11	0.02	0.13	0.54	0.19	0.2		0.9943275483021328	0.2	False	0.069
0	['Pt', 'Pd', 'Au', 'Ru', 'Rh', 'Ir', 'Re', 'Os']	6	[0.219 0.295 0.333 0.012 0.016 0.013 0.014 0.099]	[-0.155  0.036  0.05   0.008 -0.013  0.018 -0.015  0.071]	0.63	1.11	1.0	1.76	0.08	0.11	0.02	0.13	0.54	0.19	0.2		0.8752034665091473	0.184	False	0.145
1	['Pt', 'Pd', 'Au', 'Ru', 'Rh', 'Ir', 'Re', 'Os']	6	[0.354 0.181 0.291 0.007 0.021 0.016 0.018 0.106]	[-0.01  -0.041 -0.041 -0.001 -0.003  0.018 -0.006  0.083]	0.63	1.11	1.0	1.76	0.08	0.11	0.02	0.13	0.54	0.19	0.2		0.9732721454041628	0.103	False	0.077
2	['Pt', 'Pd', 'Au', 'Ru', 'Rh', 'Ir', 'Re', 'Os']	6	[0.354 0.214 0.284 0.011 0.031 0.004 0.03  0.07 ]	[-0.057 -0.15   0.096  0.025  0.019 -0.008  0.018  0.058]	0.63	1.11	1.0	1.76	0.08	0.11	0.02	0.13	0.54	0.19	0.2		0.9910455313738291	0.2	False	0.067
3	['Pt', 'Pd', 'Au', 'Ru', 'Rh', 'Ir', 'Re', 'Os']	6	[0.336 0.248 0.282 0.069 0.003 0.019 0.001 0.039]	[-0.048  0.123  0.002  0.11  -0.052 -0.068 -0.055 -0.012]	0.63	1.11	1.0	1.76	0.08	0.11	0.02	0.13	0.54	0.19	0.2		0.9819243557234785	0.2	False	0.097
4	['Pt', 'Pd', 'Au', 'Ru', 'Rh', 'Ir', 'Re', 'Os']	6	[0.305 0.225 0.245 0.009 0.149 0.007 0.021 0.039]	[ 0.082  0.029  0.022 -0.012 -0.173 -0.004  0.019  0.037]	0.63	1.11	1.0	1.76	0.08	0.11	0.02	0.13	0.54	0.19	0.2		0.8182280702181066	0.2	False	0.179
5	['Pt', 'Pd', 'Au', 'Ru', 'Rh', 'Ir', 'Re', 'Os']	6	[0.317 0.235 0.263 0.004 0.027 0.081 0.027 0.045]	[ 0.055  0.046  0.059 -0.007  0.002 -0.176  0.001  0.019]	0.63	1.11	1.0	1.76	0.08	0.11	0.02	0.13	0.54	0.19	0.2		0.8602115868567615	0.2	False	0.117
6	['Pt', 'Pd', 'Au', 'Ru', 'Rh', 'Ir', 'Re', 'Os']	6	[0.353 0.217 0.247 0.002 0.023 0.006 0.106 0.042]	[ 0.028  0.07   0.058 -0.007  0.005 -0.003 -0.174  0.023]	0.63	1.11	1.0	1.76	0.08	0.11	0.02	0.13	0.54	0.19	0.2		0.9144339431088686	0.2	False	0.138
7	['Pt', 'Pd', 'Au', 'Ru', 'Rh', 'Ir', 'Re', 'Os']	6	[0.362 0.259 0.301 0.003 0.002 0.003 0.003 0.065]	[ 0.01   0.02   0.056 -0.037 -0.082 -0.03  -0.082  0.145]	0.63	1.11	1.0	1.76	0.08	0.11	0.02	0.13	0.54	0.19	0.2		1.0491259339933061	0.201	False	0.038
0	['Pt', 'Pd', 'Au', 'Ru', 'Rh', 'Ir', 'Re', 'Os']	7	[0.38  0.305 0.275 0.006 0.005 0.006 0.001 0.022]	[ 0.162  0.001 -0.071  0.004  0.008 -0.008 -0.004 -0.092]	0.63	1.11	1.0	1.76	0.08	0.11	0.02	0.13	0.54	0.19	0.2		1.0264564467673398	0.2	False	0.104
1	['Pt', 'Pd', 'Au', 'Ru', 'Rh', 'Ir', 'Re', 'Os']	7	[0.366 0.283 0.313 0.002 0.017 0.001 0.    0.012]	[-0.035  0.134 -0.017 -0.081 -0.005 -0.052 -0.041  0.098]	0.63	1.11	1.0	1.76	0.08	0.11	0.02	0.13	0.54	0.19	0.2		1.0208546654004158	0.2	False	0.098
2	['Pt', 'Pd', 'Au', 'Ru', 'Rh', 'Ir', 'Re', 'Os']	7	[0.337 0.22  0.319 0.    0.036 0.014 0.013 0.059]	[-0.045 -0.002  0.053 -0.053  0.083 -0.051  0.047 -0.034]	0.63	1.11	1.0	1.76	0.08	0.11	0.02	0.13	0.54	0.19	0.2		0.9785106669677901	0.143	False	0.069
3	['Pt', 'Pd', 'Au', 'Ru', 'Rh', 'Ir', 'Re', 'Os']	7	[0.338 0.291 0.289 0.024 0.004 0.003 0.015 0.034]	[-0.022  0.072 -0.01   0.147 -0.056 -0.003 -0.09  -0.038]	0.63	1.11	1.0	1.76	0.08	0.11	0.02	0.13	0.54	0.19	0.2		1.0164041956816756	0.2	False	0.084
4	['Pt', 'Pd', 'Au', 'Ru', 'Rh', 'Ir', 'Re', 'Os']	7	[0.367 0.256 0.294 0.002 0.018 0.004 0.001 0.059]	[ 0.033 -0.007  0.016 -0.044  0.163 -0.066 -0.074 -0.022]	0.63	1.11	1.0	1.76	0.08	0.11	0.02	0.13	0.54	0.19	0.2		1.0380094832980897	0.2	False	0.049
5	['Pt', 'Pd', 'Au', 'Ru', 'Rh', 'Ir', 'Re', 'Os']	7	[0.392 0.184 0.333 0.014 0.008 0.058 0.001 0.007]	[ 0.07  -0.076  0.064 -0.005 -0.062  0.123 -0.054 -0.061]	0.63	1.11	1.0	1.76	0.08	0.11	0.02	0.13	0.54	0.19	0.2		0.9130165476795722	0.201	False	0.14
6	['Pt', 'Pd', 'Au', 'Ru', 'Rh', 'Ir', 'Re', 'Os']	7	[0.283 0.192 0.234 0.021 0.019 0.012 0.215 0.018]	[-0.089 -0.029 -0.013  0.014  0.04   0.01   0.15  -0.082]	0.63	1.11	1.0	1.76	0.08	0.11	0.02	0.13	0.54	0.19	0.2		0.6994425424595366	0.2	False	0.257
7	['Pt', 'Pd', 'Au', 'Ru', 'Rh', 'Ir', 'Re', 'Os']	7	[0.276 0.261 0.333 0.005 0.026 0.027 0.005 0.065]	[-0.109  0.022  0.067 -0.009  0.035 -0.039  0.013  0.019]	0.63	1.11	1.0	1.76	0.08	0.11	0.02	0.13	0.54	0.19	0.2		0.9312123229330382	0.142	False	0.097
0	['Pt', 'Pd', 'Au', 'Ru', 'Rh', 'Ir', 'Re', 'Os']	8	[0.4   0.194 0.303 0.012 0.006 0.005 0.025 0.055]	[ 0.023 -0.114  0.031  0.008 -0.012  0.009  0.019  0.036]	0.63	1.11	1.0	1.76	0.08	0.11	0.02	0.13	0.54	0.19	0.2		1.0059066076419638	0.129	False	0.092
1	['Pt', 'Pd', 'Au', 'Ru', 'Rh', 'Ir', 'Re', 'Os']	8	[0.327 0.221 0.248 0.029 0.024 0.002 0.004 0.14 ]	[-0.036 -0.065 -0.068  0.028 -0.015 -0.015  0.002  0.17 ]	0.63	1.11	1.0	1.76	0.08	0.11	0.02	0.13	0.54	0.19	0.2		0.9912357917977113	0.2	False	0.084
2	['Pt', 'Pd', 'Au', 'Ru', 'Rh', 'Ir', 'Re', 'Os']	8	[0.4   0.301 0.196 0.007 0.015 0.039 0.013 0.03 ]	[ 0.08   0.1   -0.122  0.008 -0.061  0.051 -0.035 -0.02 ]	0.63	1.11	1.0	1.76	0.08	0.11	0.02	0.13	0.54	0.19	0.2		0.9438205815513929	0.198	False	0.151
3	['Pt', 'Pd', 'Au', 'Ru', 'Rh', 'Ir', 'Re', 'Os']	8	[0.365 0.212 0.273 0.002 0.007 0.027 0.087 0.024]	[ 0.059 -0.098 -0.004 -0.029 -0.009 -0.046  0.122  0.005]	0.63	1.11	1.0	1.76	0.08	0.11	0.02	0.13	0.54	0.19	0.2		0.9202160855539341	0.176	False	0.129
4	['Pt', 'Pd', 'Au', 'Ru', 'Rh', 'Ir', 'Re', 'Os']	8	[0.375 0.24  0.303 0.009 0.011 0.007 0.04  0.017]	[ 0.032 -0.021  0.035  0.012 -0.056  0.012  0.064 -0.078]	0.63	1.11	1.0	1.76	0.08	0.11	0.02	0.13	0.54	0.19	0.2		0.996505978877029	0.128	False	0.097
5	['Pt', 'Pd', 'Au', 'Ru', 'Rh', 'Ir', 'Re', 'Os']	8	[0.354 0.28  0.282 0.001 0.003 0.004 0.018 0.056]	[-0.08   0.127 -0.1   -0.018 -0.029  0.059 -0.012  0.054]	0.63	1.11	1.0	1.76	0.08	0.11	0.02	0.13	0.54	0.19	0.2		1.0353963637395345	0.2	False	0.059
6	['Pt', 'Pd', 'Au', 'Ru', 'Rh', 'Ir', 'Re', 'Os']	8	[0.352 0.245 0.287 0.    0.018 0.004 0.046 0.043]	[ 0.069  0.053  0.053 -0.021 -0.001 -0.008 -0.169  0.025]	0.63	1.11	1.0	1.76	0.08	0.11	0.02	0.13	0.54	0.19	0.2		0.9971071712970263	0.2	False	0.077
7	['Pt', 'Pd', 'Au', 'Ru', 'Rh', 'Ir', 'Re', 'Os']	8	[0.408 0.235 0.315 0.003 0.007 0.026 0.001 0.004]	[ 0.161 -0.037 -0.027 -0.018 -0.003  0.043 -0.023 -0.097]	0.63	1.11	1.0	1.76	0.08	0.11	0.02	0.13	0.54	0.19	0.2		0.990274948051094	0.2	False	0.117
0	['Pt', 'Pd', 'Au', 'Ru', 'Rh', 'Ir', 'Re', 'Os']	9	[0.285 0.341 0.276 0.017 0.006 0.006 0.047 0.023]	[-0.121  0.149 -0.03   0.02   0.005 -0.007  0.02  -0.036]	0.63	1.11	1.0	1.76	0.08	0.11	0.02	0.13	0.54	0.19	0.2		0.9277753801229998	0.2	False	0.147
1	['Pt', 'Pd', 'Au', 'Ru', 'Rh', 'Ir', 'Re', 'Os']	9	[0.311 0.191 0.26  0.028 0.015 0.017 0.006 0.168]	[-0.038 -0.075  0.035  0.098  0.059 -0.091 -0.067  0.077]	0.63	1.11	1.0	1.76	0.08	0.11	0.02	0.13	0.54	0.19	0.2		0.9451300020049793	0.2	False	0.112
2	['Pt', 'Pd', 'Au', 'Ru', 'Rh', 'Ir', 'Re', 'Os']	9	[0.334 0.223 0.326 0.007 0.009 0.009 0.01  0.085]	[-0.085 -0.099  0.135 -0.024  0.008  0.035 -0.019  0.05 ]	0.63	1.11	1.0	1.76	0.08	0.11	0.02	0.13	0.54	0.19	0.2		1.0108866218981971	0.2	False	0.047
3	['Pt', 'Pd', 'Au', 'Ru', 'Rh', 'Ir', 'Re', 'Os']	9	[0.337 0.28  0.287 0.008 0.026 0.012 0.001 0.048]	[-0.091  0.093 -0.01  -0.039 -0.091  0.015  0.114  0.009]	0.63	1.11	1.0	1.76	0.08	0.11	0.02	0.13	0.54	0.19	0.2		1.0063619860534954	0.2	False	0.069
4	['Pt', 'Pd', 'Au', 'Ru', 'Rh', 'Ir', 'Re', 'Os']	9	[0.31  0.268 0.256 0.004 0.059 0.035 0.011 0.06 ]	[-0.083  0.062 -0.055 -0.041  0.084 -0.093  0.04   0.085]	0.63	1.11	1.0	1.76	0.08	0.11	0.02	0.13	0.54	0.19	0.2		0.9221256503921595	0.2	False	0.102
5	['Pt', 'Pd', 'Au', 'Ru', 'Rh', 'Ir', 'Re', 'Os']	9	[0.352 0.207 0.295 0.002 0.003 0.001 0.005 0.134]	[-0.006 -0.079  0.009 -0.002 -0.005 -0.009  0.017  0.076]	0.63	1.11	1.0	1.76	0.08	0.11	0.02	0.13	0.54	0.19	0.2		1.0281286183465228	0.112	False	0.055
6	['Pt', 'Pd', 'Au', 'Ru', 'Rh', 'Ir', 'Re', 'Os']	9	[0.335 0.25  0.268 0.003 0.013 0.023 0.084 0.018]	[-0.005  0.029 -0.008 -0.059 -0.04  -0.071  0.17  -0.017]	0.63	1.11	1.0	1.76	0.08	0.11	0.02	0.13	0.54	0.19	0.2		0.9206224918535677	0.2	False	0.125
7	['Pt', 'Pd', 'Au', 'Ru', 'Rh', 'Ir', 'Re', 'Os']	9	[0.338 0.32  0.227 0.006 0.002 0.015 0.018 0.076]	[-0.078  0.095 -0.098  0.002 -0.009  0.035 -0.029  0.081]	0.63	1.11	1.0	1.76	0.08	0.11	0.02	0.13	0.54	0.19	0.2		0.9952028114158395	0.183	False	0.107
0	['Pt', 'Pd', 'Au', 'Ru', 'Rh', 'Ir', 'Re', 'Os']	10	[0.395 0.234 0.316 0.01  0.    0.001 0.002 0.042]	[ 0.115 -0.136  0.034 -0.049 -0.02  -0.026  0.037  0.046]	0.63	1.11	1.0	1.76	0.08	0.11	0.02	0.13	0.54	0.19	0.2		1.0422751952894742	0.2	False	0.077
1	['Pt', 'Pd', 'Au', 'Ru', 'Rh', 'Ir', 'Re', 'Os']	10	[0.417 0.273 0.184 0.024 0.035 0.012 0.004 0.046]	[ 0.104  0.08  -0.079 -0.007  0.018  0.023 -0.014 -0.125]	0.63	1.11	1.0	1.76	0.08	0.11	0.02	0.13	0.54	0.19	0.2		0.9597935203704455	0.2	False	0.153
2	['Pt', 'Pd', 'Au', 'Ru', 'Rh', 'Ir', 'Re', 'Os']	10	[0.353 0.2   0.287 0.02  0.011 0.006 0.01  0.119]	[ 0.03  -0.029 -0.052  0.027 -0.014 -0.032  0.02   0.051]	0.63	1.11	1.0	1.76	0.08	0.11	0.02	0.13	0.54	0.19	0.2		1.0098756868302523	0.096	False	0.061
3	['Pt', 'Pd', 'Au', 'Ru', 'Rh', 'Ir', 'Re', 'Os']	10	[0.302 0.207 0.27  0.035 0.062 0.039 0.007 0.078]	[-0.05  -0.116 -0.019  0.047  0.115 -0.061  0.021  0.063]	0.63	1.11	1.0	1.76	0.08	0.11	0.02	0.13	0.54	0.19	0.2		0.8776748832174379	0.2	False	0.11
4	['Pt', 'Pd', 'Au', 'Ru', 'Rh', 'Ir', 'Re', 'Os']	10	[0.396 0.248 0.17  0.018 0.01  0.028 0.003 0.131]	[ 0.088 -0.045 -0.128 -0.046  0.057  0.044 -0.039  0.069]	0.63	1.11	1.0	1.76	0.08	0.11	0.02	0.13	0.54	0.19	0.2		0.9605033584660156	0.2	False	0.146
5	['Pt', 'Pd', 'Au', 'Ru', 'Rh', 'Ir', 'Re', 'Os']	10	[0.302 0.329 0.316 0.002 0.007 0.034 0.006 0.002]	[-0.044  0.131  0.028 -0.004 -0.011  0.03   0.008 -0.137]	0.63	1.11	1.0	1.76	0.08	0.11	0.02	0.13	0.54	0.19	0.2		0.9292641760546112	0.199	False	0.14
6	['Pt', 'Pd', 'Au', 'Ru', 'Rh', 'Ir', 'Re', 'Os']	10	[0.382 0.245 0.196 0.002 0.016 0.016 0.002 0.131]	[ 0.037 -0.029 -0.113 -0.031 -0.07   0.015  0.071  0.119]	0.63	1.11	1.0	1.76	0.08	0.11	0.02	0.13	0.54	0.19	0.2		0.9900082823598795	0.2	False	0.116
7	['Pt', 'Pd', 'Au', 'Ru', 'Rh', 'Ir', 'Re', 'Os']	10	[0.296 0.351 0.303 0.001 0.007 0.004 0.033 0.009]	[-0.069  0.052  0.127 -0.009 -0.034 -0.009  0.052 -0.111]	0.63	1.11	1.0	1.76	0.08	0.11	0.02	0.13	0.54	0.19	0.2		0.9425574188951857	0.2	False	0.15
0	['Pt', 'Pd', 'Au', 'Ru', 'Rh', 'Ir', 'Re', 'Os']	11	[0.368 0.19  0.318 0.04  0.001 0.001 0.001 0.082]	[-0.036 -0.059  0.004  0.051 -0.008 -0.007 -0.     0.056]	0.63	1.11	1.0	1.76	0.08	0.11	0.02	0.13	0.54	0.19	0.2		1.015363345555853	0.103	False	0.079
1	['Pt', 'Pd', 'Au', 'Ru', 'Rh', 'Ir', 'Re', 'Os']	11	[0.379 0.247 0.355 0.008 0.    0.006 0.001 0.001]	[-0.056 -0.043  0.17   0.015  0.019 -0.015 -0.019 -0.07 ]	0.63	1.11	1.0	1.76	0.08	0.11	0.02	0.13	0.54	0.19	0.2		1.008280275908246	0.2	False	0.117
2	['Pt', 'Pd', 'Au', 'Ru', 'Rh', 'Ir', 'Re', 'Os']	11	[0.399 0.298 0.286 0.001 0.002 0.003 0.008 0.008]	[ 0.029  0.111 -0.045 -0.023 -0.034 -0.05  -0.094  0.108]	0.63	1.11	1.0	1.76	0.08	0.11	0.02	0.13	0.54	0.19	0.2		1.0257260489786542	0.2	False	0.116
3	['Pt', 'Pd', 'Au', 'Ru', 'Rh', 'Ir', 'Re', 'Os']	11	[0.382 0.25  0.302 0.007 0.006 0.027 0.012 0.016]	[ 0.092  0.031  0.013  0.016  0.029  0.047 -0.086 -0.142]	0.63	1.11	1.0	1.76	0.08	0.11	0.02	0.13	0.54	0.19	0.2		0.995146936714334	0.201	False	0.095
4	['Pt', 'Pd', 'Au', 'Ru', 'Rh', 'Ir', 'Re', 'Os']	11	[0.454 0.308 0.005 0.026 0.042 0.047 0.043 0.08 ]	[ 0.058  0.06  -0.165  0.008  0.032  0.019  0.04  -0.051]	0.63	1.11	1.0	1.76	0.08	0.11	0.02	0.13	0.54	0.19	0.2		0.7073335463751331	0.2	False	0.329
5	['Pt', 'Pd', 'Au', 'Ru', 'Rh', 'Ir', 'Re', 'Os']	11	[0.409 0.208 0.289 0.005 0.005 0.039 0.01  0.032]	[ 0.121 -0.132 -0.028 -0.022 -0.009  0.066 -0.032  0.036]	0.63	1.11	1.0	1.76	0.08	0.11	0.02	0.13	0.54	0.19	0.2		0.9715373403558367	0.2	False	0.108
6	['Pt', 'Pd', 'Au', 'Ru', 'Rh', 'Ir', 'Re', 'Os']	11	[0.365 0.238 0.342 0.004 0.02  0.006 0.005 0.012]	[-0.023 -0.013  0.148 -0.004  0.024  0.002 -0.002 -0.13 ]	0.63	1.11	1.0	1.76	0.08	0.11	0.02	0.13	0.54	0.19	0.2		0.9977907536480703	0.2	False	0.102
7	['Pt', 'Pd', 'Au', 'Ru', 'Rh', 'Ir', 'Re', 'Os']	11	[0.437 0.224 0.263 0.009 0.002 0.009 0.009 0.048]	[ 0.14  -0.128 -0.041  0.007  0.007  0.004 -0.025  0.038]	0.63	1.11	1.0	1.76	0.08	0.11	0.02	0.13	0.54	0.19	0.2		1.0142528143294827	0.2	False	0.112
0	['Pt', 'Pd', 'Au', 'Ru', 'Rh', 'Ir', 'Re', 'Os']	12	[0.346 0.328 0.29  0.026 0.005 0.    0.006 0.   ]	[-0.02   0.151 -0.026  0.061 -0.015 -0.02  -0.025 -0.106]	0.63	1.11	1.0	1.76	0.08	0.11	0.02	0.13	0.54	0.19	0.2		0.998077624791454	0.2	False	0.13
1	['Pt', 'Pd', 'Au', 'Ru', 'Rh', 'Ir', 'Re', 'Os']	12	[0.327 0.267 0.304 0.014 0.01  0.014 0.004 0.058]	[-0.06   0.022 -0.059  0.016  0.011  0.014 -0.009  0.064]	0.63	1.11	1.0	1.76	0.08	0.11	0.02	0.13	0.54	0.19	0.2		1.0095141015756122	0.111	False	0.056
2	['Pt', 'Pd', 'Au', 'Ru', 'Rh', 'Ir', 'Re', 'Os']	12	[0.333 0.275 0.231 0.001 0.009 0.004 0.033 0.116]	[-0.074 -0.018 -0.06  -0.014 -0.02  -0.005  0.04   0.152]	0.63	1.11	1.0	1.76	0.08	0.11	0.02	0.13	0.54	0.19	0.2		1.0062308454188795	0.186	False	0.084
3	['Pt', 'Pd', 'Au', 'Ru', 'Rh', 'Ir', 'Re', 'Os']	12	[0.333 0.328 0.271 0.004 0.027 0.015 0.013 0.012]	[-0.048  0.143 -0.021  0.018 -0.076  0.021  0.037 -0.075]	0.63	1.11	1.0	1.76	0.08	0.11	0.02	0.13	0.54	0.19	0.2		0.9654540594260166	0.192	False	0.127
4	['Pt', 'Pd', 'Au', 'Ru', 'Rh', 'Ir', 'Re', 'Os']	12	[0.398 0.282 0.183 0.035 0.003 0.006 0.008 0.091]	[-0.056 -0.026  0.178  0.009 -0.039 -0.041 -0.035  0.011]	0.63	1.11	1.0	1.76	0.08	0.11	0.02	0.13	0.54	0.19	0.2		1.0007045475265437	0.2	False	0.136
5	['Pt', 'Pd', 'Au', 'Ru', 'Rh', 'Ir', 'Re', 'Os']	12	[0.315 0.294 0.274 0.009 0.013 0.042 0.01  0.039]	[-0.122  0.121 -0.015 -0.015 -0.039  0.086 -0.03   0.014]	0.63	1.11	1.0	1.76	0.08	0.11	0.02	0.13	0.54	0.19	0.2		0.9484274531111614	0.2	False	0.098
6	['Pt', 'Pd', 'Au', 'Ru', 'Rh', 'Ir', 'Re', 'Os']	12	[0.336 0.285 0.32  0.007 0.007 0.002 0.021 0.013]	[-0.022  0.099 -0.011 -0.017  0.008 -0.03   0.04  -0.067]	0.63	1.11	1.0	1.76	0.08	0.11	0.02	0.13	0.54	0.19	0.2		1.0019328964720973	0.134	False	0.1
7	['Pt', 'Pd', 'Au', 'Ru', 'Rh', 'Ir', 'Re', 'Os']	12	[0.302 0.283 0.368 0.015 0.015 0.001 0.015 0.004]	[-0.138  0.064  0.112  0.019 -0.018 -0.006  0.019 -0.054]	0.63	1.11	1.0	1.76	0.08	0.11	0.02	0.13	0.54	0.19	0.2		0.9546356803710725	0.2	False	0.134
0	['Pt', 'Pd', 'Au', 'Ru', 'Rh', 'Ir', 'Re', 'Os']	13	[0.35  0.177 0.336 0.006 0.002 0.008 0.015 0.107]	[-0.    -0.16   0.043  0.024 -0.007 -0.016  0.01   0.106]	0.63	1.11	1.0	1.76	0.08	0.11	0.02	0.13	0.54	0.19	0.2		0.989458822420707	0.2	False	0.084
1	['Pt', 'Pd', 'Au', 'Ru', 'Rh', 'Ir', 'Re', 'Os']	13	[0.41  0.229 0.287 0.012 0.005 0.005 0.001 0.049]	[ 0.091 -0.049 -0.025  0.018 -0.025  0.011 -0.006 -0.016]	0.63	1.11	1.0	1.76	0.08	0.11	0.02	0.13	0.54	0.19	0.2		1.0338727503688576	0.113	False	0.084
2	['Pt', 'Pd', 'Au', 'Ru', 'Rh', 'Ir', 'Re', 'Os']	13	[0.392 0.254 0.33  0.001 0.003 0.003 0.012 0.007]	[ 0.046 -0.073  0.105 -0.067 -0.042 -0.077  0.013  0.096]	0.63	1.11	1.0	1.76	0.08	0.11	0.02	0.13	0.54	0.19	0.2		1.0211329726271727	0.2	False	0.107
3	['Pt', 'Pd', 'Au', 'Ru', 'Rh', 'Ir', 'Re', 'Os']	13	[0.33  0.199 0.326 0.008 0.051 0.015 0.01  0.064]	[ 0.004 -0.146  0.073 -0.009  0.076 -0.021 -0.047  0.07 ]	0.63	1.11	1.0	1.76	0.08	0.11	0.02	0.13	0.54	0.19	0.2		0.9463893633942253	0.2	False	0.089
4	['Pt', 'Pd', 'Au', 'Ru', 'Rh', 'Ir', 'Re', 'Os']	13	[0.411 0.221 0.334 0.001 0.014 0.001 0.001 0.024]	[ 0.005 -0.079  0.161  0.02  -0.    -0.012 -0.008 -0.086]	0.63	1.11	1.0	1.76	0.08	0.11	0.02	0.13	0.54	0.19	0.2		1.0190821554993847	0.2	False	0.108
5	['Pt', 'Pd', 'Au', 'Ru', 'Rh', 'Ir', 'Re', 'Os']	13	[0.353 0.258 0.333 0.012 0.005 0.018 0.016 0.003]	[ 0.064 -0.058  0.099 -0.068 -0.04   0.072 -0.101  0.034]	0.63	1.11	1.0	1.76	0.08	0.11	0.02	0.13	0.54	0.19	0.2		0.9851961480337683	0.2	False	0.106
6	['Pt', 'Pd', 'Au', 'Ru', 'Rh', 'Ir', 'Re', 'Os']	13	[0.365 0.289 0.271 0.015 0.008 0.009 0.009 0.028]	[ 0.06   0.02  -0.064 -0.04  -0.029 -0.045  0.043  0.054]	0.63	1.11	1.0	1.76	0.08	0.11	0.02	0.13	0.54	0.19	0.2		1.0169943731437487	0.131	False	0.091
7	['Pt', 'Pd', 'Au', 'Ru', 'Rh', 'Ir', 'Re', 'Os']	13	[0.397 0.251 0.238 0.    0.021 0.006 0.001 0.091]	[ 0.094 -0.042 -0.146  0.004  0.021 -0.018  0.     0.086]	0.63	1.11	1.0	1.76	0.08	0.11	0.02	0.13	0.54	0.19	0.2		1.0286126501211432	0.2	False	0.081
0	['Pt', 'Pd', 'Au', 'Ru', 'Rh', 'Ir', 'Re', 'Os']	14	[0.419 0.3   0.265 0.    0.002 0.01  0.005 0.001]	[ 0.068  0.123 -0.076 -0.013 -0.008  0.01   0.013 -0.118]	0.63	1.11	1.0	1.76	0.08	0.11	0.02	0.13	0.54	0.19	0.2		1.0068042848043197	0.2	False	0.136
1	['Pt', 'Pd', 'Au', 'Ru', 'Rh', 'Ir', 'Re', 'Os']	14	[0.412 0.195 0.3   0.012 0.021 0.005 0.004 0.05 ]	[-0.    -0.046  0.014  0.021  0.018 -0.005 -0.    -0.001]	0.63	1.11	1.0	1.76	0.08	0.11	0.02	0.13	0.54	0.19	0.2		1.0034826541988653	0.056	False	0.1
2	['Pt', 'Pd', 'Au', 'Ru', 'Rh', 'Ir', 'Re', 'Os']	14	[0.422 0.25  0.188 0.01  0.006 0.01  0.025 0.093]	[ 0.079  0.04  -0.12  -0.041 -0.027 -0.036 -0.012  0.117]	0.63	1.11	1.0	1.76	0.08	0.11	0.02	0.13	0.54	0.19	0.2		0.9855741272514515	0.2	False	0.137
3	['Pt', 'Pd', 'Au', 'Ru', 'Rh', 'Ir', 'Re', 'Os']	14	[0.404 0.263 0.248 0.025 0.025 0.014 0.004 0.02 ]	[ 0.085  0.071 -0.126  0.01   0.07  -0.019 -0.011 -0.079]	0.63	1.11	1.0	1.76	0.08	0.11	0.02	0.13	0.54	0.19	0.2		0.992834330253062	0.199	False	0.117
4	['Pt', 'Pd', 'Au', 'Ru', 'Rh', 'Ir', 'Re', 'Os']	14	[0.294 0.276 0.286 0.009 0.057 0.004 0.01  0.07 ]	[-0.11   0.075 -0.036 -0.021  0.069 -0.019 -0.023  0.065]	0.63	1.11	1.0	1.76	0.08	0.11	0.02	0.13	0.54	0.19	0.2		0.9592513731074159	0.172	False	0.091
5	['Pt', 'Pd', 'Au', 'Ru', 'Rh', 'Ir', 'Re', 'Os']	14	[0.391 0.207 0.249 0.013 0.005 0.009 0.014 0.112]	[ 0.045 -0.07  -0.113  0.013 -0.023 -0.009  0.019  0.138]	0.63	1.11	1.0	1.76	0.08	0.11	0.02	0.13	0.54	0.19	0.2		1.0138786760696286	0.2	False	0.082
6	['Pt', 'Pd', 'Au', 'Ru', 'Rh', 'Ir', 'Re', 'Os']	14	[0.421 0.177 0.27  0.02  0.003 0.003 0.001 0.097]	[ 0.073 -0.16  -0.006  0.023 -0.013 -0.003 -0.007  0.091]	0.63	1.11	1.0	1.76	0.08	0.11	0.02	0.13	0.54	0.19	0.2		1.0059251574621346	0.2	False	0.108
7	['Pt', 'Pd', 'Au', 'Ru', 'Rh', 'Ir', 'Re', 'Os']	14	[0.463 0.3   0.112 0.051 0.007 0.019 0.049 0.006]	[ 0.043  0.024 -0.174  0.026 -0.002 -0.017  0.023  0.076]	0.63	1.11	1.0	1.76	0.08	0.11	0.02	0.13	0.54	0.19	0.2		0.8428772359185646	0.2	False	0.255
0	['Pt', 'Pd', 'Au', 'Ru', 'Rh', 'Ir', 'Re', 'Os']	15	[0.315 0.212 0.331 0.    0.001 0.001 0.009 0.131]	[-0.107 -0.091  0.064 -0.003 -0.001  0.008  0.002  0.128]	0.63	1.11	1.0	1.76	0.08	0.11	0.02	0.13	0.54	0.19	0.2		1.005515365138832	0.2	False	0.068
1	['Pt', 'Pd', 'Au', 'Ru', 'Rh', 'Ir', 'Re', 'Os']	15	[0.313 0.252 0.272 0.006 0.022 0.007 0.006 0.123]	[-0.107  0.062 -0.03   0.002  0.037 -0.016 -0.025  0.079]	0.63	1.11	1.0	1.76	0.08	0.11	0.02	0.13	0.54	0.19	0.2		1.0038755388456306	0.157	False	0.057
2	['Pt', 'Pd', 'Au', 'Ru', 'Rh', 'Ir', 'Re', 'Os']	15	[0.326 0.251 0.314 0.03  0.005 0.012 0.043 0.026]	[-0.113 -0.002  0.14   0.027 -0.     0.011  0.017 -0.08 ]	0.63	1.11	1.0	1.76	0.08	0.11	0.02	0.13	0.54	0.19	0.2		0.9721900238730197	0.2	False	0.096
3	['Pt', 'Pd', 'Au', 'Ru', 'Rh', 'Ir', 'Re', 'Os']	15	[0.292 0.243 0.287 0.045 0.011 0.01  0.021 0.095]	[-0.134 -0.019  0.055  0.069 -0.014 -0.001 -0.058  0.101]	0.63	1.11	1.0	1.76	0.08	0.11	0.02	0.13	0.54	0.19	0.2		0.9674611178096568	0.2	False	0.079
4	['Pt', 'Pd', 'Au', 'Ru', 'Rh', 'Ir', 'Re', 'Os']	15	[0.398 0.205 0.258 0.008 0.04  0.018 0.002 0.075]	[ 0.129 -0.094 -0.039 -0.02   0.097 -0.048 -0.028  0.003]	0.63	1.11	1.0	1.76	0.08	0.11	0.02	0.13	0.54	0.19	0.2		0.9822610501912576	0.2	False	0.093
5	['Pt', 'Pd', 'Au', 'Ru', 'Rh', 'Ir', 'Re', 'Os']	15	[0.301 0.3   0.3   0.004 0.001 0.04  0.023 0.031]	[-0.094  0.118  0.069  0.009 -0.013  0.045 -0.05  -0.084]	0.63	1.11	1.0	1.76	0.08	0.11	0.02	0.13	0.54	0.19	0.2		0.9400422208556158	0.198	False	0.109
6	['Pt', 'Pd', 'Au', 'Ru', 'Rh', 'Ir', 'Re', 'Os']	15	[0.302 0.311 0.305 0.004 0.008 0.004 0.018 0.042]	[-0.123  0.139  0.037  0.02  -0.013 -0.015  0.012 -0.057]	0.63	1.11	1.0	1.76	0.08	0.11	0.02	0.13	0.54	0.19	0.2		0.9876718647516778	0.2	False	0.099
7	['Pt', 'Pd', 'Au', 'Ru', 'Rh', 'Ir', 'Re', 'Os']	15	[0.387 0.257 0.266 0.007 0.003 0.002 0.01  0.076]	[-0.076 -0.043  0.154 -0.044 -0.004 -0.017 -0.039  0.07 ]	0.63	1.11	1.0	1.76	0.08	0.11	0.02	0.13	0.54	0.19	0.2		1.0501966548096684	0.2	False	0.058
0	['Pt', 'Pd', 'Au', 'Ru', 'Rh', 'Ir', 'Re', 'Os']	16	[0.399 0.229 0.178 0.002 0.006 0.007 0.003 0.18 ]	[ 0.093  0.02  -0.167 -0.008 -0.     0.001  0.006  0.055]	0.63	1.11	1.0	1.76	0.08	0.11	0.02	0.13	0.54	0.19	0.2		0.9735449548151442	0.2	False	0.156
1	['Pt', 'Pd', 'Au', 'Ru', 'Rh', 'Ir', 'Re', 'Os']	16	[0.476 0.227 0.259 0.007 0.    0.008 0.001 0.024]	[ 0.162 -0.033 -0.02  -0.012  0.014  0.005 -0.007 -0.109]	0.63	1.11	1.0	1.76	0.08	0.11	0.02	0.13	0.54	0.19	0.2		0.9891464932636742	0.2	False	0.155
2	['Pt', 'Pd', 'Au', 'Ru', 'Rh', 'Ir', 'Re', 'Os']	16	[0.436 0.277 0.213 0.01  0.018 0.001 0.013 0.04 ]	[ 0.122  0.017 -0.141  0.023 -0.044 -0.023  0.043  0.002]	0.63	1.11	1.0	1.76	0.08	0.11	0.02	0.13	0.54	0.19	0.2		0.9974428856025106	0.2	False	0.141
3	['Pt', 'Pd', 'Au', 'Ru', 'Rh', 'Ir', 'Re', 'Os']	16	[0.409 0.263 0.252 0.028 0.007 0.009 0.004 0.031]	[ 0.143  0.014 -0.059  0.064 -0.03  -0.033 -0.001 -0.098]	0.63	1.11	1.0	1.76	0.08	0.11	0.02	0.13	0.54	0.19	0.2		1.0179209873054351	0.2	False	0.108
4	['Pt', 'Pd', 'Au', 'Ru', 'Rh', 'Ir', 'Re', 'Os']	16	[0.392 0.271 0.245 0.001 0.023 0.022 0.04  0.011]	[-0.003  0.115 -0.015 -0.036  0.08   0.043 -0.086 -0.098]	0.63	1.11	1.0	1.76	0.08	0.11	0.02	0.13	0.54	0.19	0.2		0.9635707232299766	0.2	False	0.126
5	['Pt', 'Pd', 'Au', 'Ru', 'Rh', 'Ir', 'Re', 'Os']	16	[0.412 0.235 0.232 0.015 0.012 0.038 0.008 0.05 ]	[ 0.134 -0.077 -0.081 -0.041 -0.042  0.074  0.008  0.024]	0.63	1.11	1.0	1.76	0.08	0.11	0.02	0.13	0.54	0.19	0.2		0.970505765187857	0.2	False	0.114
6	['Pt', 'Pd', 'Au', 'Ru', 'Rh', 'Ir', 'Re', 'Os']	16	[0.45  0.247 0.214 0.004 0.    0.001 0.029 0.049]	[ 0.154 -0.07  -0.098 -0.016 -0.003 -0.008  0.036  0.005]	0.63	1.11	1.0	1.76	0.08	0.11	0.02	0.13	0.54	0.19	0.2		0.9918567478696043	0.2	False	0.144
7	['Pt', 'Pd', 'Au', 'Ru', 'Rh', 'Ir', 'Re', 'Os']	16	[0.406 0.268 0.152 0.02  0.019 0.047 0.002 0.09 ]	[ 0.019  0.011 -0.115  0.021  0.016  0.046 -0.013  0.014]	0.63	1.11	1.0	1.76	0.08	0.11	0.02	0.13	0.54	0.19	0.2		0.9173187358001613	0.13	False	0.169
0	['Pt', 'Pd', 'Au', 'Ru', 'Rh', 'Ir', 'Re', 'Os']	17	[0.434 0.305 0.096 0.037 0.039 0.026 0.036 0.03 ]	[ 0.035  0.076 -0.082  0.035  0.033  0.019  0.033 -0.15 ]	0.63	1.11	1.0	1.76	0.08	0.11	0.02	0.13	0.54	0.19	0.2		0.8281671552100902	0.2	False	0.248
1	['Pt', 'Pd', 'Au', 'Ru', 'Rh', 'Ir', 'Re', 'Os']	17	[0.33  0.248 0.314 0.003 0.018 0.009 0.009 0.07 ]	[-0.148  0.02   0.054 -0.006  0.017  0.013  0.007  0.045]	0.63	1.11	1.0	1.76	0.08	0.11	0.02	0.13	0.54	0.19	0.2		1.0118770455425226	0.166	False	0.045
2	['Pt', 'Pd', 'Au', 'Ru', 'Rh', 'Ir', 'Re', 'Os']	17	[0.374 0.259 0.274 0.007 0.055 0.005 0.006 0.028]	[-0.065 -0.014  0.078 -0.027  0.069 -0.015 -0.018 -0.007]	0.63	1.11	1.0	1.76	0.08	0.11	0.02	0.13	0.54	0.19	0.2		0.9912288119239809	0.129	False	0.098
3	['Pt', 'Pd', 'Au', 'Ru', 'Rh', 'Ir', 'Re', 'Os']	17	[0.463 0.248 0.237 0.023 0.003 0.006 0.018 0.006]	[ 0.086 -0.027 -0.027  0.06  -0.009  0.008 -0.049 -0.043]	0.63	1.11	1.0	1.76	0.08	0.11	0.02	0.13	0.54	0.19	0.2		0.9762813088501734	0.13	False	0.163
4	['Pt', 'Pd', 'Au', 'Ru', 'Rh', 'Ir', 'Re', 'Os']	17	[0.34  0.244 0.272 0.025 0.014 0.01  0.063 0.036]	[-0.075 -0.033  0.056 -0.088 -0.009 -0.038  0.135  0.052]	0.63	1.11	1.0	1.76	0.08	0.11	0.02	0.13	0.54	0.19	0.2		0.9630563651188975	0.2	False	0.1
5	['Pt', 'Pd', 'Au', 'Ru', 'Rh', 'Ir', 'Re', 'Os']	17	[0.399 0.133 0.325 0.005 0.    0.052 0.007 0.08 ]	[-0.03  -0.144  0.106 -0.011 -0.011  0.078 -0.014  0.025]	0.63	1.11	1.0	1.76	0.08	0.11	0.02	0.13	0.54	0.19	0.2		0.9078044728865013	0.2	False	0.141
6	['Pt', 'Pd', 'Au', 'Ru', 'Rh', 'Ir', 'Re', 'Os']	17	[0.321 0.267 0.322 0.001 0.002 0.011 0.057 0.014]	[-0.133  0.025  0.118 -0.016 -0.013 -0.022  0.075 -0.034]	0.63	1.11	1.0	1.76	0.08	0.11	0.02	0.13	0.54	0.19	0.2		0.9630957966003322	0.2	False	0.111
7	['Pt', 'Pd', 'Au', 'Ru', 'Rh', 'Ir', 'Re', 'Os']	17	[0.398 0.258 0.322 0.003 0.002 0.008 0.002 0.013]	[-0.025 -0.027  0.161 -0.04   0.005  0.038 -0.016 -0.097]	0.63	1.11	1.0	1.76	0.08	0.11	0.02	0.13	0.54	0.19	0.2		1.0266128301970285	0.2	False	0.102
0	['Pt', 'Pd', 'Au', 'Ru', 'Rh', 'Ir', 'Re', 'Os']	18	[0.389 0.271 0.281 0.01  0.008 0.007 0.012 0.026]	[-0.045 -0.034  0.185 -0.027 -0.031 -0.019 -0.024 -0.004]	0.63	1.11	1.0	1.76	0.08	0.11	0.02	0.13	0.54	0.19	0.2		1.026115824876815	0.2	False	0.09
1	['Pt', 'Pd', 'Au', 'Ru', 'Rh', 'Ir', 'Re', 'Os']	18	[0.476 0.239 0.256 0.003 0.024 0.003 0.001 0.001]	[ 0.161 -0.012 -0.067 -0.015  0.031 -0.009 -0.008 -0.081]	0.63	1.11	1.0	1.76	0.08	0.11	0.02	0.13	0.54	0.19	0.2		0.970203195733089	0.196	False	0.168
2	['Pt', 'Pd', 'Au', 'Ru', 'Rh', 'Ir', 'Re', 'Os']	18	[0.367 0.14  0.287 0.053 0.145 0.013 0.001 0.001]	[-0.007 -0.15   0.018  0.05   0.116  0.008 -0.002 -0.033]	0.63	1.11	1.0	1.76	0.08	0.11	0.02	0.13	0.54	0.19	0.2		0.7621545231651057	0.2	False	0.215
3	['Pt', 'Pd', 'Au', 'Ru', 'Rh', 'Ir', 'Re', 'Os']	18	[0.485 0.18  0.265 0.021 0.007 0.02  0.024 0.   ]	[ 0.059 -0.132  0.071  0.063 -0.053 -0.064  0.057 -0.001]	0.63	1.11	1.0	1.76	0.08	0.11	0.02	0.13	0.54	0.19	0.2		0.9184134265443027	0.2	False	0.189
4	['Pt', 'Pd', 'Au', 'Ru', 'Rh', 'Ir', 'Re', 'Os']	18	[0.369 0.212 0.301 0.049 0.019 0.005 0.008 0.043]	[ 0.036 -0.12   0.036  0.095  0.008 -0.097  0.064 -0.02 ]	0.63	1.11	1.0	1.76	0.08	0.11	0.02	0.13	0.54	0.19	0.2		0.9972474318460169	0.2	False	0.089
5	['Pt', 'Pd', 'Au', 'Ru', 'Rh', 'Ir', 'Re', 'Os']	18	[0.352 0.294 0.294 0.003 0.006 0.019 0.003 0.031]	[-0.058  0.163 -0.041 -0.01  -0.023  0.059 -0.027 -0.06 ]	0.63	1.11	1.0	1.76	0.08	0.11	0.02	0.13	0.54	0.19	0.2		1.0118226311423177	0.2	False	0.085
6	['Pt', 'Pd', 'Au', 'Ru', 'Rh', 'Ir', 'Re', 'Os']	18	[0.387 0.237 0.248 0.015 0.013 0.008 0.055 0.032]	[ 0.093 -0.033 -0.091 -0.053 -0.05  -0.02   0.124  0.03 ]	0.63	1.11	1.0	1.76	0.08	0.11	0.02	0.13	0.54	0.19	0.2		0.977451632163622	0.2	False	0.111
7	['Pt', 'Pd', 'Au', 'Ru', 'Rh', 'Ir', 'Re', 'Os']	18	[0.37  0.242 0.303 0.029 0.006 0.002 0.    0.054]	[-0.026 -0.013 -0.016  0.029 -0.01  -0.008 -0.004  0.049]	0.63	1.11	1.0	1.76	0.08	0.11	0.02	0.13	0.54	0.19	0.2		1.0399501110060934	0.067	False	0.059
0	['Pt', 'Pd', 'Au', 'Ru', 'Rh', 'Ir', 'Re', 'Os']	19	[0.305 0.18  0.387 0.011 0.018 0.    0.003 0.099]	[-0.095 -0.103  0.117 -0.012  0.015 -0.002 -0.     0.08 ]	0.63	1.11	1.0	1.76	0.08	0.11	0.02	0.13	0.54	0.19	0.2		0.9393045114521188	0.2	False	0.122
1	['Pt', 'Pd', 'Au', 'Ru', 'Rh', 'Ir', 'Re', 'Os']	19	[0.335 0.217 0.298 0.002 0.023 0.001 0.003 0.122]	[-0.147 -0.025  0.04  -0.009  0.037 -0.007 -0.011  0.121]	0.63	1.11	1.0	1.76	0.08	0.11	0.02	0.13	0.54	0.19	0.2		1.0152598877518733	0.2	False	0.048
2	['Pt', 'Pd', 'Au', 'Ru', 'Rh', 'Ir', 'Re', 'Os']	19	[0.398 0.261 0.273 0.009 0.005 0.002 0.007 0.052]	[ 0.031  0.121 -0.014 -0.044 -0.14  -0.011  0.006  0.051]	0.63	1.11	1.0	1.76	0.08	0.11	0.02	0.13	0.54	0.19	0.2		1.0455980336858426	0.2	False	0.075
3	['Pt', 'Pd', 'Au', 'Ru', 'Rh', 'Ir', 'Re', 'Os']	19	[0.335 0.255 0.28  0.015 0.013 0.021 0.014 0.072]	[-0.159  0.077  0.014 -0.008  0.012  0.032 -0.044  0.074]	0.63	1.11	1.0	1.76	0.08	0.11	0.02	0.13	0.54	0.19	0.2		1.0006293230639645	0.2	False	0.05
4	['Pt', 'Pd', 'Au', 'Ru', 'Rh', 'Ir', 'Re', 'Os']	19	[0.387 0.249 0.231 0.003 0.043 0.019 0.017 0.055]	[ 0.026  0.064 -0.148  0.048  0.069  0.004 -0.077  0.014]	0.63	1.11	1.0	1.76	0.08	0.11	0.02	0.13	0.54	0.19	0.2		0.9751406091068777	0.2	False	0.103
5	['Pt', 'Pd', 'Au', 'Ru', 'Rh', 'Ir', 'Re', 'Os']	19	[0.375 0.266 0.2   0.019 0.007 0.036 0.012 0.085]	[ 0.04  -0.022 -0.101 -0.036  0.014  0.058 -0.03   0.077]	0.63	1.11	1.0	1.76	0.08	0.11	0.02	0.13	0.54	0.19	0.2		0.9708532979102384	0.154	False	0.114
6	['Pt', 'Pd', 'Au', 'Ru', 'Rh', 'Ir', 'Re', 'Os']	19	[0.363 0.263 0.245 0.007 0.019 0.017 0.02  0.065]	[-0.079  0.045 -0.027 -0.057  0.018 -0.089  0.125  0.063]	0.63	1.11	1.0	1.76	0.08	0.11	0.02	0.13	0.54	0.19	0.2		1.0016284587304214	0.2	False	0.075
7	['Pt', 'Pd', 'Au', 'Ru', 'Rh', 'Ir', 'Re', 'Os']	19	[0.413 0.285 0.192 0.022 0.012 0.009 0.001 0.072]	[ 0.045  0.045 -0.132  0.043  0.007 -0.019 -0.005  0.016]	0.63	1.11	1.0	1.76	0.08	0.11	0.02	0.13	0.54	0.19	0.2		0.9988273110061101	0.155	False	0.135
0	['Pt', 'Pd', 'Au', 'Ru', 'Rh', 'Ir', 'Re', 'Os']	20	[0.407 0.275 0.255 0.002 0.003 0.003 0.005 0.055]	[ 0.096  0.089 -0.14   0.006  0.014 -0.01  -0.005 -0.051]	0.63	1.11	1.0	1.76	0.08	0.11	0.02	0.13	0.54	0.19	0.2		1.0428315595040325	0.199	False	0.089
1	['Pt', 'Pd', 'Au', 'Ru', 'Rh', 'Ir', 'Re', 'Os']	20	[0.467 0.265 0.247 0.001 0.014 0.002 0.001 0.001]	[ 0.132  0.047 -0.053 -0.011  0.031 -0.009 -0.009 -0.128]	0.63	1.11	1.0	1.76	0.08	0.11	0.02	0.13	0.54	0.19	0.2		0.9837375289584218	0.2	False	0.163
2	['Pt', 'Pd', 'Au', 'Ru', 'Rh', 'Ir', 'Re', 'Os']	20	[0.39  0.308 0.145 0.001 0.057 0.02  0.018 0.069]	[ 0.011  0.078 -0.138  0.015  0.066 -0.034 -0.04   0.041]	0.63	1.11	1.0	1.76	0.08	0.11	0.02	0.13	0.54	0.19	0.2		0.9059108863226946	0.185	False	0.184
3	['Pt', 'Pd', 'Au', 'Ru', 'Rh', 'Ir', 'Re', 'Os']	20	[0.437 0.294 0.2   0.033 0.017 0.005 0.002 0.017]	[ 0.133  0.05  -0.108  0.039 -0.03  -0.01   0.001 -0.075]	0.63	1.11	1.0	1.76	0.08	0.11	0.02	0.13	0.54	0.19	0.2		0.9742006997140285	0.2	False	0.167
4	['Pt', 'Pd', 'Au', 'Ru', 'Rh', 'Ir', 'Re', 'Os']	20	[0.37  0.278 0.243 0.024 0.047 0.001 0.015 0.028]	[-0.047  0.055  0.017 -0.095  0.139 -0.027  0.026 -0.069]	0.63	1.11	1.0	1.76	0.08	0.11	0.02	0.13	0.54	0.19	0.2		0.9855650714811557	0.2	False	0.112
5	['Pt', 'Pd', 'Au', 'Ru', 'Rh', 'Ir', 'Re', 'Os']	20	[0.374 0.227 0.302 0.01  0.025 0.032 0.018 0.015]	[ 0.004 -0.046  0.138  0.026 -0.068  0.07  -0.038 -0.086]	0.63	1.11	1.0	1.76	0.08	0.11	0.02	0.13	0.54	0.19	0.2		0.9601594840376937	0.2	False	0.102
6	['Pt', 'Pd', 'Au', 'Ru', 'Rh', 'Ir', 'Re', 'Os']	20	[0.394 0.313 0.143 0.027 0.001 0.074 0.014 0.032]	[ 0.039  0.062 -0.122  0.025  0.004  0.081 -0.049 -0.039]	0.63	1.11	1.0	1.76	0.08	0.11	0.02	0.13	0.54	0.19	0.2		0.8551955579419928	0.177	False	0.204
7	['Pt', 'Pd', 'Au', 'Ru', 'Rh', 'Ir', 'Re', 'Os']	20	[0.455 0.299 0.016 0.032 0.035 0.022 0.08  0.067]	[ 0.042  0.014 -0.176  0.01   0.023  0.013  0.079 -0.005]	0.63	1.11	1.0	1.76	0.08	0.11	0.02	0.13	0.54	0.19	0.2		0.7226975702399696	0.2	False	0.323
0	['Pt', 'Pd', 'Au', 'Ru', 'Rh', 'Ir', 'Re', 'Os']	21	[0.395 0.314 0.227 0.002 0.001 0.007 0.004 0.053]	[-0.013  0.042 -0.03   0.002 -0.005  0.008 -0.001 -0.002]	0.63	1.11	1.0	1.76	0.08	0.11	0.02	0.13	0.54	0.19	0.2		1.0217722250142898	0.054	False	0.117
1	['Pt', 'Pd', 'Au', 'Ru', 'Rh', 'Ir', 'Re', 'Os']	21	[0.34  0.207 0.322 0.    0.005 0.    0.005 0.118]	[-0.13  -0.06   0.074 -0.003  0.014 -0.002 -0.01   0.116]	0.63	1.11	1.0	1.76	0.08	0.11	0.02	0.13	0.54	0.19	0.2		1.022216587279556	0.2	False	0.053
2	['Pt', 'Pd', 'Au', 'Ru', 'Rh', 'Ir', 'Re', 'Os']	21	[0.397 0.24  0.291 0.013 0.006 0.01  0.001 0.053]	[-0.014 -0.104  0.153 -0.042  0.047  0.006 -0.005 -0.041]	0.63	1.11	1.0	1.76	0.08	0.11	0.02	0.13	0.54	0.19	0.2		1.0368086433212964	0.2	False	0.07
3	['Pt', 'Pd', 'Au', 'Ru', 'Rh', 'Ir', 'Re', 'Os']	21	[0.376 0.208 0.3   0.039 0.003 0.017 0.015 0.049]	[-0.071 -0.101  0.124  0.068  0.015 -0.036 -0.041  0.042]	0.63	1.11	1.0	1.76	0.08	0.11	0.02	0.13	0.54	0.19	0.2		0.997081724928756	0.2	False	0.084
4	['Pt', 'Pd', 'Au', 'Ru', 'Rh', 'Ir', 'Re', 'Os']	21	[0.354 0.216 0.302 0.05  0.005 0.015 0.026 0.039]	[-0.023 -0.098  0.1    0.085  0.051 -0.074 -0.062  0.021]	0.63	1.11	1.0	1.76	0.08	0.11	0.02	0.13	0.54	0.19	0.2		0.9804419110412452	0.2	False	0.091
5	['Pt', 'Pd', 'Au', 'Ru', 'Rh', 'Ir', 'Re', 'Os']	21	[0.351 0.272 0.252 0.029 0.031 0.011 0.003 0.052]	[-0.05   0.085 -0.104 -0.082  0.067  0.049 -0.034  0.069]	0.63	1.11	1.0	1.76	0.08	0.11	0.02	0.13	0.54	0.19	0.2		0.9980979152150389	0.2	False	0.084
6	['Pt', 'Pd', 'Au', 'Ru', 'Rh', 'Ir', 'Re', 'Os']	21	[0.356 0.316 0.269 0.001 0.012 0.003 0.023 0.017]	[-0.081 -0.023  0.151 -0.013 -0.059  0.064  0.008 -0.048]	0.63	1.11	1.0	1.76	0.08	0.11	0.02	0.13	0.54	0.19	0.2		1.0019798584086725	0.2	False	0.114
7	['Pt', 'Pd', 'Au', 'Ru', 'Rh', 'Ir', 'Re', 'Os']	21	[0.416 0.275 0.201 0.009 0.011 0.007 0.031 0.056]	[-0.039 -0.024  0.185 -0.023 -0.024 -0.015 -0.049 -0.011]	0.63	1.11	1.0	1.76	0.08	0.11	0.02	0.13	0.54	0.19	0.2		0.989594275155173	0.2	False	0.134
0	['Pt', 'Pd', 'Au', 'Ru', 'Rh', 'Ir', 'Re', 'Os']	22	[0.403 0.197 0.109 0.036 0.041 0.034 0.043 0.139]	[ 0.008 -0.117 -0.118  0.034  0.04   0.027  0.039  0.086]	0.63	1.11	1.0	1.76	0.08	0.11	0.02	0.13	0.54	0.19	0.2		0.8191491544730625	0.2	False	0.223
1	['Pt', 'Pd', 'Au', 'Ru', 'Rh', 'Ir', 'Re', 'Os']	22	[0.428 0.2   0.173 0.002 0.    0.002 0.017 0.173]	[ 0.1   -0.004 -0.16  -0.008  0.001 -0.008  0.016  0.064]	0.63	1.11	1.0	1.76	0.08	0.11	0.02	0.13	0.54	0.19	0.2		0.9519669267897115	0.2	False	0.174
2	['Pt', 'Pd', 'Au', 'Ru', 'Rh', 'Ir', 'Re', 'Os']	22	[0.397 0.234 0.27  0.044 0.01  0.002 0.    0.053]	[-0.004 -0.013 -0.037  0.063  0.002  0.001 -0.009 -0.004]	0.63	1.11	1.0	1.76	0.08	0.11	0.02	0.13	0.54	0.19	0.2		1.0302092370646405	0.075	False	0.087
3	['Pt', 'Pd', 'Au', 'Ru', 'Rh', 'Ir', 'Re', 'Os']	22	[0.348 0.243 0.221 0.064 0.03  0.047 0.047 0.012]	[-0.037  0.067 -0.121  0.051 -0.057  0.076  0.072 -0.052]	0.63	1.11	1.0	1.76	0.08	0.11	0.02	0.13	0.54	0.19	0.2		0.8653109844927873	0.2	False	0.153
4	['Pt', 'Pd', 'Au', 'Ru', 'Rh', 'Ir', 'Re', 'Os']	22	[0.387 0.222 0.242 0.025 0.015 0.007 0.05  0.059]	[ 0.043 -0.008 -0.134  0.091 -0.059 -0.035  0.083  0.019]	0.63	1.11	1.0	1.76	0.08	0.11	0.02	0.13	0.54	0.19	0.2		0.9827263203409158	0.2	False	0.103
5	['Pt', 'Pd', 'Au', 'Ru', 'Rh', 'Ir', 'Re', 'Os']	22	[0.368 0.23  0.222 0.069 0.002 0.01  0.035 0.062]	[ 0.051 -0.054 -0.033  0.14  -0.006 -0.029 -0.107  0.038]	0.63	1.11	1.0	1.76	0.08	0.11	0.02	0.13	0.54	0.19	0.2		0.9738518513907126	0.2	False	0.12
6	['Pt', 'Pd', 'Au', 'Ru', 'Rh', 'Ir', 'Re', 'Os']	22	[0.375 0.16  0.327 0.021 0.013 0.003 0.035 0.064]	[ 0.021 -0.172  0.064 -0.031  0.017  0.     0.048  0.052]	0.63	1.11	1.0	1.76	0.08	0.11	0.02	0.13	0.54	0.19	0.2		0.9621949724527241	0.201	False	0.112
7	['Pt', 'Pd', 'Au', 'Ru', 'Rh', 'Ir', 'Re', 'Os']	22	[0.36  0.224 0.366 0.    0.003 0.007 0.014 0.033]	[-0.07  -0.064  0.169 -0.01  -0.005 -0.017  0.032 -0.034]	0.63	1.11	1.0	1.76	0.08	0.11	0.02	0.13	0.54	0.19	0.2		1.0021686811617243	0.2	False	0.099
0	['Pt', 'Pd', 'Au', 'Ru', 'Rh', 'Ir', 'Re', 'Os']	23	[0.387 0.25  0.275 0.012 0.005 0.    0.006 0.068]	[-0.016  0.053  0.166 -0.024 -0.036 -0.034 -0.037 -0.071]	0.63	1.11	1.0	1.76	0.08	0.11	0.02	0.13	0.54	0.19	0.2		1.0501098314214998	0.2	False	0.057
1	['Pt', 'Pd', 'Au', 'Ru', 'Rh', 'Ir', 'Re', 'Os']	23	[0.418 0.245 0.293 0.013 0.003 0.003 0.    0.022]	[-0.015  0.04   0.116  0.006 -0.002 -0.001  0.012 -0.156]	0.63	1.11	1.0	1.76	0.08	0.11	0.02	0.13	0.54	0.19	0.2		1.0300179869229804	0.2	False	0.105
2	['Pt', 'Pd', 'Au', 'Ru', 'Rh', 'Ir', 'Re', 'Os']	23	[0.372 0.317 0.213 0.017 0.001 0.008 0.004 0.076]	[-0.04   0.083 -0.076  0.05  -0.002 -0.022 -0.007  0.015]	0.63	1.11	1.0	1.76	0.08	0.11	0.02	0.13	0.54	0.19	0.2		1.0159174000384978	0.132	False	0.116
3	['Pt', 'Pd', 'Au', 'Ru', 'Rh', 'Ir', 'Re', 'Os']	23	[0.418 0.272 0.14  0.019 0.019 0.079 0.011 0.051]	[ 0.065  0.    -0.174  0.07   0.016  0.005  0.002  0.016]	0.63	1.11	1.0	1.76	0.08	0.11	0.02	0.13	0.54	0.19	0.2		0.8479381520555114	0.2	False	0.2
4	['Pt', 'Pd', 'Au', 'Ru', 'Rh', 'Ir', 'Re', 'Os']	23	[0.371 0.271 0.251 0.019 0.057 0.004 0.007 0.027]	[-0.036  0.087  0.011 -0.11   0.083 -0.044  0.076 -0.067]	0.63	1.11	1.0	1.76	0.08	0.11	0.02	0.13	0.54	0.19	0.2		0.9807650038623228	0.2	False	0.111
5	['Pt', 'Pd', 'Au', 'Ru', 'Rh', 'Ir', 'Re', 'Os']	23	[0.371 0.229 0.288 0.014 0.029 0.014 0.03  0.024]	[-0.008 -0.015  0.111  0.034 -0.117  0.004  0.075 -0.085]	0.63	1.11	1.0	1.76	0.08	0.11	0.02	0.13	0.54	0.19	0.2		0.9757938615311303	0.2	False	0.095
6	['Pt', 'Pd', 'Au', 'Ru', 'Rh', 'Ir', 'Re', 'Os']	23	[0.348 0.269 0.326 0.006 0.003 0.01  0.035 0.   ]	[-0.042  0.147 -0.006 -0.002 -0.023 -0.042  0.068 -0.099]	0.63	1.11	1.0	1.76	0.08	0.11	0.02	0.13	0.54	0.19	0.2		0.9854352817661558	0.201	False	0.111
7	['Pt', 'Pd', 'Au', 'Ru', 'Rh', 'Ir', 'Re', 'Os']	23	[0.308 0.31  0.21  0.046 0.017 0.004 0.022 0.089]	[-0.054  0.085 -0.158  0.045  0.013  0.009  0.007  0.055]	0.63	1.11	1.0	1.76	0.08	0.11	0.02	0.13	0.54	0.19	0.2		0.9619941850493889	0.2	False	0.128
0	['Pt', 'Pd', 'Au', 'Ru', 'Rh', 'Ir', 'Re', 'Os']	24	[0.348 0.183 0.41  0.005 0.001 0.005 0.009 0.044]	[-0.04  -0.069  0.139  0.013  0.001  0.001 -0.019 -0.025]	0.63	1.11	1.0	1.76	0.08	0.11	0.02	0.13	0.54	0.19	0.2		0.9520668276390589	0.164	False	0.141
1	['Pt', 'Pd', 'Au', 'Ru', 'Rh', 'Ir', 'Re', 'Os']	24	[0.339 0.222 0.323 0.01  0.007 0.007 0.014 0.077]	[-0.086 -0.026  0.03   0.018 -0.008  0.004  0.013  0.056]	0.63	1.11	1.0	1.76	0.08	0.11	0.02	0.13	0.54	0.19	0.2		1.0130705651077352	0.112	False	0.049
2	['Pt', 'Pd', 'Au', 'Ru', 'Rh', 'Ir', 'Re', 'Os']	24	[0.311 0.195 0.354 0.016 0.02  0.019 0.025 0.073]	[-0.063 -0.125  0.14  -0.003  0.017  0.02   0.019 -0.005]	0.63	1.11	1.0	1.76	0.08	0.11	0.02	0.13	0.54	0.19	0.2		0.935547985755339	0.2	False	0.099
3	['Pt', 'Pd', 'Au', 'Ru', 'Rh', 'Ir', 'Re', 'Os']	24	[0.394 0.24  0.28  0.005 0.006 0.029 0.001 0.055]	[-0.046 -0.055  0.141 -0.016 -0.06   0.094 -0.044 -0.014]	0.63	1.11	1.0	1.76	0.08	0.11	0.02	0.13	0.54	0.19	0.2		1.013790788714298	0.2	False	0.073
4	['Pt', 'Pd', 'Au', 'Ru', 'Rh', 'Ir', 'Re', 'Os']	24	[0.394 0.248 0.154 0.026 0.031 0.027 0.028 0.102]	[ 0.018 -0.042 -0.139  0.029  0.084 -0.053  0.016  0.087]	0.63	1.11	1.0	1.76	0.08	0.11	0.02	0.13	0.54	0.19	0.2		0.918690611702023	0.2	False	0.163
5	['Pt', 'Pd', 'Au', 'Ru', 'Rh', 'Ir', 'Re', 'Os']	24	[0.331 0.249 0.253 0.033 0.058 0.011 0.022 0.041]	[-0.042  0.054 -0.034 -0.061  0.116  0.033 -0.116  0.049]	0.63	1.11	1.0	1.76	0.08	0.11	0.02	0.13	0.54	0.19	0.2		0.9399757250423619	0.2	False	0.105
6	['Pt', 'Pd', 'Au', 'Ru', 'Rh', 'Ir', 'Re', 'Os']	24	[0.378 0.288 0.161 0.007 0.004 0.039 0.058 0.063]	[ 0.033  0.021 -0.179 -0.007  0.     0.037  0.025  0.069]	0.63	1.11	1.0	1.76	0.08	0.11	0.02	0.13	0.54	0.19	0.2		0.9061096625608707	0.201	False	0.167
7	['Pt', 'Pd', 'Au', 'Ru', 'Rh', 'Ir', 'Re', 'Os']	24	[0.445 0.231 0.274 0.014 0.    0.001 0.005 0.037]	[ 0.133 -0.107  0.052  0.041 -0.009 -0.025 -0.007 -0.077]	0.63	1.11	1.0	1.76	0.08	0.11	0.02	0.13	0.54	0.19	0.2		1.0243841689309998	0.2	False	0.119
0	['Pt', 'Pd', 'Au', 'Ru', 'Rh', 'Ir', 'Re', 'Os']	25	[0.306 0.301 0.26  0.033 0.026 0.019 0.021 0.037]	[-0.042  0.118 -0.15   0.028  0.025  0.014  0.012 -0.007]	0.63	1.11	1.0	1.76	0.08	0.11	0.02	0.13	0.54	0.19	0.2		0.9455837807939382	0.2	False	0.113
1	['Pt', 'Pd', 'Au', 'Ru', 'Rh', 'Ir', 'Re', 'Os']	25	[0.5   0.217 0.219 0.006 0.007 0.005 0.007 0.039]	[ 0.16  -0.008 -0.108 -0.021  0.008 -0.005  0.015 -0.041]	0.63	1.11	1.0	1.76	0.08	0.11	0.02	0.13	0.54	0.19	0.2		0.9507180799342771	0.2	False	0.184
2	['Pt', 'Pd', 'Au', 'Ru', 'Rh', 'Ir', 'Re', 'Os']	25	[0.403 0.194 0.395 0.    0.    0.003 0.003 0.013]	[ 0.121 -0.016  0.046 -0.007  0.002  0.003  0.003 -0.151]	0.63	1.11	1.0	1.76	0.08	0.11	0.02	0.13	0.54	0.19	0.2		0.9799362761145105	0.2	False	0.15
3	['Pt', 'Pd', 'Au', 'Ru', 'Rh', 'Ir', 'Re', 'Os']	25	[0.419 0.228 0.306 0.016 0.015 0.014 0.011 0.001]	[ 0.051 -0.014  0.053  0.021  0.021  0.002 -0.044 -0.088]	0.63	1.11	1.0	1.76	0.08	0.11	0.02	0.13	0.54	0.19	0.2		0.9893279940263131	0.127	False	0.126
4	['Pt', 'Pd', 'Au', 'Ru', 'Rh', 'Ir', 'Re', 'Os']	25	[0.399 0.228 0.31  0.007 0.004 0.017 0.004 0.042]	[-0.019 -0.049  0.165 -0.014  0.003  0.019 -0.009 -0.098]	0.63	1.11	1.0	1.76	0.08	0.11	0.02	0.13	0.54	0.19	0.2		1.0212634848150706	0.2	False	0.082
5	['Pt', 'Pd', 'Au', 'Ru', 'Rh', 'Ir', 'Re', 'Os']	25	[0.384 0.221 0.227 0.04  0.059 0.008 0.032 0.025]	[ 0.099 -0.085 -0.081  0.097 -0.019 -0.01   0.058 -0.058]	0.63	1.11	1.0	1.76	0.08	0.11	0.02	0.13	0.54	0.19	0.2		0.9237590406579987	0.2	False	0.138
6	['Pt', 'Pd', 'Au', 'Ru', 'Rh', 'Ir', 'Re', 'Os']	25	[0.329 0.251 0.311 0.001 0.003 0.007 0.035 0.062]	[-0.08  -0.066  0.148 -0.031 -0.025  0.009  0.07  -0.025]	0.63	1.11	1.0	1.76	0.08	0.11	0.02	0.13	0.54	0.19	0.2		1.0087305300918756	0.2	False	0.057
7	['Pt', 'Pd', 'Au', 'Ru', 'Rh', 'Ir', 'Re', 'Os']	25	[0.398 0.239 0.308 0.012 0.001 0.02  0.004 0.024]	[-0.046  0.012  0.039  0.001 -0.003  0.018 -0.009 -0.01 ]	0.63	1.11	1.0	1.76	0.08	0.11	0.02	0.13	0.54	0.19	0.2		1.0135409767174957	0.066	False	0.094
0	['Pt', 'Pd', 'Au', 'Ru', 'Rh', 'Ir', 'Re', 'Os']	26	[0.446 0.221 0.235 0.013 0.    0.004 0.004 0.083]	[ 0.144 -0.121 -0.054  0.023  0.002 -0.014 -0.011  0.031]	0.63	1.11	1.0	1.76	0.08	0.11	0.02	0.13	0.54	0.19	0.2		1.0153787749520802	0.2	False	0.122
1	['Pt', 'Pd', 'Au', 'Ru', 'Rh', 'Ir', 'Re', 'Os']	26	[0.345 0.24  0.337 0.01  0.001 0.    0.001 0.068]	[-0.159  0.02   0.116  0.01   0.004 -0.008 -0.009  0.026]	0.63	1.11	1.0	1.76	0.08	0.11	0.02	0.13	0.54	0.19	0.2		1.037060562814957	0.2	False	0.051
2	['Pt', 'Pd', 'Au', 'Ru', 'Rh', 'Ir', 'Re', 'Os']	26	[0.435 0.284 0.223 0.001 0.003 0.007 0.009 0.048]	[ 0.032  0.09  -0.172  0.001  0.003  0.004  0.006  0.035]	0.63	1.11	1.0	1.76	0.08	0.11	0.02	0.13	0.54	0.19	0.2		1.0125258908363413	0.2	False	0.131
3	['Pt', 'Pd', 'Au', 'Ru', 'Rh', 'Ir', 'Re', 'Os']	26	[0.365 0.281 0.21  0.031 0.006 0.019 0.    0.096]	[-0.067  0.067 -0.12   0.039 -0.015 -0.026  0.003  0.119]	0.63	1.11	1.0	1.76	0.08	0.11	0.02	0.13	0.54	0.19	0.2		1.004628374965737	0.2	False	0.103
4	['Pt', 'Pd', 'Au', 'Ru', 'Rh', 'Ir', 'Re', 'Os']	26	[0.337 0.268 0.324 0.003 0.03  0.006 0.013 0.03 ]	[-0.082  0.062  0.025  0.008  0.034 -0.002 -0.034 -0.011]	0.63	1.11	1.0	1.76	0.08	0.11	0.02	0.13	0.54	0.19	0.2		0.9983736471775477	0.117	False	0.084
5	['Pt', 'Pd', 'Au', 'Ru', 'Rh', 'Ir', 'Re', 'Os']	26	[0.373 0.226 0.277 0.001 0.062 0.001 0.026 0.031]	[-0.063 -0.031  0.06   0.017  0.156 -0.061 -0.049 -0.029]	0.63	1.11	1.0	1.76	0.08	0.11	0.02	0.13	0.54	0.19	0.2		0.9677032721087253	0.2	False	0.104
6	['Pt', 'Pd', 'Au', 'Ru', 'Rh', 'Ir', 'Re', 'Os']	26	[0.449 0.218 0.271 0.004 0.005 0.006 0.047 0.001]	[ 0.147 -0.028 -0.036 -0.027 -0.016 -0.035  0.081 -0.087]	0.63	1.11	1.0	1.76	0.08	0.11	0.02	0.13	0.54	0.19	0.2		0.9665254619348793	0.2	False	0.154
7	['Pt', 'Pd', 'Au', 'Ru', 'Rh', 'Ir', 'Re', 'Os']	26	[0.353 0.286 0.227 0.015 0.01  0.01  0.005 0.1  ]	[-0.05   0.052 -0.09   0.021 -0.02   0.025 -0.02   0.084]	0.63	1.11	1.0	1.76	0.08	0.11	0.02	0.13	0.54	0.19	0.2		1.0194221822662854	0.149	False	0.084
0	['Pt', 'Pd', 'Au', 'Ru', 'Rh', 'Ir', 'Re', 'Os']	27	[0.294 0.254 0.358 0.003 0.001 0.012 0.002 0.082]	[-0.152  0.034  0.124 -0.019 -0.     0.013 -0.001 -0.   ]	0.63	1.11	1.0	1.76	0.08	0.11	0.02	0.13	0.54	0.19	0.2		0.9846249567840248	0.2	False	0.084
1	['Pt', 'Pd', 'Au', 'Ru', 'Rh', 'Ir', 'Re', 'Os']	27	[0.341 0.235 0.313 0.004 0.002 0.003 0.004 0.1  ]	[-0.004 -0.005 -0.026  0.013 -0.007  0.001 -0.008  0.035]	0.63	1.11	1.0	1.76	0.08	0.11	0.02	0.13	0.54	0.19	0.2		1.0384043717655551	0.047	False	0.023
2	['Pt', 'Pd', 'Au', 'Ru', 'Rh', 'Ir', 'Re', 'Os']	27	[0.284 0.259 0.313 0.003 0.004 0.007 0.    0.139]	[-0.153 -0.026  0.089  0.001 -0.     0.01  -0.01   0.09 ]	0.63	1.11	1.0	1.76	0.08	0.11	0.02	0.13	0.54	0.19	0.2		0.9929644740499086	0.201	False	0.079
3	['Pt', 'Pd', 'Au', 'Ru', 'Rh', 'Ir', 'Re', 'Os']	27	[0.364 0.22  0.328 0.029 0.016 0.017 0.01  0.024]	[-0.001 -0.074  0.145  0.054 -0.033  0.028 -0.032 -0.088]	0.63	1.11	1.0	1.76	0.08	0.11	0.02	0.13	0.54	0.19	0.2		0.9829465996681575	0.2	False	0.096
4	['Pt', 'Pd', 'Au', 'Ru', 'Rh', 'Ir', 'Re', 'Os']	27	[0.372 0.228 0.217 0.02  0.047 0.014 0.004 0.108]	[ 0.053 -0.04  -0.122 -0.047  0.078 -0.034  0.007  0.106]	0.63	1.11	1.0	1.76	0.08	0.11	0.02	0.13	0.54	0.19	0.2		0.9737428144926257	0.2	False	0.104
5	['Pt', 'Pd', 'Au', 'Ru', 'Rh', 'Ir', 'Re', 'Os']	27	[0.385 0.122 0.333 0.008 0.003 0.034 0.009 0.102]	[-0.002 -0.163  0.058 -0.04   0.045  0.007  0.016  0.079]	0.63	1.11	1.0	1.76	0.08	0.11	0.02	0.13	0.54	0.19	0.2		0.9118201750269854	0.2	False	0.141
6	['Pt', 'Pd', 'Au', 'Ru', 'Rh', 'Ir', 'Re', 'Os']	27	[0.314 0.29  0.28  0.009 0.005 0.007 0.024 0.074]	[-0.154  0.074  0.005 -0.026 -0.023 -0.012  0.061  0.075]	0.63	1.11	1.0	1.76	0.08	0.11	0.02	0.13	0.54	0.19	0.2		1.0073713629753185	0.2	False	0.069
7	['Pt', 'Pd', 'Au', 'Ru', 'Rh', 'Ir', 'Re', 'Os']	27	[0.363 0.168 0.327 0.001 0.022 0.    0.007 0.117]	[ 0.01  -0.153  0.124  0.006  0.02  -0.007 -0.018  0.019]	0.63	1.11	1.0	1.76	0.08	0.11	0.02	0.13	0.54	0.19	0.2		0.9881842701907335	0.2	False	0.092
0	['Pt', 'Pd', 'Au', 'Ru', 'Rh', 'Ir', 'Re', 'Os']	28	[0.421 0.28  0.21  0.    0.    0.015 0.009 0.072]	[ 0.125  0.023 -0.152 -0.001 -0.004  0.019  0.004 -0.013]	0.63	1.11	1.0	1.76	0.08	0.11	0.02	0.13	0.54	0.19	0.2		1.009095629447254	0.2	False	0.123
1	['Pt', 'Pd', 'Au', 'Ru', 'Rh', 'Ir', 'Re', 'Os']	28	[0.44  0.237 0.235 0.001 0.002 0.004 0.001 0.081]	[ 0.098  0.001 -0.08   0.001  0.002  0.004 -0.004 -0.021]	0.63	1.11	1.0	1.76	0.08	0.11	0.02	0.13	0.54	0.19	0.2		1.0242448397026693	0.129	False	0.113
2	['Pt', 'Pd', 'Au', 'Ru', 'Rh', 'Ir', 'Re', 'Os']	28	[0.447 0.251 0.252 0.001 0.003 0.011 0.004 0.042]	[ 0.162 -0.009 -0.062 -0.005  0.005  0.003  0.003 -0.098]	0.63	1.11	1.0	1.76	0.08	0.11	0.02	0.13	0.54	0.19	0.2		1.0144560414445196	0.2	False	0.123
3	['Pt', 'Pd', 'Au', 'Ru', 'Rh', 'Ir', 'Re', 'Os']	28	[0.429 0.296 0.236 0.    0.    0.006 0.015 0.028]	[ 0.083  0.097 -0.116  0.025 -0.016 -0.059 -0.059  0.046]	0.63	1.11	1.0	1.76	0.08	0.11	0.02	0.13	0.54	0.19	0.2		1.01163053690767	0.2	False	0.134
4	['Pt', 'Pd', 'Au', 'Ru', 'Rh', 'Ir', 'Re', 'Os']	28	[0.363 0.245 0.3   0.012 0.025 0.007 0.024 0.034]	[-0.023  0.017  0.116  0.02   0.075 -0.015 -0.069 -0.121]	0.63	1.11	1.0	1.76	0.08	0.11	0.02	0.13	0.54	0.19	0.2		1.0038277191737346	0.2	False	0.077
5	['Pt', 'Pd', 'Au', 'Ru', 'Rh', 'Ir', 'Re', 'Os']	28	[0.346 0.281 0.263 0.005 0.002 0.029 0.001 0.067]	[-0.049  0.161 -0.082  0.001 -0.015  0.049 -0.02  -0.045]	0.63	1.11	1.0	1.76	0.08	0.11	0.02	0.13	0.54	0.19	0.2		1.0076581176808828	0.2	False	0.066
6	['Pt', 'Pd', 'Au', 'Ru', 'Rh', 'Ir', 'Re', 'Os']	28	[0.397 0.264 0.214 0.002 0.012 0.009 0.05  0.056]	[ 0.102 -0.032 -0.08  -0.018 -0.028  0.009  0.069 -0.022]	0.63	1.11	1.0	1.76	0.08	0.11	0.02	0.13	0.54	0.19	0.2		0.9842983872653797	0.156	False	0.12
7	['Pt', 'Pd', 'Au', 'Ru', 'Rh', 'Ir', 'Re', 'Os']	28	[0.407 0.31  0.269 0.001 0.013 0.001 0.002 0.004]	[ 0.041  0.14  -0.062 -0.008  0.028 -0.008 -0.015 -0.117]	0.63	1.11	1.0	1.76	0.08	0.11	0.02	0.13	0.54	0.19	0.2		1.0149805929100493	0.2	False	0.131
0	['Pt', 'Pd', 'Au', 'Ru', 'Rh', 'Ir', 'Re', 'Os']	29	[0.393 0.196 0.319 0.    0.    0.022 0.003 0.073]	[-0.033 -0.09   0.109 -0.004 -0.006  0.027  0.    -0.003]	0.63	1.11	1.0	1.76	0.08	0.11	0.02	0.13	0.54	0.19	0.2		1.0084214234669258	0.148	False	0.08
1	['Pt', 'Pd', 'Au', 'Ru', 'Rh', 'Ir', 'Re', 'Os']	29	[0.343 0.227 0.348 0.003 0.    0.    0.008 0.072]	[-0.098 -0.011  0.112  0.002 -0.003  0.003  0.006 -0.01 ]	0.63	1.11	1.0	1.76	0.08	0.11	0.02	0.13	0.54	0.19	0.2		1.0269025075872522	0.15	False	0.061
2	['Pt', 'Pd', 'Au', 'Ru', 'Rh', 'Ir', 'Re', 'Os']	29	[0.439 0.292 0.217 0.012 0.017 0.011 0.024 0.   ]	[-0.011  0.039 -0.038  0.009  0.012  0.017  0.018 -0.045]	0.63	1.11	1.0	1.76	0.08	0.11	0.02	0.13	0.54	0.19	0.2		0.9618792563981693	0.077	False	0.166
3	['Pt', 'Pd', 'Au', 'Ru', 'Rh', 'Ir', 'Re', 'Os']	29	[0.403 0.186 0.179 0.008 0.01  0.01  0.061 0.154]	[-0.021 -0.11  -0.054 -0.014 -0.017  0.011  0.066  0.14 ]	0.63	1.11	1.0	1.76	0.08	0.11	0.02	0.13	0.54	0.19	0.2		0.9200373950953944	0.2	False	0.169
4	['Pt', 'Pd', 'Au', 'Ru', 'Rh', 'Ir', 'Re', 'Os']	29	[0.239 0.309 0.283 0.008 0.001 0.005 0.052 0.113]	[-0.145  0.069 -0.023 -0.037  0.016 -0.029  0.061  0.087]	0.63	1.11	1.0	1.76	0.08	0.11	0.02	0.13	0.54	0.19	0.2		0.9095104310068742	0.2	False	0.138
5	['Pt', 'Pd', 'Au', 'Ru', 'Rh', 'Ir', 'Re', 'Os']	29	[0.446 0.266 0.184 0.003 0.008 0.064 0.016 0.006]	[ 0.135 -0.004 -0.081 -0.017 -0.03   0.095 -0.037 -0.06 ]	0.63	1.11	1.0	1.76	0.08	0.11	0.02	0.13	0.54	0.19	0.2		0.8817239097125227	0.2	False	0.19
6	['Pt', 'Pd', 'Au', 'Ru', 'Rh', 'Ir', 'Re', 'Os']	29	[0.405 0.199 0.276 0.017 0.017 0.019 0.057 0.014]	[ 0.024 -0.077  0.098 -0.06  -0.012 -0.052  0.124 -0.045]	0.63	1.11	1.0	1.76	0.08	0.11	0.02	0.13	0.54	0.19	0.2		0.9408567276011139	0.2	False	0.133
7	['Pt', 'Pd', 'Au', 'Ru', 'Rh', 'Ir', 'Re', 'Os']	29	[0.442 0.2   0.212 0.001 0.007 0.002 0.001 0.139]	[ 0.033 -0.113 -0.059 -0.002  0.015 -0.005 -0.003  0.134]	0.63	1.11	1.0	1.76	0.08	0.11	0.02	0.13	0.54	0.19	0.2		0.9895906337422729	0.189	False	0.142
0	['Pt', 'Pd', 'Au', 'Ru', 'Rh', 'Ir', 'Re', 'Os']	30	[0.263 0.329 0.305 0.003 0.011 0.038 0.005 0.05 ]	[-0.133  0.137 -0.014 -0.004 -0.017  0.05   0.003 -0.023]	0.63	1.11	1.0	1.76	0.08	0.11	0.02	0.13	0.54	0.19	0.2		0.9037236475937036	0.2	False	0.134
1	['Pt', 'Pd', 'Au', 'Ru', 'Rh', 'Ir', 'Re', 'Os']	30	[0.373 0.233 0.278 0.006 0.001 0.    0.004 0.106]	[ 0.03   0.006 -0.07   0.007 -0.002 -0.001 -0.004  0.034]	0.63	1.11	1.0	1.76	0.08	0.11	0.02	0.13	0.54	0.19	0.2		1.0517349873733826	0.084	False	0.037
2	['Pt', 'Pd', 'Au', 'Ru', 'Rh', 'Ir', 'Re', 'Os']	30	[0.335 0.234 0.322 0.001 0.003 0.001 0.003 0.113]	[-0.114 -0.068  0.098  0.002  0.01   0.003 -0.037  0.107]	0.63	1.11	1.0	1.76	0.08	0.11	0.02	0.13	0.54	0.19	0.2		1.0373669186538965	0.2	False	0.034
3	['Pt', 'Pd', 'Au', 'Ru', 'Rh', 'Ir', 'Re', 'Os']	30	[0.37  0.249 0.316 0.013 0.002 0.003 0.002 0.054]	[-0.033  0.064  0.138  0.016  0.004 -0.019 -0.07  -0.101]	0.63	1.11	1.0	1.76	0.08	0.11	0.02	0.13	0.54	0.19	0.2		1.0459661012653012	0.2	False	0.054
4	['Pt', 'Pd', 'Au', 'Ru', 'Rh', 'Ir', 'Re', 'Os']	30	[0.08  0.278 0.308 0.105 0.044 0.045 0.037 0.114]	[-0.159 -0.031  0.025  0.097  0.043  0.04  -0.015  0.001]	0.63	1.11	1.0	1.76	0.08	0.11	0.02	0.13	0.54	0.19	0.2		0.4660610848918647	0.2	False	0.3
5	['Pt', 'Pd', 'Au', 'Ru', 'Rh', 'Ir', 'Re', 'Os']	30	[0.355 0.24  0.309 0.    0.002 0.013 0.009 0.065]	[-0.123 -0.049  0.123 -0.026 -0.017  0.062 -0.018  0.048]	0.63	1.11	1.0	1.76	0.08	0.11	0.02	0.13	0.54	0.19	0.2		1.026688067012707	0.2	False	0.041
6	['Pt', 'Pd', 'Au', 'Ru', 'Rh', 'Ir', 'Re', 'Os']	30	[0.306 0.262 0.313 0.019 0.003 0.029 0.016 0.056]	[-0.171  0.063  0.026 -0.025 -0.01   0.022  0.062  0.033]	0.63	1.11	1.0	1.76	0.08	0.11	0.02	0.13	0.54	0.19	0.2		0.9690265380077063	0.2	False	0.075
7	['Pt', 'Pd', 'Au', 'Ru', 'Rh', 'Ir', 'Re', 'Os']	30	[0.345 0.26  0.342 0.001 0.001 0.006 0.011 0.04 ]	[-0.097  0.06   0.13  -0.002 -0.008  0.006  0.01  -0.099]	0.63	1.11	1.0	1.76	0.08	0.11	0.02	0.13	0.54	0.19	0.2		1.022595446791732	0.2	False	0.075
