ID	Elements	Generation	Position	Velocity	F_damp	F_b_best	F_h_best	F_g_best	F_b_worst	F_h_worst	F_g_worst	mut_prob	flip_prob	mut_rate	v_max	v_min	Activity	Velocity_mag	Flag	Distance
0	['Pt', 'Pd', 'Au', 'Ru', 'Rh', 'Ir', 'Re', 'Os']	0	[0.79 0.03 0.03 0.03 0.03 0.03 0.03 0.03]	[-0.187  0.027  0.027  0.027  0.027  0.027  0.027  0.027]	0.43	0.02	0.07	1.18	1.97	1.09	0.22	0.11	0.13	0.04	0.2		0.4429187652207028	0.2	False	0.569
1	['Pt', 'Pd', 'Au', 'Ru', 'Rh', 'Ir', 'Re', 'Os']	0	[0.03 0.79 0.03 0.03 0.03 0.03 0.03 0.03]	[ 0.027 -0.187  0.027  0.027  0.027  0.027  0.027  0.027]	0.43	0.02	0.07	1.18	1.97	1.09	0.22	0.11	0.13	0.04	0.2		0.20560014505118765	0.2	False	0.689
2	['Pt', 'Pd', 'Au', 'Ru', 'Rh', 'Ir', 'Re', 'Os']	0	[0.03 0.03 0.79 0.03 0.03 0.03 0.03 0.03]	[ 0.027  0.027 -0.187  0.027  0.027  0.027  0.027  0.027]	0.43	0.02	0.07	1.18	1.97	1.09	0.22	0.11	0.13	0.04	0.2		0.2149894158498778	0.2	False	0.632
3	['Pt', 'Pd', 'Au', 'Ru', 'Rh', 'Ir', 'Re', 'Os']	0	[0.03 0.03 0.03 0.79 0.03 0.03 0.03 0.03]	[ 0.027  0.027  0.027 -0.187  0.027  0.027  0.027  0.027]	0.43	0.02	0.07	1.18	1.97	1.09	0.22	0.11	0.13	0.04	0.2		0.12265296114671781	0.2	False	0.925
4	['Pt', 'Pd', 'Au', 'Ru', 'Rh', 'Ir', 'Re', 'Os']	0	[0.03 0.03 0.03 0.03 0.79 0.03 0.03 0.03]	[ 0.027  0.027  0.027  0.027 -0.187  0.027  0.027  0.027]	0.43	0.02	0.07	1.18	1.97	1.09	0.22	0.11	0.13	0.04	0.2		0.2961943697576309	0.2	False	0.925
5	['Pt', 'Pd', 'Au', 'Ru', 'Rh', 'Ir', 'Re', 'Os']	0	[0.03 0.03 0.03 0.03 0.03 0.79 0.03 0.03]	[ 0.027  0.027  0.027  0.027  0.027 -0.187  0.027  0.027]	0.43	0.02	0.07	1.18	1.97	1.09	0.22	0.11	0.13	0.04	0.2		0.3414716944973704	0.2	False	0.925
6	['Pt', 'Pd', 'Au', 'Ru', 'Rh', 'Ir', 'Re', 'Os']	0	[0.03 0.03 0.03 0.03 0.03 0.03 0.79 0.03]	[ 0.027  0.027  0.027  0.027  0.027  0.027 -0.187  0.027]	0.43	0.02	0.07	1.18	1.97	1.09	0.22	0.11	0.13	0.04	0.2		0.3145140039050876	0.2	False	0.925
7	['Pt', 'Pd', 'Au', 'Ru', 'Rh', 'Ir', 'Re', 'Os']	0	[0.03 0.03 0.03 0.03 0.03 0.03 0.03 0.79]	[ 0.027  0.027  0.027  0.027  0.027  0.027  0.027 -0.187]	0.43	0.02	0.07	1.18	1.97	1.09	0.22	0.11	0.13	0.04	0.2		0.32838217395326336	0.2	False	0.839
0	['Pt', 'Pd', 'Au', 'Ru', 'Rh', 'Ir', 'Re', 'Os']	1	[0.889 0.    0.    0.113 0.    0.    0.    0.   ]	[ 0.116 -0.041 -0.041  0.128 -0.041 -0.041 -0.041 -0.041]	0.43	0.02	0.07	1.18	1.97	1.09	0.22	0.11	0.13	0.04	0.2		0.38965628272014036	0.2	False	0.682
1	['Pt', 'Pd', 'Au', 'Ru', 'Rh', 'Ir', 'Re', 'Os']	1	[0.137 0.752 0.    0.113 0.    0.    0.    0.   ]	[ 0.121 -0.048 -0.039  0.124 -0.039 -0.039 -0.039 -0.039]	0.43	0.02	0.07	1.18	1.97	1.09	0.22	0.11	0.13	0.04	0.2		0.30534496762090846	0.2	False	0.64
2	['Pt', 'Pd', 'Au', 'Ru', 'Rh', 'Ir', 'Re', 'Os']	1	[0.137 0.    0.752 0.113 0.    0.    0.    0.   ]	[ 0.121 -0.039 -0.048  0.124 -0.039 -0.039 -0.039 -0.039]	0.43	0.02	0.07	1.18	1.97	1.09	0.22	0.11	0.13	0.04	0.2		0.28435785161840876	0.2	False	0.579
3	['Pt', 'Pd', 'Au', 'Ru', 'Rh', 'Ir', 'Re', 'Os']	1	[0.166 0.032 0.032 0.644 0.032 0.032 0.032 0.032]	[ 0.136  0.002  0.002 -0.146  0.002  0.002  0.002  0.002]	0.43	0.02	0.07	1.18	1.97	1.09	0.22	0.11	0.13	0.04	0.2		0.17094157337471805	0.2	False	0.759
4	['Pt', 'Pd', 'Au', 'Ru', 'Rh', 'Ir', 'Re', 'Os']	1	[0.135 0.    0.    0.111 0.75  0.    0.    0.002]	[ 0.121 -0.039 -0.039  0.124 -0.047 -0.039 -0.039 -0.042]	0.43	0.02	0.07	1.18	1.97	1.09	0.22	0.11	0.13	0.04	0.2		0.29977719122573904	0.2	False	0.885
5	['Pt', 'Pd', 'Au', 'Ru', 'Rh', 'Ir', 'Re', 'Os']	1	[0.137 0.    0.    0.113 0.    0.752 0.    0.   ]	[ 0.121 -0.039 -0.039  0.124 -0.039 -0.048 -0.039 -0.039]	0.43	0.02	0.07	1.18	1.97	1.09	0.22	0.11	0.13	0.04	0.2		0.3376637341410425	0.2	False	0.887
6	['Pt', 'Pd', 'Au', 'Ru', 'Rh', 'Ir', 'Re', 'Os']	1	[0.137 0.    0.    0.113 0.    0.    0.752 0.   ]	[ 0.121 -0.039 -0.039  0.124 -0.039 -0.039 -0.048 -0.039]	0.43	0.02	0.07	1.18	1.97	1.09	0.22	0.11	0.13	0.04	0.2		0.3164206579954691	0.2	False	0.887
7	['Pt', 'Pd', 'Au', 'Ru', 'Rh', 'Ir', 'Re', 'Os']	1	[0.137 0.    0.    0.113 0.    0.    0.    0.752]	[ 0.121 -0.039 -0.039  0.124 -0.039 -0.039 -0.039 -0.048]	0.43	0.02	0.07	1.18	1.97	1.09	0.22	0.11	0.13	0.04	0.2		0.33713181074621296	0.2	False	0.797
0	['Pt', 'Pd', 'Au', 'Ru', 'Rh', 'Ir', 'Re', 'Os']	2	[0.948 0.005 0.005 0.021 0.005 0.005 0.005 0.005]	[-0.152  0.004  0.004  0.129  0.004  0.004  0.004  0.004]	0.43	0.02	0.07	1.18	1.97	1.09	0.22	0.11	0.13	0.04	0.2		0.3788719350225445	0.2	False	0.717
1	['Pt', 'Pd', 'Au', 'Ru', 'Rh', 'Ir', 'Re', 'Os']	2	[0.284 0.718 0.    0.    0.    0.    0.    0.   ]	[ 0.16  -0.026 -0.003 -0.117 -0.003 -0.003 -0.003 -0.003]	0.43	0.02	0.07	1.18	1.97	1.09	0.22	0.11	0.13	0.04	0.2		0.423178062323604	0.2	False	0.569
2	['Pt', 'Pd', 'Au', 'Ru', 'Rh', 'Ir', 'Re', 'Os']	2	[0.284 0.    0.718 0.    0.    0.    0.    0.   ]	[ 0.16  -0.003 -0.026 -0.117 -0.003 -0.003 -0.003 -0.003]	0.43	0.02	0.07	1.18	1.97	1.09	0.22	0.11	0.13	0.04	0.2		0.42917238361681087	0.2	False	0.502
3	['Pt', 'Pd', 'Au', 'Ru', 'Rh', 'Ir', 'Re', 'Os']	2	[0.307 0.032 0.032 0.502 0.032 0.032 0.032 0.032]	[ 0.141  0.     0.    -0.142  0.     0.     0.     0.   ]	0.43	0.02	0.07	1.18	1.97	1.09	0.22	0.11	0.13	0.04	0.2		0.3095771077967639	0.2	False	0.617
4	['Pt', 'Pd', 'Au', 'Ru', 'Rh', 'Ir', 'Re', 'Os']	2	[0.27  0.    0.    0.    0.723 0.    0.    0.003]	[ 0.156 -0.004 -0.004 -0.124 -0.012 -0.004 -0.004 -0.005]	0.43	0.02	0.07	1.18	1.97	1.09	0.22	0.11	0.13	0.04	0.2		0.31660103998665823	0.2	False	0.831
5	['Pt', 'Pd', 'Au', 'Ru', 'Rh', 'Ir', 'Re', 'Os']	2	[0.264 0.    0.    0.004 0.    0.733 0.    0.   ]	[ 0.132 -0.041 -0.041  0.113 -0.041 -0.042 -0.041 -0.041]	0.43	0.02	0.07	1.18	1.97	1.09	0.22	0.11	0.13	0.04	0.2		0.3496477390068876	0.2	False	0.841
6	['Pt', 'Pd', 'Au', 'Ru', 'Rh', 'Ir', 'Re', 'Os']	2	[0.281 0.    0.    0.002 0.    0.004 0.715 0.   ]	[ 0.157 -0.    -0.    -0.12  -0.    -0.006 -0.029 -0.   ]	0.43	0.02	0.07	1.18	1.97	1.09	0.22	0.11	0.13	0.04	0.2		0.3240704184434521	0.2	False	0.824
7	['Pt', 'Pd', 'Au', 'Ru', 'Rh', 'Ir', 'Re', 'Os']	2	[0.284 0.    0.    0.    0.    0.    0.    0.718]	[ 0.16  -0.003 -0.003 -0.117 -0.003 -0.003 -0.003 -0.026]	0.43	0.02	0.07	1.18	1.97	1.09	0.22	0.11	0.13	0.04	0.2		0.3683980245567593	0.2	False	0.734
0	['Pt', 'Pd', 'Au', 'Ru', 'Rh', 'Ir', 'Re', 'Os']	3	[0.865 0.    0.001 0.134 0.    0.    0.    0.   ]	[-0.139 -0.003  0.008  0.143 -0.003 -0.003 -0.003 -0.003]	0.43	0.02	0.07	1.18	1.97	1.09	0.22	0.11	0.13	0.04	0.2		0.3953702859933556	0.2	False	0.667
1	['Pt', 'Pd', 'Au', 'Ru', 'Rh', 'Ir', 'Re', 'Os']	3	[0.347 0.6   0.003 0.044 0.001 0.001 0.004 0.001]	[ 0.148 -0.067 -0.039  0.088 -0.031 -0.031 -0.037 -0.031]	0.43	0.02	0.07	1.18	1.97	1.09	0.22	0.11	0.13	0.04	0.2		0.5586139988181338	0.2	False	0.472
2	['Pt', 'Pd', 'Au', 'Ru', 'Rh', 'Ir', 'Re', 'Os']	3	[0.351 0.    0.61  0.043 0.    0.    0.    0.   ]	[ 0.152 -0.036 -0.057  0.085 -0.036 -0.036 -0.036 -0.036]	0.43	0.02	0.07	1.18	1.97	1.09	0.22	0.11	0.13	0.04	0.2		0.5516545792593492	0.2	False	0.413
3	['Pt', 'Pd', 'Au', 'Ru', 'Rh', 'Ir', 'Re', 'Os']	3	[0.446 0.032 0.038 0.358 0.032 0.032 0.032 0.032]	[ 0.139 -0.     0.006 -0.144 -0.    -0.    -0.    -0.   ]	0.43	0.02	0.07	1.18	1.97	1.09	0.22	0.11	0.13	0.04	0.2		0.4388119018145506	0.2	False	0.511
4	['Pt', 'Pd', 'Au', 'Ru', 'Rh', 'Ir', 'Re', 'Os']	3	[0.335 0.    0.003 0.045 0.61  0.    0.    0.004]	[ 0.149 -0.033 -0.042  0.088 -0.061 -0.033 -0.033 -0.035]	0.43	0.02	0.07	1.18	1.97	1.09	0.22	0.11	0.13	0.04	0.2		0.3165831311176214	0.2	False	0.731
5	['Pt', 'Pd', 'Au', 'Ru', 'Rh', 'Ir', 'Re', 'Os']	3	[0.307 0.    0.001 0.067 0.    0.628 0.    0.   ]	[ 0.128 -0.04  -0.038  0.116 -0.04  -0.046 -0.04  -0.04 ]	0.43	0.02	0.07	1.18	1.97	1.09	0.22	0.11	0.13	0.04	0.2		0.33198050843119037	0.2	False	0.75
6	['Pt', 'Pd', 'Au', 'Ru', 'Rh', 'Ir', 'Re', 'Os']	3	[0.35  0.    0.002 0.043 0.    0.006 0.602 0.   ]	[ 0.15  -0.033 -0.041  0.086 -0.033 -0.034 -0.063 -0.033]	0.43	0.02	0.07	1.18	1.97	1.09	0.22	0.11	0.13	0.04	0.2		0.3290111371449371	0.2	False	0.725
7	['Pt', 'Pd', 'Au', 'Ru', 'Rh', 'Ir', 'Re', 'Os']	3	[0.351 0.    0.003 0.043 0.001 0.    0.    0.604]	[ 0.15  -0.033 -0.041  0.086 -0.032 -0.033 -0.033 -0.063]	0.43	0.02	0.07	1.18	1.97	1.09	0.22	0.11	0.13	0.04	0.2		0.40517633424937394	0.2	False	0.638
0	['Pt', 'Pd', 'Au', 'Ru', 'Rh', 'Ir', 'Re', 'Os']	4	[0.758 0.059 0.008 0.073 0.088 0.005 0.005 0.003]	[-0.068  0.126 -0.04  -0.015  0.114 -0.039 -0.039 -0.038]	0.43	0.02	0.07	1.18	1.97	1.09	0.22	0.11	0.13	0.04	0.2		0.444289011583904	0.199	False	0.557
1	['Pt', 'Pd', 'Au', 'Ru', 'Rh', 'Ir', 'Re', 'Os']	4	[0.36  0.544 0.001 0.031 0.054 0.002 0.004 0.002]	[ 0.114  0.014 -0.048 -0.055  0.12  -0.048 -0.049 -0.048]	0.43	0.02	0.07	1.18	1.97	1.09	0.22	0.11	0.13	0.04	0.2		0.5986228096957429	0.2	False	0.435
2	['Pt', 'Pd', 'Au', 'Ru', 'Rh', 'Ir', 'Re', 'Os']	4	[0.397 0.029 0.485 0.007 0.071 0.004 0.006 0.004]	[ 0.095  0.075 -0.106 -0.063  0.087 -0.029 -0.03  -0.029]	0.43	0.02	0.07	1.18	1.97	1.09	0.22	0.11	0.13	0.04	0.2		0.6753674992559391	0.2	False	0.316
3	['Pt', 'Pd', 'Au', 'Ru', 'Rh', 'Ir', 'Re', 'Os']	4	[0.567 0.029 0.045 0.237 0.015 0.037 0.038 0.037]	[ 0.119  0.041 -0.008 -0.151  0.029 -0.01  -0.009 -0.01 ]	0.43	0.02	0.07	1.18	1.97	1.09	0.22	0.11	0.13	0.04	0.2		0.4971252491728162	0.2	False	0.473
4	['Pt', 'Pd', 'Au', 'Ru', 'Rh', 'Ir', 'Re', 'Os']	4	[0.428 0.082 0.    0.02  0.458 0.003 0.002 0.001]	[ 0.094  0.083  0.    -0.025 -0.153  0.    -0.001  0.   ]	0.43	0.02	0.07	1.18	1.97	1.09	0.22	0.11	0.13	0.04	0.2		0.36917374807619696	0.2	False	0.587
5	['Pt', 'Pd', 'Au', 'Ru', 'Rh', 'Ir', 'Re', 'Os']	4	[0.251 0.061 0.008 0.03  0.091 0.549 0.008 0.005]	[-0.013  0.124 -0.038 -0.071  0.115 -0.041 -0.039 -0.037]	0.43	0.02	0.07	1.18	1.97	1.09	0.22	0.11	0.13	0.04	0.2		0.3136916924487716	0.2	False	0.671
6	['Pt', 'Pd', 'Au', 'Ru', 'Rh', 'Ir', 'Re', 'Os']	4	[0.396 0.03  0.003 0.011 0.073 0.013 0.476 0.001]	[ 0.094  0.075 -0.029 -0.062  0.088 -0.031 -0.107 -0.028]	0.43	0.02	0.07	1.18	1.97	1.09	0.22	0.11	0.13	0.04	0.2		0.3374987376244542	0.2	False	0.617
7	['Pt', 'Pd', 'Au', 'Ru', 'Rh', 'Ir', 'Re', 'Os']	4	[0.397 0.03  0.008 0.009 0.072 0.003 0.004 0.478]	[ 0.094  0.075 -0.029 -0.062  0.088 -0.029 -0.03  -0.107]	0.43	0.02	0.07	1.18	1.97	1.09	0.22	0.11	0.13	0.04	0.2		0.46846458141035285	0.2	False	0.533
0	['Pt', 'Pd', 'Au', 'Ru', 'Rh', 'Ir', 'Re', 'Os']	5	[0.663 0.025 0.074 0.009 0.07  0.108 0.025 0.022]	[-0.082 -0.01   0.108 -0.07   0.009  0.118 -0.037 -0.037]	0.43	0.02	0.07	1.18	1.97	1.09	0.22	0.11	0.13	0.04	0.2		0.4772842604891866	0.2	False	0.472
1	['Pt', 'Pd', 'Au', 'Ru', 'Rh', 'Ir', 'Re', 'Os']	5	[0.442 0.42  0.022 0.019 0.012 0.069 0.008 0.005]	[ 0.116 -0.129  0.044 -0.008 -0.031  0.071 -0.031 -0.031]	0.43	0.02	0.07	1.18	1.97	1.09	0.22	0.11	0.13	0.04	0.2		0.6815761222866379	0.2	False	0.359
2	['Pt', 'Pd', 'Au', 'Ru', 'Rh', 'Ir', 'Re', 'Os']	5	[0.484 0.001 0.405 0.019 0.012 0.056 0.015 0.01 ]	[ 0.15  -0.055 -0.061 -0.    -0.034  0.079 -0.04  -0.039]	0.43	0.02	0.07	1.18	1.97	1.09	0.22	0.11	0.13	0.04	0.2		0.6817385517701056	0.2	False	0.321
3	['Pt', 'Pd', 'Au', 'Ru', 'Rh', 'Ir', 'Re', 'Os']	5	[0.692 0.022 0.098 0.104 0.007 0.019 0.034 0.032]	[ 0.118 -0.016  0.045 -0.145 -0.017  0.043 -0.013 -0.014]	0.43	0.02	0.07	1.18	1.97	1.09	0.22	0.11	0.13	0.04	0.2		0.5261289941249826	0.199	False	0.476
4	['Pt', 'Pd', 'Au', 'Ru', 'Rh', 'Ir', 'Re', 'Os']	5	[0.521 0.049 0.021 0.006 0.323 0.057 0.011 0.008]	[ 0.12  -0.022  0.039 -0.004 -0.137  0.057 -0.027 -0.026]	0.43	0.02	0.07	1.18	1.97	1.09	0.22	0.11	0.13	0.04	0.2		0.396246020553555	0.199	False	0.513
5	['Pt', 'Pd', 'Au', 'Ru', 'Rh', 'Ir', 'Re', 'Os']	5	[0.293 0.056 0.13  0.019 0.09  0.408 0.001 0.005]	[ 0.039 -0.009  0.12   0.04  -0.005 -0.148 -0.018 -0.018]	0.43	0.02	0.07	1.18	1.97	1.09	0.22	0.11	0.13	0.04	0.2		0.2977791909687343	0.2	False	0.504
6	['Pt', 'Pd', 'Au', 'Ru', 'Rh', 'Ir', 'Re', 'Os']	5	[0.492 0.002 0.035 0.004 0.049 0.056 0.35  0.016]	[ 0.115 -0.039  0.043  0.002 -0.021  0.061 -0.136 -0.026]	0.43	0.02	0.07	1.18	1.97	1.09	0.22	0.11	0.13	0.04	0.2		0.3760166288290468	0.2	False	0.536
7	['Pt', 'Pd', 'Au', 'Ru', 'Rh', 'Ir', 'Re', 'Os']	5	[0.485 0.001 0.034 0.007 0.04  0.065 0.022 0.346]	[ 0.114 -0.038  0.044  0.003 -0.022  0.063 -0.027 -0.136]	0.43	0.02	0.07	1.18	1.97	1.09	0.22	0.11	0.13	0.04	0.2		0.5018665984800406	0.2	False	0.467
0	['Pt', 'Pd', 'Au', 'Ru', 'Rh', 'Ir', 'Re', 'Os']	6	[0.563 0.001 0.221 0.058 0.067 0.055 0.019 0.011]	[-0.103 -0.027  0.152  0.052 -0.003 -0.054 -0.006 -0.011]	0.43	0.02	0.07	1.18	1.97	1.09	0.22	0.11	0.13	0.04	0.2		0.5949764572554517	0.2	False	0.364
1	['Pt', 'Pd', 'Au', 'Ru', 'Rh', 'Ir', 'Re', 'Os']	6	[0.59  0.305 0.066 0.004 0.002 0.029 0.001 0.   ]	[ 0.142 -0.125  0.037  0.013  0.005 -0.049 -0.018 -0.005]	0.43	0.02	0.07	1.18	1.97	1.09	0.22	0.11	0.13	0.04	0.2		0.7134616692816993	0.201	False	0.355
2	['Pt', 'Pd', 'Au', 'Ru', 'Rh', 'Ir', 'Re', 'Os']	6	[0.651 0.011 0.331 0.    0.001 0.    0.001 0.007]	[ 0.17   0.004 -0.079  0.011  0.003 -0.06  -0.023 -0.026]	0.43	0.02	0.07	1.18	1.97	1.09	0.22	0.11	0.13	0.04	0.2		0.6689628245500543	0.2	False	0.397
3	['Pt', 'Pd', 'Au', 'Ru', 'Rh', 'Ir', 'Re', 'Os']	6	[0.817 0.001 0.126 0.021 0.006 0.001 0.02  0.017]	[ 0.123 -0.066 -0.001  0.112 -0.041 -0.015 -0.055 -0.056]	0.43	0.02	0.07	1.18	1.97	1.09	0.22	0.11	0.13	0.04	0.2		0.46886211542055833	0.2	False	0.564
4	['Pt', 'Pd', 'Au', 'Ru', 'Rh', 'Ir', 'Re', 'Os']	6	[0.665 0.039 0.056 0.018 0.199 0.017 0.001 0.003]	[ 0.144 -0.01   0.035  0.019 -0.125 -0.04  -0.01  -0.012]	0.43	0.02	0.07	1.18	1.97	1.09	0.22	0.11	0.13	0.04	0.2		0.456157949803878	0.2	False	0.503
5	['Pt', 'Pd', 'Au', 'Ru', 'Rh', 'Ir', 'Re', 'Os']	6	[0.374 0.026 0.24  0.022 0.055 0.278 0.004 0.003]	[ 0.081 -0.032  0.11   0.033 -0.037 -0.133 -0.01  -0.013]	0.43	0.02	0.07	1.18	1.97	1.09	0.22	0.11	0.13	0.04	0.2		0.39844177905404593	0.2	False	0.38
6	['Pt', 'Pd', 'Au', 'Ru', 'Rh', 'Ir', 'Re', 'Os']	6	[0.635 0.008 0.071 0.019 0.031 0.008 0.231 0.   ]	[ 0.145  0.006  0.036  0.016 -0.018 -0.049 -0.12  -0.016]	0.43	0.02	0.07	1.18	1.97	1.09	0.22	0.11	0.13	0.04	0.2		0.45793446845218116	0.2	False	0.507
7	['Pt', 'Pd', 'Au', 'Ru', 'Rh', 'Ir', 'Re', 'Os']	6	[0.627 0.011 0.071 0.014 0.021 0.021 0.01  0.225]	[ 0.143  0.006  0.037  0.015 -0.02  -0.045 -0.013 -0.123]	0.43	0.02	0.07	1.18	1.97	1.09	0.22	0.11	0.13	0.04	0.2		0.5460272482488686	0.2	False	0.451
0	['Pt', 'Pd', 'Au', 'Ru', 'Rh', 'Ir', 'Re', 'Os']	7	[0.431 0.097 0.315 0.03  0.085 0.002 0.023 0.01 ]	[-0.148  0.084  0.082 -0.042  0.005  0.044 -0.01  -0.015]	0.43	0.02	0.07	1.18	1.97	1.09	0.22	0.11	0.13	0.04	0.2		0.8123600723023265	0.2	False	0.217
1	['Pt', 'Pd', 'Au', 'Ru', 'Rh', 'Ir', 'Re', 'Os']	7	[0.745 0.206 0.031 0.007 0.004 0.004 0.    0.   ]	[ 0.165 -0.104 -0.036  0.005 -0.011  0.012 -0.015 -0.016]	0.43	0.02	0.07	1.18	1.97	1.09	0.22	0.11	0.13	0.04	0.2		0.5416493799888834	0.2	False	0.49
2	['Pt', 'Pd', 'Au', 'Ru', 'Rh', 'Ir', 'Re', 'Os']	7	[0.776 0.006 0.189 0.002 0.002 0.01  0.004 0.013]	[ 0.146  0.011 -0.131  0.005 -0.008  0.016 -0.013 -0.026]	0.43	0.02	0.07	1.18	1.97	1.09	0.22	0.11	0.13	0.04	0.2		0.5225111841340611	0.2	False	0.511
3	['Pt', 'Pd', 'Au', 'Ru', 'Rh', 'Ir', 'Re', 'Os']	7	[0.886 0.002 0.045 0.054 0.001 0.015 0.005 0.002]	[ 0.135 -0.025 -0.049  0.105 -0.038 -0.018 -0.055 -0.056]	0.43	0.02	0.07	1.18	1.97	1.09	0.22	0.11	0.13	0.04	0.2		0.4058315360239445	0.2	False	0.653
4	['Pt', 'Pd', 'Au', 'Ru', 'Rh', 'Ir', 'Re', 'Os']	7	[0.811 0.064 0.037 0.004 0.074 0.007 0.002 0.   ]	[ 0.142  0.019 -0.026  0.004 -0.135  0.014 -0.009 -0.009]	0.43	0.02	0.07	1.18	1.97	1.09	0.22	0.11	0.13	0.04	0.2		0.444080197030129	0.2	False	0.576
5	['Pt', 'Pd', 'Au', 'Ru', 'Rh', 'Ir', 'Re', 'Os']	7	[0.429 0.011 0.177 0.027 0.017 0.335 0.004 0.   ]	[ 0.086 -0.044 -0.132  0.042  0.029  0.09  -0.038 -0.032]	0.43	0.02	0.07	1.18	1.97	1.09	0.22	0.11	0.13	0.04	0.2		0.3754699763886114	0.2	False	0.449
6	['Pt', 'Pd', 'Au', 'Ru', 'Rh', 'Ir', 'Re', 'Os']	7	[0.778 0.023 0.047 0.005 0.009 0.026 0.103 0.013]	[ 0.141  0.011 -0.028  0.018 -0.026  0.014 -0.134  0.005]	0.43	0.02	0.07	1.18	1.97	1.09	0.22	0.11	0.13	0.04	0.2		0.44616732265695336	0.2	False	0.564
7	['Pt', 'Pd', 'Au', 'Ru', 'Rh', 'Ir', 'Re', 'Os']	7	[0.484 0.094 0.108 0.036 0.058 0.032 0.051 0.137]	[-0.143  0.083  0.037  0.022  0.037  0.011  0.041 -0.088]	0.43	0.02	0.07	1.18	1.97	1.09	0.22	0.11	0.13	0.04	0.2		0.6927430186294441	0.2	False	0.298
0	['Pt', 'Pd', 'Au', 'Ru', 'Rh', 'Ir', 'Re', 'Os']	8	[0.277 0.127 0.42  0.006 0.104 0.046 0.014 0.   ]	[-0.153  0.034  0.11  -0.036  0.023  0.038 -0.006 -0.011]	0.43	0.02	0.07	1.18	1.97	1.09	0.22	0.11	0.13	0.04	0.2		0.6701160599758407	0.2	False	0.241
1	['Pt', 'Pd', 'Au', 'Ru', 'Rh', 'Ir', 'Re', 'Os']	8	[0.875 0.067 0.02  0.009 0.002 0.019 0.003 0.001]	[ 0.147 -0.132  0.001  0.003 -0.016  0.024 -0.014 -0.013]	0.43	0.02	0.07	1.18	1.97	1.09	0.22	0.11	0.13	0.04	0.2		0.4184371758233131	0.2	False	0.631
2	['Pt', 'Pd', 'Au', 'Ru', 'Rh', 'Ir', 'Re', 'Os']	8	[0.915 0.005 0.06  0.    0.001 0.014 0.007 0.   ]	[ 0.153 -0.01  -0.122  0.006 -0.013  0.026 -0.02  -0.02 ]	0.43	0.02	0.07	1.18	1.97	1.09	0.22	0.11	0.13	0.04	0.2		0.40161155586228287	0.2	False	0.669
3	['Pt', 'Pd', 'Au', 'Ru', 'Rh', 'Ir', 'Re', 'Os']	8	[0.916 0.002 0.023 0.056 0.001 0.008 0.    0.002]	[-0.154 -0.001  0.013  0.124 -0.003  0.029 -0.008  0.002]	0.43	0.02	0.07	1.18	1.97	1.09	0.22	0.11	0.13	0.04	0.2		0.3906164599960946	0.2	False	0.687
4	['Pt', 'Pd', 'Au', 'Ru', 'Rh', 'Ir', 'Re', 'Os']	8	[0.914 0.032 0.007 0.003 0.014 0.006 0.015 0.008]	[ 0.139 -0.04  -0.037 -0.036  0.1   -0.014 -0.057 -0.055]	0.43	0.02	0.07	1.18	1.97	1.09	0.22	0.11	0.13	0.04	0.2		0.3931613612953138	0.2	False	0.679
5	['Pt', 'Pd', 'Au', 'Ru', 'Rh', 'Ir', 'Re', 'Os']	8	[0.543 0.005 0.246 0.01  0.002 0.193 0.002 0.001]	[ 0.109 -0.012  0.064  0.028 -0.025 -0.15  -0.008 -0.006]	0.43	0.02	0.07	1.18	1.97	1.09	0.22	0.11	0.13	0.04	0.2		0.5402250763413932	0.2	False	0.384
6	['Pt', 'Pd', 'Au', 'Ru', 'Rh', 'Ir', 'Re', 'Os']	8	[0.914 0.017 0.053 0.004 0.    0.001 0.014 0.   ]	[ 0.136 -0.047 -0.031 -0.033 -0.055 -0.013  0.103 -0.06 ]	0.43	0.02	0.07	1.18	1.97	1.09	0.22	0.11	0.13	0.04	0.2		0.40367267182704136	0.2	False	0.666
7	['Pt', 'Pd', 'Au', 'Ru', 'Rh', 'Ir', 'Re', 'Os']	8	[0.585 0.118 0.144 0.012 0.069 0.006 0.053 0.012]	[ 0.082 -0.024 -0.007 -0.089 -0.041 -0.009 -0.054  0.142]	0.43	0.02	0.07	1.18	1.97	1.09	0.22	0.11	0.13	0.04	0.2		0.6856949988085397	0.2	False	0.335
0	['Pt', 'Pd', 'Au', 'Ru', 'Rh', 'Ir', 'Re', 'Os']	9	[0.111 0.154 0.523 0.014 0.125 0.048 0.012 0.003]	[-0.166  0.028  0.104  0.016  0.022  0.003 -0.001 -0.004]	0.43	0.02	0.07	1.18	1.97	1.09	0.22	0.11	0.13	0.04	0.2		0.38565761793311315	0.2	False	0.379
1	['Pt', 'Pd', 'Au', 'Ru', 'Rh', 'Ir', 'Re', 'Os']	9	[0.933 0.041 0.004 0.008 0.002 0.005 0.    0.003]	[-0.148  0.13   0.025  0.015 -0.005 -0.011 -0.005 -0.003]	0.43	0.02	0.07	1.18	1.97	1.09	0.22	0.11	0.13	0.04	0.2		0.38911674005539915	0.2	False	0.693
2	['Pt', 'Pd', 'Au', 'Ru', 'Rh', 'Ir', 'Re', 'Os']	9	[0.9   0.    0.071 0.024 0.002 0.    0.003 0.002]	[-0.155  0.006  0.123  0.027  0.003 -0.004 -0.004  0.006]	0.43	0.02	0.07	1.18	1.97	1.09	0.22	0.11	0.13	0.04	0.2		0.41022237696096786	0.2	False	0.654
3	['Pt', 'Pd', 'Au', 'Ru', 'Rh', 'Ir', 'Re', 'Os']	9	[0.907 0.003 0.012 0.083 0.002 0.    0.    0.001]	[-0.133 -0.004  0.023  0.147 -0.006 -0.014 -0.007 -0.006]	0.43	0.02	0.07	1.18	1.97	1.09	0.22	0.11	0.13	0.04	0.2		0.38997818194853684	0.2	False	0.686
4	['Pt', 'Pd', 'Au', 'Ru', 'Rh', 'Ir', 'Re', 'Os']	9	[0.875 0.002 0.    0.009 0.101 0.004 0.007 0.001]	[-0.146  0.004  0.023  0.02   0.131 -0.012 -0.009 -0.012]	0.43	0.02	0.07	1.18	1.97	1.09	0.22	0.11	0.13	0.04	0.2		0.38601241801666214	0.199	False	0.669
5	['Pt', 'Pd', 'Au', 'Ru', 'Rh', 'Ir', 'Re', 'Os']	9	[0.546 0.001 0.37  0.024 0.003 0.05  0.001 0.011]	[ 0.012 -0.015  0.137  0.033  0.003 -0.139 -0.012 -0.019]	0.43	0.02	0.07	1.18	1.97	1.09	0.22	0.11	0.13	0.04	0.2		0.6898056402303665	0.2	False	0.341
6	['Pt', 'Pd', 'Au', 'Ru', 'Rh', 'Ir', 'Re', 'Os']	9	[0.867 0.007 0.02  0.011 0.    0.002 0.092 0.006]	[-0.148 -0.004  0.026  0.014 -0.009 -0.004  0.13  -0.003]	0.43	0.02	0.07	1.18	1.97	1.09	0.22	0.11	0.13	0.04	0.2		0.4028638314690293	0.2	False	0.65
7	['Pt', 'Pd', 'Au', 'Ru', 'Rh', 'Ir', 'Re', 'Os']	9	[0.592 0.077 0.136 0.009 0.014 0.037 0.011 0.123]	[ 0.042 -0.026  0.021 -0.029 -0.046 -0.062 -0.063  0.162]	0.43	0.02	0.07	1.18	1.97	1.09	0.22	0.11	0.13	0.04	0.2		0.6843012369841093	0.2	False	0.343
0	['Pt', 'Pd', 'Au', 'Ru', 'Rh', 'Ir', 'Re', 'Os']	10	[0.039 0.163 0.613 0.004 0.128 0.03  0.006 0.008]	[ 0.147 -0.016  0.088 -0.033 -0.024 -0.051 -0.054 -0.057]	0.43	0.02	0.07	1.18	1.97	1.09	0.22	0.11	0.13	0.04	0.2		0.2805454425989034	0.2	False	0.478
1	['Pt', 'Pd', 'Au', 'Ru', 'Rh', 'Ir', 'Re', 'Os']	10	[0.873 0.089 0.015 0.007 0.006 0.003 0.004 0.   ]	[-0.165  0.111  0.016  0.014  0.007  0.008  0.004  0.004]	0.43	0.02	0.07	1.18	1.97	1.09	0.22	0.11	0.13	0.04	0.2		0.4238748568655688	0.2	False	0.625
2	['Pt', 'Pd', 'Au', 'Ru', 'Rh', 'Ir', 'Re', 'Os']	10	[0.918 0.008 0.055 0.009 0.003 0.008 0.002 0.   ]	[-0.158  0.012  0.12  -0.008  0.01   0.012  0.007  0.007]	0.43	0.02	0.07	1.18	1.97	1.09	0.22	0.11	0.13	0.04	0.2		0.4003565675805942	0.2	False	0.672
3	['Pt', 'Pd', 'Au', 'Ru', 'Rh', 'Ir', 'Re', 'Os']	10	[0.912 0.01  0.007 0.041 0.01  0.014 0.007 0.007]	[-0.163  0.009  0.016  0.113  0.008  0.009  0.004  0.005]	0.43	0.02	0.07	1.18	1.97	1.09	0.22	0.11	0.13	0.04	0.2		0.388581649213912	0.2	False	0.686
4	['Pt', 'Pd', 'Au', 'Ru', 'Rh', 'Ir', 'Re', 'Os']	10	[0.946 0.008 0.022 0.006 0.006 0.005 0.003 0.004]	[-0.165  0.01   0.019  0.016  0.108  0.01  -0.002  0.006]	0.43	0.02	0.07	1.18	1.97	1.09	0.22	0.11	0.13	0.04	0.2		0.3837626835532494	0.199	False	0.707
5	['Pt', 'Pd', 'Au', 'Ru', 'Rh', 'Ir', 'Re', 'Os']	10	[0.607 0.011 0.346 0.002 0.016 0.013 0.001 0.009]	[ 0.124 -0.024  0.014 -0.083 -0.017  0.1   -0.058 -0.057]	0.43	0.02	0.07	1.18	1.97	1.09	0.22	0.11	0.13	0.04	0.2		0.6914403817271668	0.2	False	0.366
6	['Pt', 'Pd', 'Au', 'Ru', 'Rh', 'Ir', 'Re', 'Os']	10	[0.956 0.002 0.004 0.005 0.011 0.008 0.017 0.001]	[-0.163  0.014 -0.01   0.02   0.014  0.014  0.111  0.001]	0.43	0.02	0.07	1.18	1.97	1.09	0.22	0.11	0.13	0.04	0.2		0.37534489599004767	0.2	False	0.726
7	['Pt', 'Pd', 'Au', 'Ru', 'Rh', 'Ir', 'Re', 'Os']	10	[0.746 0.075 0.136 0.012 0.    0.026 0.001 0.   ]	[ 0.153 -0.003 -0.001  0.016 -0.015 -0.012 -0.011 -0.126]	0.43	0.02	0.07	1.18	1.97	1.09	0.22	0.11	0.13	0.04	0.2		0.5521006296082713	0.2	False	0.475
0	['Pt', 'Pd', 'Au', 'Ru', 'Rh', 'Ir', 'Re', 'Os']	11	[0.197 0.121 0.526 0.037 0.092 0.006 0.004 0.008]	[ 0.169 -0.034 -0.079  0.037 -0.028 -0.03  -0.015 -0.021]	0.43	0.02	0.07	1.18	1.97	1.09	0.22	0.11	0.13	0.04	0.2		0.5337669563080276	0.2	False	0.331
1	['Pt', 'Pd', 'Au', 'Ru', 'Rh', 'Ir', 'Re', 'Os']	11	[0.948 0.023 0.009 0.007 0.    0.004 0.    0.005]	[-0.165  0.109  0.024  0.015  0.008  0.008 -0.002  0.006]	0.43	0.02	0.07	1.18	1.97	1.09	0.22	0.11	0.13	0.04	0.2		0.3832901983869417	0.2	False	0.709
2	['Pt', 'Pd', 'Au', 'Ru', 'Rh', 'Ir', 'Re', 'Os']	11	[0.9   0.    0.083 0.005 0.005 0.003 0.002 0.005]	[-0.157 -0.005  0.123  0.016  0.01  -0.002  0.006  0.007]	0.43	0.02	0.07	1.18	1.97	1.09	0.22	0.11	0.13	0.04	0.2		0.4136175520848422	0.2	False	0.649
3	['Pt', 'Pd', 'Au', 'Ru', 'Rh', 'Ir', 'Re', 'Os']	11	[0.897 0.002 0.013 0.087 0.    0.008 0.001 0.001]	[-0.156 -0.004  0.029  0.122 -0.002  0.008  0.002  0.   ]	0.43	0.02	0.07	1.18	1.97	1.09	0.22	0.11	0.13	0.04	0.2		0.39223963293499187	0.2	False	0.679
4	['Pt', 'Pd', 'Au', 'Ru', 'Rh', 'Ir', 'Re', 'Os']	11	[0.857 0.    0.    0.007 0.133 0.    0.    0.   ]	[-0.157  0.001 -0.011  0.022  0.121  0.015  0.006  0.005]	0.43	0.02	0.07	1.18	1.97	1.09	0.22	0.11	0.13	0.04	0.2		0.38579053532837626	0.2	False	0.661
5	['Pt', 'Pd', 'Au', 'Ru', 'Rh', 'Ir', 'Re', 'Os']	11	[0.676 0.001 0.275 0.023 0.003 0.023 0.002 0.   ]	[ 0.154 -0.03  -0.03  -0.022 -0.025  0.076 -0.058 -0.065]	0.43	0.02	0.07	1.18	1.97	1.09	0.22	0.11	0.13	0.04	0.2		0.6159038778542634	0.2	False	0.424
6	['Pt', 'Pd', 'Au', 'Ru', 'Rh', 'Ir', 'Re', 'Os']	11	[0.84  0.007 0.024 0.009 0.001 0.009 0.112 0.003]	[-0.165  0.011  0.026  0.016 -0.006  0.005  0.108  0.007]	0.43	0.02	0.07	1.18	1.97	1.09	0.22	0.11	0.13	0.04	0.2		0.4096053939455902	0.2	False	0.63
7	['Pt', 'Pd', 'Au', 'Ru', 'Rh', 'Ir', 'Re', 'Os']	11	[0.826 0.001 0.055 0.011 0.    0.012 0.008 0.083]	[ 0.14  -0.041 -0.05  -0.029 -0.034 -0.049 -0.039  0.102]	0.43	0.02	0.07	1.18	1.97	1.09	0.22	0.11	0.13	0.04	0.2		0.4410083429372865	0.2	False	0.591
0	['Pt', 'Pd', 'Au', 'Ru', 'Rh', 'Ir', 'Re', 'Os']	12	[0.098 0.087 0.667 0.006 0.079 0.038 0.001 0.014]	[-0.106 -0.036  0.154  0.027 -0.013  0.032 -0.02  -0.037]	0.43	0.02	0.07	1.18	1.97	1.09	0.22	0.11	0.13	0.04	0.2		0.29411579930690784	0.2	False	0.49
1	['Pt', 'Pd', 'Au', 'Ru', 'Rh', 'Ir', 'Re', 'Os']	12	[0.856 0.116 0.008 0.011 0.003 0.001 0.    0.001]	[-0.145  0.134  0.027  0.01  -0.005 -0.004 -0.005 -0.014]	0.43	0.02	0.07	1.18	1.97	1.09	0.22	0.11	0.13	0.04	0.2		0.43598801352567207	0.2	False	0.608
2	['Pt', 'Pd', 'Au', 'Ru', 'Rh', 'Ir', 'Re', 'Os']	12	[0.924 0.001 0.047 0.02  0.007 0.002 0.    0.001]	[-0.158  0.001  0.121  0.022  0.004  0.006  0.002  0.004]	0.43	0.02	0.07	1.18	1.97	1.09	0.22	0.11	0.13	0.04	0.2		0.3949243980792276	0.201	False	0.682
3	['Pt', 'Pd', 'Au', 'Ru', 'Rh', 'Ir', 'Re', 'Os']	12	[0.939 0.    0.016 0.05  0.001 0.001 0.    0.002]	[-0.135 -0.007  0.028  0.144 -0.007 -0.015 -0.006 -0.004]	0.43	0.02	0.07	1.18	1.97	1.09	0.22	0.11	0.13	0.04	0.2		0.3826734705044196	0.2	False	0.709
4	['Pt', 'Pd', 'Au', 'Ru', 'Rh', 'Ir', 'Re', 'Os']	12	[0.975 0.001 0.017 0.001 0.001 0.002 0.    0.002]	[ 0.12  -0.053 -0.01  -0.029  0.12  -0.048 -0.052 -0.048]	0.43	0.02	0.07	1.18	1.97	1.09	0.22	0.11	0.13	0.04	0.2		0.3745531555472939	0.2	False	0.736
5	['Pt', 'Pd', 'Au', 'Ru', 'Rh', 'Ir', 'Re', 'Os']	12	[0.646 0.    0.299 0.003 0.008 0.045 0.001 0.003]	[ 0.03  -0.057  0.104 -0.029 -0.044  0.12  -0.066 -0.057]	0.43	0.02	0.07	1.18	1.97	1.09	0.22	0.11	0.13	0.04	0.2		0.6313280470631277	0.2	False	0.402
6	['Pt', 'Pd', 'Au', 'Ru', 'Rh', 'Ir', 'Re', 'Os']	12	[0.939 0.003 0.04  0.006 0.001 0.    0.017 0.   ]	[ 0.106 -0.049  0.    -0.029 -0.05  -0.062  0.131 -0.048]	0.43	0.02	0.07	1.18	1.97	1.09	0.22	0.11	0.13	0.04	0.2		0.3890664509953411	0.201	False	0.697
7	['Pt', 'Pd', 'Au', 'Ru', 'Rh', 'Ir', 'Re', 'Os']	12	[0.904 0.    0.049 0.008 0.    0.001 0.001 0.03 ]	[ 0.107 -0.05   0.003 -0.025 -0.048 -0.059 -0.056  0.128]	0.43	0.02	0.07	1.18	1.97	1.09	0.22	0.11	0.13	0.04	0.2		0.4048340807448556	0.2	False	0.661
0	['Pt', 'Pd', 'Au', 'Ru', 'Rh', 'Ir', 'Re', 'Os']	13	[0.264 0.022 0.606 0.034 0.034 0.02  0.009 0.002]	[ 0.171 -0.063 -0.059  0.034 -0.042 -0.015 -0.011 -0.015]	0.43	0.02	0.07	1.18	1.97	1.09	0.22	0.11	0.13	0.04	0.2		0.4746351025956048	0.2	False	0.407
1	['Pt', 'Pd', 'Au', 'Ru', 'Rh', 'Ir', 'Re', 'Os']	13	[0.962 0.007 0.021 0.001 0.003 0.002 0.    0.   ]	[-0.153 -0.082  0.06   0.043  0.032  0.036  0.031  0.034]	0.43	0.02	0.07	1.18	1.97	1.09	0.22	0.11	0.13	0.04	0.2		0.37928613576003495	0.2	False	0.722
2	['Pt', 'Pd', 'Au', 'Ru', 'Rh', 'Ir', 'Re', 'Os']	13	[0.893 0.001 0.097 0.005 0.    0.003 0.    0.001]	[-0.153  0.006  0.129 -0.008  0.     0.01   0.006  0.008]	0.43	0.02	0.07	1.18	1.97	1.09	0.22	0.11	0.13	0.04	0.2		0.4210357612389832	0.2	False	0.639
3	['Pt', 'Pd', 'Au', 'Ru', 'Rh', 'Ir', 'Re', 'Os']	13	[0.871 0.008 0.015 0.084 0.006 0.012 0.006 0.006]	[-0.163  0.004  0.026  0.113  0.004  0.008  0.003  0.005]	0.43	0.02	0.07	1.18	1.97	1.09	0.22	0.11	0.13	0.04	0.2		0.401748989770729	0.2	False	0.654
4	['Pt', 'Pd', 'Au', 'Ru', 'Rh', 'Ir', 'Re', 'Os']	13	[0.816 0.005 0.011 0.018 0.132 0.007 0.005 0.005]	[-0.168  0.005  0.026  0.015  0.104  0.008  0.004  0.006]	0.43	0.02	0.07	1.18	1.97	1.09	0.22	0.11	0.13	0.04	0.2		0.3999052553663174	0.2	False	0.623
5	['Pt', 'Pd', 'Au', 'Ru', 'Rh', 'Ir', 'Re', 'Os']	13	[0.743 0.003 0.236 0.015 0.001 0.    0.006 0.001]	[ 0.158 -0.033 -0.046 -0.022 -0.024  0.072 -0.057 -0.048]	0.43	0.02	0.07	1.18	1.97	1.09	0.22	0.11	0.13	0.04	0.2		0.5627040593236586	0.2	False	0.479
6	['Pt', 'Pd', 'Au', 'Ru', 'Rh', 'Ir', 'Re', 'Os']	13	[0.852 0.008 0.01  0.019 0.012 0.019 0.071 0.015]	[-0.182  0.013  0.034  0.024  0.014  0.018  0.066  0.015]	0.43	0.02	0.07	1.18	1.97	1.09	0.22	0.11	0.13	0.04	0.2		0.40396732124462276	0.2	False	0.639
7	['Pt', 'Pd', 'Au', 'Ru', 'Rh', 'Ir', 'Re', 'Os']	13	[0.894 0.    0.011 0.    0.001 0.003 0.001 0.084]	[-0.161  0.01  -0.017  0.02   0.011  0.015  0.01   0.114]	0.43	0.02	0.07	1.18	1.97	1.09	0.22	0.11	0.13	0.04	0.2		0.39958729971210344	0.2	False	0.665
0	['Pt', 'Pd', 'Au', 'Ru', 'Rh', 'Ir', 'Re', 'Os']	14	[0.226 0.034 0.712 0.001 0.01  0.001 0.007 0.001]	[-0.021  0.067  0.149 -0.079  0.016 -0.062 -0.032 -0.038]	0.43	0.02	0.07	1.18	1.97	1.09	0.22	0.11	0.13	0.04	0.2		0.40665460163773315	0.2	False	0.492
1	['Pt', 'Pd', 'Au', 'Ru', 'Rh', 'Ir', 'Re', 'Os']	14	[0.835 0.132 0.013 0.013 0.    0.001 0.001 0.002]	[-0.143  0.136  0.027  0.007 -0.005 -0.006 -0.008 -0.006]	0.43	0.02	0.07	1.18	1.97	1.09	0.22	0.11	0.13	0.04	0.2		0.45334776792408366	0.2	False	0.584
2	['Pt', 'Pd', 'Au', 'Ru', 'Rh', 'Ir', 'Re', 'Os']	14	[0.935 0.004 0.03  0.022 0.001 0.002 0.003 0.003]	[-0.158  0.003  0.12   0.022  0.001  0.004  0.002  0.003]	0.43	0.02	0.07	1.18	1.97	1.09	0.22	0.11	0.13	0.04	0.2		0.38837661264685913	0.2	False	0.697
3	['Pt', 'Pd', 'Au', 'Ru', 'Rh', 'Ir', 'Re', 'Os']	14	[0.945 0.006 0.005 0.047 0.001 0.002 0.    0.001]	[ 0.097 -0.04  -0.004  0.14  -0.041 -0.052 -0.05  -0.052]	0.43	0.02	0.07	1.18	1.97	1.09	0.22	0.11	0.13	0.04	0.2		0.37960210741192896	0.2	False	0.716
4	['Pt', 'Pd', 'Au', 'Ru', 'Rh', 'Ir', 'Re', 'Os']	14	[0.936 0.004 0.046 0.    0.01  0.    0.001 0.002]	[ 0.107 -0.042  0.002 -0.027  0.129 -0.058 -0.054 -0.057]	0.43	0.02	0.07	1.18	1.97	1.09	0.22	0.11	0.13	0.04	0.2		0.39159987620454767	0.2	False	0.691
5	['Pt', 'Pd', 'Au', 'Ru', 'Rh', 'Ir', 'Re', 'Os']	14	[0.71  0.001 0.214 0.002 0.009 0.059 0.004 0.005]	[ 0.059 -0.069  0.074 -0.027 -0.042  0.128 -0.063 -0.059]	0.43	0.02	0.07	1.18	1.97	1.09	0.22	0.11	0.13	0.04	0.2		0.5547656027241358	0.2	False	0.46
6	['Pt', 'Pd', 'Au', 'Ru', 'Rh', 'Ir', 'Re', 'Os']	14	[0.93  0.002 0.003 0.001 0.008 0.004 0.057 0.001]	[ 0.102 -0.051  0.001 -0.062 -0.034 -0.046  0.134 -0.045]	0.43	0.02	0.07	1.18	1.97	1.09	0.22	0.11	0.13	0.04	0.2		0.38044738990048355	0.2	False	0.707
7	['Pt', 'Pd', 'Au', 'Ru', 'Rh', 'Ir', 'Re', 'Os']	14	[0.933 0.001 0.009 0.007 0.001 0.001 0.001 0.043]	[-0.143 -0.006  0.024  0.009 -0.006 -0.006 -0.008  0.137]	0.43	0.02	0.07	1.18	1.97	1.09	0.22	0.11	0.13	0.04	0.2		0.38577085853013166	0.2	False	0.7
0	['Pt', 'Pd', 'Au', 'Ru', 'Rh', 'Ir', 'Re', 'Os']	15	[0.128 0.001 0.823 0.007 0.015 0.009 0.006 0.   ]	[-0.066 -0.07   0.167  0.033  0.004 -0.009 -0.031 -0.028]	0.43	0.02	0.07	1.18	1.97	1.09	0.22	0.11	0.13	0.04	0.2		0.2780932391908109	0.2	False	0.629
1	['Pt', 'Pd', 'Au', 'Ru', 'Rh', 'Ir', 'Re', 'Os']	15	[0.953 0.002 0.04  0.001 0.    0.002 0.    0.001]	[ 0.117  0.121 -0.002 -0.024 -0.054 -0.051 -0.054 -0.052]	0.43	0.02	0.07	1.18	1.97	1.09	0.22	0.11	0.13	0.04	0.2		0.3852107761433375	0.2	False	0.709
2	['Pt', 'Pd', 'Au', 'Ru', 'Rh', 'Ir', 'Re', 'Os']	15	[0.879 0.003 0.116 0.    0.    0.001 0.002 0.   ]	[-0.155  0.005  0.124  0.021  0.003  0.004 -0.005  0.003]	0.43	0.02	0.07	1.18	1.97	1.09	0.22	0.11	0.13	0.04	0.2		0.433767600714034	0.2	False	0.62
3	['Pt', 'Pd', 'Au', 'Ru', 'Rh', 'Ir', 'Re', 'Os']	15	[0.881 0.003 0.013 0.107 0.001 0.002 0.    0.   ]	[-0.141 -0.005  0.021  0.139 -0.007 -0.002 -0.003 -0.002]	0.43	0.02	0.07	1.18	1.97	1.09	0.22	0.11	0.13	0.04	0.2		0.39658404861951513	0.2	False	0.668
4	['Pt', 'Pd', 'Au', 'Ru', 'Rh', 'Ir', 'Re', 'Os']	15	[0.847 0.001 0.029 0.014 0.104 0.002 0.001 0.001]	[-0.151 -0.008  0.03   0.014  0.127 -0.003 -0.005 -0.004]	0.43	0.02	0.07	1.18	1.97	1.09	0.22	0.11	0.13	0.04	0.2		0.4019517601137058	0.2	False	0.635
5	['Pt', 'Pd', 'Au', 'Ru', 'Rh', 'Ir', 'Re', 'Os']	15	[0.716 0.002 0.256 0.013 0.002 0.011 0.    0.004]	[ 0.047 -0.06   0.097 -0.005 -0.046  0.11  -0.069 -0.075]	0.43	0.02	0.07	1.18	1.97	1.09	0.22	0.11	0.13	0.04	0.2		0.5872489573532035	0.2	False	0.455
6	['Pt', 'Pd', 'Au', 'Ru', 'Rh', 'Ir', 'Re', 'Os']	15	[0.889 0.003 0.014 0.013 0.004 0.002 0.08  0.   ]	[-0.151 -0.007  0.022  0.018 -0.006 -0.001  0.127 -0.001]	0.43	0.02	0.07	1.18	1.97	1.09	0.22	0.11	0.13	0.04	0.2		0.3934573783534636	0.2	False	0.671
7	['Pt', 'Pd', 'Au', 'Ru', 'Rh', 'Ir', 'Re', 'Os']	15	[0.881 0.001 0.009 0.008 0.    0.001 0.001 0.094]	[-0.145 -0.006  0.025  0.012 -0.007 -0.005 -0.007  0.134]	0.43	0.02	0.07	1.18	1.97	1.09	0.22	0.11	0.13	0.04	0.2		0.4040950597679357	0.2	False	0.655
0	['Pt', 'Pd', 'Au', 'Ru', 'Rh', 'Ir', 'Re', 'Os']	16	[0.246 0.01  0.67  0.029 0.025 0.005 0.001 0.003]	[ 0.125  0.015 -0.149  0.032  0.016 -0.018 -0.012 -0.009]	0.43	0.02	0.07	1.18	1.97	1.09	0.22	0.11	0.13	0.04	0.2		0.420317446965058	0.2	False	0.465
1	['Pt', 'Pd', 'Au', 'Ru', 'Rh', 'Ir', 'Re', 'Os']	16	[0.843 0.124 0.002 0.016 0.001 0.005 0.005 0.003]	[-0.16   0.11  -0.027  0.024  0.009  0.016  0.014  0.014]	0.43	0.02	0.07	1.18	1.97	1.09	0.22	0.11	0.13	0.04	0.2		0.4414917938028019	0.2	False	0.598
2	['Pt', 'Pd', 'Au', 'Ru', 'Rh', 'Ir', 'Re', 'Os']	16	[0.959 0.005 0.016 0.016 0.001 0.003 0.    0.003]	[-0.152  0.003  0.129  0.013 -0.     0.004  0.002  0.003]	0.43	0.02	0.07	1.18	1.97	1.09	0.22	0.11	0.13	0.04	0.2		0.37881237881968594	0.2	False	0.722
3	['Pt', 'Pd', 'Au', 'Ru', 'Rh', 'Ir', 'Re', 'Os']	16	[0.945 0.006 0.036 0.004 0.001 0.004 0.004 0.004]	[-0.162  0.003  0.041  0.11  -0.     0.005  0.003  0.003]	0.43	0.02	0.07	1.18	1.97	1.09	0.22	0.11	0.13	0.04	0.2		0.3872465845053722	0.2	False	0.702
4	['Pt', 'Pd', 'Au', 'Ru', 'Rh', 'Ir', 'Re', 'Os']	16	[0.978 0.001 0.013 0.003 0.001 0.001 0.    0.001]	[-0.151  0.034  0.076  0.015 -0.08   0.037  0.034  0.035]	0.43	0.02	0.07	1.18	1.97	1.09	0.22	0.11	0.13	0.04	0.2		0.37308640308327656	0.2	False	0.741
5	['Pt', 'Pd', 'Au', 'Ru', 'Rh', 'Ir', 'Re', 'Os']	16	[0.805 0.002 0.149 0.    0.01  0.032 0.004 0.   ]	[ 0.155 -0.037 -0.07  -0.016 -0.023  0.074 -0.038 -0.045]	0.43	0.02	0.07	1.18	1.97	1.09	0.22	0.11	0.13	0.04	0.2		0.4776473959027684	0.2	False	0.55
6	['Pt', 'Pd', 'Au', 'Ru', 'Rh', 'Ir', 'Re', 'Os']	16	[0.929 0.004 0.033 0.001 0.003 0.003 0.028 0.003]	[-0.166  0.003  0.041  0.013  0.001  0.005  0.103  0.003]	0.43	0.02	0.07	1.18	1.97	1.09	0.22	0.11	0.13	0.04	0.2		0.39009600065714056	0.199	False	0.691
7	['Pt', 'Pd', 'Au', 'Ru', 'Rh', 'Ir', 'Re', 'Os']	16	[0.937 0.001 0.04  0.004 0.002 0.003 0.    0.008]	[-0.166  0.003  0.042  0.013 -0.     0.005  0.003  0.102]	0.43	0.02	0.07	1.18	1.97	1.09	0.22	0.11	0.13	0.04	0.2		0.39003318810273646	0.2	False	0.695
0	['Pt', 'Pd', 'Au', 'Ru', 'Rh', 'Ir', 'Re', 'Os']	17	[0.092 0.091 0.678 0.023 0.098 0.002 0.003 0.001]	[-0.164  0.079  0.004  0.041  0.071 -0.005 -0.013 -0.013]	0.43	0.02	0.07	1.18	1.97	1.09	0.22	0.11	0.13	0.04	0.2		0.2960692251117959	0.2	False	0.505
1	['Pt', 'Pd', 'Au', 'Ru', 'Rh', 'Ir', 'Re', 'Os']	17	[0.96  0.009 0.023 0.001 0.002 0.    0.001 0.002]	[ 0.113  0.126 -0.006 -0.027 -0.046 -0.058 -0.056 -0.046]	0.43	0.02	0.07	1.18	1.97	1.09	0.22	0.11	0.13	0.04	0.2		0.3807960688759451	0.2	False	0.719
2	['Pt', 'Pd', 'Au', 'Ru', 'Rh', 'Ir', 'Re', 'Os']	17	[0.853 0.008 0.14  0.    0.001 0.    0.001 0.   ]	[-0.155  0.004  0.125  0.016  0.001  0.003  0.001  0.003]	0.43	0.02	0.07	1.18	1.97	1.09	0.22	0.11	0.13	0.04	0.2		0.45676025969752837	0.2	False	0.589
3	['Pt', 'Pd', 'Au', 'Ru', 'Rh', 'Ir', 'Re', 'Os']	17	[0.852 0.008 0.008 0.129 0.003 0.002 0.001 0.   ]	[-0.131 -0.004  0.027  0.147 -0.007 -0.005 -0.013 -0.014]	0.43	0.02	0.07	1.18	1.97	1.09	0.22	0.11	0.13	0.04	0.2		0.40361521730673927	0.2	False	0.65
4	['Pt', 'Pd', 'Au', 'Ru', 'Rh', 'Ir', 'Re', 'Os']	17	[0.825 0.    0.013 0.009 0.15  0.001 0.    0.001]	[-0.143 -0.004  0.025  0.008  0.136 -0.007 -0.009 -0.007]	0.43	0.02	0.07	1.18	1.97	1.09	0.22	0.11	0.13	0.04	0.2		0.3943205279499465	0.2	False	0.635
5	['Pt', 'Pd', 'Au', 'Ru', 'Rh', 'Ir', 'Re', 'Os']	17	[0.816 0.005 0.115 0.033 0.    0.028 0.002 0.002]	[ 0.097 -0.063  0.035 -0.018 -0.048  0.123 -0.065 -0.061]	0.43	0.02	0.07	1.18	1.97	1.09	0.22	0.11	0.13	0.04	0.2		0.46163947627772844	0.201	False	0.568
6	['Pt', 'Pd', 'Au', 'Ru', 'Rh', 'Ir', 'Re', 'Os']	17	[0.884 0.002 0.007 0.016 0.002 0.002 0.088 0.003]	[-0.16   0.004 -0.032  0.038  0.006  0.02   0.106  0.018]	0.43	0.02	0.07	1.18	1.97	1.09	0.22	0.11	0.13	0.04	0.2		0.3924305252764541	0.2	False	0.671
7	['Pt', 'Pd', 'Au', 'Ru', 'Rh', 'Ir', 'Re', 'Os']	17	[0.852 0.001 0.013 0.012 0.001 0.001 0.001 0.115]	[-0.14  -0.007  0.028  0.006 -0.008 -0.007 -0.009  0.139]	0.43	0.02	0.07	1.18	1.97	1.09	0.22	0.11	0.13	0.04	0.2		0.41628693142354484	0.2	False	0.63
0	['Pt', 'Pd', 'Au', 'Ru', 'Rh', 'Ir', 'Re', 'Os']	18	[0.174 0.147 0.514 0.004 0.146 0.001 0.003 0.   ]	[ 0.076  0.05  -0.171  0.02   0.042 -0.003 -0.006 -0.007]	0.43	0.02	0.07	1.18	1.97	1.09	0.22	0.11	0.13	0.04	0.2		0.5152687718627333	0.2	False	0.345
1	['Pt', 'Pd', 'Au', 'Ru', 'Rh', 'Ir', 'Re', 'Os']	18	[0.836 0.123 0.005 0.019 0.004 0.006 0.004 0.002]	[-0.167  0.105  0.027  0.016  0.005  0.005  0.004  0.004]	0.43	0.02	0.07	1.18	1.97	1.09	0.22	0.11	0.13	0.04	0.2		0.44567020512127853	0.2	False	0.591
2	['Pt', 'Pd', 'Au', 'Ru', 'Rh', 'Ir', 'Re', 'Os']	18	[0.978 0.    0.011 0.013 0.    0.    0.002 0.   ]	[-0.141  0.031 -0.1    0.052  0.04   0.04   0.038  0.039]	0.43	0.02	0.07	1.18	1.97	1.09	0.22	0.11	0.13	0.04	0.2		0.3725130546108406	0.2	False	0.742
3	['Pt', 'Pd', 'Au', 'Ru', 'Rh', 'Ir', 'Re', 'Os']	18	[0.971 0.001 0.02  0.01  0.    0.    0.    0.001]	[-0.148  0.028  0.064 -0.09   0.038  0.037  0.035  0.037]	0.43	0.02	0.07	1.18	1.97	1.09	0.22	0.11	0.13	0.04	0.2		0.37614481876815387	0.201	False	0.732
4	['Pt', 'Pd', 'Au', 'Ru', 'Rh', 'Ir', 'Re', 'Os']	18	[0.968 0.    0.001 0.005 0.024 0.    0.    0.   ]	[ 0.156 -0.013  0.017  0.    -0.121 -0.012 -0.013 -0.012]	0.43	0.02	0.07	1.18	1.97	1.09	0.22	0.11	0.13	0.04	0.2		0.3717040279349516	0.2	False	0.738
5	['Pt', 'Pd', 'Au', 'Ru', 'Rh', 'Ir', 'Re', 'Os']	18	[0.943 0.005 0.024 0.005 0.007 0.014 0.003 0.002]	[ 0.162 -0.018 -0.078 -0.05  -0.006  0.053 -0.034 -0.029]	0.43	0.02	0.07	1.18	1.97	1.09	0.22	0.11	0.13	0.04	0.2		0.38374973105816823	0.2	False	0.706
6	['Pt', 'Pd', 'Au', 'Ru', 'Rh', 'Ir', 'Re', 'Os']	18	[0.935 0.003 0.034 0.    0.005 0.004 0.021 0.001]	[-0.163  0.008  0.037 -0.012  0.009  0.006  0.108  0.007]	0.43	0.02	0.07	1.18	1.97	1.09	0.22	0.11	0.13	0.04	0.2		0.3882764180783703	0.2	False	0.696
7	['Pt', 'Pd', 'Au', 'Ru', 'Rh', 'Ir', 'Re', 'Os']	18	[0.969 0.    0.018 0.    0.001 0.    0.002 0.008]	[-0.153  0.032  0.061  0.045  0.034  0.033  0.031 -0.082]	0.43	0.02	0.07	1.18	1.97	1.09	0.22	0.11	0.13	0.04	0.2		0.3764312517803911	0.2	False	0.731
0	['Pt', 'Pd', 'Au', 'Ru', 'Rh', 'Ir', 'Re', 'Os']	19	[0.051 0.247 0.43  0.026 0.226 0.001 0.001 0.007]	[-0.119  0.107 -0.079  0.027  0.086 -0.006 -0.007 -0.01 ]	0.43	0.02	0.07	1.18	1.97	1.09	0.22	0.11	0.13	0.04	0.2		0.366585751014461	0.2	False	0.408
1	['Pt', 'Pd', 'Au', 'Ru', 'Rh', 'Ir', 'Re', 'Os']	19	[0.947 0.009 0.034 0.001 0.004 0.    0.    0.001]	[ 0.108  0.127  0.006 -0.028 -0.048 -0.061 -0.058 -0.046]	0.43	0.02	0.07	1.18	1.97	1.09	0.22	0.11	0.13	0.04	0.2		0.38672491215198584	0.2	False	0.704
2	['Pt', 'Pd', 'Au', 'Ru', 'Rh', 'Ir', 'Re', 'Os']	19	[0.834 0.005 0.153 0.003 0.001 0.004 0.002 0.003]	[-0.151  0.006  0.13   0.015  0.002  0.003 -0.004  0.002]	0.43	0.02	0.07	1.18	1.97	1.09	0.22	0.11	0.13	0.04	0.2		0.4707737528445157	0.2	False	0.57
3	['Pt', 'Pd', 'Au', 'Ru', 'Rh', 'Ir', 'Re', 'Os']	19	[0.84  0.003 0.013 0.144 0.001 0.001 0.001 0.001]	[-0.132 -0.005  0.026  0.146 -0.009 -0.008 -0.01  -0.009]	0.43	0.02	0.07	1.18	1.97	1.09	0.22	0.11	0.13	0.04	0.2		0.4068688267741248	0.2	False	0.643
4	['Pt', 'Pd', 'Au', 'Ru', 'Rh', 'Ir', 'Re', 'Os']	19	[0.846 0.    0.018 0.002 0.131 0.    0.002 0.   ]	[-0.148 -0.005  0.026  0.008  0.132 -0.004 -0.006 -0.005]	0.43	0.02	0.07	1.18	1.97	1.09	0.22	0.11	0.13	0.04	0.2		0.39429916091054507	0.201	False	0.644
5	['Pt', 'Pd', 'Au', 'Ru', 'Rh', 'Ir', 'Re', 'Os']	19	[0.852 0.001 0.019 0.003 0.004 0.115 0.001 0.007]	[-0.155 -0.006  0.02   0.026  0.007  0.122 -0.006 -0.01 ]	0.43	0.02	0.07	1.18	1.97	1.09	0.22	0.11	0.13	0.04	0.2		0.3958274950383867	0.2	False	0.644
6	['Pt', 'Pd', 'Au', 'Ru', 'Rh', 'Ir', 'Re', 'Os']	19	[0.861 0.001 0.016 0.018 0.004 0.002 0.101 0.   ]	[-0.141 -0.007  0.031  0.008 -0.011 -0.009  0.137 -0.009]	0.43	0.02	0.07	1.18	1.97	1.09	0.22	0.11	0.13	0.04	0.2		0.3999772432302758	0.2	False	0.651
7	['Pt', 'Pd', 'Au', 'Ru', 'Rh', 'Ir', 'Re', 'Os']	19	[0.833 0.002 0.011 0.013 0.    0.003 0.    0.136]	[-0.138 -0.005  0.028  0.006 -0.009 -0.007 -0.014  0.14 ]	0.43	0.02	0.07	1.18	1.97	1.09	0.22	0.11	0.13	0.04	0.2		0.42335997514384915	0.2	False	0.616
0	['Pt', 'Pd', 'Au', 'Ru', 'Rh', 'Ir', 'Re', 'Os']	20	[0.109 0.318 0.263 0.003 0.283 0.004 0.001 0.007]	[ 0.058  0.071 -0.167 -0.023  0.057  0.004  0.     0.   ]	0.43	0.02	0.07	1.18	1.97	1.09	0.22	0.11	0.13	0.04	0.2		0.45160184862713215	0.2	False	0.391
1	['Pt', 'Pd', 'Au', 'Ru', 'Rh', 'Ir', 'Re', 'Os']	20	[0.845 0.12  0.017 0.007 0.002 0.001 0.002 0.002]	[-0.163  0.113 -0.004  0.017  0.016  0.007  0.005  0.006]	0.43	0.02	0.07	1.18	1.97	1.09	0.22	0.11	0.13	0.04	0.2		0.44654880566171107	0.2	False	0.593
2	['Pt', 'Pd', 'Au', 'Ru', 'Rh', 'Ir', 'Re', 'Os']	20	[0.972 0.004 0.023 0.001 0.002 0.001 0.001 0.   ]	[-0.153  0.046 -0.084  0.046  0.046  0.033  0.031  0.033]	0.43	0.02	0.07	1.18	1.97	1.09	0.22	0.11	0.13	0.04	0.2		0.37674120402711153	0.2	False	0.731
3	['Pt', 'Pd', 'Au', 'Ru', 'Rh', 'Ir', 'Re', 'Os']	20	[0.976 0.002 0.001 0.019 0.004 0.    0.003 0.   ]	[-0.15   0.051  0.023 -0.087  0.051  0.038  0.036  0.038]	0.43	0.02	0.07	1.18	1.97	1.09	0.22	0.11	0.13	0.04	0.2		0.3711017208592306	0.2	False	0.744
4	['Pt', 'Pd', 'Au', 'Ru', 'Rh', 'Ir', 'Re', 'Os']	20	[0.971 0.008 0.003 0.004 0.007 0.001 0.005 0.001]	[-0.149  0.052  0.023  0.051 -0.088  0.038  0.035  0.038]	0.43	0.02	0.07	1.18	1.97	1.09	0.22	0.11	0.13	0.04	0.2		0.37338456505077156	0.2	False	0.736
5	['Pt', 'Pd', 'Au', 'Ru', 'Rh', 'Ir', 'Re', 'Os']	20	[0.929 0.011 0.006 0.    0.014 0.028 0.01  0.005]	[-0.17   0.047  0.049  0.037  0.052 -0.045  0.016  0.014]	0.43	0.02	0.07	1.18	1.97	1.09	0.22	0.11	0.13	0.04	0.2		0.38290276169811993	0.2	False	0.699
6	['Pt', 'Pd', 'Au', 'Ru', 'Rh', 'Ir', 'Re', 'Os']	20	[0.958 0.019 0.005 0.    0.014 0.001 0.002 0.004]	[-0.155  0.055  0.026  0.018  0.054  0.04  -0.078  0.04 ]	0.43	0.02	0.07	1.18	1.97	1.09	0.22	0.11	0.13	0.04	0.2		0.378376408785903	0.2	False	0.721
7	['Pt', 'Pd', 'Au', 'Ru', 'Rh', 'Ir', 'Re', 'Os']	20	[0.975 0.    0.003 0.    0.002 0.001 0.001 0.015]	[-0.155  0.049  0.019  0.047  0.049  0.035  0.034 -0.079]	0.43	0.02	0.07	1.18	1.97	1.09	0.22	0.11	0.13	0.04	0.2		0.3723614057872813	0.2	False	0.741
0	['Pt', 'Pd', 'Au', 'Ru', 'Rh', 'Ir', 'Re', 'Os']	21	[0.054 0.228 0.174 0.007 0.418 0.033 0.033 0.041]	[-0.055 -0.09  -0.089  0.004  0.135  0.029  0.032  0.034]	0.43	0.02	0.07	1.18	1.97	1.09	0.22	0.11	0.13	0.04	0.2		0.31086327357605886	0.201	False	0.533
1	['Pt', 'Pd', 'Au', 'Ru', 'Rh', 'Ir', 'Re', 'Os']	21	[0.949 0.002 0.036 0.001 0.002 0.001 0.004 0.001]	[ 0.111  0.126 -0.001 -0.029 -0.05  -0.051 -0.055 -0.052]	0.43	0.02	0.07	1.18	1.97	1.09	0.22	0.11	0.13	0.04	0.2		0.3853496744108286	0.2	False	0.707
2	['Pt', 'Pd', 'Au', 'Ru', 'Rh', 'Ir', 'Re', 'Os']	21	[0.839 0.007 0.132 0.019 0.003 0.    0.003 0.   ]	[-0.152  0.006  0.127  0.017  0.004  0.    -0.002 -0.001]	0.43	0.02	0.07	1.18	1.97	1.09	0.22	0.11	0.13	0.04	0.2		0.46096395295947734	0.199	False	0.58
3	['Pt', 'Pd', 'Au', 'Ru', 'Rh', 'Ir', 'Re', 'Os']	21	[0.847 0.003 0.001 0.146 0.003 0.003 0.    0.001]	[-0.132 -0.002  0.02   0.148 -0.004 -0.007 -0.013 -0.008]	0.43	0.02	0.07	1.18	1.97	1.09	0.22	0.11	0.13	0.04	0.2		0.39991491116870903	0.2	False	0.655
4	['Pt', 'Pd', 'Au', 'Ru', 'Rh', 'Ir', 'Re', 'Os']	21	[0.836 0.007 0.002 0.007 0.145 0.001 0.    0.001]	[-0.142  0.     0.023  0.008  0.138 -0.007 -0.013 -0.008]	0.43	0.02	0.07	1.18	1.97	1.09	0.22	0.11	0.13	0.04	0.2		0.39116024706661523	0.2	False	0.644
5	['Pt', 'Pd', 'Au', 'Ru', 'Rh', 'Ir', 'Re', 'Os']	21	[0.881 0.006 0.001 0.001 0.002 0.106 0.001 0.006]	[-0.143 -0.001  0.019  0.021 -0.016  0.135 -0.005 -0.01 ]	0.43	0.02	0.07	1.18	1.97	1.09	0.22	0.11	0.13	0.04	0.2		0.38584505603178243	0.2	False	0.672
6	['Pt', 'Pd', 'Au', 'Ru', 'Rh', 'Ir', 'Re', 'Os']	21	[0.842 0.001 0.007 0.005 0.002 0.002 0.139 0.005]	[-0.139 -0.     0.02   0.007 -0.003 -0.009  0.141 -0.017]	0.43	0.02	0.07	1.18	1.97	1.09	0.22	0.11	0.13	0.04	0.2		0.3992412721888838	0.2	False	0.647
7	['Pt', 'Pd', 'Au', 'Ru', 'Rh', 'Ir', 'Re', 'Os']	21	[0.84  0.001 0.004 0.003 0.001 0.001 0.005 0.142]	[-0.14  -0.003  0.021  0.007 -0.005 -0.009 -0.011  0.14 ]	0.43	0.02	0.07	1.18	1.97	1.09	0.22	0.11	0.13	0.04	0.2		0.41769832004562923	0.199	False	0.626
0	['Pt', 'Pd', 'Au', 'Ru', 'Rh', 'Ir', 'Re', 'Os']	22	[0.102 0.266 0.    0.015 0.491 0.032 0.037 0.046]	[ 0.047  0.037 -0.176  0.017  0.072 -0.002  0.003  0.004]	0.43	0.02	0.07	1.18	1.97	1.09	0.22	0.11	0.13	0.04	0.2		0.2969259625980611	0.2	False	0.631
1	['Pt', 'Pd', 'Au', 'Ru', 'Rh', 'Ir', 'Re', 'Os']	22	[0.832 0.115 0.025 0.005 0.011 0.001 0.007 0.001]	[-0.166  0.107  0.01   0.011  0.026  0.005  0.003  0.005]	0.43	0.02	0.07	1.18	1.97	1.09	0.22	0.11	0.13	0.04	0.2		0.4545773867935886	0.2	False	0.58
2	['Pt', 'Pd', 'Au', 'Ru', 'Rh', 'Ir', 'Re', 'Os']	22	[0.96  0.001 0.02  0.001 0.018 0.001 0.002 0.001]	[-0.159  0.043 -0.067  0.013  0.065  0.036  0.034  0.036]	0.43	0.02	0.07	1.18	1.97	1.09	0.22	0.11	0.13	0.04	0.2		0.3778352823676811	0.2	False	0.723
3	['Pt', 'Pd', 'Au', 'Ru', 'Rh', 'Ir', 'Re', 'Os']	22	[0.963 0.002 0.002 0.018 0.017 0.001 0.    0.002]	[-0.15   0.041  0.037 -0.087  0.06   0.034  0.032  0.034]	0.43	0.02	0.07	1.18	1.97	1.09	0.22	0.11	0.13	0.04	0.2		0.37361282101271814	0.2	False	0.732
4	['Pt', 'Pd', 'Au', 'Ru', 'Rh', 'Ir', 'Re', 'Os']	22	[0.982 0.    0.001 0.    0.014 0.    0.001 0.   ]	[ 0.148  0.002 -0.002  0.002 -0.134 -0.005 -0.007 -0.005]	0.43	0.02	0.07	1.18	1.97	1.09	0.22	0.11	0.13	0.04	0.2		0.3692436411542389	0.2	False	0.749
5	['Pt', 'Pd', 'Au', 'Ru', 'Rh', 'Ir', 'Re', 'Os']	22	[0.904 0.006 0.001 0.003 0.053 0.024 0.006 0.006]	[-0.166  0.044  0.023  0.037  0.078 -0.047  0.019  0.012]	0.43	0.02	0.07	1.18	1.97	1.09	0.22	0.11	0.13	0.04	0.2		0.38433789712007554	0.2	False	0.684
6	['Pt', 'Pd', 'Au', 'Ru', 'Rh', 'Ir', 'Re', 'Os']	22	[0.959 0.001 0.003 0.001 0.016 0.    0.015 0.007]	[-0.155  0.04   0.035  0.039  0.059  0.032 -0.08   0.031]	0.43	0.02	0.07	1.18	1.97	1.09	0.22	0.11	0.13	0.04	0.2		0.3748238494250377	0.2	False	0.728
7	['Pt', 'Pd', 'Au', 'Ru', 'Rh', 'Ir', 'Re', 'Os']	22	[0.959 0.001 0.002 0.003 0.011 0.003 0.008 0.011]	[-0.153  0.042  0.037  0.042  0.061  0.033  0.019 -0.081]	0.43	0.02	0.07	1.18	1.97	1.09	0.22	0.11	0.13	0.04	0.2		0.3751139976441824	0.2	False	0.728
0	['Pt', 'Pd', 'Au', 'Ru', 'Rh', 'Ir', 'Re', 'Os']	23	[0.077 0.235 0.14  0.03  0.482 0.007 0.005 0.012]	[ 0.011  0.003  0.166 -0.04   0.032 -0.062 -0.055 -0.055]	0.43	0.02	0.07	1.18	1.97	1.09	0.22	0.11	0.13	0.04	0.2		0.32012885526234774	0.2	False	0.584
1	['Pt', 'Pd', 'Au', 'Ru', 'Rh', 'Ir', 'Re', 'Os']	23	[0.959 0.    0.024 0.008 0.003 0.002 0.    0.   ]	[ 0.144 -0.134  0.012 -0.001  0.021 -0.01  -0.023 -0.009]	0.43	0.02	0.07	1.18	1.97	1.09	0.22	0.11	0.13	0.04	0.2		0.3795614988510207	0.2	False	0.721
2	['Pt', 'Pd', 'Au', 'Ru', 'Rh', 'Ir', 'Re', 'Os']	23	[0.83  0.021 0.091 0.021 0.022 0.008 0.004 0.008]	[-0.173  0.016  0.09   0.016  0.034  0.006  0.004  0.006]	0.43	0.02	0.07	1.18	1.97	1.09	0.22	0.11	0.13	0.04	0.2		0.4523678888106241	0.199	False	0.58
3	['Pt', 'Pd', 'Au', 'Ru', 'Rh', 'Ir', 'Re', 'Os']	23	[0.841 0.011 0.019 0.123 0.011 0.    0.    0.   ]	[-0.162  0.009  0.017  0.113  0.024  0.    -0.002  0.   ]	0.43	0.02	0.07	1.18	1.97	1.09	0.22	0.11	0.13	0.04	0.2		0.41175229141319164	0.2	False	0.634
4	['Pt', 'Pd', 'Au', 'Ru', 'Rh', 'Ir', 'Re', 'Os']	23	[0.821 0.011 0.013 0.01  0.137 0.001 0.001 0.002]	[-0.157  0.009  0.014  0.008  0.122  0.001  0.     0.002]	0.43	0.02	0.07	1.18	1.97	1.09	0.22	0.11	0.13	0.04	0.2		0.40126675567986486	0.2	False	0.624
5	['Pt', 'Pd', 'Au', 'Ru', 'Rh', 'Ir', 'Re', 'Os']	23	[0.895 0.017 0.004 0.01  0.002 0.069 0.002 0.003]	[-0.162  0.038  0.023  0.028 -0.04   0.096  0.01   0.006]	0.43	0.02	0.07	1.18	1.97	1.09	0.22	0.11	0.13	0.04	0.2		0.38956222687102765	0.2	False	0.673
6	['Pt', 'Pd', 'Au', 'Ru', 'Rh', 'Ir', 'Re', 'Os']	23	[0.837 0.008 0.016 0.007 0.01  0.002 0.115 0.006]	[-0.165  0.011  0.019  0.01   0.027  0.002  0.108 -0.01 ]	0.43	0.02	0.07	1.18	1.97	1.09	0.22	0.11	0.13	0.04	0.2		0.40786201326214	0.2	False	0.631
7	['Pt', 'Pd', 'Au', 'Ru', 'Rh', 'Ir', 'Re', 'Os']	23	[0.836 0.006 0.013 0.001 0.015 0.005 0.003 0.119]	[-0.164  0.01   0.018  0.008  0.027  0.    -0.009  0.108]	0.43	0.02	0.07	1.18	1.97	1.09	0.22	0.11	0.13	0.04	0.2		0.42226678602654405	0.2	False	0.615
0	['Pt', 'Pd', 'Au', 'Ru', 'Rh', 'Ir', 'Re', 'Os']	24	[0.131 0.277 0.019 0.001 0.554 0.005 0.001 0.002]	[ 0.027  0.013  0.148 -0.077  0.049 -0.058 -0.052 -0.051]	0.43	0.02	0.07	1.18	1.97	1.09	0.22	0.11	0.13	0.04	0.2		0.3275832879545803	0.2	False	0.666
1	['Pt', 'Pd', 'Au', 'Ru', 'Rh', 'Ir', 'Re', 'Os']	24	[0.828 0.128 0.018 0.002 0.016 0.002 0.002 0.   ]	[-0.163  0.112  0.011  0.011  0.028  0.002 -0.001  0.002]	0.43	0.02	0.07	1.18	1.97	1.09	0.22	0.11	0.13	0.04	0.2		0.45614311021075143	0.2	False	0.577
2	['Pt', 'Pd', 'Au', 'Ru', 'Rh', 'Ir', 'Re', 'Os']	24	[0.991 0.    0.    0.    0.012 0.    0.002 0.   ]	[-0.163 -0.003  0.105 -0.005  0.047  0.006  0.007  0.006]	0.43	0.02	0.07	1.18	1.97	1.09	0.22	0.11	0.13	0.04	0.2		0.36726180774125217	0.2	False	0.757
3	['Pt', 'Pd', 'Au', 'Ru', 'Rh', 'Ir', 'Re', 'Os']	24	[0.976 0.    0.012 0.004 0.009 0.001 0.    0.002]	[-0.145  0.04   0.042 -0.094  0.064  0.032  0.03   0.031]	0.43	0.02	0.07	1.18	1.97	1.09	0.22	0.11	0.13	0.04	0.2		0.3728499322254337	0.2	False	0.74
4	['Pt', 'Pd', 'Au', 'Ru', 'Rh', 'Ir', 'Re', 'Os']	24	[0.967 0.    0.021 0.001 0.004 0.001 0.001 0.   ]	[ 0.144  0.003  0.004  0.005 -0.138 -0.006 -0.008 -0.006]	0.43	0.02	0.07	1.18	1.97	1.09	0.22	0.11	0.13	0.04	0.2		0.3769322969672292	0.2	False	0.729
5	['Pt', 'Pd', 'Au', 'Ru', 'Rh', 'Ir', 'Re', 'Os']	24	[0.909 0.004 0.    0.008 0.078 0.002 0.002 0.001]	[-0.162  0.04   0.017  0.036  0.085 -0.053  0.021  0.017]	0.43	0.02	0.07	1.18	1.97	1.09	0.22	0.11	0.13	0.04	0.2		0.3812781054186042	0.2	False	0.692
6	['Pt', 'Pd', 'Au', 'Ru', 'Rh', 'Ir', 'Re', 'Os']	24	[0.972 0.002 0.007 0.004 0.01  0.    0.004 0.003]	[-0.15   0.04   0.041  0.042  0.063  0.029 -0.084  0.019]	0.43	0.02	0.07	1.18	1.97	1.09	0.22	0.11	0.13	0.04	0.2		0.37308766250929853	0.2	False	0.737
7	['Pt', 'Pd', 'Au', 'Ru', 'Rh', 'Ir', 'Re', 'Os']	24	[0.973 0.003 0.003 0.003 0.003 0.005 0.005 0.003]	[-0.15   0.041  0.042  0.044  0.064  0.02   0.022 -0.084]	0.43	0.02	0.07	1.18	1.97	1.09	0.22	0.11	0.13	0.04	0.2		0.37235586726837494	0.2	False	0.739
0	['Pt', 'Pd', 'Au', 'Ru', 'Rh', 'Ir', 'Re', 'Os']	25	[0.092 0.229 0.082 0.025 0.535 0.008 0.008 0.01 ]	[ 0.018  0.006  0.155 -0.031  0.046 -0.059 -0.065 -0.07 ]	0.43	0.02	0.07	1.18	1.97	1.09	0.22	0.11	0.13	0.04	0.2		0.3139196162358821	0.2	False	0.64
1	['Pt', 'Pd', 'Au', 'Ru', 'Rh', 'Ir', 'Re', 'Os']	25	[0.958 0.006 0.018 0.002 0.007 0.    0.003 0.002]	[ 0.143 -0.135  0.009 -0.002  0.026 -0.012 -0.015 -0.014]	0.43	0.02	0.07	1.18	1.97	1.09	0.22	0.11	0.13	0.04	0.2		0.37948342761249165	0.2	False	0.72
2	['Pt', 'Pd', 'Au', 'Ru', 'Rh', 'Ir', 'Re', 'Os']	25	[0.79  0.026 0.114 0.02  0.037 0.008 0.002 0.006]	[-0.173  0.019  0.088  0.015  0.04   0.005  0.003  0.004]	0.43	0.02	0.07	1.18	1.97	1.09	0.22	0.11	0.13	0.04	0.2		0.4833951296795085	0.2	False	0.538
3	['Pt', 'Pd', 'Au', 'Ru', 'Rh', 'Ir', 'Re', 'Os']	25	[0.817 0.006 0.02  0.132 0.021 0.    0.004 0.004]	[-0.161  0.01   0.016  0.113  0.03  -0.002 -0.005 -0.003]	0.43	0.02	0.07	1.18	1.97	1.09	0.22	0.11	0.13	0.04	0.2		0.4166048406694255	0.2	False	0.619
4	['Pt', 'Pd', 'Au', 'Ru', 'Rh', 'Ir', 'Re', 'Os']	25	[0.828 0.    0.018 0.006 0.139 0.001 0.004 0.001]	[-0.154  0.01   0.016  0.007  0.126 -0.001 -0.003 -0.001]	0.43	0.02	0.07	1.18	1.97	1.09	0.22	0.11	0.13	0.04	0.2		0.39725892953031106	0.2	False	0.632
5	['Pt', 'Pd', 'Au', 'Ru', 'Rh', 'Ir', 'Re', 'Os']	25	[0.882 0.013 0.004 0.001 0.008 0.091 0.    0.006]	[-0.161  0.038  0.021  0.025 -0.043  0.098  0.013  0.01 ]	0.43	0.02	0.07	1.18	1.97	1.09	0.22	0.11	0.13	0.04	0.2		0.38940556578516305	0.2	False	0.666
6	['Pt', 'Pd', 'Au', 'Ru', 'Rh', 'Ir', 'Re', 'Os']	25	[0.82  0.007 0.019 0.    0.024 0.    0.126 0.007]	[-0.165  0.011  0.018  0.007  0.032 -0.001  0.105 -0.008]	0.43	0.02	0.07	1.18	1.97	1.09	0.22	0.11	0.13	0.04	0.2		0.4111716665699864	0.2	False	0.62
7	['Pt', 'Pd', 'Au', 'Ru', 'Rh', 'Ir', 'Re', 'Os']	25	[0.817 0.002 0.012 0.001 0.032 0.006 0.002 0.126]	[-0.164  0.011  0.018  0.008  0.034 -0.008 -0.005  0.107]	0.43	0.02	0.07	1.18	1.97	1.09	0.22	0.11	0.13	0.04	0.2		0.4256469410311819	0.2	False	0.604
0	['Pt', 'Pd', 'Au', 'Ru', 'Rh', 'Ir', 'Re', 'Os']	26	[0.108 0.233 0.059 0.003 0.577 0.006 0.001 0.001]	[ 0.024  0.009  0.148 -0.075  0.055 -0.057 -0.052 -0.052]	0.43	0.02	0.07	1.18	1.97	1.09	0.22	0.11	0.13	0.04	0.2		0.3211929042016263	0.2	False	0.678
1	['Pt', 'Pd', 'Au', 'Ru', 'Rh', 'Ir', 'Re', 'Os']	26	[0.832 0.121 0.017 0.002 0.016 0.    0.006 0.003]	[-0.162  0.112  0.014  0.01   0.03   0.001 -0.007  0.   ]	0.43	0.02	0.07	1.18	1.97	1.09	0.22	0.11	0.13	0.04	0.2		0.4522514437940662	0.2	False	0.582
2	['Pt', 'Pd', 'Au', 'Ru', 'Rh', 'Ir', 'Re', 'Os']	26	[0.961 0.011 0.022 0.002 0.003 0.001 0.001 0.001]	[ 0.164 -0.024 -0.102 -0.027  0.03  -0.016 -0.007 -0.016]	0.43	0.02	0.07	1.18	1.97	1.09	0.22	0.11	0.13	0.04	0.2		0.38044684385254945	0.201	False	0.719
3	['Pt', 'Pd', 'Au', 'Ru', 'Rh', 'Ir', 'Re', 'Os']	26	[0.958 0.003 0.025 0.003 0.006 0.002 0.004 0.004]	[ 0.146 -0.001  0.006 -0.132  0.023 -0.011 -0.02  -0.012]	0.43	0.02	0.07	1.18	1.97	1.09	0.22	0.11	0.13	0.04	0.2		0.3804867732277693	0.2	False	0.718
4	['Pt', 'Pd', 'Au', 'Ru', 'Rh', 'Ir', 'Re', 'Os']	26	[0.96  0.009 0.018 0.001 0.001 0.001 0.004 0.001]	[ 0.139  0.008  0.005  0.    -0.144 -0.002 -0.004 -0.002]	0.43	0.02	0.07	1.18	1.97	1.09	0.22	0.11	0.13	0.04	0.2		0.37964059858724475	0.2	False	0.721
5	['Pt', 'Pd', 'Au', 'Ru', 'Rh', 'Ir', 'Re', 'Os']	26	[0.913 0.003 0.001 0.008 0.064 0.009 0.006 0.001]	[-0.161  0.038  0.02   0.036  0.088 -0.051  0.016  0.014]	0.43	0.02	0.07	1.18	1.97	1.09	0.22	0.11	0.13	0.04	0.2		0.38117009371223265	0.2	False	0.694
6	['Pt', 'Pd', 'Au', 'Ru', 'Rh', 'Ir', 'Re', 'Os']	26	[0.963 0.001 0.02  0.003 0.001 0.002 0.004 0.009]	[ 0.15  -0.005  0.002 -0.001  0.022 -0.015 -0.126 -0.026]	0.43	0.02	0.07	1.18	1.97	1.09	0.22	0.11	0.13	0.04	0.2		0.3783805748010617	0.2	False	0.724
7	['Pt', 'Pd', 'Au', 'Ru', 'Rh', 'Ir', 'Re', 'Os']	26	[0.962 0.    0.015 0.004 0.002 0.006 0.004 0.004]	[ 0.15  -0.003  0.002 -0.001  0.02  -0.025 -0.015 -0.128]	0.43	0.02	0.07	1.18	1.97	1.09	0.22	0.11	0.13	0.04	0.2		0.37694792655466125	0.2	False	0.726
0	['Pt', 'Pd', 'Au', 'Ru', 'Rh', 'Ir', 'Re', 'Os']	27	[0.093 0.205 0.055 0.024 0.59  0.008 0.006 0.006]	[ 0.017 -0.001  0.152 -0.029  0.055 -0.072 -0.061 -0.061]	0.43	0.02	0.07	1.18	1.97	1.09	0.22	0.11	0.13	0.04	0.2		0.30788109047202733	0.2	False	0.697
1	['Pt', 'Pd', 'Au', 'Ru', 'Rh', 'Ir', 'Re', 'Os']	27	[0.964 0.002 0.014 0.003 0.009 0.002 0.001 0.003]	[ 0.145 -0.132  0.006 -0.002  0.027 -0.012 -0.019 -0.013]	0.43	0.02	0.07	1.18	1.97	1.09	0.22	0.11	0.13	0.04	0.2		0.3763878055582963	0.2	False	0.728
2	['Pt', 'Pd', 'Au', 'Ru', 'Rh', 'Ir', 'Re', 'Os']	27	[0.828 0.003 0.085 0.019 0.051 0.007 0.003 0.006]	[-0.173  0.013  0.088  0.016  0.042  0.006  0.003  0.005]	0.43	0.02	0.07	1.18	1.97	1.09	0.22	0.11	0.13	0.04	0.2		0.4389951558605345	0.2	False	0.59
3	['Pt', 'Pd', 'Au', 'Ru', 'Rh', 'Ir', 'Re', 'Os']	27	[0.829 0.008 0.022 0.121 0.018 0.    0.003 0.003]	[-0.161  0.01   0.017  0.112  0.035  0.002 -0.007 -0.007]	0.43	0.02	0.07	1.18	1.97	1.09	0.22	0.11	0.13	0.04	0.2		0.41539810063708565	0.2	False	0.624
4	['Pt', 'Pd', 'Au', 'Ru', 'Rh', 'Ir', 'Re', 'Os']	27	[0.834 0.    0.008 0.007 0.143 0.001 0.001 0.   ]	[-0.152  0.007  0.013  0.008  0.129  0.    -0.006 -0.001]	0.43	0.02	0.07	1.18	1.97	1.09	0.22	0.11	0.13	0.04	0.2		0.39183274712338584	0.2	False	0.642
5	['Pt', 'Pd', 'Au', 'Ru', 'Rh', 'Ir', 'Re', 'Os']	27	[0.887 0.018 0.    0.001 0.    0.091 0.002 0.005]	[-0.16   0.035  0.018  0.027 -0.045  0.099  0.015  0.011]	0.43	0.02	0.07	1.18	1.97	1.09	0.22	0.11	0.13	0.04	0.2		0.3885102906958881	0.2	False	0.67
6	['Pt', 'Pd', 'Au', 'Ru', 'Rh', 'Ir', 'Re', 'Os']	27	[0.822 0.    0.022 0.003 0.032 0.005 0.117 0.003]	[-0.166  0.009  0.015  0.009  0.035  0.001  0.104 -0.007]	0.43	0.02	0.07	1.18	1.97	1.09	0.22	0.11	0.13	0.04	0.2		0.40835815549998883	0.2	False	0.622
7	['Pt', 'Pd', 'Au', 'Ru', 'Rh', 'Ir', 'Re', 'Os']	27	[0.832 0.009 0.004 0.004 0.013 0.004 0.004 0.128]	[-0.165  0.013 -0.001  0.013  0.021  0.005  0.003  0.11 ]	0.43	0.02	0.07	1.18	1.97	1.09	0.22	0.11	0.13	0.04	0.2		0.4217566238494307	0.2	False	0.616
0	['Pt', 'Pd', 'Au', 'Ru', 'Rh', 'Ir', 'Re', 'Os']	28	[0.091 0.186 0.075 0.003 0.62  0.006 0.003 0.003]	[ 0.023  0.002  0.147 -0.074  0.062 -0.057 -0.052 -0.052]	0.43	0.02	0.07	1.18	1.97	1.09	0.22	0.11	0.13	0.04	0.2		0.3139547742521551	0.2	False	0.718
1	['Pt', 'Pd', 'Au', 'Ru', 'Rh', 'Ir', 'Re', 'Os']	28	[0.826 0.126 0.017 0.002 0.021 0.001 0.003 0.004]	[-0.164  0.109  0.014  0.009  0.033  0.    -0.002 -0.001]	0.43	0.02	0.07	1.18	1.97	1.09	0.22	0.11	0.13	0.04	0.2		0.4563571112109389	0.2	False	0.576
2	['Pt', 'Pd', 'Au', 'Ru', 'Rh', 'Ir', 'Re', 'Os']	28	[0.991 0.006 0.    0.002 0.001 0.    0.001 0.   ]	[-0.161  0.032  0.11   0.002 -0.025  0.013  0.015  0.014]	0.43	0.02	0.07	1.18	1.97	1.09	0.22	0.11	0.13	0.04	0.2		0.368494386283178	0.2	False	0.755
3	['Pt', 'Pd', 'Au', 'Ru', 'Rh', 'Ir', 'Re', 'Os']	28	[0.964 0.001 0.022 0.005 0.011 0.001 0.001 0.   ]	[ 0.145 -0.005  0.007 -0.132  0.029 -0.012 -0.02  -0.013]	0.43	0.02	0.07	1.18	1.97	1.09	0.22	0.11	0.13	0.04	0.2		0.37759382970874555	0.201	False	0.726
4	['Pt', 'Pd', 'Au', 'Ru', 'Rh', 'Ir', 'Re', 'Os']	28	[0.97  0.003 0.014 0.002 0.    0.    0.003 0.   ]	[ 0.141  0.003  0.01   0.005 -0.141 -0.005 -0.007 -0.006]	0.43	0.02	0.07	1.18	1.97	1.09	0.22	0.11	0.13	0.04	0.2		0.37548274550516625	0.201	False	0.733
5	['Pt', 'Pd', 'Au', 'Ru', 'Rh', 'Ir', 'Re', 'Os']	28	[0.905 0.004 0.002 0.003 0.08  0.006 0.001 0.   ]	[-0.16   0.033  0.021  0.034  0.094 -0.051  0.016  0.013]	0.43	0.02	0.07	1.18	1.97	1.09	0.22	0.11	0.13	0.04	0.2		0.3823230972088745	0.2	False	0.688
6	['Pt', 'Pd', 'Au', 'Ru', 'Rh', 'Ir', 'Re', 'Os']	28	[0.964 0.002 0.025 0.    0.002 0.006 0.001 0.003]	[ 0.149 -0.006  0.004 -0.002  0.024 -0.026 -0.127 -0.016]	0.43	0.02	0.07	1.18	1.97	1.09	0.22	0.11	0.13	0.04	0.2		0.378781374481766	0.2	False	0.724
7	['Pt', 'Pd', 'Au', 'Ru', 'Rh', 'Ir', 'Re', 'Os']	28	[0.967 0.    0.002 0.007 0.014 0.003 0.003 0.   ]	[ 0.149 -0.008  0.001 -0.003  0.027 -0.015 -0.024 -0.127]	0.43	0.02	0.07	1.18	1.97	1.09	0.22	0.11	0.13	0.04	0.2		0.3724837015155172	0.2	False	0.736
0	['Pt', 'Pd', 'Au', 'Ru', 'Rh', 'Ir', 'Re', 'Os']	29	[0.086 0.164 0.045 0.024 0.651 0.007 0.004 0.005]	[ 0.016 -0.007  0.149 -0.027  0.063 -0.069 -0.062 -0.064]	0.43	0.02	0.07	1.18	1.97	1.09	0.22	0.11	0.13	0.04	0.2		0.3041611053443947	0.2	False	0.759
1	['Pt', 'Pd', 'Au', 'Ru', 'Rh', 'Ir', 'Re', 'Os']	29	[0.962 0.    0.014 0.003 0.01  0.002 0.004 0.004]	[ 0.147 -0.127  0.004 -0.002  0.031 -0.012 -0.02  -0.021]	0.43	0.02	0.07	1.18	1.97	1.09	0.22	0.11	0.13	0.04	0.2		0.37651201526135025	0.2	False	0.727
2	['Pt', 'Pd', 'Au', 'Ru', 'Rh', 'Ir', 'Re', 'Os']	29	[0.792 0.004 0.115 0.016 0.061 0.007 0.002 0.005]	[-0.171  0.009  0.089  0.014  0.048  0.005  0.002  0.004]	0.43	0.02	0.07	1.18	1.97	1.09	0.22	0.11	0.13	0.04	0.2		0.466740220234952	0.199	False	0.551
3	['Pt', 'Pd', 'Au', 'Ru', 'Rh', 'Ir', 'Re', 'Os']	29	[0.827 0.003 0.024 0.124 0.021 0.    0.004 0.   ]	[-0.163  0.006  0.014  0.11   0.036  0.001 -0.002 -0.001]	0.43	0.02	0.07	1.18	1.97	1.09	0.22	0.11	0.13	0.04	0.2		0.4140167082140889	0.2	False	0.625
4	['Pt', 'Pd', 'Au', 'Ru', 'Rh', 'Ir', 'Re', 'Os']	29	[0.827 0.001 0.007 0.004 0.148 0.001 0.002 0.001]	[-0.151  0.005  0.013  0.009  0.13   0.001 -0.006  0.001]	0.43	0.02	0.07	1.18	1.97	1.09	0.22	0.11	0.13	0.04	0.2		0.39277933140165505	0.199	False	0.638
5	['Pt', 'Pd', 'Au', 'Ru', 'Rh', 'Ir', 'Re', 'Os']	29	[0.889 0.004 0.002 0.002 0.008 0.087 0.002 0.006]	[-0.16   0.031  0.018  0.029 -0.046  0.099  0.015  0.013]	0.43	0.02	0.07	1.18	1.97	1.09	0.22	0.11	0.13	0.04	0.2		0.3856649004853896	0.2	False	0.676
6	['Pt', 'Pd', 'Au', 'Ru', 'Rh', 'Ir', 'Re', 'Os']	29	[0.817 0.004 0.023 0.    0.031 0.006 0.115 0.006]	[-0.166  0.006  0.015  0.01   0.038 -0.009  0.104  0.   ]	0.43	0.02	0.07	1.18	1.97	1.09	0.22	0.11	0.13	0.04	0.2		0.4122134772813252	0.2	False	0.615
7	['Pt', 'Pd', 'Au', 'Ru', 'Rh', 'Ir', 'Re', 'Os']	29	[0.824 0.003 0.008 0.003 0.025 0.001 0.004 0.128]	[-0.165  0.007  0.013  0.009  0.038  0.002 -0.006  0.104]	0.43	0.02	0.07	1.18	1.97	1.09	0.22	0.11	0.13	0.04	0.2		0.42314951115952826	0.2	False	0.61
0	['Pt', 'Pd', 'Au', 'Ru', 'Rh', 'Ir', 'Re', 'Os']	30	[0.074 0.132 0.08  0.002 0.681 0.006 0.005 0.004]	[ 0.019 -0.005  0.145 -0.073  0.07  -0.056 -0.051 -0.051]	0.43	0.02	0.07	1.18	1.97	1.09	0.22	0.11	0.13	0.04	0.2		0.30780189361955523	0.2	False	0.782
1	['Pt', 'Pd', 'Au', 'Ru', 'Rh', 'Ir', 'Re', 'Os']	30	[0.826 0.124 0.015 0.004 0.022 0.    0.003 0.005]	[-0.162  0.108  0.017  0.011  0.039  0.002 -0.006 -0.007]	0.43	0.02	0.07	1.18	1.97	1.09	0.22	0.11	0.13	0.04	0.2		0.45508603528435265	0.2	False	0.577
2	['Pt', 'Pd', 'Au', 'Ru', 'Rh', 'Ir', 'Re', 'Os']	30	[0.959 0.005 0.023 0.    0.008 0.002 0.001 0.003]	[ 0.165  0.003 -0.096  0.009 -0.057 -0.015 -0.004 -0.006]	0.43	0.02	0.07	1.18	1.97	1.09	0.22	0.11	0.13	0.04	0.2		0.3800324416482695	0.2	False	0.719
3	['Pt', 'Pd', 'Au', 'Ru', 'Rh', 'Ir', 'Re', 'Os']	30	[0.959 0.001 0.023 0.005 0.01  0.001 0.002 0.001]	[ 0.144 -0.008  0.007 -0.131  0.032 -0.012 -0.02  -0.012]	0.43	0.02	0.07	1.18	1.97	1.09	0.22	0.11	0.13	0.04	0.2		0.37917810208706576	0.2	False	0.721
4	['Pt', 'Pd', 'Au', 'Ru', 'Rh', 'Ir', 'Re', 'Os']	30	[0.962 0.001 0.016 0.002 0.004 0.    0.004 0.001]	[ 0.139 -0.     0.012  0.006 -0.142 -0.004 -0.006 -0.005]	0.43	0.02	0.07	1.18	1.97	1.09	0.22	0.11	0.13	0.04	0.2		0.377389732329932	0.2	False	0.726
5	['Pt', 'Pd', 'Au', 'Ru', 'Rh', 'Ir', 'Re', 'Os']	30	[0.906 0.001 0.001 0.002 0.077 0.006 0.005 0.002]	[-0.159  0.03   0.022  0.032  0.097 -0.05   0.016  0.014]	0.43	0.02	0.07	1.18	1.97	1.09	0.22	0.11	0.13	0.04	0.2		0.3815950515748259	0.2	False	0.69
6	['Pt', 'Pd', 'Au', 'Ru', 'Rh', 'Ir', 'Re', 'Os']	30	[0.957 0.    0.028 0.002 0.001 0.005 0.005 0.003]	[ 0.147 -0.009  0.007 -0.001  0.03  -0.025 -0.126 -0.024]	0.43	0.02	0.07	1.18	1.97	1.09	0.22	0.11	0.13	0.04	0.2		0.3809598101224243	0.199	False	0.717
7	['Pt', 'Pd', 'Au', 'Ru', 'Rh', 'Ir', 'Re', 'Os']	30	[0.963 0.    0.008 0.003 0.008 0.002 0.008 0.004]	[ 0.148 -0.011  0.003 -0.003  0.03  -0.016 -0.024 -0.127]	0.43	0.02	0.07	1.18	1.97	1.09	0.22	0.11	0.13	0.04	0.2		0.3751083515480949	0.199	False	0.73
