ID	Elements	Generation	Position	Velocity	F_damp	F_b_best	F_h_best	F_g_best	F_b_worst	F_h_worst	F_g_worst	mut_prob	flip_prob	mut_rate	v_max	v_min	Activity	Velocity_mag	Flag	Distance
0	['Pt', 'Pd', 'Au', 'Ru', 'Rh', 'Ir', 'Re', 'Os']	0	[0.79 0.03 0.03 0.03 0.03 0.03 0.03 0.03]	[-0.187  0.027  0.027  0.027  0.027  0.027  0.027  0.027]	0.43	0.02	0.07	1.18	1.97	1.09	0.22	0.11	0.13	0.04	0.2		0.4429187652207028	0.2	False	0.569
1	['Pt', 'Pd', 'Au', 'Ru', 'Rh', 'Ir', 'Re', 'Os']	0	[0.03 0.79 0.03 0.03 0.03 0.03 0.03 0.03]	[ 0.027 -0.187  0.027  0.027  0.027  0.027  0.027  0.027]	0.43	0.02	0.07	1.18	1.97	1.09	0.22	0.11	0.13	0.04	0.2		0.20560014505118765	0.2	False	0.689
2	['Pt', 'Pd', 'Au', 'Ru', 'Rh', 'Ir', 'Re', 'Os']	0	[0.03 0.03 0.79 0.03 0.03 0.03 0.03 0.03]	[ 0.027  0.027 -0.187  0.027  0.027  0.027  0.027  0.027]	0.43	0.02	0.07	1.18	1.97	1.09	0.22	0.11	0.13	0.04	0.2		0.2149894158498778	0.2	False	0.632
3	['Pt', 'Pd', 'Au', 'Ru', 'Rh', 'Ir', 'Re', 'Os']	0	[0.03 0.03 0.03 0.79 0.03 0.03 0.03 0.03]	[ 0.027  0.027  0.027 -0.187  0.027  0.027  0.027  0.027]	0.43	0.02	0.07	1.18	1.97	1.09	0.22	0.11	0.13	0.04	0.2		0.12265296114671781	0.2	False	0.925
4	['Pt', 'Pd', 'Au', 'Ru', 'Rh', 'Ir', 'Re', 'Os']	0	[0.03 0.03 0.03 0.03 0.79 0.03 0.03 0.03]	[ 0.027  0.027  0.027  0.027 -0.187  0.027  0.027  0.027]	0.43	0.02	0.07	1.18	1.97	1.09	0.22	0.11	0.13	0.04	0.2		0.2961943697576309	0.2	False	0.925
5	['Pt', 'Pd', 'Au', 'Ru', 'Rh', 'Ir', 'Re', 'Os']	0	[0.03 0.03 0.03 0.03 0.03 0.79 0.03 0.03]	[ 0.027  0.027  0.027  0.027  0.027 -0.187  0.027  0.027]	0.43	0.02	0.07	1.18	1.97	1.09	0.22	0.11	0.13	0.04	0.2		0.3414716944973704	0.2	False	0.925
6	['Pt', 'Pd', 'Au', 'Ru', 'Rh', 'Ir', 'Re', 'Os']	0	[0.03 0.03 0.03 0.03 0.03 0.03 0.79 0.03]	[ 0.027  0.027  0.027  0.027  0.027  0.027 -0.187  0.027]	0.43	0.02	0.07	1.18	1.97	1.09	0.22	0.11	0.13	0.04	0.2		0.3145140039050876	0.2	False	0.925
7	['Pt', 'Pd', 'Au', 'Ru', 'Rh', 'Ir', 'Re', 'Os']	0	[0.03 0.03 0.03 0.03 0.03 0.03 0.03 0.79]	[ 0.027  0.027  0.027  0.027  0.027  0.027  0.027 -0.187]	0.43	0.02	0.07	1.18	1.97	1.09	0.22	0.11	0.13	0.04	0.2		0.32838217395326336	0.2	False	0.839
0	['Pt', 'Pd', 'Au', 'Ru', 'Rh', 'Ir', 'Re', 'Os']	1	[0.889 0.    0.    0.113 0.    0.    0.    0.   ]	[ 0.116 -0.041 -0.041  0.128 -0.041 -0.041 -0.041 -0.041]	0.43	0.02	0.07	1.18	1.97	1.09	0.22	0.11	0.13	0.04	0.2		0.38965628272014036	0.2	False	0.682
1	['Pt', 'Pd', 'Au', 'Ru', 'Rh', 'Ir', 'Re', 'Os']	1	[0.136 0.726 0.    0.134 0.    0.    0.    0.   ]	[ 0.103 -0.136 -0.014  0.1   -0.014 -0.014 -0.014 -0.014]	0.43	0.02	0.07	1.18	1.97	1.09	0.22	0.11	0.13	0.04	0.2		0.3147870989474116	0.2	False	0.625
2	['Pt', 'Pd', 'Au', 'Ru', 'Rh', 'Ir', 'Re', 'Os']	1	[0.137 0.    0.752 0.113 0.    0.    0.    0.   ]	[ 0.121 -0.039 -0.048  0.124 -0.039 -0.039 -0.039 -0.039]	0.43	0.02	0.07	1.18	1.97	1.09	0.22	0.11	0.13	0.04	0.2		0.28435785161840876	0.2	False	0.579
3	['Pt', 'Pd', 'Au', 'Ru', 'Rh', 'Ir', 'Re', 'Os']	1	[0.166 0.032 0.032 0.644 0.032 0.032 0.032 0.032]	[ 0.136  0.002  0.002 -0.146  0.002  0.002  0.002  0.002]	0.43	0.02	0.07	1.18	1.97	1.09	0.22	0.11	0.13	0.04	0.2		0.17094157337471805	0.2	False	0.759
4	['Pt', 'Pd', 'Au', 'Ru', 'Rh', 'Ir', 'Re', 'Os']	1	[0.134 0.    0.    0.114 0.752 0.    0.    0.   ]	[ 0.118 -0.04  -0.04   0.127 -0.047 -0.04  -0.04  -0.04 ]	0.43	0.02	0.07	1.18	1.97	1.09	0.22	0.11	0.13	0.04	0.2		0.2996040372201414	0.2	False	0.887
5	['Pt', 'Pd', 'Au', 'Ru', 'Rh', 'Ir', 'Re', 'Os']	1	[0.137 0.    0.    0.113 0.    0.752 0.    0.   ]	[ 0.121 -0.039 -0.039  0.124 -0.039 -0.048 -0.039 -0.039]	0.43	0.02	0.07	1.18	1.97	1.09	0.22	0.11	0.13	0.04	0.2		0.3376637341410425	0.2	False	0.887
6	['Pt', 'Pd', 'Au', 'Ru', 'Rh', 'Ir', 'Re', 'Os']	1	[0.137 0.    0.    0.113 0.    0.    0.752 0.   ]	[ 0.121 -0.039 -0.039  0.124 -0.039 -0.039 -0.048 -0.039]	0.43	0.02	0.07	1.18	1.97	1.09	0.22	0.11	0.13	0.04	0.2		0.3164206579954691	0.2	False	0.887
7	['Pt', 'Pd', 'Au', 'Ru', 'Rh', 'Ir', 'Re', 'Os']	1	[0.137 0.    0.    0.113 0.    0.    0.    0.752]	[ 0.121 -0.039 -0.039  0.124 -0.039 -0.039 -0.039 -0.048]	0.43	0.02	0.07	1.18	1.97	1.09	0.22	0.11	0.13	0.04	0.2		0.33713181074621296	0.2	False	0.797
0	['Pt', 'Pd', 'Au', 'Ru', 'Rh', 'Ir', 'Re', 'Os']	2	[0.948 0.005 0.005 0.021 0.005 0.005 0.005 0.005]	[-0.152  0.004  0.004  0.129  0.004  0.004  0.004  0.004]	0.43	0.02	0.07	1.18	1.97	1.09	0.22	0.11	0.13	0.04	0.2		0.3788719350225445	0.2	False	0.717
1	['Pt', 'Pd', 'Au', 'Ru', 'Rh', 'Ir', 'Re', 'Os']	2	[0.292 0.684 0.    0.023 0.    0.    0.    0.   ]	[ 0.163 -0.039 -0.003 -0.109 -0.003 -0.003 -0.003 -0.003]	0.43	0.02	0.07	1.18	1.97	1.09	0.22	0.11	0.13	0.04	0.2		0.4542023055383181	0.2	False	0.541
2	['Pt', 'Pd', 'Au', 'Ru', 'Rh', 'Ir', 'Re', 'Os']	2	[0.284 0.    0.718 0.    0.    0.    0.    0.   ]	[ 0.16  -0.003 -0.026 -0.117 -0.003 -0.003 -0.003 -0.003]	0.43	0.02	0.07	1.18	1.97	1.09	0.22	0.11	0.13	0.04	0.2		0.42917238361681087	0.2	False	0.502
3	['Pt', 'Pd', 'Au', 'Ru', 'Rh', 'Ir', 'Re', 'Os']	2	[0.307 0.032 0.032 0.502 0.032 0.032 0.032 0.032]	[ 0.141  0.     0.    -0.142  0.     0.     0.     0.   ]	0.43	0.02	0.07	1.18	1.97	1.09	0.22	0.11	0.13	0.04	0.2		0.3095771077967639	0.2	False	0.617
4	['Pt', 'Pd', 'Au', 'Ru', 'Rh', 'Ir', 'Re', 'Os']	2	[0.28  0.    0.    0.    0.719 0.    0.    0.   ]	[ 0.159 -0.003 -0.003 -0.118 -0.025 -0.003 -0.003 -0.003]	0.43	0.02	0.07	1.18	1.97	1.09	0.22	0.11	0.13	0.04	0.2		0.31709806800497514	0.2	False	0.827
5	['Pt', 'Pd', 'Au', 'Ru', 'Rh', 'Ir', 'Re', 'Os']	2	[0.264 0.    0.    0.004 0.    0.733 0.    0.   ]	[ 0.132 -0.041 -0.041  0.113 -0.041 -0.042 -0.041 -0.041]	0.43	0.02	0.07	1.18	1.97	1.09	0.22	0.11	0.13	0.04	0.2		0.3496477390068876	0.2	False	0.841
6	['Pt', 'Pd', 'Au', 'Ru', 'Rh', 'Ir', 'Re', 'Os']	2	[0.284 0.    0.    0.    0.    0.    0.718 0.   ]	[ 0.16  -0.003 -0.003 -0.117 -0.003 -0.003 -0.026 -0.003]	0.43	0.02	0.07	1.18	1.97	1.09	0.22	0.11	0.13	0.04	0.2		0.32475227048407457	0.2	False	0.826
7	['Pt', 'Pd', 'Au', 'Ru', 'Rh', 'Ir', 'Re', 'Os']	2	[0.284 0.    0.    0.    0.    0.    0.    0.718]	[ 0.16  -0.003 -0.003 -0.117 -0.003 -0.003 -0.003 -0.026]	0.43	0.02	0.07	1.18	1.97	1.09	0.22	0.11	0.13	0.04	0.2		0.3683980245567593	0.2	False	0.734
0	['Pt', 'Pd', 'Au', 'Ru', 'Rh', 'Ir', 'Re', 'Os']	3	[0.868 0.08  0.    0.048 0.    0.    0.    0.   ]	[-0.046  0.142 -0.039  0.1   -0.039 -0.039 -0.039 -0.039]	0.43	0.02	0.07	1.18	1.97	1.09	0.22	0.11	0.13	0.04	0.2		0.4190035845609117	0.2	False	0.632
1	['Pt', 'Pd', 'Au', 'Ru', 'Rh', 'Ir', 'Re', 'Os']	3	[0.284 0.676 0.    0.041 0.    0.    0.    0.   ]	[ 0.052  0.052 -0.05   0.147 -0.05  -0.05  -0.05  -0.05 ]	0.43	0.02	0.07	1.18	1.97	1.09	0.22	0.11	0.13	0.04	0.2		0.45666374599097664	0.199	False	0.536
2	['Pt', 'Pd', 'Au', 'Ru', 'Rh', 'Ir', 'Re', 'Os']	3	[0.287 0.025 0.602 0.069 0.005 0.005 0.005 0.005]	[ 0.064  0.094 -0.095  0.105 -0.042 -0.042 -0.042 -0.042]	0.43	0.02	0.07	1.18	1.97	1.09	0.22	0.11	0.13	0.04	0.2		0.5211240474877598	0.2	False	0.4
3	['Pt', 'Pd', 'Au', 'Ru', 'Rh', 'Ir', 'Re', 'Os']	3	[0.385 0.131 0.028 0.347 0.028 0.028 0.028 0.028]	[ 0.078  0.099 -0.004 -0.155 -0.004 -0.004 -0.004 -0.004]	0.43	0.02	0.07	1.18	1.97	1.09	0.22	0.11	0.13	0.04	0.2		0.5242565317924377	0.2	False	0.466
4	['Pt', 'Pd', 'Au', 'Ru', 'Rh', 'Ir', 'Re', 'Os']	3	[0.279 0.023 0.    0.076 0.601 0.    0.018 0.   ]	[ 0.057  0.09  -0.037  0.111 -0.1   -0.037 -0.048 -0.037]	0.43	0.02	0.07	1.18	1.97	1.09	0.22	0.11	0.13	0.04	0.2		0.3043024521558274	0.2	False	0.724
5	['Pt', 'Pd', 'Au', 'Ru', 'Rh', 'Ir', 'Re', 'Os']	3	[0.227 0.036 0.002 0.086 0.013 0.631 0.002 0.002]	[ 0.012  0.106 -0.042  0.126 -0.048 -0.071 -0.042 -0.042]	0.43	0.02	0.07	1.18	1.97	1.09	0.22	0.11	0.13	0.04	0.2		0.32266121154527616	0.2	False	0.752
6	['Pt', 'Pd', 'Au', 'Ru', 'Rh', 'Ir', 'Re', 'Os']	3	[0.287 0.025 0.005 0.069 0.005 0.005 0.603 0.005]	[ 0.064  0.094 -0.042  0.105 -0.042 -0.042 -0.095 -0.042]	0.43	0.02	0.07	1.18	1.97	1.09	0.22	0.11	0.13	0.04	0.2		0.3240499588459761	0.2	False	0.72
7	['Pt', 'Pd', 'Au', 'Ru', 'Rh', 'Ir', 'Re', 'Os']	3	[0.287 0.026 0.005 0.069 0.005 0.005 0.005 0.602]	[ 0.064  0.095 -0.042  0.104 -0.042 -0.042 -0.042 -0.096]	0.43	0.02	0.07	1.18	1.97	1.09	0.22	0.11	0.13	0.04	0.2		0.4033321827944412	0.2	False	0.631
0	['Pt', 'Pd', 'Au', 'Ru', 'Rh', 'Ir', 'Re', 'Os']	4	[0.778 0.066 0.008 0.017 0.111 0.008 0.003 0.008]	[-0.039  0.056 -0.052  0.034  0.153 -0.052 -0.048 -0.052]	0.43	0.02	0.07	1.18	1.97	1.09	0.22	0.11	0.13	0.04	0.2		0.43755711015341825	0.2	False	0.569
1	['Pt', 'Pd', 'Au', 'Ru', 'Rh', 'Ir', 'Re', 'Os']	4	[0.326 0.575 0.006 0.002 0.079 0.006 0.001 0.006]	[ 0.119 -0.067 -0.045  0.007  0.117 -0.045 -0.041 -0.045]	0.43	0.02	0.07	1.18	1.97	1.09	0.22	0.11	0.13	0.04	0.2		0.5503518707707141	0.2	False	0.456
2	['Pt', 'Pd', 'Au', 'Ru', 'Rh', 'Ir', 'Re', 'Os']	4	[0.348 0.011 0.472 0.055 0.085 0.012 0.007 0.014]	[ 0.108 -0.01  -0.117  0.019  0.102 -0.035 -0.031 -0.036]	0.43	0.02	0.07	1.18	1.97	1.09	0.22	0.11	0.13	0.04	0.2		0.5985017700331763	0.2	False	0.323
3	['Pt', 'Pd', 'Au', 'Ru', 'Rh', 'Ir', 'Re', 'Os']	4	[0.499 0.167 0.013 0.223 0.062 0.013 0.01  0.013]	[ 0.116  0.033 -0.02  -0.135  0.071 -0.02  -0.024 -0.02 ]	0.43	0.02	0.07	1.18	1.97	1.09	0.22	0.11	0.13	0.04	0.2		0.595595844842123	0.199	False	0.416
4	['Pt', 'Pd', 'Au', 'Ru', 'Rh', 'Ir', 'Re', 'Os']	4	[0.383 0.042 0.003 0.12  0.438 0.003 0.007 0.003]	[ 0.105  0.02   0.002  0.045 -0.163  0.002 -0.011  0.002]	0.43	0.02	0.07	1.18	1.97	1.09	0.22	0.11	0.13	0.04	0.2		0.3225282079357541	0.2	False	0.59
5	['Pt', 'Pd', 'Au', 'Ru', 'Rh', 'Ir', 'Re', 'Os']	4	[0.194 0.    0.017 0.065 0.126 0.557 0.022 0.017]	[ 0.008  0.004 -0.054  0.024  0.169 -0.045 -0.054 -0.054]	0.43	0.02	0.07	1.18	1.97	1.09	0.22	0.11	0.13	0.04	0.2		0.29778038081445474	0.2	False	0.71
6	['Pt', 'Pd', 'Au', 'Ru', 'Rh', 'Ir', 'Re', 'Os']	4	[0.35  0.011 0.011 0.056 0.084 0.011 0.47  0.011]	[ 0.109 -0.01  -0.033  0.02   0.1   -0.033 -0.12  -0.033]	0.43	0.02	0.07	1.18	1.97	1.09	0.22	0.11	0.13	0.04	0.2		0.3190825817083521	0.2	False	0.616
7	['Pt', 'Pd', 'Au', 'Ru', 'Rh', 'Ir', 'Re', 'Os']	4	[0.349 0.009 0.014 0.056 0.086 0.014 0.007 0.472]	[ 0.108 -0.009 -0.036  0.02   0.102 -0.036 -0.031 -0.118]	0.43	0.02	0.07	1.18	1.97	1.09	0.22	0.11	0.13	0.04	0.2		0.44120623045342333	0.2	False	0.538
0	['Pt', 'Pd', 'Au', 'Ru', 'Rh', 'Ir', 'Re', 'Os']	5	[0.685 0.027 0.058 0.004 0.092 0.092 0.018 0.025]	[-0.088 -0.016  0.102 -0.011  0.01   0.12  -0.048 -0.068]	0.43	0.02	0.07	1.18	1.97	1.09	0.22	0.11	0.13	0.04	0.2		0.46407501591750416	0.2	False	0.493
1	['Pt', 'Pd', 'Au', 'Ru', 'Rh', 'Ir', 'Re', 'Os']	5	[0.396 0.448 0.018 0.017 0.032 0.059 0.01  0.023]	[ 0.114 -0.128  0.043 -0.007 -0.029  0.075 -0.032 -0.036]	0.43	0.02	0.07	1.18	1.97	1.09	0.22	0.11	0.13	0.04	0.2		0.6694098237164532	0.2	False	0.363
2	['Pt', 'Pd', 'Au', 'Ru', 'Rh', 'Ir', 'Re', 'Os']	5	[0.448 0.015 0.398 0.016 0.046 0.078 0.001 0.002]	[ 0.14  -0.048 -0.057 -0.064 -0.017  0.095 -0.019 -0.03 ]	0.43	0.02	0.07	1.18	1.97	1.09	0.22	0.11	0.13	0.04	0.2		0.6574828300785147	0.2	False	0.304
3	['Pt', 'Pd', 'Au', 'Ru', 'Rh', 'Ir', 'Re', 'Os']	5	[0.601 0.177 0.045 0.072 0.047 0.046 0.011 0.003]	[ 0.109  0.014  0.037 -0.151 -0.012  0.05  -0.025 -0.022]	0.43	0.02	0.07	1.18	1.97	1.09	0.22	0.11	0.13	0.04	0.2		0.6153809555419145	0.2	False	0.39
4	['Pt', 'Pd', 'Au', 'Ru', 'Rh', 'Ir', 'Re', 'Os']	5	[0.475 0.009 0.033 0.086 0.297 0.07  0.017 0.013]	[ 0.112 -0.023  0.045 -0.024 -0.139  0.066 -0.017 -0.02 ]	0.43	0.02	0.07	1.18	1.97	1.09	0.22	0.11	0.13	0.04	0.2		0.35120930137959394	0.2	False	0.503
5	['Pt', 'Pd', 'Au', 'Ru', 'Rh', 'Ir', 'Re', 'Os']	5	[0.249 0.002 0.145 0.026 0.135 0.42  0.011 0.01 ]	[ 0.055  0.002  0.128 -0.039  0.009 -0.137 -0.011 -0.007]	0.43	0.02	0.07	1.18	1.97	1.09	0.22	0.11	0.13	0.04	0.2		0.2579068238038742	0.2	False	0.547
6	['Pt', 'Pd', 'Au', 'Ru', 'Rh', 'Ir', 'Re', 'Os']	5	[0.445 0.011 0.049 0.006 0.066 0.07  0.341 0.016]	[ 0.112 -0.03   0.052 -0.041 -0.007  0.073 -0.125 -0.034]	0.43	0.02	0.07	1.18	1.97	1.09	0.22	0.11	0.13	0.04	0.2		0.3669009454866763	0.2	False	0.512
7	['Pt', 'Pd', 'Au', 'Ru', 'Rh', 'Ir', 'Re', 'Os']	5	[0.443 0.016 0.052 0.005 0.068 0.066 0.011 0.343]	[ 0.111 -0.034  0.051 -0.045 -0.01   0.071 -0.015 -0.129]	0.43	0.02	0.07	1.18	1.97	1.09	0.22	0.11	0.13	0.04	0.2		0.5216563994718153	0.2	False	0.439
0	['Pt', 'Pd', 'Au', 'Ru', 'Rh', 'Ir', 'Re', 'Os']	6	[0.586 0.175 0.044 0.057 0.094 0.031 0.001 0.015]	[-0.101  0.152 -0.014  0.047  0.003 -0.062 -0.017 -0.009]	0.43	0.02	0.07	1.18	1.97	1.09	0.22	0.11	0.13	0.04	0.2		0.6160415671766054	0.2	False	0.384
1	['Pt', 'Pd', 'Au', 'Ru', 'Rh', 'Ir', 'Re', 'Os']	6	[0.216 0.472 0.043 0.028 0.063 0.047 0.056 0.079]	[-0.18   0.024  0.025  0.011  0.031 -0.012  0.046  0.056]	0.43	0.02	0.07	1.18	1.97	1.09	0.22	0.11	0.13	0.04	0.2		0.5256543052014939	0.2	False	0.379
2	['Pt', 'Pd', 'Au', 'Ru', 'Rh', 'Ir', 'Re', 'Os']	6	[0.583 0.07  0.274 0.01  0.027 0.038 0.002 0.001]	[ 0.133  0.052 -0.129  0.019 -0.023 -0.044 -0.003 -0.005]	0.43	0.02	0.07	1.18	1.97	1.09	0.22	0.11	0.13	0.04	0.2		0.7345812693527409	0.2	False	0.315
3	['Pt', 'Pd', 'Au', 'Ru', 'Rh', 'Ir', 'Re', 'Os']	6	[0.689 0.219 0.006 0.056 0.009 0.007 0.005 0.012]	[ 0.096  0.043 -0.051  0.121 -0.05  -0.075 -0.047 -0.037]	0.43	0.02	0.07	1.18	1.97	1.09	0.22	0.11	0.13	0.04	0.2		0.5720620033013746	0.2	False	0.462
4	['Pt', 'Pd', 'Au', 'Ru', 'Rh', 'Ir', 'Re', 'Os']	6	[0.61  0.067 0.02  0.077 0.167 0.037 0.013 0.01 ]	[ 0.135  0.058 -0.013 -0.009 -0.13  -0.033 -0.004 -0.003]	0.43	0.02	0.07	1.18	1.97	1.09	0.22	0.11	0.13	0.04	0.2		0.46268266033382877	0.2	False	0.472
5	['Pt', 'Pd', 'Au', 'Ru', 'Rh', 'Ir', 'Re', 'Os']	6	[0.308 0.137 0.117 0.025 0.101 0.305 0.001 0.005]	[ 0.054  0.131 -0.034  0.039 -0.04  -0.123 -0.016 -0.011]	0.43	0.02	0.07	1.18	1.97	1.09	0.22	0.11	0.13	0.04	0.2		0.3655155875749565	0.2	False	0.401
6	['Pt', 'Pd', 'Au', 'Ru', 'Rh', 'Ir', 'Re', 'Os']	6	[0.579 0.067 0.032 0.025 0.053 0.028 0.216 0.005]	[ 0.134  0.056 -0.018  0.023 -0.014 -0.043 -0.127 -0.012]	0.43	0.02	0.07	1.18	1.97	1.09	0.22	0.11	0.13	0.04	0.2		0.4729675863149954	0.2	False	0.467
7	['Pt', 'Pd', 'Au', 'Ru', 'Rh', 'Ir', 'Re', 'Os']	6	[0.575 0.072 0.033 0.026 0.054 0.021 0.004 0.218]	[ 0.134  0.057 -0.018  0.024 -0.013 -0.044 -0.015 -0.125]	0.43	0.02	0.07	1.18	1.97	1.09	0.22	0.11	0.13	0.04	0.2		0.5833270584461241	0.2	False	0.414
0	['Pt', 'Pd', 'Au', 'Ru', 'Rh', 'Ir', 'Re', 'Os']	7	[0.459 0.263 0.113 0.007 0.105 0.048 0.008 0.002]	[-0.137  0.09   0.07  -0.056  0.009  0.065 -0.017 -0.023]	0.43	0.02	0.07	1.18	1.97	1.09	0.22	0.11	0.13	0.04	0.2		0.7637755379406804	0.2	False	0.265
1	['Pt', 'Pd', 'Au', 'Ru', 'Rh', 'Ir', 'Re', 'Os']	7	[0.345 0.343 0.087 0.007 0.059 0.001 0.066 0.097]	[ 0.116 -0.155  0.027  0.015 -0.024  0.03  -0.009 -0.001]	0.43	0.02	0.07	1.18	1.97	1.09	0.22	0.11	0.13	0.04	0.2		0.8150052069944967	0.2	False	0.249
2	['Pt', 'Pd', 'Au', 'Ru', 'Rh', 'Ir', 'Re', 'Os']	7	[0.747 0.066 0.173 0.01  0.008 0.001 0.001 0.001]	[ 0.164 -0.006 -0.104  0.014 -0.021 -0.042 -0.003 -0.002]	0.43	0.02	0.07	1.18	1.97	1.09	0.22	0.11	0.13	0.04	0.2		0.5721682620058206	0.2	False	0.466
3	['Pt', 'Pd', 'Au', 'Ru', 'Rh', 'Ir', 'Re', 'Os']	7	[0.769 0.181 0.001 0.03  0.    0.018 0.001 0.005]	[ 0.13  -0.023 -0.042  0.11  -0.042 -0.019 -0.05  -0.064]	0.43	0.02	0.07	1.18	1.97	1.09	0.22	0.11	0.13	0.04	0.2		0.49670111974114706	0.2	False	0.529
4	['Pt', 'Pd', 'Au', 'Ru', 'Rh', 'Ir', 'Re', 'Os']	7	[0.761 0.07  0.037 0.068 0.04  0.01  0.009 0.005]	[ 0.151  0.003  0.017 -0.009 -0.127 -0.027 -0.004 -0.005]	0.43	0.02	0.07	1.18	1.97	1.09	0.22	0.11	0.13	0.04	0.2		0.4754188887038894	0.2	False	0.535
5	['Pt', 'Pd', 'Au', 'Ru', 'Rh', 'Ir', 'Re', 'Os']	7	[0.426 0.189 0.142 0.011 0.056 0.169 0.001 0.005]	[ 0.115  0.047  0.02   0.027 -0.051 -0.144 -0.006 -0.008]	0.43	0.02	0.07	1.18	1.97	1.09	0.22	0.11	0.13	0.04	0.2		0.6413324974355863	0.2	False	0.274
6	['Pt', 'Pd', 'Au', 'Ru', 'Rh', 'Ir', 'Re', 'Os']	7	[0.733 0.068 0.05  0.004 0.047 0.003 0.096 0.001]	[ 0.148 -0.007  0.01  -0.029 -0.014  0.023 -0.129 -0.003]	0.43	0.02	0.07	1.18	1.97	1.09	0.22	0.11	0.13	0.04	0.2		0.4849480440269781	0.2	False	0.513
7	['Pt', 'Pd', 'Au', 'Ru', 'Rh', 'Ir', 'Re', 'Os']	7	[0.734 0.079 0.015 0.011 0.053 0.007 0.001 0.103]	[ 0.155  0.002 -0.023 -0.02  -0.006  0.021 -0.008 -0.121]	0.43	0.02	0.07	1.18	1.97	1.09	0.22	0.11	0.13	0.04	0.2		0.49544929186179687	0.2	False	0.511
0	['Pt', 'Pd', 'Au', 'Ru', 'Rh', 'Ir', 'Re', 'Os']	8	[0.291 0.36  0.141 0.026 0.124 0.052 0.008 0.005]	[-0.17   0.097  0.027  0.025  0.018  0.003 -0.001  0.002]	0.43	0.02	0.07	1.18	1.97	1.09	0.22	0.11	0.13	0.04	0.2		0.7086563298393056	0.2	False	0.262
1	['Pt', 'Pd', 'Au', 'Ru', 'Rh', 'Ir', 'Re', 'Os']	8	[0.394 0.171 0.11  0.059 0.053 0.004 0.077 0.135]	[ 0.054 -0.178  0.027  0.052 -0.004 -0.007  0.014  0.042]	0.43	0.02	0.07	1.18	1.97	1.09	0.22	0.11	0.13	0.04	0.2		0.7903153387933901	0.2	False	0.24
2	['Pt', 'Pd', 'Au', 'Ru', 'Rh', 'Ir', 'Re', 'Os']	8	[0.864 0.101 0.02  0.015 0.002 0.    0.005 0.001]	[ 0.122  0.039 -0.152  0.021 -0.015  0.    -0.01  -0.005]	0.43	0.02	0.07	1.18	1.97	1.09	0.22	0.11	0.13	0.04	0.2		0.43354654883467697	0.2	False	0.612
3	['Pt', 'Pd', 'Au', 'Ru', 'Rh', 'Ir', 'Re', 'Os']	8	[0.83  0.071 0.003 0.085 0.001 0.011 0.003 0.001]	[ 0.103 -0.096 -0.026  0.128 -0.031 -0.03  -0.026 -0.022]	0.43	0.02	0.07	1.18	1.97	1.09	0.22	0.11	0.13	0.04	0.2		0.4310172904065437	0.2	False	0.606
4	['Pt', 'Pd', 'Au', 'Ru', 'Rh', 'Ir', 'Re', 'Os']	8	[0.822 0.058 0.007 0.    0.09  0.014 0.004 0.004]	[ 0.094  0.007 -0.035 -0.066  0.138 -0.054 -0.044 -0.039]	0.43	0.02	0.07	1.18	1.97	1.09	0.22	0.11	0.13	0.04	0.2		0.42098070366528495	0.199	False	0.603
5	['Pt', 'Pd', 'Au', 'Ru', 'Rh', 'Ir', 'Re', 'Os']	8	[0.421 0.332 0.148 0.033 0.017 0.047 0.002 0.001]	[-0.008  0.144  0.004  0.032 -0.042 -0.127 -0.001 -0.001]	0.43	0.02	0.07	1.18	1.97	1.09	0.22	0.11	0.13	0.04	0.2		0.8700454979278207	0.2	False	0.22
6	['Pt', 'Pd', 'Au', 'Ru', 'Rh', 'Ir', 'Re', 'Os']	8	[0.817 0.078 0.026 0.003 0.017 0.015 0.033 0.012]	[ 0.098 -0.002 -0.048 -0.018 -0.056 -0.055  0.137 -0.056]	0.43	0.02	0.07	1.18	1.97	1.09	0.22	0.11	0.13	0.04	0.2		0.4487885785110709	0.2	False	0.576
7	['Pt', 'Pd', 'Au', 'Ru', 'Rh', 'Ir', 'Re', 'Os']	8	[0.825 0.097 0.008 0.001 0.029 0.009 0.009 0.024]	[ 0.101  0.007 -0.054 -0.016 -0.047 -0.065 -0.057  0.13 ]	0.43	0.02	0.07	1.18	1.97	1.09	0.22	0.11	0.13	0.04	0.2		0.4448599079367468	0.2	False	0.584
0	['Pt', 'Pd', 'Au', 'Ru', 'Rh', 'Ir', 'Re', 'Os']	9	[0.128 0.465 0.184 0.015 0.139 0.064 0.008 0.004]	[-0.163  0.105  0.043 -0.011  0.015  0.012 -0.    -0.001]	0.43	0.02	0.07	1.18	1.97	1.09	0.22	0.11	0.13	0.04	0.2		0.42575958020041604	0.2	False	0.377
1	['Pt', 'Pd', 'Au', 'Ru', 'Rh', 'Ir', 'Re', 'Os']	9	[0.464 0.    0.173 0.05  0.046 0.001 0.094 0.175]	[ 0.07  -0.171  0.063 -0.009 -0.007 -0.003  0.017  0.04 ]	0.43	0.02	0.07	1.18	1.97	1.09	0.22	0.11	0.13	0.04	0.2		0.6284099157216364	0.2	False	0.333
2	['Pt', 'Pd', 'Au', 'Ru', 'Rh', 'Ir', 'Re', 'Os']	9	[0.893 0.046 0.049 0.001 0.009 0.001 0.003 0.003]	[ 0.113  0.009  0.121 -0.071 -0.035 -0.05  -0.045 -0.043]	0.43	0.02	0.07	1.18	1.97	1.09	0.22	0.11	0.13	0.04	0.2		0.4172938348983999	0.2	False	0.64
3	['Pt', 'Pd', 'Au', 'Ru', 'Rh', 'Ir', 'Re', 'Os']	9	[0.907 0.058 0.    0.027 0.008 0.003 0.001 0.002]	[ 0.109 -0.007 -0.043  0.131 -0.036 -0.058 -0.048 -0.047]	0.43	0.02	0.07	1.18	1.97	1.09	0.22	0.11	0.13	0.04	0.2		0.39895035588675204	0.2	False	0.669
4	['Pt', 'Pd', 'Au', 'Ru', 'Rh', 'Ir', 'Re', 'Os']	9	[0.906 0.054 0.004 0.007 0.022 0.005 0.001 0.001]	[ 0.11  -0.004 -0.045 -0.03   0.127 -0.062 -0.049 -0.049]	0.43	0.02	0.07	1.18	1.97	1.09	0.22	0.11	0.13	0.04	0.2		0.3984852747054659	0.2	False	0.667
5	['Pt', 'Pd', 'Au', 'Ru', 'Rh', 'Ir', 'Re', 'Os']	9	[0.37  0.442 0.127 0.002 0.003 0.031 0.013 0.012]	[-0.056  0.144 -0.018 -0.071  0.01   0.082 -0.046 -0.046]	0.43	0.02	0.07	1.18	1.97	1.09	0.22	0.11	0.13	0.04	0.2		0.8064510264738083	0.2	False	0.276
6	['Pt', 'Pd', 'Au', 'Ru', 'Rh', 'Ir', 'Re', 'Os']	9	[0.863 0.042 0.02  0.001 0.    0.009 0.063 0.001]	[ 0.106  0.005 -0.033 -0.026 -0.067 -0.053  0.128 -0.059]	0.43	0.02	0.07	1.18	1.97	1.09	0.22	0.11	0.13	0.04	0.2		0.4147192812011065	0.2	False	0.631
7	['Pt', 'Pd', 'Au', 'Ru', 'Rh', 'Ir', 'Re', 'Os']	9	[0.864 0.056 0.002 0.009 0.002 0.004 0.    0.067]	[ 0.106  0.007 -0.037 -0.027 -0.063 -0.054 -0.059  0.128]	0.43	0.02	0.07	1.18	1.97	1.09	0.22	0.11	0.13	0.04	0.2		0.4211538166886636	0.2	False	0.626
0	['Pt', 'Pd', 'Au', 'Ru', 'Rh', 'Ir', 'Re', 'Os']	10	[0.031 0.551 0.21  0.004 0.143 0.061 0.002 0.004]	[ 0.152  0.075  0.001 -0.065 -0.026 -0.035 -0.051 -0.052]	0.43	0.02	0.07	1.18	1.97	1.09	0.22	0.11	0.13	0.04	0.2		0.2406876077493455	0.2	False	0.484
1	['Pt', 'Pd', 'Au', 'Ru', 'Rh', 'Ir', 'Re', 'Os']	10	[0.451 0.148 0.167 0.004 0.016 0.038 0.039 0.144]	[ 0.021  0.163  0.03  -0.074 -0.052 -0.053 -0.033 -0.002]	0.43	0.02	0.07	1.18	1.97	1.09	0.22	0.11	0.13	0.04	0.2		0.8500770005674239	0.2	False	0.208
2	['Pt', 'Pd', 'Au', 'Ru', 'Rh', 'Ir', 'Re', 'Os']	10	[0.921 0.    0.077 0.    0.003 0.001 0.001 0.001]	[-0.15  -0.027  0.127  0.018  0.007  0.011  0.006  0.006]	0.43	0.02	0.07	1.18	1.97	1.09	0.22	0.11	0.13	0.04	0.2		0.4039649303568518	0.2	False	0.669
3	['Pt', 'Pd', 'Au', 'Ru', 'Rh', 'Ir', 'Re', 'Os']	10	[0.884 0.03  0.003 0.085 0.    0.003 0.001 0.   ]	[-0.139  0.032 -0.002  0.139 -0.013 -0.01  -0.003 -0.004]	0.43	0.02	0.07	1.18	1.97	1.09	0.22	0.11	0.13	0.04	0.2		0.40036138228223295	0.2	False	0.663
4	['Pt', 'Pd', 'Au', 'Ru', 'Rh', 'Ir', 'Re', 'Os']	10	[0.881 0.023 0.002 0.004 0.085 0.002 0.002 0.002]	[-0.146  0.029 -0.002  0.007  0.133 -0.015 -0.004 -0.004]	0.43	0.02	0.07	1.18	1.97	1.09	0.22	0.11	0.13	0.04	0.2		0.39255997931296566	0.2	False	0.663
5	['Pt', 'Pd', 'Au', 'Ru', 'Rh', 'Ir', 'Re', 'Os']	10	[0.288 0.56  0.093 0.01  0.003 0.023 0.011 0.012]	[-0.081  0.156 -0.024 -0.011 -0.005  0.06  -0.049 -0.049]	0.43	0.02	0.07	1.18	1.97	1.09	0.22	0.11	0.13	0.04	0.2		0.610277768227018	0.2	False	0.389
6	['Pt', 'Pd', 'Au', 'Ru', 'Rh', 'Ir', 'Re', 'Os']	10	[0.924 0.014 0.016 0.005 0.005 0.    0.034 0.001]	[ 0.111 -0.007 -0.041 -0.032 -0.047 -0.063  0.128 -0.049]	0.43	0.02	0.07	1.18	1.97	1.09	0.22	0.11	0.13	0.04	0.2		0.38893993346651656	0.2	False	0.691
7	['Pt', 'Pd', 'Au', 'Ru', 'Rh', 'Ir', 'Re', 'Os']	10	[0.929 0.034 0.    0.004 0.003 0.002 0.    0.031]	[ 0.112 -0.002 -0.046 -0.032 -0.047 -0.064 -0.047  0.126]	0.43	0.02	0.07	1.18	1.97	1.09	0.22	0.11	0.13	0.04	0.2		0.38998708060720305	0.2	False	0.69
0	['Pt', 'Pd', 'Au', 'Ru', 'Rh', 'Ir', 'Re', 'Os']	11	[0.189 0.482 0.175 0.04  0.074 0.03  0.005 0.01 ]	[ 0.169 -0.065 -0.03   0.037 -0.065 -0.026 -0.009 -0.01 ]	0.43	0.02	0.07	1.18	1.97	1.09	0.22	0.11	0.13	0.04	0.2		0.573824382782343	0.2	False	0.334
1	['Pt', 'Pd', 'Au', 'Ru', 'Rh', 'Ir', 'Re', 'Os']	11	[0.58  0.001 0.184 0.017 0.002 0.029 0.032 0.16 ]	[ 0.127 -0.152  0.014  0.012  0.009 -0.012 -0.01   0.013]	0.43	0.02	0.07	1.18	1.97	1.09	0.22	0.11	0.13	0.04	0.2		0.6431817924811123	0.2	False	0.366
2	['Pt', 'Pd', 'Au', 'Ru', 'Rh', 'Ir', 'Re', 'Os']	11	[0.888 0.027 0.038 0.019 0.015 0.006 0.005 0.005]	[-0.167  0.02   0.106  0.014  0.014  0.005  0.004  0.004]	0.43	0.02	0.07	1.18	1.97	1.09	0.22	0.11	0.13	0.04	0.2		0.4100705619784445	0.2	False	0.646
3	['Pt', 'Pd', 'Au', 'Ru', 'Rh', 'Ir', 'Re', 'Os']	11	[0.935 0.008 0.003 0.03  0.019 0.002 0.003 0.004]	[-0.16  -0.014  0.008  0.115  0.021  0.011  0.01   0.01 ]	0.43	0.02	0.07	1.18	1.97	1.09	0.22	0.11	0.13	0.04	0.2		0.38130284351769245	0.2	False	0.707
4	['Pt', 'Pd', 'Au', 'Ru', 'Rh', 'Ir', 'Re', 'Os']	11	[0.94  0.005 0.006 0.011 0.033 0.003 0.002 0.001]	[-0.16  -0.012  0.012  0.018  0.116  0.01   0.009  0.008]	0.43	0.02	0.07	1.18	1.97	1.09	0.22	0.11	0.13	0.04	0.2		0.3792518623807378	0.2	False	0.711
5	['Pt', 'Pd', 'Au', 'Ru', 'Rh', 'Ir', 'Re', 'Os']	11	[0.294 0.627 0.002 0.005 0.001 0.037 0.018 0.015]	[ 0.039  0.12  -0.09  -0.03   0.012  0.079 -0.066 -0.065]	0.43	0.02	0.07	1.18	1.97	1.09	0.22	0.11	0.13	0.04	0.2		0.4853804172459488	0.2	False	0.493
6	['Pt', 'Pd', 'Au', 'Ru', 'Rh', 'Ir', 'Re', 'Os']	11	[0.879 0.001 0.007 0.008 0.01  0.006 0.087 0.002]	[-0.167  0.019 -0.005  0.016  0.017  0.009  0.106  0.007]	0.43	0.02	0.07	1.18	1.97	1.09	0.22	0.11	0.13	0.04	0.2		0.39261955544493743	0.2	False	0.667
7	['Pt', 'Pd', 'Au', 'Ru', 'Rh', 'Ir', 'Re', 'Os']	11	[0.869 0.015 0.007 0.009 0.011 0.002 0.003 0.088]	[-0.166 -0.011  0.013  0.019  0.019  0.011  0.01   0.107]	0.43	0.02	0.07	1.18	1.97	1.09	0.22	0.11	0.13	0.04	0.2		0.4100548804898082	0.2	False	0.641
0	['Pt', 'Pd', 'Au', 'Ru', 'Rh', 'Ir', 'Re', 'Os']	12	[0.122 0.613 0.223 0.002 0.03  0.005 0.004 0.006]	[-0.089  0.126  0.036 -0.066  0.087 -0.043 -0.03  -0.02 ]	0.43	0.02	0.07	1.18	1.97	1.09	0.22	0.11	0.13	0.04	0.2		0.4051576752927222	0.2	False	0.447
1	['Pt', 'Pd', 'Au', 'Ru', 'Rh', 'Ir', 'Re', 'Os']	12	[0.58  0.117 0.16  0.015 0.01  0.01  0.005 0.107]	[ 0.056  0.155  0.023 -0.035 -0.052 -0.06  -0.068 -0.017]	0.43	0.02	0.07	1.18	1.97	1.09	0.22	0.11	0.13	0.04	0.2		0.7710785537016029	0.2	False	0.301
2	['Pt', 'Pd', 'Au', 'Ru', 'Rh', 'Ir', 'Re', 'Os']	12	[0.912 0.009 0.072 0.002 0.006 0.001 0.002 0.   ]	[-0.137  0.039  0.138 -0.022 -0.009 -0.004  0.002 -0.009]	0.43	0.02	0.07	1.18	1.97	1.09	0.22	0.11	0.13	0.04	0.2		0.4077486609531155	0.2	False	0.66
3	['Pt', 'Pd', 'Au', 'Ru', 'Rh', 'Ir', 'Re', 'Os']	12	[0.878 0.002 0.005 0.112 0.006 0.    0.    0.002]	[-0.133  0.023  0.003  0.146 -0.012 -0.009 -0.004 -0.013]	0.43	0.02	0.07	1.18	1.97	1.09	0.22	0.11	0.13	0.04	0.2		0.3943273787964535	0.2	False	0.67
4	['Pt', 'Pd', 'Au', 'Ru', 'Rh', 'Ir', 'Re', 'Os']	12	[0.875 0.002 0.009 0.    0.111 0.    0.001 0.001]	[-0.143  0.022  0.001  0.006  0.137 -0.012 -0.006 -0.007]	0.43	0.02	0.07	1.18	1.97	1.09	0.22	0.11	0.13	0.04	0.2		0.38800681792959707	0.2	False	0.666
5	['Pt', 'Pd', 'Au', 'Ru', 'Rh', 'Ir', 'Re', 'Os']	12	[0.217 0.767 0.001 0.002 0.001 0.007 0.001 0.006]	[-0.084  0.164 -0.023 -0.016 -0.005  0.043 -0.037 -0.042]	0.43	0.02	0.07	1.18	1.97	1.09	0.22	0.11	0.13	0.04	0.2		0.3520396042151289	0.2	False	0.619
6	['Pt', 'Pd', 'Au', 'Ru', 'Rh', 'Ir', 'Re', 'Os']	12	[0.949 0.001 0.008 0.002 0.001 0.002 0.036 0.001]	[-0.14   0.026  0.003  0.009 -0.018 -0.011  0.138 -0.007]	0.43	0.02	0.07	1.18	1.97	1.09	0.22	0.11	0.13	0.04	0.2		0.3781225683894258	0.2	False	0.719
7	['Pt', 'Pd', 'Au', 'Ru', 'Rh', 'Ir', 'Re', 'Os']	12	[0.948 0.007 0.012 0.002 0.002 0.001 0.001 0.03 ]	[ 0.105 -0.006 -0.036 -0.03  -0.063 -0.055 -0.048  0.133]	0.43	0.02	0.07	1.18	1.97	1.09	0.22	0.11	0.13	0.04	0.2		0.3827038164030363	0.2	False	0.71
0	['Pt', 'Pd', 'Au', 'Ru', 'Rh', 'Ir', 'Re', 'Os']	13	[0.216 0.483 0.245 0.016 0.007 0.012 0.014 0.01 ]	[ 0.129 -0.128  0.046  0.023  0.025 -0.008 -0.044 -0.043]	0.43	0.02	0.07	1.18	1.97	1.09	0.22	0.11	0.13	0.04	0.2		0.7008391790175802	0.2	False	0.29
1	['Pt', 'Pd', 'Au', 'Ru', 'Rh', 'Ir', 'Re', 'Os']	13	[0.688 0.023 0.182 0.003 0.    0.003 0.002 0.102]	[ 0.104  0.133 -0.004 -0.034 -0.059 -0.057 -0.046 -0.038]	0.43	0.02	0.07	1.18	1.97	1.09	0.22	0.11	0.13	0.04	0.2		0.6112776836791439	0.2	False	0.424
2	['Pt', 'Pd', 'Au', 'Ru', 'Rh', 'Ir', 'Re', 'Os']	13	[0.896 0.039 0.034 0.02  0.003 0.    0.004 0.008]	[-0.168  0.04   0.099  0.018 -0.002 -0.     0.006  0.007]	0.43	0.02	0.07	1.18	1.97	1.09	0.22	0.11	0.13	0.04	0.2		0.4106152967113595	0.2	False	0.65
3	['Pt', 'Pd', 'Au', 'Ru', 'Rh', 'Ir', 'Re', 'Os']	13	[0.948 0.044 0.011 0.    0.    0.    0.002 0.001]	[-0.161  0.038  0.009  0.112 -0.005  0.     0.003  0.003]	0.43	0.02	0.07	1.18	1.97	1.09	0.22	0.11	0.13	0.04	0.2		0.38702256820700764	0.2	False	0.702
4	['Pt', 'Pd', 'Au', 'Ru', 'Rh', 'Ir', 'Re', 'Os']	13	[0.939 0.038 0.009 0.009 0.    0.003 0.    0.   ]	[-0.148  0.068  0.038  0.042 -0.087  0.027  0.03   0.03 ]	0.43	0.02	0.07	1.18	1.97	1.09	0.22	0.11	0.13	0.04	0.2		0.3880857433278259	0.2	False	0.698
5	['Pt', 'Pd', 'Au', 'Ru', 'Rh', 'Ir', 'Re', 'Os']	13	[0.134 0.817 0.011 0.003 0.024 0.012 0.002 0.   ]	[-0.024  0.153 -0.041 -0.028 -0.016  0.076 -0.054 -0.068]	0.43	0.02	0.07	1.18	1.97	1.09	0.22	0.11	0.13	0.04	0.2		0.28255817341507267	0.2	False	0.68
6	['Pt', 'Pd', 'Au', 'Ru', 'Rh', 'Ir', 'Re', 'Os']	13	[0.85  0.04  0.011 0.008 0.    0.003 0.087 0.001]	[-0.164  0.036  0.009  0.012  0.002 -0.003  0.108  0.003]	0.43	0.02	0.07	1.18	1.97	1.09	0.22	0.11	0.13	0.04	0.2		0.41421845645689725	0.2	False	0.629
7	['Pt', 'Pd', 'Au', 'Ru', 'Rh', 'Ir', 'Re', 'Os']	13	[0.85  0.03  0.015 0.009 0.001 0.002 0.001 0.094]	[-0.166  0.033  0.007  0.012  0.002  0.     0.003  0.106]	0.43	0.02	0.07	1.18	1.97	1.09	0.22	0.11	0.13	0.04	0.2		0.4262620278460337	0.2	False	0.616
0	['Pt', 'Pd', 'Au', 'Ru', 'Rh', 'Ir', 'Re', 'Os']	14	[0.341 0.347 0.272 0.002 0.031 0.005 0.006 0.001]	[ 0.134 -0.135  0.033  0.002  0.032 -0.029 -0.018 -0.019]	0.43	0.02	0.07	1.18	1.97	1.09	0.22	0.11	0.13	0.04	0.2		0.9672217430599519	0.199	False	0.145
1	['Pt', 'Pd', 'Au', 'Ru', 'Rh', 'Ir', 'Re', 'Os']	14	[0.736 0.078 0.135 0.006 0.001 0.012 0.007 0.028]	[ 0.11   0.132 -0.012 -0.035 -0.046 -0.051 -0.051 -0.047]	0.43	0.02	0.07	1.18	1.97	1.09	0.22	0.11	0.13	0.04	0.2		0.5713583268998036	0.201	False	0.46
2	['Pt', 'Pd', 'Au', 'Ru', 'Rh', 'Ir', 'Re', 'Os']	14	[0.914 0.    0.085 0.003 0.    0.    0.002 0.   ]	[-0.156 -0.022  0.12   0.002  0.019  0.016  0.01   0.01 ]	0.43	0.02	0.07	1.18	1.97	1.09	0.22	0.11	0.13	0.04	0.2		0.40891986732811264	0.2	False	0.661
3	['Pt', 'Pd', 'Au', 'Ru', 'Rh', 'Ir', 'Re', 'Os']	14	[0.852 0.    0.008 0.141 0.002 0.002 0.002 0.   ]	[-0.152 -0.026  0.015  0.126  0.01   0.007  0.009  0.01 ]	0.43	0.02	0.07	1.18	1.97	1.09	0.22	0.11	0.13	0.04	0.2		0.40035768628587376	0.2	False	0.655
4	['Pt', 'Pd', 'Au', 'Ru', 'Rh', 'Ir', 'Re', 'Os']	14	[0.858 0.002 0.003 0.001 0.134 0.    0.    0.   ]	[-0.153 -0.026  0.016  0.017  0.123  0.005  0.009  0.009]	0.43	0.02	0.07	1.18	1.97	1.09	0.22	0.11	0.13	0.04	0.2		0.3869818032314445	0.2	False	0.66
5	['Pt', 'Pd', 'Au', 'Ru', 'Rh', 'Ir', 'Re', 'Os']	14	[0.06  0.892 0.    0.022 0.    0.024 0.002 0.002]	[-0.041  0.158 -0.041 -0.025 -0.017  0.072 -0.051 -0.055]	0.43	0.02	0.07	1.18	1.97	1.09	0.22	0.11	0.13	0.04	0.2		0.24768997847767246	0.2	False	0.773
6	['Pt', 'Pd', 'Au', 'Ru', 'Rh', 'Ir', 'Re', 'Os']	14	[0.97  0.    0.009 0.    0.002 0.003 0.014 0.001]	[-0.157 -0.03   0.018  0.022  0.013  0.005  0.116  0.013]	0.43	0.02	0.07	1.18	1.97	1.09	0.22	0.11	0.13	0.04	0.2		0.3736568077113215	0.2	False	0.736
7	['Pt', 'Pd', 'Au', 'Ru', 'Rh', 'Ir', 'Re', 'Os']	14	[0.972 0.001 0.015 0.001 0.001 0.004 0.001 0.008]	[-0.165  0.035  0.009  0.011  0.003 -0.004  0.002  0.107]	0.43	0.02	0.07	1.18	1.97	1.09	0.22	0.11	0.13	0.04	0.2		0.3750562859107937	0.2	False	0.734
0	['Pt', 'Pd', 'Au', 'Ru', 'Rh', 'Ir', 'Re', 'Os']	15	[0.376 0.375 0.227 0.    0.009 0.009 0.009 0.002]	[ 0.122  0.105 -0.071 -0.001 -0.008 -0.018 -0.069 -0.061]	0.43	0.02	0.07	1.18	1.97	1.09	0.22	0.11	0.13	0.04	0.2		0.9546002025035327	0.2	False	0.177
1	['Pt', 'Pd', 'Au', 'Ru', 'Rh', 'Ir', 'Re', 'Os']	15	[0.825 0.032 0.128 0.006 0.    0.004 0.    0.009]	[ 0.116  0.121 -0.001 -0.026 -0.046 -0.057 -0.056 -0.052]	0.43	0.02	0.07	1.18	1.97	1.09	0.22	0.11	0.13	0.04	0.2		0.47915170127699014	0.2	False	0.558
2	['Pt', 'Pd', 'Au', 'Ru', 'Rh', 'Ir', 'Re', 'Os']	15	[0.889 0.066 0.003 0.024 0.003 0.01  0.003 0.007]	[-0.159  0.075 -0.065  0.044  0.024  0.029  0.026  0.027]	0.43	0.02	0.07	1.18	1.97	1.09	0.22	0.11	0.13	0.04	0.2		0.408208352858419	0.2	False	0.65
3	['Pt', 'Pd', 'Au', 'Ru', 'Rh', 'Ir', 'Re', 'Os']	15	[0.961 0.033 0.002 0.    0.006 0.001 0.001 0.001]	[-0.141  0.075  0.048 -0.095  0.022  0.032  0.029  0.029]	0.43	0.02	0.07	1.18	1.97	1.09	0.22	0.11	0.13	0.04	0.2		0.37930039773557606	0.2	False	0.72
4	['Pt', 'Pd', 'Au', 'Ru', 'Rh', 'Ir', 'Re', 'Os']	15	[0.944 0.034 0.    0.003 0.006 0.001 0.005 0.005]	[-0.15   0.072  0.044  0.04  -0.083  0.027  0.025  0.025]	0.43	0.02	0.07	1.18	1.97	1.09	0.22	0.11	0.13	0.04	0.2		0.3838112275515371	0.2	False	0.706
5	['Pt', 'Pd', 'Au', 'Ru', 'Rh', 'Ir', 'Re', 'Os']	15	[0.142 0.742 0.073 0.029 0.004 0.005 0.004 0.001]	[ 0.087 -0.154  0.078  0.043 -0.013 -0.018 -0.013 -0.011]	0.43	0.02	0.07	1.18	1.97	1.09	0.22	0.11	0.13	0.04	0.2		0.31462116019058134	0.2	False	0.59
6	['Pt', 'Pd', 'Au', 'Ru', 'Rh', 'Ir', 'Re', 'Os']	15	[0.818 0.043 0.016 0.008 0.005 0.002 0.106 0.002]	[-0.166  0.04   0.017  0.013 -0.006  0.001  0.103 -0.001]	0.43	0.02	0.07	1.18	1.97	1.09	0.22	0.11	0.13	0.04	0.2		0.4264622039773278	0.2	False	0.603
7	['Pt', 'Pd', 'Au', 'Ru', 'Rh', 'Ir', 'Re', 'Os']	15	[0.815 0.038 0.021 0.005 0.005 0.003 0.002 0.113]	[-0.165  0.037  0.016  0.012 -0.004  0.    -0.002  0.104]	0.43	0.02	0.07	1.18	1.97	1.09	0.22	0.11	0.13	0.04	0.2		0.44764276854095164	0.2	False	0.582
0	['Pt', 'Pd', 'Au', 'Ru', 'Rh', 'Ir', 'Re', 'Os']	16	[0.501 0.24  0.236 0.01  0.003 0.001 0.008 0.009]	[ 0.143 -0.133  0.019  0.01   0.014 -0.006 -0.028 -0.019]	0.43	0.02	0.07	1.18	1.97	1.09	0.22	0.11	0.13	0.04	0.2		0.9598906752581937	0.2	False	0.188
1	['Pt', 'Pd', 'Au', 'Ru', 'Rh', 'Ir', 'Re', 'Os']	16	[0.876 0.042 0.07  0.009 0.    0.    0.004 0.003]	[ 0.125  0.116 -0.012 -0.029 -0.048 -0.046 -0.046 -0.059]	0.43	0.02	0.07	1.18	1.97	1.09	0.22	0.11	0.13	0.04	0.2		0.43191922750600403	0.2	False	0.618
2	['Pt', 'Pd', 'Au', 'Ru', 'Rh', 'Ir', 'Re', 'Os']	16	[0.894 0.005 0.1   0.002 0.001 0.002 0.001 0.002]	[-0.155 -0.012  0.124 -0.004  0.011  0.01   0.018  0.009]	0.43	0.02	0.07	1.18	1.97	1.09	0.22	0.11	0.13	0.04	0.2		0.42265804628295134	0.2	False	0.637
3	['Pt', 'Pd', 'Au', 'Ru', 'Rh', 'Ir', 'Re', 'Os']	16	[0.845 0.003 0.004 0.152 0.    0.    0.    0.   ]	[-0.147 -0.022  0.018  0.131  0.002  0.007  0.007  0.007]	0.43	0.02	0.07	1.18	1.97	1.09	0.22	0.11	0.13	0.04	0.2		0.40162342269368534	0.199	False	0.653
4	['Pt', 'Pd', 'Au', 'Ru', 'Rh', 'Ir', 'Re', 'Os']	16	[0.855 0.004 0.001 0.004 0.13  0.    0.002 0.002]	[-0.153 -0.022  0.02   0.022  0.123  0.008  0.001  0.001]	0.43	0.02	0.07	1.18	1.97	1.09	0.22	0.11	0.13	0.04	0.2		0.3882139380343793	0.2	False	0.657
5	['Pt', 'Pd', 'Au', 'Ru', 'Rh', 'Ir', 'Re', 'Os']	16	[0.237 0.593 0.158 0.003 0.006 0.002 0.    0.001]	[ 0.088 -0.159  0.078  0.023 -0.006 -0.002 -0.013 -0.009]	0.43	0.02	0.07	1.18	1.97	1.09	0.22	0.11	0.13	0.04	0.2		0.5688991778665735	0.2	False	0.401
6	['Pt', 'Pd', 'Au', 'Ru', 'Rh', 'Ir', 'Re', 'Os']	16	[0.964 0.001 0.024 0.005 0.003 0.002 0.    0.   ]	[ 0.142 -0.078 -0.019 -0.018 -0.045 -0.037  0.092 -0.036]	0.43	0.02	0.07	1.18	1.97	1.09	0.22	0.11	0.13	0.04	0.2		0.37843369390687753	0.2	False	0.725
7	['Pt', 'Pd', 'Au', 'Ru', 'Rh', 'Ir', 'Re', 'Os']	16	[0.959 0.003 0.03  0.009 0.    0.    0.    0.   ]	[ 0.141 -0.078 -0.017 -0.017 -0.046 -0.037 -0.037  0.093]	0.43	0.02	0.07	1.18	1.97	1.09	0.22	0.11	0.13	0.04	0.2		0.3815604761000499	0.2	False	0.718
0	['Pt', 'Pd', 'Au', 'Ru', 'Rh', 'Ir', 'Re', 'Os']	17	[0.551 0.103 0.281 0.007 0.022 0.01  0.017 0.017]	[ 0.093 -0.132  0.087  0.01   0.039 -0.003 -0.047 -0.049]	0.43	0.02	0.07	1.18	1.97	1.09	0.22	0.11	0.13	0.04	0.2		0.8223557992346506	0.2	False	0.265
1	['Pt', 'Pd', 'Au', 'Ru', 'Rh', 'Ir', 'Re', 'Os']	17	[0.903 0.037 0.047 0.014 0.002 0.    0.002 0.002]	[-0.158  0.116  0.037  0.017 -0.005 -0.002 -0.003 -0.002]	0.43	0.02	0.07	1.18	1.97	1.09	0.22	0.11	0.13	0.04	0.2		0.4110754246385745	0.2	False	0.652
2	['Pt', 'Pd', 'Au', 'Ru', 'Rh', 'Ir', 'Re', 'Os']	17	[0.936 0.031 0.018 0.015 0.004 0.001 0.    0.   ]	[-0.153  0.036  0.121  0.019 -0.008 -0.005 -0.005 -0.004]	0.43	0.02	0.07	1.18	1.97	1.09	0.22	0.11	0.13	0.04	0.2		0.389858099295735	0.2	False	0.694
3	['Pt', 'Pd', 'Au', 'Ru', 'Rh', 'Ir', 'Re', 'Os']	17	[0.944 0.032 0.022 0.001 0.002 0.    0.    0.   ]	[ 0.086 -0.006 -0.02   0.147 -0.054 -0.051 -0.051 -0.051]	0.43	0.02	0.07	1.18	1.97	1.09	0.22	0.11	0.13	0.04	0.2		0.3888041095708318	0.2	False	0.698
4	['Pt', 'Pd', 'Au', 'Ru', 'Rh', 'Ir', 'Re', 'Os']	17	[0.756 0.085 0.069 0.009 0.001 0.025 0.028 0.027]	[-0.149  0.054  0.04  -0.031  0.111 -0.009 -0.008 -0.009]	0.43	0.02	0.07	1.18	1.97	1.09	0.22	0.11	0.13	0.04	0.2		0.513470104717938	0.2	False	0.502
5	['Pt', 'Pd', 'Au', 'Ru', 'Rh', 'Ir', 'Re', 'Os']	17	[0.147 0.503 0.299 0.032 0.007 0.002 0.006 0.006]	[-0.077 -0.077  0.162  0.037 -0.008 -0.006 -0.017 -0.016]	0.43	0.02	0.07	1.18	1.97	1.09	0.22	0.11	0.13	0.04	0.2		0.5752032171032688	0.2	False	0.339
6	['Pt', 'Pd', 'Au', 'Ru', 'Rh', 'Ir', 'Re', 'Os']	17	[0.834 0.002 0.003 0.01  0.006 0.001 0.14  0.004]	[-0.146  0.018  0.013  0.007 -0.011 -0.008  0.134 -0.007]	0.43	0.02	0.07	1.18	1.97	1.09	0.22	0.11	0.13	0.04	0.2		0.3998321976810534	0.2	False	0.643
7	['Pt', 'Pd', 'Au', 'Ru', 'Rh', 'Ir', 'Re', 'Os']	17	[0.84  0.008 0.009 0.002 0.003 0.002 0.    0.138]	[-0.146  0.017  0.014  0.007 -0.01  -0.007 -0.008  0.134]	0.43	0.02	0.07	1.18	1.97	1.09	0.22	0.11	0.13	0.04	0.2		0.4216887030889804	0.2	False	0.62
0	['Pt', 'Pd', 'Au', 'Ru', 'Rh', 'Ir', 'Re', 'Os']	18	[0.631 0.001 0.362 0.01  0.    0.002 0.001 0.   ]	[ 0.08   0.099  0.082 -0.029 -0.02  -0.049 -0.08  -0.083]	0.43	0.02	0.07	1.18	1.97	1.09	0.22	0.11	0.13	0.04	0.2		0.6727995451563387	0.2	False	0.394
1	['Pt', 'Pd', 'Au', 'Ru', 'Rh', 'Ir', 'Re', 'Os']	18	[0.891 0.068 0.038 0.005 0.002 0.    0.003 0.001]	[-0.153  0.123  0.035  0.014 -0.008 -0.004 -0.005 -0.004]	0.43	0.02	0.07	1.18	1.97	1.09	0.22	0.11	0.13	0.04	0.2		0.42013777907002353	0.2	False	0.636
2	['Pt', 'Pd', 'Au', 'Ru', 'Rh', 'Ir', 'Re', 'Os']	18	[0.862 0.033 0.106 0.    0.001 0.002 0.    0.002]	[-0.149  0.036  0.126  0.012 -0.014 -0.004 -0.004 -0.003]	0.43	0.02	0.07	1.18	1.97	1.09	0.22	0.11	0.13	0.04	0.2		0.4487466562387311	0.199	False	0.597
3	['Pt', 'Pd', 'Au', 'Ru', 'Rh', 'Ir', 'Re', 'Os']	18	[0.852 0.001 0.01  0.131 0.005 0.    0.    0.002]	[-0.138  0.02   0.011  0.142 -0.011 -0.008 -0.008 -0.007]	0.43	0.02	0.07	1.18	1.97	1.09	0.22	0.11	0.13	0.04	0.2		0.40228370187313317	0.2	False	0.652
4	['Pt', 'Pd', 'Au', 'Ru', 'Rh', 'Ir', 'Re', 'Os']	18	[0.764 0.06  0.032 0.01  0.127 0.004 0.001 0.001]	[ 0.056  0.012 -0.004 -0.03   0.155 -0.064 -0.062 -0.064]	0.43	0.02	0.07	1.18	1.97	1.09	0.22	0.11	0.13	0.04	0.2		0.4484843678906929	0.2	False	0.553
5	['Pt', 'Pd', 'Au', 'Ru', 'Rh', 'Ir', 'Re', 'Os']	18	[0.067 0.431 0.466 0.007 0.013 0.008 0.005 0.004]	[-0.08  -0.072  0.167 -0.025  0.006  0.006 -0.001 -0.002]	0.43	0.02	0.07	1.18	1.97	1.09	0.22	0.11	0.13	0.04	0.2		0.4632172016020706	0.2	False	0.387
6	['Pt', 'Pd', 'Au', 'Ru', 'Rh', 'Ir', 'Re', 'Os']	18	[0.939 0.027 0.02  0.006 0.003 0.001 0.002 0.002]	[ 0.098 -0.01  -0.02  -0.029 -0.068 -0.054  0.137 -0.054]	0.43	0.02	0.07	1.18	1.97	1.09	0.22	0.11	0.13	0.04	0.2		0.38895653765349625	0.2	False	0.696
7	['Pt', 'Pd', 'Au', 'Ru', 'Rh', 'Ir', 'Re', 'Os']	18	[0.936 0.025 0.018 0.008 0.008 0.    0.001 0.006]	[ 0.098 -0.009 -0.02  -0.028 -0.068 -0.055 -0.055  0.137]	0.43	0.02	0.07	1.18	1.97	1.09	0.22	0.11	0.13	0.04	0.2		0.3890354206889913	0.201	False	0.695
0	['Pt', 'Pd', 'Au', 'Ru', 'Rh', 'Ir', 'Re', 'Os']	19	[0.61  0.009 0.342 0.005 0.034 0.003 0.002 0.001]	[ 0.088  0.088  0.089 -0.041 -0.018 -0.052 -0.079 -0.075]	0.43	0.02	0.07	1.18	1.97	1.09	0.22	0.11	0.13	0.04	0.2		0.681531415645837	0.2	False	0.372
1	['Pt', 'Pd', 'Au', 'Ru', 'Rh', 'Ir', 'Re', 'Os']	19	[0.934 0.06  0.001 0.009 0.002 0.001 0.    0.   ]	[-0.151  0.125 -0.031  0.022  0.011  0.007  0.008  0.007]	0.43	0.02	0.07	1.18	1.97	1.09	0.22	0.11	0.13	0.04	0.2		0.39120738748381256	0.2	False	0.69
2	['Pt', 'Pd', 'Au', 'Ru', 'Rh', 'Ir', 'Re', 'Os']	19	[0.955 0.042 0.007 0.    0.001 0.001 0.001 0.001]	[-0.155  0.041  0.118  0.019 -0.008 -0.005 -0.005 -0.004]	0.43	0.02	0.07	1.18	1.97	1.09	0.22	0.11	0.13	0.04	0.2		0.38362641691309607	0.2	False	0.711
3	['Pt', 'Pd', 'Au', 'Ru', 'Rh', 'Ir', 'Re', 'Os']	19	[0.945 0.016 0.021 0.012 0.006 0.002 0.002 0.   ]	[ 0.089 -0.011 -0.016  0.145 -0.061 -0.048 -0.048 -0.048]	0.43	0.02	0.07	1.18	1.97	1.09	0.22	0.11	0.13	0.04	0.2		0.3850884123635835	0.2	False	0.705
4	['Pt', 'Pd', 'Au', 'Ru', 'Rh', 'Ir', 'Re', 'Os']	19	[0.852 0.089 0.046 0.001 0.001 0.007 0.002 0.   ]	[ 0.09   0.004 -0.018 -0.034  0.14  -0.061 -0.061 -0.059]	0.43	0.02	0.07	1.18	1.97	1.09	0.22	0.11	0.13	0.04	0.2		0.44639693845742245	0.2	False	0.594
5	['Pt', 'Pd', 'Au', 'Ru', 'Rh', 'Ir', 'Re', 'Os']	19	[0.001 0.35  0.623 0.015 0.008 0.002 0.    0.003]	[ 0.054 -0.102  0.154  0.002 -0.02  -0.032 -0.027 -0.029]	0.43	0.02	0.07	1.18	1.97	1.09	0.22	0.11	0.13	0.04	0.2		0.3283193273357741	0.2	False	0.496
6	['Pt', 'Pd', 'Au', 'Ru', 'Rh', 'Ir', 'Re', 'Os']	19	[0.854 0.002 0.004 0.009 0.007 0.001 0.124 0.001]	[-0.147  0.021  0.012  0.007 -0.011 -0.008  0.134 -0.008]	0.43	0.02	0.07	1.18	1.97	1.09	0.22	0.11	0.13	0.04	0.2		0.3960966436887702	0.201	False	0.655
7	['Pt', 'Pd', 'Au', 'Ru', 'Rh', 'Ir', 'Re', 'Os']	19	[0.861 0.    0.005 0.006 0.007 0.002 0.    0.12 ]	[-0.144  0.021  0.014  0.009 -0.02  -0.007 -0.007  0.134]	0.43	0.02	0.07	1.18	1.97	1.09	0.22	0.11	0.13	0.04	0.2		0.4093146361627067	0.2	False	0.641
0	['Pt', 'Pd', 'Au', 'Ru', 'Rh', 'Ir', 'Re', 'Os']	20	[0.695 0.039 0.257 0.008 0.    0.    0.001 0.004]	[ 0.153  0.079 -0.045 -0.019 -0.066 -0.026 -0.039 -0.037]	0.43	0.02	0.07	1.18	1.97	1.09	0.22	0.11	0.13	0.04	0.2		0.6392714504508825	0.2	False	0.418
1	['Pt', 'Pd', 'Au', 'Ru', 'Rh', 'Ir', 'Re', 'Os']	20	[0.872 0.058 0.041 0.013 0.002 0.006 0.007 0.009]	[-0.166  0.104  0.032  0.018 -0.001  0.005  0.005  0.006]	0.43	0.02	0.07	1.18	1.97	1.09	0.22	0.11	0.13	0.04	0.2		0.4273388888718853	0.2	False	0.62
2	['Pt', 'Pd', 'Au', 'Ru', 'Rh', 'Ir', 'Re', 'Os']	20	[0.84  0.026 0.133 0.002 0.003 0.001 0.001 0.001]	[-0.155  0.003  0.125  0.016  0.002  0.003  0.003  0.004]	0.43	0.02	0.07	1.18	1.97	1.09	0.22	0.11	0.13	0.04	0.2		0.4683797898251819	0.2	False	0.573
3	['Pt', 'Pd', 'Au', 'Ru', 'Rh', 'Ir', 'Re', 'Os']	20	[0.859 0.012 0.002 0.128 0.001 0.    0.    0.003]	[-0.16   0.001  0.027  0.116 -0.002  0.006  0.006  0.007]	0.43	0.02	0.07	1.18	1.97	1.09	0.22	0.11	0.13	0.04	0.2		0.40133822884902476	0.2	False	0.656
4	['Pt', 'Pd', 'Au', 'Ru', 'Rh', 'Ir', 'Re', 'Os']	20	[0.897 0.017 0.006 0.01  0.058 0.002 0.001 0.007]	[-0.159  0.016 -0.019  0.025  0.116 -0.001  0.011  0.012]	0.43	0.02	0.07	1.18	1.97	1.09	0.22	0.11	0.13	0.04	0.2		0.3913582426783291	0.2	False	0.672
5	['Pt', 'Pd', 'Au', 'Ru', 'Rh', 'Ir', 'Re', 'Os']	20	[0.04  0.2   0.745 0.007 0.004 0.001 0.001 0.005]	[ 0.038 -0.152  0.122  0.018 -0.005 -0.001 -0.007 -0.012]	0.43	0.02	0.07	1.18	1.97	1.09	0.22	0.11	0.13	0.04	0.2		0.30529306553550534	0.2	False	0.553
6	['Pt', 'Pd', 'Au', 'Ru', 'Rh', 'Ir', 'Re', 'Os']	20	[0.96  0.004 0.024 0.001 0.    0.    0.01  0.002]	[-0.153  0.026  0.063  0.049  0.026  0.034 -0.081  0.035]	0.43	0.02	0.07	1.18	1.97	1.09	0.22	0.11	0.13	0.04	0.2		0.3801382491604384	0.2	False	0.72
7	['Pt', 'Pd', 'Au', 'Ru', 'Rh', 'Ir', 'Re', 'Os']	20	[0.956 0.002 0.025 0.008 0.    0.    0.001 0.009]	[-0.152  0.03   0.062  0.049  0.026  0.034  0.034 -0.083]	0.43	0.02	0.07	1.18	1.97	1.09	0.22	0.11	0.13	0.04	0.2		0.38163389478960175	0.2	False	0.716
0	['Pt', 'Pd', 'Au', 'Ru', 'Rh', 'Ir', 'Re', 'Os']	21	[0.819 0.003 0.166 0.002 0.004 0.004 0.003 0.003]	[ 0.163  0.048 -0.082 -0.019 -0.007 -0.024 -0.037 -0.042]	0.43	0.02	0.07	1.18	1.97	1.09	0.22	0.11	0.13	0.04	0.2		0.4831367887168856	0.2	False	0.555
1	['Pt', 'Pd', 'Au', 'Ru', 'Rh', 'Ir', 'Re', 'Os']	21	[0.946 0.052 0.002 0.003 0.001 0.    0.001 0.003]	[-0.158  0.114 -0.025  0.03   0.015  0.008  0.008  0.008]	0.43	0.02	0.07	1.18	1.97	1.09	0.22	0.11	0.13	0.04	0.2		0.38679421698569366	0.2	False	0.702
2	['Pt', 'Pd', 'Au', 'Ru', 'Rh', 'Ir', 'Re', 'Os']	21	[0.974 0.025 0.    0.004 0.    0.    0.    0.002]	[ 0.142  0.007 -0.14   0.01  -0.009 -0.003 -0.003 -0.002]	0.43	0.02	0.07	1.18	1.97	1.09	0.22	0.11	0.13	0.04	0.2		0.37490412911811066	0.2	False	0.735
3	['Pt', 'Pd', 'Au', 'Ru', 'Rh', 'Ir', 'Re', 'Os']	21	[0.96  0.007 0.033 0.002 0.002 0.    0.    0.001]	[-0.142  0.041  0.072 -0.095  0.029  0.031  0.031  0.032]	0.43	0.02	0.07	1.18	1.97	1.09	0.22	0.11	0.13	0.04	0.2		0.3825305893453842	0.2	False	0.716
4	['Pt', 'Pd', 'Au', 'Ru', 'Rh', 'Ir', 'Re', 'Os']	21	[0.906 0.013 0.028 0.004 0.045 0.002 0.    0.001]	[-0.165  0.011  0.039  0.014  0.104  0.002  0.002 -0.006]	0.43	0.02	0.07	1.18	1.97	1.09	0.22	0.11	0.13	0.04	0.2		0.39496074018776006	0.2	False	0.672
5	['Pt', 'Pd', 'Au', 'Ru', 'Rh', 'Ir', 'Re', 'Os']	21	[0.076 0.045 0.862 0.012 0.    0.002 0.005 0.   ]	[ 0.039 -0.153  0.12   0.017 -0.004 -0.002 -0.009 -0.009]	0.43	0.02	0.07	1.18	1.97	1.09	0.22	0.11	0.13	0.04	0.2		0.26753429713125443	0.2	False	0.666
6	['Pt', 'Pd', 'Au', 'Ru', 'Rh', 'Ir', 'Re', 'Os']	21	[0.841 0.01  0.007 0.014 0.001 0.001 0.127 0.001]	[-0.163  0.008  0.03   0.013 -0.001  0.     0.11   0.001]	0.43	0.02	0.07	1.18	1.97	1.09	0.22	0.11	0.13	0.04	0.2		0.4031642568216551	0.2	False	0.641
7	['Pt', 'Pd', 'Au', 'Ru', 'Rh', 'Ir', 'Re', 'Os']	21	[0.847 0.01  0.007 0.006 0.    0.    0.    0.132]	[-0.163  0.008  0.03   0.012 -0.001  0.     0.     0.111]	0.43	0.02	0.07	1.18	1.97	1.09	0.22	0.11	0.13	0.04	0.2		0.41927352096392023	0.2	False	0.626
0	['Pt', 'Pd', 'Au', 'Ru', 'Rh', 'Ir', 'Re', 'Os']	22	[0.94  0.004 0.041 0.001 0.002 0.003 0.007 0.006]	[ 0.15   0.015 -0.128  0.     0.005 -0.007 -0.018 -0.017]	0.43	0.02	0.07	1.18	1.97	1.09	0.22	0.11	0.13	0.04	0.2		0.3896138046400056	0.2	False	0.696
1	['Pt', 'Pd', 'Au', 'Ru', 'Rh', 'Ir', 'Re', 'Os']	22	[0.832 0.083 0.067 0.017 0.001 0.003 0.002 0.001]	[-0.18   0.048  0.065  0.026  0.008  0.011  0.011  0.01 ]	0.43	0.02	0.07	1.18	1.97	1.09	0.22	0.11	0.13	0.04	0.2		0.465888145817786	0.201	False	0.57
2	['Pt', 'Pd', 'Au', 'Ru', 'Rh', 'Ir', 'Re', 'Os']	22	[0.824 0.021 0.151 0.006 0.001 0.001 0.001 0.001]	[-0.15   0.016  0.132  0.009 -0.003 -0.001 -0.001 -0.001]	0.43	0.02	0.07	1.18	1.97	1.09	0.22	0.11	0.13	0.04	0.2		0.48329394847057916	0.2	False	0.556
3	['Pt', 'Pd', 'Au', 'Ru', 'Rh', 'Ir', 'Re', 'Os']	22	[0.842 0.015 0.002 0.141 0.001 0.001 0.    0.001]	[-0.157  0.017  0.034  0.118 -0.007 -0.003 -0.002 -0.002]	0.43	0.02	0.07	1.18	1.97	1.09	0.22	0.11	0.13	0.04	0.2		0.4063217127442494	0.2	False	0.645
4	['Pt', 'Pd', 'Au', 'Ru', 'Rh', 'Ir', 'Re', 'Os']	22	[0.898 0.021 0.006 0.001 0.063 0.006 0.001 0.002]	[-0.167  0.019  0.04   0.012  0.101 -0.002 -0.001 -0.001]	0.43	0.02	0.07	1.18	1.97	1.09	0.22	0.11	0.13	0.04	0.2		0.39081661859927996	0.2	False	0.673
5	['Pt', 'Pd', 'Au', 'Ru', 'Rh', 'Ir', 'Re', 'Os']	22	[0.039 0.048 0.905 0.006 0.001 0.001 0.002 0.002]	[ 0.003  0.131  0.105 -0.029 -0.052 -0.049 -0.055 -0.054]	0.43	0.02	0.07	1.18	1.97	1.09	0.22	0.11	0.13	0.04	0.2		0.25895987135332504	0.2	False	0.716
6	['Pt', 'Pd', 'Au', 'Ru', 'Rh', 'Ir', 'Re', 'Os']	22	[0.965 0.002 0.026 0.001 0.002 0.001 0.005 0.001]	[-0.146  0.047  0.075  0.038  0.022  0.025 -0.087  0.025]	0.43	0.02	0.07	1.18	1.97	1.09	0.22	0.11	0.13	0.04	0.2		0.3788097174839878	0.2	False	0.724
7	['Pt', 'Pd', 'Au', 'Ru', 'Rh', 'Ir', 'Re', 'Os']	22	[0.958 0.    0.027 0.009 0.002 0.    0.003 0.002]	[-0.145  0.044  0.075  0.04   0.024  0.026  0.024 -0.087]	0.43	0.02	0.07	1.18	1.97	1.09	0.22	0.11	0.13	0.04	0.2		0.380653168680088	0.2	False	0.719
0	['Pt', 'Pd', 'Au', 'Ru', 'Rh', 'Ir', 'Re', 'Os']	23	[0.851 0.062 0.046 0.013 0.019 0.005 0.004 0.002]	[-0.174  0.054  0.079  0.013  0.019  0.009  0.    -0.001]	0.43	0.02	0.07	1.18	1.97	1.09	0.22	0.11	0.13	0.04	0.2		0.43775150152536124	0.2	False	0.601
1	['Pt', 'Pd', 'Au', 'Ru', 'Rh', 'Ir', 'Re', 'Os']	23	[0.99  0.001 0.012 0.001 0.    0.    0.002 0.   ]	[-0.159  0.109 -0.033 -0.001  0.019  0.021  0.022  0.022]	0.43	0.02	0.07	1.18	1.97	1.09	0.22	0.11	0.13	0.04	0.2		0.37018501125470027	0.2	False	0.751
2	['Pt', 'Pd', 'Au', 'Ru', 'Rh', 'Ir', 'Re', 'Os']	23	[0.957 0.036 0.005 0.003 0.002 0.    0.    0.001]	[ 0.136  0.017 -0.145  0.008 -0.006 -0.004 -0.004 -0.003]	0.43	0.02	0.07	1.18	1.97	1.09	0.22	0.11	0.13	0.04	0.2		0.3817606818208448	0.2	False	0.715
3	['Pt', 'Pd', 'Au', 'Ru', 'Rh', 'Ir', 'Re', 'Os']	23	[0.96  0.003 0.03  0.004 0.004 0.    0.001 0.   ]	[ 0.143  0.008  0.038 -0.132 -0.017 -0.013 -0.013 -0.013]	0.43	0.02	0.07	1.18	1.97	1.09	0.22	0.11	0.13	0.04	0.2		0.3810683493572631	0.201	False	0.718
4	['Pt', 'Pd', 'Au', 'Ru', 'Rh', 'Ir', 'Re', 'Os']	23	[0.901 0.022 0.034 0.003 0.027 0.005 0.003 0.003]	[-0.166  0.021  0.047  0.012  0.098 -0.009 -0.001 -0.   ]	0.43	0.02	0.07	1.18	1.97	1.09	0.22	0.11	0.13	0.04	0.2		0.401948228926619	0.2	False	0.661
5	['Pt', 'Pd', 'Au', 'Ru', 'Rh', 'Ir', 'Re', 'Os']	23	[0.027 0.063 0.895 0.017 0.001 0.    0.    0.   ]	[ 0.032  0.13  -0.147  0.014 -0.01  -0.003 -0.008 -0.008]	0.43	0.02	0.07	1.18	1.97	1.09	0.22	0.11	0.13	0.04	0.2		0.25499634808403693	0.2	False	0.71
6	['Pt', 'Pd', 'Au', 'Ru', 'Rh', 'Ir', 'Re', 'Os']	23	[0.833 0.015 0.015 0.008 0.004 0.    0.127 0.   ]	[-0.163  0.018  0.04   0.01  -0.007 -0.002  0.106 -0.002]	0.43	0.02	0.07	1.18	1.97	1.09	0.22	0.11	0.13	0.04	0.2		0.40958046831097566	0.199	False	0.629
7	['Pt', 'Pd', 'Au', 'Ru', 'Rh', 'Ir', 'Re', 'Os']	23	[0.841 0.01  0.012 0.003 0.002 0.001 0.003 0.13 ]	[-0.162  0.018  0.041  0.01  -0.006 -0.001 -0.008  0.108]	0.43	0.02	0.07	1.18	1.97	1.09	0.22	0.11	0.13	0.04	0.2		0.4231657499197298	0.2	False	0.619
0	['Pt', 'Pd', 'Au', 'Ru', 'Rh', 'Ir', 'Re', 'Os']	24	[0.96  0.003 0.037 0.    0.    0.001 0.001 0.   ]	[-0.162 -0.035  0.101  0.032 -0.001  0.027  0.019  0.017]	0.43	0.02	0.07	1.18	1.97	1.09	0.22	0.11	0.13	0.04	0.2		0.3827205221274929	0.2	False	0.716
1	['Pt', 'Pd', 'Au', 'Ru', 'Rh', 'Ir', 'Re', 'Os']	24	[0.795 0.111 0.056 0.024 0.004 0.007 0.003 0.007]	[-0.171  0.086  0.054  0.018  0.002  0.004  0.003  0.004]	0.43	0.02	0.07	1.18	1.97	1.09	0.22	0.11	0.13	0.04	0.2		0.4929202473664179	0.2	False	0.535
2	['Pt', 'Pd', 'Au', 'Ru', 'Rh', 'Ir', 'Re', 'Os']	24	[0.834 0.021 0.133 0.01  0.001 0.002 0.002 0.001]	[-0.149  0.017  0.132  0.01  -0.007 -0.001 -0.001 -0.001]	0.43	0.02	0.07	1.18	1.97	1.09	0.22	0.11	0.13	0.04	0.2		0.4700757442472645	0.2	False	0.57
3	['Pt', 'Pd', 'Au', 'Ru', 'Rh', 'Ir', 'Re', 'Os']	24	[0.843 0.013 0.006 0.136 0.002 0.    0.    0.002]	[-0.16   0.015  0.038  0.113 -0.006 -0.    -0.     0.001]	0.43	0.02	0.07	1.18	1.97	1.09	0.22	0.11	0.13	0.04	0.2		0.40734122727341693	0.2	False	0.643
4	['Pt', 'Pd', 'Au', 'Ru', 'Rh', 'Ir', 'Re', 'Os']	24	[0.893 0.017 0.007 0.004 0.073 0.002 0.001 0.001]	[-0.165  0.02   0.042  0.013  0.102 -0.009 -0.001 -0.001]	0.43	0.02	0.07	1.18	1.97	1.09	0.22	0.11	0.13	0.04	0.2		0.39072057764975326	0.2	False	0.671
5	['Pt', 'Pd', 'Au', 'Ru', 'Rh', 'Ir', 'Re', 'Os']	24	[0.021 0.054 0.92  0.002 0.    0.002 0.    0.003]	[ 0.034  0.135 -0.142  0.011 -0.01  -0.006 -0.012 -0.011]	0.43	0.02	0.07	1.18	1.97	1.09	0.22	0.11	0.13	0.04	0.2		0.2573960922570903	0.2	False	0.735
6	['Pt', 'Pd', 'Au', 'Ru', 'Rh', 'Ir', 'Re', 'Os']	24	[0.962 0.01  0.019 0.007 0.005 0.    0.    0.   ]	[ 0.146  0.005  0.035 -0.002 -0.024 -0.016 -0.127 -0.016]	0.43	0.02	0.07	1.18	1.97	1.09	0.22	0.11	0.13	0.04	0.2		0.37927947949688234	0.2	False	0.722
7	['Pt', 'Pd', 'Au', 'Ru', 'Rh', 'Ir', 'Re', 'Os']	24	[0.963 0.    0.019 0.009 0.006 0.    0.003 0.001]	[-0.147  0.046  0.076  0.04   0.018  0.025  0.025 -0.085]	0.43	0.02	0.07	1.18	1.97	1.09	0.22	0.11	0.13	0.04	0.2		0.37742501670400314	0.2	False	0.726
0	['Pt', 'Pd', 'Au', 'Ru', 'Rh', 'Ir', 'Re', 'Os']	25	[0.828 0.07  0.05  0.017 0.026 0.009 0.002 0.   ]	[-0.174  0.057  0.076  0.013  0.02   0.008  0.001 -0.   ]	0.43	0.02	0.07	1.18	1.97	1.09	0.22	0.11	0.13	0.04	0.2		0.451654306873291	0.2	False	0.578
1	['Pt', 'Pd', 'Au', 'Ru', 'Rh', 'Ir', 'Re', 'Os']	25	[0.966 0.025 0.    0.007 0.001 0.002 0.002 0.001]	[ 0.171 -0.086 -0.056 -0.017 -0.003 -0.005  0.004 -0.006]	0.43	0.02	0.07	1.18	1.97	1.09	0.22	0.11	0.13	0.04	0.2		0.37663779281415183	0.2	False	0.728
2	['Pt', 'Pd', 'Au', 'Ru', 'Rh', 'Ir', 'Re', 'Os']	25	[0.967 0.035 0.001 0.    0.    0.001 0.001 0.001]	[ 0.125 -0.022  0.118 -0.033 -0.049 -0.047 -0.047 -0.046]	0.43	0.02	0.07	1.18	1.97	1.09	0.22	0.11	0.13	0.04	0.2		0.3781017269949818	0.2	False	0.725
3	['Pt', 'Pd', 'Au', 'Ru', 'Rh', 'Ir', 'Re', 'Os']	25	[0.964 0.005 0.027 0.005 0.    0.    0.    0.002]	[-0.148  0.046  0.077 -0.084  0.029  0.027  0.027  0.027]	0.43	0.02	0.07	1.18	1.97	1.09	0.22	0.11	0.13	0.04	0.2		0.38003180216836374	0.2	False	0.722
4	['Pt', 'Pd', 'Au', 'Ru', 'Rh', 'Ir', 'Re', 'Os']	25	[0.91  0.021 0.041 0.003 0.014 0.004 0.002 0.002]	[-0.168  0.019  0.049  0.011  0.094 -0.001 -0.001 -0.001]	0.43	0.02	0.07	1.18	1.97	1.09	0.22	0.11	0.13	0.04	0.2		0.40182028706182715	0.2	False	0.666
5	['Pt', 'Pd', 'Au', 'Ru', 'Rh', 'Ir', 'Re', 'Os']	25	[0.023 0.073 0.895 0.009 0.    0.002 0.    0.   ]	[ 0.033  0.134 -0.142  0.013 -0.009 -0.006 -0.011 -0.013]	0.43	0.02	0.07	1.18	1.97	1.09	0.22	0.11	0.13	0.04	0.2		0.2559187944825322	0.2	False	0.709
6	['Pt', 'Pd', 'Au', 'Ru', 'Rh', 'Ir', 'Re', 'Os']	25	[0.831 0.018 0.022 0.001 0.004 0.    0.126 0.   ]	[-0.165  0.016  0.041  0.01  -0.007  0.     0.103  0.   ]	0.43	0.02	0.07	1.18	1.97	1.09	0.22	0.11	0.13	0.04	0.2		0.41383386092952995	0.2	False	0.623
7	['Pt', 'Pd', 'Au', 'Ru', 'Rh', 'Ir', 'Re', 'Os']	25	[0.833 0.009 0.023 0.002 0.    0.    0.005 0.128]	[-0.162  0.017  0.042  0.009 -0.006 -0.001 -0.008  0.107]	0.43	0.02	0.07	1.18	1.97	1.09	0.22	0.11	0.13	0.04	0.2		0.4307062336305065	0.2	False	0.607
0	['Pt', 'Pd', 'Au', 'Ru', 'Rh', 'Ir', 'Re', 'Os']	26	[0.976 0.    0.018 0.001 0.005 0.001 0.    0.   ]	[-0.159 -0.031  0.11   0.01   0.006  0.014  0.024  0.025]	0.43	0.02	0.07	1.18	1.97	1.09	0.22	0.11	0.13	0.04	0.2		0.3741074352954218	0.2	False	0.738
1	['Pt', 'Pd', 'Au', 'Ru', 'Rh', 'Ir', 'Re', 'Os']	26	[0.825 0.081 0.069 0.014 0.002 0.003 0.003 0.006]	[-0.171  0.087  0.053  0.017  0.002  0.004  0.004  0.005]	0.43	0.02	0.07	1.18	1.97	1.09	0.22	0.11	0.13	0.04	0.2		0.4709643000428096	0.2	False	0.563
2	['Pt', 'Pd', 'Au', 'Ru', 'Rh', 'Ir', 'Re', 'Os']	26	[0.832 0.024 0.148 0.002 0.    0.    0.    0.   ]	[-0.151  0.009  0.131  0.005 -0.     0.002  0.002  0.002]	0.43	0.02	0.07	1.18	1.97	1.09	0.22	0.11	0.13	0.04	0.2		0.4785333626979946	0.2	False	0.563
3	['Pt', 'Pd', 'Au', 'Ru', 'Rh', 'Ir', 'Re', 'Os']	26	[0.839 0.014 0.008 0.137 0.002 0.001 0.001 0.002]	[-0.158  0.016  0.037  0.116 -0.004 -0.002 -0.002 -0.002]	0.43	0.02	0.07	1.18	1.97	1.09	0.22	0.11	0.13	0.04	0.2		0.4094502445100909	0.2	False	0.639
4	['Pt', 'Pd', 'Au', 'Ru', 'Rh', 'Ir', 'Re', 'Os']	26	[0.881 0.015 0.    0.007 0.091 0.001 0.001 0.001]	[-0.164  0.019  0.041  0.012  0.103 -0.009 -0.001 -0.001]	0.43	0.02	0.07	1.18	1.97	1.09	0.22	0.11	0.13	0.04	0.2		0.38936665360417305	0.2	False	0.667
5	['Pt', 'Pd', 'Au', 'Ru', 'Rh', 'Ir', 'Re', 'Os']	26	[0.01  0.048 0.925 0.013 0.    0.    0.001 0.003]	[ 0.025  0.14  -0.14   0.004 -0.012 -0.002 -0.008 -0.007]	0.43	0.02	0.07	1.18	1.97	1.09	0.22	0.11	0.13	0.04	0.2		0.2540437950656631	0.2	False	0.746
6	['Pt', 'Pd', 'Au', 'Ru', 'Rh', 'Ir', 'Re', 'Os']	26	[0.963 0.014 0.011 0.003 0.007 0.001 0.002 0.001]	[ 0.147  0.005  0.034 -0.002 -0.024 -0.016 -0.128 -0.016]	0.43	0.02	0.07	1.18	1.97	1.09	0.22	0.11	0.13	0.04	0.2		0.37784127395650896	0.2	False	0.724
7	['Pt', 'Pd', 'Au', 'Ru', 'Rh', 'Ir', 'Re', 'Os']	26	[0.967 0.006 0.011 0.004 0.004 0.    0.007 0.   ]	[ 0.147  0.004  0.034 -0.001 -0.018 -0.016 -0.025 -0.126]	0.43	0.02	0.07	1.18	1.97	1.09	0.22	0.11	0.13	0.04	0.2		0.375743647547185	0.2	False	0.731
0	['Pt', 'Pd', 'Au', 'Ru', 'Rh', 'Ir', 'Re', 'Os']	27	[0.808 0.073 0.076 0.017 0.017 0.01  0.001 0.001]	[-0.174  0.056  0.077  0.014  0.018  0.008  0.     0.   ]	0.43	0.02	0.07	1.18	1.97	1.09	0.22	0.11	0.13	0.04	0.2		0.47755753889009267	0.2	False	0.549
1	['Pt', 'Pd', 'Au', 'Ru', 'Rh', 'Ir', 'Re', 'Os']	27	[0.989 0.    0.011 0.001 0.001 0.    0.    0.   ]	[ 0.157  0.064 -0.086 -0.012 -0.034 -0.026 -0.026 -0.037]	0.43	0.02	0.07	1.18	1.97	1.09	0.22	0.11	0.13	0.04	0.2		0.3701011987076315	0.2	False	0.751
2	['Pt', 'Pd', 'Au', 'Ru', 'Rh', 'Ir', 'Re', 'Os']	27	[0.962 0.035 0.    0.006 0.003 0.    0.    0.001]	[ 0.137  0.017 -0.144  0.009 -0.006 -0.004 -0.004 -0.003]	0.43	0.02	0.07	1.18	1.97	1.09	0.22	0.11	0.13	0.04	0.2		0.37910355799328477	0.2	False	0.722
3	['Pt', 'Pd', 'Au', 'Ru', 'Rh', 'Ir', 'Re', 'Os']	27	[0.961 0.006 0.027 0.004 0.004 0.001 0.001 0.001]	[ 0.143  0.009  0.039 -0.132 -0.02  -0.013 -0.013 -0.013]	0.43	0.02	0.07	1.18	1.97	1.09	0.22	0.11	0.13	0.04	0.2		0.38064113656554466	0.201	False	0.719
4	['Pt', 'Pd', 'Au', 'Ru', 'Rh', 'Ir', 'Re', 'Os']	27	[0.874 0.011 0.019 0.011 0.079 0.    0.003 0.   ]	[-0.173 -0.02   0.069  0.026  0.062  0.013  0.011  0.013]	0.43	0.02	0.07	1.18	1.97	1.09	0.22	0.11	0.13	0.04	0.2		0.3974635840508087	0.2	False	0.653
5	['Pt', 'Pd', 'Au', 'Ru', 'Rh', 'Ir', 'Re', 'Os']	27	[0.012 0.085 0.891 0.008 0.002 0.001 0.    0.   ]	[ 0.031  0.136 -0.142  0.012 -0.008 -0.006 -0.011 -0.012]	0.43	0.02	0.07	1.18	1.97	1.09	0.22	0.11	0.13	0.04	0.2		0.25377958342111506	0.2	False	0.708
6	['Pt', 'Pd', 'Au', 'Ru', 'Rh', 'Ir', 'Re', 'Os']	27	[0.826 0.019 0.03  0.001 0.002 0.004 0.119 0.002]	[-0.165  0.016  0.042  0.011 -0.007 -0.001  0.102  0.   ]	0.43	0.02	0.07	1.18	1.97	1.09	0.22	0.11	0.13	0.04	0.2		0.4197961960802499	0.2	False	0.614
7	['Pt', 'Pd', 'Au', 'Ru', 'Rh', 'Ir', 'Re', 'Os']	27	[0.823 0.012 0.032 0.001 0.004 0.    0.003 0.123]	[-0.164  0.017  0.044  0.013 -0.006  0.001 -0.008  0.104]	0.43	0.02	0.07	1.18	1.97	1.09	0.22	0.11	0.13	0.04	0.2		0.43951809121426433	0.2	False	0.594
0	['Pt', 'Pd', 'Au', 'Ru', 'Rh', 'Ir', 'Re', 'Os']	28	[0.98  0.018 0.002 0.002 0.    0.    0.    0.001]	[ 0.159 -0.083  0.058 -0.04  -0.006 -0.036 -0.026 -0.027]	0.43	0.02	0.07	1.18	1.97	1.09	0.22	0.11	0.13	0.04	0.2		0.3729003356294096	0.2	False	0.741
1	['Pt', 'Pd', 'Au', 'Ru', 'Rh', 'Ir', 'Re', 'Os']	28	[0.794 0.11  0.052 0.021 0.003 0.007 0.007 0.008]	[-0.172  0.085  0.051  0.017  0.003  0.005  0.005  0.006]	0.43	0.02	0.07	1.18	1.97	1.09	0.22	0.11	0.13	0.04	0.2		0.49110514320759513	0.199	False	0.536
2	['Pt', 'Pd', 'Au', 'Ru', 'Rh', 'Ir', 'Re', 'Os']	28	[0.831 0.023 0.144 0.005 0.001 0.    0.    0.002]	[-0.149  0.015  0.133  0.009 -0.007 -0.001 -0.001 -0.001]	0.43	0.02	0.07	1.18	1.97	1.09	0.22	0.11	0.13	0.04	0.2		0.47743239864155196	0.2	False	0.563
3	['Pt', 'Pd', 'Au', 'Ru', 'Rh', 'Ir', 'Re', 'Os']	28	[0.84  0.015 0.01  0.136 0.002 0.    0.    0.001]	[-0.16   0.014  0.038  0.113 -0.006  0.     0.     0.001]	0.43	0.02	0.07	1.18	1.97	1.09	0.22	0.11	0.13	0.04	0.2		0.410293664239402	0.2	False	0.639
4	['Pt', 'Pd', 'Au', 'Ru', 'Rh', 'Ir', 'Re', 'Os']	28	[0.89  0.019 0.001 0.004 0.078 0.    0.004 0.002]	[-0.172 -0.025  0.064  0.027  0.066  0.013  0.013  0.014]	0.43	0.02	0.07	1.18	1.97	1.09	0.22	0.11	0.13	0.04	0.2		0.38985209751714994	0.2	False	0.671
5	['Pt', 'Pd', 'Au', 'Ru', 'Rh', 'Ir', 'Re', 'Os']	28	[0.015 0.035 0.934 0.01  0.002 0.001 0.    0.001]	[ 0.032  0.134 -0.143  0.012 -0.008 -0.006 -0.011 -0.01 ]	0.43	0.02	0.07	1.18	1.97	1.09	0.22	0.11	0.13	0.04	0.2		0.2557288808866819	0.2	False	0.755
6	['Pt', 'Pd', 'Au', 'Ru', 'Rh', 'Ir', 'Re', 'Os']	28	[0.964 0.019 0.004 0.    0.005 0.005 0.005 0.   ]	[ 0.147  0.003  0.032 -0.001 -0.019 -0.017 -0.128 -0.016]	0.43	0.02	0.07	1.18	1.97	1.09	0.22	0.11	0.13	0.04	0.2		0.3766664839366417	0.2	False	0.727
7	['Pt', 'Pd', 'Au', 'Ru', 'Rh', 'Ir', 'Re', 'Os']	28	[0.963 0.014 0.005 0.004 0.006 0.003 0.002 0.001]	[ 0.146  0.003  0.034  0.001 -0.023 -0.017 -0.014 -0.128]	0.43	0.02	0.07	1.18	1.97	1.09	0.22	0.11	0.13	0.04	0.2		0.37656248297033895	0.2	False	0.727
0	['Pt', 'Pd', 'Au', 'Ru', 'Rh', 'Ir', 'Re', 'Os']	29	[0.799 0.042 0.101 0.018 0.024 0.014 0.002 0.002]	[-0.176  0.03   0.084  0.018  0.021  0.013  0.004  0.005]	0.43	0.02	0.07	1.18	1.97	1.09	0.22	0.11	0.13	0.04	0.2		0.48027292067927135	0.2	False	0.543
1	['Pt', 'Pd', 'Au', 'Ru', 'Rh', 'Ir', 'Re', 'Os']	29	[0.964 0.024 0.004 0.003 0.    0.002 0.003 0.003]	[ 0.16  -0.101  0.043 -0.032 -0.016 -0.018 -0.017 -0.018]	0.43	0.02	0.07	1.18	1.97	1.09	0.22	0.11	0.13	0.04	0.2		0.37799422511098796	0.2	False	0.725
2	['Pt', 'Pd', 'Au', 'Ru', 'Rh', 'Ir', 'Re', 'Os']	29	[0.962 0.037 0.001 0.004 0.002 0.    0.    0.001]	[ 0.136  0.018 -0.145  0.009 -0.006 -0.004 -0.004 -0.003]	0.43	0.02	0.07	1.18	1.97	1.09	0.22	0.11	0.13	0.04	0.2		0.37965919486208566	0.2	False	0.721
3	['Pt', 'Pd', 'Au', 'Ru', 'Rh', 'Ir', 'Re', 'Os']	29	[0.961 0.008 0.025 0.004 0.005 0.001 0.001 0.   ]	[ 0.142  0.01   0.04  -0.132 -0.02  -0.013 -0.013 -0.013]	0.43	0.02	0.07	1.18	1.97	1.09	0.22	0.11	0.13	0.04	0.2		0.3804239990170363	0.2	False	0.719
4	['Pt', 'Pd', 'Au', 'Ru', 'Rh', 'Ir', 'Re', 'Os']	29	[0.912 0.021 0.045 0.006 0.007 0.    0.005 0.003]	[-0.166  0.02   0.05   0.011  0.097 -0.002 -0.009 -0.002]	0.43	0.02	0.07	1.18	1.97	1.09	0.22	0.11	0.13	0.04	0.2		0.4031231913135984	0.2	False	0.665
5	['Pt', 'Pd', 'Au', 'Ru', 'Rh', 'Ir', 'Re', 'Os']	29	[0.013 0.095 0.874 0.012 0.003 0.    0.    0.002]	[ 0.032  0.134 -0.142  0.012 -0.008 -0.005 -0.01  -0.012]	0.43	0.02	0.07	1.18	1.97	1.09	0.22	0.11	0.13	0.04	0.2		0.25297951460903967	0.2	False	0.691
6	['Pt', 'Pd', 'Au', 'Ru', 'Rh', 'Ir', 'Re', 'Os']	29	[0.821 0.022 0.037 0.    0.005 0.007 0.11  0.   ]	[-0.164  0.02   0.045  0.012 -0.007 -0.009  0.103  0.001]	0.43	0.02	0.07	1.18	1.97	1.09	0.22	0.11	0.13	0.04	0.2		0.4255508315945324	0.2	False	0.604
7	['Pt', 'Pd', 'Au', 'Ru', 'Rh', 'Ir', 'Re', 'Os']	29	[0.822 0.016 0.035 0.005 0.001 0.004 0.003 0.114]	[-0.165  0.018  0.044  0.011 -0.007 -0.001 -0.001  0.101]	0.43	0.02	0.07	1.18	1.97	1.09	0.22	0.11	0.13	0.04	0.2		0.44251982832009507	0.199	False	0.59
0	['Pt', 'Pd', 'Au', 'Ru', 'Rh', 'Ir', 'Re', 'Os']	30	[0.963 0.016 0.018 0.    0.001 0.001 0.    0.002]	[ 0.163  0.048 -0.091 -0.029 -0.034 -0.024 -0.016 -0.017]	0.43	0.02	0.07	1.18	1.97	1.09	0.22	0.11	0.13	0.04	0.2		0.38002556925747755	0.2	False	0.721
1	['Pt', 'Pd', 'Au', 'Ru', 'Rh', 'Ir', 'Re', 'Os']	30	[0.827 0.084 0.056 0.02  0.005 0.005 0.002 0.003]	[-0.171  0.089  0.047  0.018  0.003  0.005  0.004  0.005]	0.43	0.02	0.07	1.18	1.97	1.09	0.22	0.11	0.13	0.04	0.2		0.4635713486616432	0.199	False	0.57
2	['Pt', 'Pd', 'Au', 'Ru', 'Rh', 'Ir', 'Re', 'Os']	30	[0.831 0.024 0.141 0.008 0.    0.001 0.001 0.001]	[-0.149  0.016  0.132  0.01  -0.007 -0.001 -0.001 -0.001]	0.43	0.02	0.07	1.18	1.97	1.09	0.22	0.11	0.13	0.04	0.2		0.4765055671423983	0.2	False	0.564
3	['Pt', 'Pd', 'Au', 'Ru', 'Rh', 'Ir', 'Re', 'Os']	30	[0.84  0.015 0.011 0.135 0.001 0.    0.    0.002]	[-0.16   0.013  0.037  0.113 -0.006  0.     0.     0.001]	0.43	0.02	0.07	1.18	1.97	1.09	0.22	0.11	0.13	0.04	0.2		0.4109853127735206	0.2	False	0.638
4	['Pt', 'Pd', 'Au', 'Ru', 'Rh', 'Ir', 'Re', 'Os']	30	[0.876 0.012 0.    0.009 0.1   0.    0.001 0.001]	[-0.154  0.028 -0.037  0.023  0.116  0.01   0.002  0.011]	0.43	0.02	0.07	1.18	1.97	1.09	0.22	0.11	0.13	0.04	0.2		0.38880971676297904	0.2	False	0.666
5	['Pt', 'Pd', 'Au', 'Ru', 'Rh', 'Ir', 'Re', 'Os']	30	[0.013 0.02  0.952 0.01  0.001 0.    0.    0.001]	[ 0.033  0.135 -0.143  0.013 -0.008 -0.006 -0.011 -0.014]	0.43	0.02	0.07	1.18	1.97	1.09	0.22	0.11	0.13	0.04	0.2		0.2583697874158324	0.201	False	0.776
6	['Pt', 'Pd', 'Au', 'Ru', 'Rh', 'Ir', 'Re', 'Os']	30	[0.962 0.027 0.001 0.005 0.001 0.001 0.001 0.002]	[ 0.147  0.006  0.032  0.001 -0.021 -0.023 -0.128 -0.013]	0.43	0.02	0.07	1.18	1.97	1.09	0.22	0.11	0.13	0.04	0.2		0.3782946924986105	0.2	False	0.723
7	['Pt', 'Pd', 'Au', 'Ru', 'Rh', 'Ir', 'Re', 'Os']	30	[0.965 0.022 0.001 0.    0.    0.003 0.001 0.006]	[ 0.147  0.005  0.032 -0.001 -0.016 -0.023 -0.015 -0.128]	0.43	0.02	0.07	1.18	1.97	1.09	0.22	0.11	0.13	0.04	0.2		0.37700122442070316	0.2	False	0.727
