ID	Elements	Generation	Position	Velocity	F_damp	F_b_best	F_h_best	F_g_best	F_b_worst	F_h_worst	F_g_worst	mut_prob	flip_prob	mut_rate	v_max	v_min	Activity	Velocity_mag	Flag	Distance
0	['Pt', 'Pd', 'Au', 'Ru', 'Rh', 'Ir', 'Re', 'Os']	0	[0.79 0.03 0.03 0.03 0.03 0.03 0.03 0.03]	[-0.187  0.027  0.027  0.027  0.027  0.027  0.027  0.027]	0.74	1.67	1.76	0.42	0.02	0.05	0.01	0.11	0.82	0.37	0.2		0.44291876522070495	0.2	False	0.569
1	['Pt', 'Pd', 'Au', 'Ru', 'Rh', 'Ir', 'Re', 'Os']	0	[0.03 0.79 0.03 0.03 0.03 0.03 0.03 0.03]	[ 0.027 -0.187  0.027  0.027  0.027  0.027  0.027  0.027]	0.74	1.67	1.76	0.42	0.02	0.05	0.01	0.11	0.82	0.37	0.2		0.20560014505118607	0.2	False	0.689
2	['Pt', 'Pd', 'Au', 'Ru', 'Rh', 'Ir', 'Re', 'Os']	0	[0.03 0.03 0.79 0.03 0.03 0.03 0.03 0.03]	[ 0.027  0.027 -0.187  0.027  0.027  0.027  0.027  0.027]	0.74	1.67	1.76	0.42	0.02	0.05	0.01	0.11	0.82	0.37	0.2		0.2149894158498787	0.2	False	0.632
3	['Pt', 'Pd', 'Au', 'Ru', 'Rh', 'Ir', 'Re', 'Os']	0	[0.03 0.03 0.03 0.79 0.03 0.03 0.03 0.03]	[ 0.027  0.027  0.027 -0.187  0.027  0.027  0.027  0.027]	0.74	1.67	1.76	0.42	0.02	0.05	0.01	0.11	0.82	0.37	0.2		0.12265296114671817	0.2	False	0.925
4	['Pt', 'Pd', 'Au', 'Ru', 'Rh', 'Ir', 'Re', 'Os']	0	[0.03 0.03 0.03 0.03 0.79 0.03 0.03 0.03]	[ 0.027  0.027  0.027  0.027 -0.187  0.027  0.027  0.027]	0.74	1.67	1.76	0.42	0.02	0.05	0.01	0.11	0.82	0.37	0.2		0.2961943697576316	0.2	False	0.925
5	['Pt', 'Pd', 'Au', 'Ru', 'Rh', 'Ir', 'Re', 'Os']	0	[0.03 0.03 0.03 0.03 0.03 0.79 0.03 0.03]	[ 0.027  0.027  0.027  0.027  0.027 -0.187  0.027  0.027]	0.74	1.67	1.76	0.42	0.02	0.05	0.01	0.11	0.82	0.37	0.2		0.34147169449736997	0.2	False	0.925
6	['Pt', 'Pd', 'Au', 'Ru', 'Rh', 'Ir', 'Re', 'Os']	0	[0.03 0.03 0.03 0.03 0.03 0.03 0.79 0.03]	[ 0.027  0.027  0.027  0.027  0.027  0.027 -0.187  0.027]	0.74	1.67	1.76	0.42	0.02	0.05	0.01	0.11	0.82	0.37	0.2		0.314514003905087	0.2	False	0.925
7	['Pt', 'Pd', 'Au', 'Ru', 'Rh', 'Ir', 'Re', 'Os']	0	[0.03 0.03 0.03 0.03 0.03 0.03 0.03 0.79]	[ 0.027  0.027  0.027  0.027  0.027  0.027  0.027 -0.187]	0.74	1.67	1.76	0.42	0.02	0.05	0.01	0.11	0.82	0.37	0.2		0.3283821739532633	0.2	False	0.839
0	['Pt', 'Pd', 'Au', 'Ru', 'Rh', 'Ir', 'Re', 'Os']	1	[0.701 0.015 0.055 0.009 0.055 0.055 0.055 0.055]	[-0.089 -0.015  0.025 -0.021  0.025  0.025  0.025  0.025]	0.74	1.67	1.76	0.42	0.02	0.05	0.01	0.11	0.82	0.37	0.2		0.47369866750156414	0.108	False	0.5
1	['Pt', 'Pd', 'Au', 'Ru', 'Rh', 'Ir', 'Re', 'Os']	1	[0.168 0.645 0.031 0.031 0.031 0.031 0.031 0.031]	[ 0.138 -0.145  0.001  0.001  0.001  0.001  0.001  0.001]	0.74	1.67	1.76	0.42	0.02	0.05	0.01	0.11	0.82	0.37	0.2		0.36385595733313963	0.2	False	0.52
2	['Pt', 'Pd', 'Au', 'Ru', 'Rh', 'Ir', 'Re', 'Os']	1	[0.107 0.04  0.653 0.04  0.04  0.04  0.04  0.04 ]	[ 0.117  0.007 -0.161  0.007  0.007  0.007  0.007  0.007]	0.74	1.67	1.76	0.42	0.02	0.05	0.01	0.11	0.82	0.37	0.2		0.27629353106235666	0.2	False	0.488
3	['Pt', 'Pd', 'Au', 'Ru', 'Rh', 'Ir', 'Re', 'Os']	1	[0.068 0.051 0.051 0.627 0.051 0.051 0.051 0.051]	[ 0.079  0.017  0.017 -0.179  0.017  0.017  0.017  0.017]	0.74	1.67	1.76	0.42	0.02	0.05	0.01	0.11	0.82	0.37	0.2		0.12259221050401664	0.2	False	0.764
4	['Pt', 'Pd', 'Au', 'Ru', 'Rh', 'Ir', 'Re', 'Os']	1	[0.169 0.032 0.032 0.028 0.646 0.028 0.032 0.032]	[ 0.139  0.002  0.002 -0.002 -0.144 -0.002  0.002  0.002]	0.74	1.67	1.76	0.42	0.02	0.05	0.01	0.11	0.82	0.37	0.2		0.3005028665071019	0.2	False	0.759
5	['Pt', 'Pd', 'Au', 'Ru', 'Rh', 'Ir', 'Re', 'Os']	1	[0.169 0.032 0.032 0.028 0.032 0.646 0.032 0.028]	[ 0.139  0.002  0.002 -0.002  0.002 -0.144  0.002 -0.002]	0.74	1.67	1.76	0.42	0.02	0.05	0.01	0.11	0.82	0.37	0.2		0.3246979737124008	0.2	False	0.76
6	['Pt', 'Pd', 'Au', 'Ru', 'Rh', 'Ir', 'Re', 'Os']	1	[0.168 0.032 0.032 0.028 0.032 0.032 0.646 0.032]	[ 0.138  0.002  0.002 -0.002  0.002  0.002 -0.144  0.002]	0.74	1.67	1.76	0.42	0.02	0.05	0.01	0.11	0.82	0.37	0.2		0.306174225822619	0.2	False	0.76
7	['Pt', 'Pd', 'Au', 'Ru', 'Rh', 'Ir', 'Re', 'Os']	1	[0.169 0.032 0.032 0.028 0.032 0.029 0.032 0.646]	[ 0.139  0.002  0.002 -0.002  0.002 -0.001  0.002 -0.144]	0.74	1.67	1.76	0.42	0.02	0.05	0.01	0.11	0.82	0.37	0.2		0.3690356698639436	0.2	False	0.674
0	['Pt', 'Pd', 'Au', 'Ru', 'Rh', 'Ir', 'Re', 'Os']	2	[0.657 0.009 0.063 0.055 0.027 0.063 0.063 0.063]	[-0.049  0.018  0.005  0.044 -0.032  0.005  0.005  0.005]	0.74	1.67	1.76	0.42	0.02	0.05	0.01	0.11	0.82	0.37	0.2		0.492131416278506	0.076	False	0.471
1	['Pt', 'Pd', 'Au', 'Ru', 'Rh', 'Ir', 'Re', 'Os']	2	[0.3   0.495 0.036 0.022 0.036 0.036 0.036 0.036]	[ 0.132 -0.15   0.005 -0.009  0.005  0.005  0.005  0.005]	0.74	1.67	1.76	0.42	0.02	0.05	0.01	0.11	0.82	0.37	0.2		0.6171008436875729	0.2	False	0.375
2	['Pt', 'Pd', 'Au', 'Ru', 'Rh', 'Ir', 'Re', 'Os']	2	[0.248 0.035 0.512 0.03  0.044 0.044 0.044 0.044]	[ 0.141 -0.005 -0.141 -0.01   0.004  0.004  0.004  0.004]	0.74	1.67	1.76	0.42	0.02	0.05	0.01	0.11	0.82	0.37	0.2		0.5099115632309595	0.2	False	0.334
3	['Pt', 'Pd', 'Au', 'Ru', 'Rh', 'Ir', 'Re', 'Os']	2	[0.215 0.061 0.049 0.492 0.046 0.046 0.046 0.046]	[ 0.147  0.01  -0.002 -0.135 -0.005 -0.005 -0.005 -0.005]	0.74	1.67	1.76	0.42	0.02	0.05	0.01	0.11	0.82	0.37	0.2		0.2645446691800529	0.2	False	0.607
4	['Pt', 'Pd', 'Au', 'Ru', 'Rh', 'Ir', 'Re', 'Os']	2	[0.307 0.03  0.039 0.021 0.502 0.024 0.039 0.039]	[ 0.138 -0.002  0.007 -0.007 -0.144 -0.004  0.007  0.007]	0.74	1.67	1.76	0.42	0.02	0.05	0.01	0.11	0.82	0.37	0.2		0.32559152045476103	0.2	False	0.614
5	['Pt', 'Pd', 'Au', 'Ru', 'Rh', 'Ir', 'Re', 'Os']	2	[0.304 0.027 0.038 0.018 0.038 0.5   0.038 0.036]	[ 0.135 -0.005  0.006 -0.01   0.006 -0.146  0.006  0.008]	0.74	1.67	1.76	0.42	0.02	0.05	0.01	0.11	0.82	0.37	0.2		0.3116422732491572	0.2	False	0.615
6	['Pt', 'Pd', 'Au', 'Ru', 'Rh', 'Ir', 'Re', 'Os']	2	[0.304 0.027 0.038 0.018 0.038 0.038 0.5   0.038]	[ 0.136 -0.005  0.006 -0.01   0.006  0.006 -0.146  0.006]	0.74	1.67	1.76	0.42	0.02	0.05	0.01	0.11	0.82	0.37	0.2		0.32714889216365195	0.2	False	0.614
7	['Pt', 'Pd', 'Au', 'Ru', 'Rh', 'Ir', 'Re', 'Os']	2	[0.023 0.026 0.039 0.016 0.039 0.037 0.039 0.781]	[-0.146 -0.006  0.007 -0.012  0.007  0.008  0.007  0.135]	0.74	1.67	1.76	0.42	0.02	0.05	0.01	0.11	0.82	0.37	0.2		0.3282263250146026	0.2	False	0.833
0	['Pt', 'Pd', 'Au', 'Ru', 'Rh', 'Ir', 'Re', 'Os']	3	[0.539 0.169 0.055 0.045 0.028 0.055 0.055 0.055]	[-0.118  0.16  -0.008 -0.01   0.001 -0.008 -0.008 -0.008]	0.74	1.67	1.76	0.42	0.02	0.05	0.01	0.11	0.82	0.37	0.2		0.6666478142422294	0.2	False	0.336
1	['Pt', 'Pd', 'Au', 'Ru', 'Rh', 'Ir', 'Re', 'Os']	3	[0.38  0.566 0.003 0.039 0.003 0.003 0.003 0.003]	[ 0.08   0.071 -0.038  0.049 -0.038 -0.038 -0.038 -0.046]	0.74	1.67	1.76	0.42	0.02	0.05	0.01	0.11	0.82	0.37	0.2		0.600619760622682	0.147	False	0.447
2	['Pt', 'Pd', 'Au', 'Ru', 'Rh', 'Ir', 'Re', 'Os']	3	[0.223 0.175 0.372 0.031 0.05  0.05  0.05  0.05 ]	[-0.025  0.14  -0.14   0.001  0.006  0.006  0.006  0.006]	0.74	1.67	1.76	0.42	0.02	0.05	0.01	0.11	0.82	0.37	0.2		0.7002871695382706	0.2	False	0.195
3	['Pt', 'Pd', 'Au', 'Ru', 'Rh', 'Ir', 'Re', 'Os']	3	[0.254 0.187 0.044 0.342 0.042 0.048 0.042 0.042]	[ 0.039  0.126 -0.005 -0.15  -0.004  0.002 -0.004 -0.004]	0.74	1.67	1.76	0.42	0.02	0.05	0.01	0.11	0.82	0.37	0.2		0.474877178135066	0.2	False	0.453
4	['Pt', 'Pd', 'Au', 'Ru', 'Rh', 'Ir', 'Re', 'Os']	3	[0.32  0.165 0.039 0.017 0.355 0.027 0.039 0.039]	[ 0.013  0.135 -0.    -0.004 -0.147  0.003 -0.    -0.   ]	0.74	1.67	1.76	0.42	0.02	0.05	0.01	0.11	0.82	0.37	0.2		0.43384734502879796	0.2	False	0.457
5	['Pt', 'Pd', 'Au', 'Ru', 'Rh', 'Ir', 'Re', 'Os']	3	[0.246 0.191 0.035 0.016 0.039 0.402 0.035 0.035]	[-0.058  0.164 -0.003 -0.002  0.001 -0.098 -0.003 -0.001]	0.74	1.67	1.76	0.42	0.02	0.05	0.01	0.11	0.82	0.37	0.2		0.3150362909517846	0.2	False	0.503
6	['Pt', 'Pd', 'Au', 'Ru', 'Rh', 'Ir', 'Re', 'Os']	3	[0.318 0.163 0.038 0.014 0.038 0.038 0.354 0.038]	[ 0.014  0.136  0.    -0.004  0.     0.    -0.146  0.   ]	0.74	1.67	1.76	0.42	0.02	0.05	0.01	0.11	0.82	0.37	0.2		0.4350231929063312	0.2	False	0.458
7	['Pt', 'Pd', 'Au', 'Ru', 'Rh', 'Ir', 'Re', 'Os']	3	[0.092 0.123 0.041 0.015 0.037 0.036 0.037 0.62 ]	[ 0.069  0.097  0.002 -0.001 -0.002 -0.001 -0.002 -0.161]	0.74	1.67	1.76	0.42	0.02	0.05	0.01	0.11	0.82	0.37	0.2		0.36286668235689545	0.2	False	0.651
0	['Pt', 'Pd', 'Au', 'Ru', 'Rh', 'Ir', 'Re', 'Os']	4	[0.392 0.195 0.187 0.037 0.037 0.048 0.052 0.052]	[-0.147  0.026  0.132 -0.008  0.009 -0.007 -0.003 -0.003]	0.74	1.67	1.76	0.42	0.02	0.05	0.01	0.11	0.82	0.37	0.2		0.8508816448772105	0.2	False	0.166
1	['Pt', 'Pd', 'Au', 'Ru', 'Rh', 'Ir', 'Re', 'Os']	4	[0.32  0.43  0.131 0.038 0.015 0.021 0.024 0.023]	[-0.061 -0.137  0.128 -0.002  0.014  0.018  0.021  0.02 ]	0.74	1.67	1.76	0.42	0.02	0.05	0.01	0.11	0.82	0.37	0.2		0.7984695498547377	0.2	False	0.265
2	['Pt', 'Pd', 'Au', 'Ru', 'Rh', 'Ir', 'Re', 'Os']	4	[0.209 0.282 0.28  0.027 0.055 0.037 0.056 0.056]	[-0.014  0.107 -0.092 -0.004  0.005 -0.013  0.006  0.006]	0.74	1.67	1.76	0.42	0.02	0.05	0.01	0.11	0.82	0.37	0.2		0.7552152271768697	0.143	False	0.177
3	['Pt', 'Pd', 'Au', 'Ru', 'Rh', 'Ir', 'Re', 'Os']	4	[0.248 0.2   0.178 0.195 0.045 0.046 0.045 0.045]	[-0.006  0.013  0.134 -0.147  0.003 -0.002  0.003  0.003]	0.74	1.67	1.76	0.42	0.02	0.05	0.01	0.11	0.82	0.37	0.2		0.6371843162712965	0.2	False	0.274
4	['Pt', 'Pd', 'Au', 'Ru', 'Rh', 'Ir', 'Re', 'Os']	4	[0.288 0.187 0.184 0.021 0.223 0.02  0.035 0.044]	[-0.032  0.022  0.145  0.004 -0.132 -0.007 -0.004  0.005]	0.74	1.67	1.76	0.42	0.02	0.05	0.01	0.11	0.82	0.37	0.2		0.6353574858903751	0.2	False	0.276
5	['Pt', 'Pd', 'Au', 'Ru', 'Rh', 'Ir', 'Re', 'Os']	4	[0.144 0.151 0.196 0.027 0.041 0.359 0.039 0.042]	[-0.102 -0.04   0.161  0.011  0.002 -0.043  0.004  0.007]	0.74	1.67	1.76	0.42	0.02	0.05	0.01	0.11	0.82	0.37	0.2		0.24720551313849612	0.2	False	0.446
6	['Pt', 'Pd', 'Au', 'Ru', 'Rh', 'Ir', 'Re', 'Os']	4	[0.285 0.188 0.175 0.021 0.044 0.041 0.215 0.033]	[-0.033  0.025  0.137  0.007  0.006  0.003 -0.139 -0.005]	0.74	1.67	1.76	0.42	0.02	0.05	0.01	0.11	0.82	0.37	0.2		0.6196054573995098	0.2	False	0.28
7	['Pt', 'Pd', 'Au', 'Ru', 'Rh', 'Ir', 'Re', 'Os']	4	[0.152 0.128 0.134 0.022 0.04  0.037 0.035 0.454]	[ 0.06   0.005  0.093  0.007  0.003  0.001 -0.002 -0.166]	0.74	1.67	1.76	0.42	0.02	0.05	0.01	0.11	0.82	0.37	0.2		0.48537047689420526	0.2	False	0.46
0	['Pt', 'Pd', 'Au', 'Ru', 'Rh', 'Ir', 'Re', 'Os']	5	[0.291 0.221 0.289 0.026 0.044 0.028 0.051 0.051]	[-0.101  0.026  0.102 -0.011  0.007 -0.02  -0.001 -0.001]	0.74	1.67	1.76	0.42	0.02	0.05	0.01	0.11	0.82	0.37	0.2		0.8783737702574435	0.148	False	0.113
1	['Pt', 'Pd', 'Au', 'Ru', 'Rh', 'Ir', 'Re', 'Os']	5	[0.359 0.249 0.196 0.036 0.032 0.037 0.047 0.046]	[ 0.039 -0.181  0.065 -0.002  0.017  0.016  0.023  0.023]	0.74	1.67	1.76	0.42	0.02	0.05	0.01	0.11	0.82	0.37	0.2		0.8991040415152536	0.2	False	0.14
2	['Pt', 'Pd', 'Au', 'Ru', 'Rh', 'Ir', 'Re', 'Os']	5	[0.36  0.209 0.36  0.003 0.01  0.007 0.028 0.025]	[ 0.151 -0.073  0.08  -0.024 -0.045 -0.03  -0.028 -0.031]	0.74	1.67	1.76	0.42	0.02	0.05	0.01	0.11	0.82	0.37	0.2		0.9798023895549732	0.199	False	0.109
3	['Pt', 'Pd', 'Au', 'Ru', 'Rh', 'Ir', 'Re', 'Os']	5	[0.36  0.202 0.221 0.035 0.04  0.042 0.051 0.051]	[ 0.112  0.002  0.043 -0.16  -0.005 -0.004  0.006  0.006]	0.74	1.67	1.76	0.42	0.02	0.05	0.01	0.11	0.82	0.37	0.2		0.8753458477901135	0.2	False	0.135
4	['Pt', 'Pd', 'Au', 'Ru', 'Rh', 'Ir', 'Re', 'Os']	5	[0.365 0.201 0.226 0.032 0.045 0.034 0.047 0.052]	[ 0.077  0.014  0.042  0.011 -0.178  0.014  0.012  0.008]	0.74	1.67	1.76	0.42	0.02	0.05	0.01	0.11	0.82	0.37	0.2		0.8907235803723641	0.2	False	0.13
5	['Pt', 'Pd', 'Au', 'Ru', 'Rh', 'Ir', 'Re', 'Os']	5	[0.298 0.075 0.097 0.043 0.026 0.366 0.048 0.045]	[ 0.154 -0.076 -0.099  0.016 -0.015  0.007  0.009  0.003]	0.74	1.67	1.76	0.42	0.02	0.05	0.01	0.11	0.82	0.37	0.2		0.313571250824358	0.2	False	0.465
6	['Pt', 'Pd', 'Au', 'Ru', 'Rh', 'Ir', 'Re', 'Os']	5	[0.372 0.18  0.228 0.037 0.044 0.045 0.045 0.05 ]	[ 0.087 -0.008  0.053  0.016 -0.     0.004 -0.17   0.017]	0.74	1.67	1.76	0.42	0.02	0.05	0.01	0.11	0.82	0.37	0.2		0.8612563476024351	0.2	False	0.143
7	['Pt', 'Pd', 'Au', 'Ru', 'Rh', 'Ir', 'Re', 'Os']	5	[0.25  0.154 0.166 0.028 0.039 0.039 0.041 0.285]	[ 0.098  0.026  0.032  0.006 -0.001  0.002  0.006 -0.169]	0.74	1.67	1.76	0.42	0.02	0.05	0.01	0.11	0.82	0.37	0.2		0.703332216247812	0.2	False	0.277
0	['Pt', 'Pd', 'Au', 'Ru', 'Rh', 'Ir', 'Re', 'Os']	6	[0.295 0.184 0.415 0.009 0.    0.018 0.017 0.062]	[-0.014 -0.067  0.144  0.015  0.017  0.026 -0.117 -0.005]	0.74	1.67	1.76	0.42	0.02	0.05	0.01	0.11	0.82	0.37	0.2		0.8926925928874174	0.2	False	0.151
1	['Pt', 'Pd', 'Au', 'Ru', 'Rh', 'Ir', 'Re', 'Os']	6	[0.377 0.158 0.367 0.003 0.018 0.008 0.037 0.034]	[ 0.018 -0.091  0.171 -0.033 -0.014 -0.029 -0.01  -0.012]	0.74	1.67	1.76	0.42	0.02	0.05	0.01	0.11	0.82	0.37	0.2		0.9341666317721646	0.201	False	0.141
2	['Pt', 'Pd', 'Au', 'Ru', 'Rh', 'Ir', 'Re', 'Os']	6	[0.447 0.13  0.39  0.004 0.002 0.006 0.009 0.016]	[ 0.11  -0.076  0.046  0.001  0.01   0.017 -0.053 -0.056]	0.74	1.67	1.76	0.42	0.02	0.05	0.01	0.11	0.82	0.37	0.2		0.9164798774261995	0.162	False	0.198
3	['Pt', 'Pd', 'Au', 'Ru', 'Rh', 'Ir', 'Re', 'Os']	6	[0.38  0.191 0.355 0.051 0.005 0.012 0.006 0.003]	[ 0.011 -0.025  0.142  0.068 -0.076  0.011 -0.064 -0.067]	0.74	1.67	1.76	0.42	0.02	0.05	0.01	0.11	0.82	0.37	0.2		0.9581793349699477	0.2	False	0.14
4	['Pt', 'Pd', 'Au', 'Ru', 'Rh', 'Ir', 'Re', 'Os']	6	[0.368 0.194 0.36  0.01  0.052 0.01  0.007 0.002]	[ 0.002 -0.009  0.143 -0.059  0.085 -0.062 -0.044 -0.055]	0.74	1.67	1.76	0.42	0.02	0.05	0.01	0.11	0.82	0.37	0.2		0.9315488581718518	0.2	False	0.14
5	['Pt', 'Pd', 'Au', 'Ru', 'Rh', 'Ir', 'Re', 'Os']	6	[0.218 0.14  0.255 0.    0.009 0.338 0.02  0.017]	[-0.08   0.065  0.158 -0.043 -0.017 -0.028 -0.028 -0.028]	0.74	1.67	1.76	0.42	0.02	0.05	0.01	0.11	0.82	0.37	0.2		0.34090368960602013	0.2	False	0.391
6	['Pt', 'Pd', 'Au', 'Ru', 'Rh', 'Ir', 'Re', 'Os']	6	[0.378 0.194 0.373 0.003 0.003 0.007 0.032 0.012]	[-0.01  -0.001  0.147 -0.074 -0.076  0.015  0.058 -0.059]	0.74	1.67	1.76	0.42	0.02	0.05	0.01	0.11	0.82	0.37	0.2		0.9662977181810659	0.2	False	0.134
7	['Pt', 'Pd', 'Au', 'Ru', 'Rh', 'Ir', 'Re', 'Os']	6	[0.353 0.216 0.094 0.04  0.05  0.045 0.061 0.144]	[ 0.103  0.062 -0.072  0.012  0.011  0.006  0.02  -0.141]	0.74	1.67	1.76	0.42	0.02	0.05	0.01	0.11	0.82	0.37	0.2		0.770625984916393	0.201	False	0.235
0	['Pt', 'Pd', 'Au', 'Ru', 'Rh', 'Ir', 'Re', 'Os']	7	[0.4   0.114 0.389 0.015 0.011 0.009 0.023 0.039]	[ 0.125 -0.088 -0.034 -0.06  -0.045 -0.003  0.005  0.099]	0.74	1.67	1.76	0.42	0.02	0.05	0.01	0.11	0.82	0.37	0.2		0.8908946438227099	0.2	False	0.183
1	['Pt', 'Pd', 'Au', 'Ru', 'Rh', 'Ir', 'Re', 'Os']	7	[0.372 0.127 0.478 0.001 0.006 0.007 0.009 0.002]	[-0.013 -0.048  0.144 -0.013 -0.001  0.001 -0.083  0.013]	0.74	1.67	1.76	0.42	0.02	0.05	0.01	0.11	0.82	0.37	0.2		0.8306670988602234	0.174	False	0.239
2	['Pt', 'Pd', 'Au', 'Ru', 'Rh', 'Ir', 'Re', 'Os']	7	[0.319 0.274 0.353 0.001 0.017 0.005 0.035 0.002]	[-0.134  0.139 -0.042 -0.     0.01  -0.006  0.021  0.013]	0.74	1.67	1.76	0.42	0.02	0.05	0.01	0.11	0.82	0.37	0.2		0.9614455639138544	0.2	False	0.124
3	['Pt', 'Pd', 'Au', 'Ru', 'Rh', 'Ir', 'Re', 'Os']	7	[0.347 0.145 0.461 0.001 0.023 0.009 0.005 0.01 ]	[-0.04  -0.058  0.149  0.035  0.021 -0.033 -0.051 -0.022]	0.74	1.67	1.76	0.42	0.02	0.05	0.01	0.11	0.82	0.37	0.2		0.8437109758979937	0.182	False	0.214
4	['Pt', 'Pd', 'Au', 'Ru', 'Rh', 'Ir', 'Re', 'Os']	7	[0.344 0.144 0.447 0.014 0.025 0.019 0.005 0.005]	[-0.028 -0.069  0.147  0.023  0.004  0.029 -0.05  -0.056]	0.74	1.67	1.76	0.42	0.02	0.05	0.01	0.11	0.82	0.37	0.2		0.8351167206324415	0.185	False	0.208
5	['Pt', 'Pd', 'Au', 'Ru', 'Rh', 'Ir', 'Re', 'Os']	7	[0.184 0.13  0.251 0.015 0.018 0.35  0.037 0.012]	[-0.034 -0.01  -0.004  0.015  0.009  0.012  0.017 -0.005]	0.74	1.67	1.76	0.42	0.02	0.05	0.01	0.11	0.82	0.37	0.2		0.27907669575994865	0.045	False	0.42
6	['Pt', 'Pd', 'Au', 'Ru', 'Rh', 'Ir', 'Re', 'Os']	7	[0.326 0.155 0.438 0.019 0.011 0.037 0.009 0.006]	[-0.057 -0.038  0.115  0.028  0.02  -0.065 -0.014  0.011]	0.74	1.67	1.76	0.42	0.02	0.05	0.01	0.11	0.82	0.37	0.2		0.8249359137158536	0.153	False	0.199
7	['Pt', 'Pd', 'Au', 'Ru', 'Rh', 'Ir', 'Re', 'Os']	7	[0.443 0.25  0.036 0.051 0.056 0.049 0.082 0.038]	[ 0.076  0.013  0.11  -0.013 -0.019 -0.021 -0.002 -0.145]	0.74	1.67	1.76	0.42	0.02	0.05	0.01	0.11	0.82	0.37	0.2		0.6846431287250038	0.2	False	0.312
0	['Pt', 'Pd', 'Au', 'Ru', 'Rh', 'Ir', 'Re', 'Os']	8	[0.284 0.265 0.359 0.021 0.001 0.006 0.017 0.045]	[-0.121  0.152 -0.033  0.026  0.004 -0.021 -0.009  0.003]	0.74	1.67	1.76	0.42	0.02	0.05	0.01	0.11	0.82	0.37	0.2		0.9595152747334843	0.2	False	0.109
1	['Pt', 'Pd', 'Au', 'Ru', 'Rh', 'Ir', 'Re', 'Os']	8	[0.334 0.255 0.333 0.004 0.021 0.001 0.023 0.031]	[-0.04   0.126 -0.147  0.002  0.013  0.005  0.012  0.027]	0.74	1.67	1.76	0.42	0.02	0.05	0.01	0.11	0.82	0.37	0.2		0.9987030916465602	0.201	False	0.084
2	['Pt', 'Pd', 'Au', 'Ru', 'Rh', 'Ir', 'Re', 'Os']	8	[0.308 0.284 0.324 0.001 0.002 0.015 0.023 0.046]	[-0.011  0.011 -0.03   0.    -0.021  0.016 -0.012  0.047]	0.74	1.67	1.76	0.42	0.02	0.05	0.01	0.11	0.82	0.37	0.2		0.9872437769956817	0.065	False	0.085
3	['Pt', 'Pd', 'Au', 'Ru', 'Rh', 'Ir', 'Re', 'Os']	8	[0.335 0.274 0.317 0.033 0.002 0.02  0.005 0.013]	[-0.013  0.128 -0.146  0.031 -0.027  0.01  -0.001  0.018]	0.74	1.67	1.76	0.42	0.02	0.05	0.01	0.11	0.82	0.37	0.2		0.9849253319698623	0.2	False	0.101
4	['Pt', 'Pd', 'Au', 'Ru', 'Rh', 'Ir', 'Re', 'Os']	8	[0.395 0.017 0.335 0.048 0.067 0.041 0.077 0.023]	[ 0.051 -0.127 -0.112  0.034  0.042  0.022  0.072  0.018]	0.74	1.67	1.76	0.42	0.02	0.05	0.01	0.11	0.82	0.37	0.2		0.6332239980744911	0.2	False	0.279
5	['Pt', 'Pd', 'Au', 'Ru', 'Rh', 'Ir', 'Re', 'Os']	8	[0.148 0.201 0.345 0.016 0.017 0.267 0.    0.002]	[-0.059  0.074  0.103  0.012 -0.023 -0.118  0.022 -0.011]	0.74	1.67	1.76	0.42	0.02	0.05	0.01	0.11	0.82	0.37	0.2		0.34332009016465	0.187	False	0.356
6	['Pt', 'Pd', 'Au', 'Ru', 'Rh', 'Ir', 'Re', 'Os']	8	[0.333 0.271 0.32  0.006 0.001 0.05  0.02  0.001]	[-0.     0.12  -0.139 -0.004 -0.028  0.071  0.004 -0.025]	0.74	1.67	1.76	0.42	0.02	0.05	0.01	0.11	0.82	0.37	0.2		0.9350010684807408	0.2	False	0.118
7	['Pt', 'Pd', 'Au', 'Ru', 'Rh', 'Ir', 'Re', 'Os']	8	[0.376 0.248 0.216 0.022 0.033 0.021 0.053 0.035]	[-0.067 -0.002  0.18  -0.029 -0.023 -0.028 -0.029 -0.003]	0.74	1.67	1.76	0.42	0.02	0.05	0.01	0.11	0.82	0.37	0.2		0.9335548709070662	0.2	False	0.13
0	['Pt', 'Pd', 'Au', 'Ru', 'Rh', 'Ir', 'Re', 'Os']	9	[0.281 0.346 0.265 0.002 0.025 0.039 0.002 0.042]	[-0.009  0.083 -0.107  0.012  0.021  0.031 -0.022 -0.009]	0.74	1.67	1.76	0.42	0.02	0.05	0.01	0.11	0.82	0.37	0.2		0.901337388313312	0.143	False	0.144
1	['Pt', 'Pd', 'Au', 'Ru', 'Rh', 'Ir', 'Re', 'Os']	9	[0.322 0.341 0.232 0.01  0.03  0.008 0.01  0.051]	[-0.012  0.086 -0.101  0.006  0.009  0.007 -0.013  0.02 ]	0.74	1.67	1.76	0.42	0.02	0.05	0.01	0.11	0.82	0.37	0.2		0.9645263339688963	0.136	False	0.131
2	['Pt', 'Pd', 'Au', 'Ru', 'Rh', 'Ir', 'Re', 'Os']	9	[0.36  0.229 0.302 0.009 0.014 0.045 0.003 0.039]	[ 0.053 -0.055 -0.022  0.007  0.012  0.03  -0.02  -0.007]	0.74	1.67	1.76	0.42	0.02	0.05	0.01	0.11	0.82	0.37	0.2		0.9661724490322745	0.088	False	0.081
3	['Pt', 'Pd', 'Au', 'Ru', 'Rh', 'Ir', 'Re', 'Os']	9	[0.337 0.335 0.245 0.    0.018 0.003 0.039 0.023]	[-0.017  0.062 -0.114  0.019  0.002  0.006  0.026  0.017]	0.74	1.67	1.76	0.42	0.02	0.05	0.01	0.11	0.82	0.37	0.2		0.9688122872916294	0.136	False	0.135
4	['Pt', 'Pd', 'Au', 'Ru', 'Rh', 'Ir', 'Re', 'Os']	9	[0.365 0.2   0.325 0.012 0.039 0.006 0.031 0.024]	[-0.03   0.183 -0.01  -0.036 -0.028 -0.035 -0.046  0.001]	0.74	1.67	1.76	0.42	0.02	0.05	0.01	0.11	0.82	0.37	0.2		0.9586370337657704	0.2	False	0.109
5	['Pt', 'Pd', 'Au', 'Ru', 'Rh', 'Ir', 'Re', 'Os']	9	[0.239 0.245 0.358 0.009 0.018 0.096 0.016 0.015]	[ 0.091  0.044  0.013 -0.007  0.001 -0.171  0.016  0.013]	0.74	1.67	1.76	0.42	0.02	0.05	0.01	0.11	0.82	0.37	0.2		0.7412011264248177	0.2	False	0.181
6	['Pt', 'Pd', 'Au', 'Ru', 'Rh', 'Ir', 'Re', 'Os']	9	[0.378 0.133 0.282 0.032 0.021 0.129 0.014 0.012]	[ 0.052 -0.149 -0.039  0.029 -0.027  0.09   0.029  0.015]	0.74	1.67	1.76	0.42	0.02	0.05	0.01	0.11	0.82	0.37	0.2		0.7265069390129875	0.193	False	0.202
7	['Pt', 'Pd', 'Au', 'Ru', 'Rh', 'Ir', 'Re', 'Os']	9	[0.393 0.219 0.36  0.003 0.008 0.012 0.008 0.002]	[-0.004 -0.064  0.163 -0.001 -0.016  0.007  0.011 -0.095]	0.74	1.67	1.76	0.42	0.02	0.05	0.01	0.11	0.82	0.37	0.2		0.9867046127349184	0.2	False	0.128
0	['Pt', 'Pd', 'Au', 'Ru', 'Rh', 'Ir', 'Re', 'Os']	10	[0.35  0.196 0.365 0.001 0.028 0.059 0.    0.004]	[ 0.059 -0.163  0.091 -0.014 -0.008  0.009 -0.009  0.035]	0.74	1.67	1.76	0.42	0.02	0.05	0.01	0.11	0.82	0.37	0.2		0.88449814764413	0.2	False	0.144
1	['Pt', 'Pd', 'Au', 'Ru', 'Rh', 'Ir', 'Re', 'Os']	10	[0.425 0.24  0.111 0.038 0.048 0.044 0.056 0.043]	[ 0.103 -0.101 -0.121  0.028  0.018  0.036  0.046 -0.008]	0.74	1.67	1.76	0.42	0.02	0.05	0.01	0.11	0.82	0.37	0.2		0.798765612737015	0.2	False	0.231
2	['Pt', 'Pd', 'Au', 'Ru', 'Rh', 'Ir', 'Re', 'Os']	10	[0.405 0.334 0.185 0.008 0.024 0.042 0.004 0.   ]	[ 0.039  0.102 -0.132 -0.01   0.002  0.071 -0.018 -0.053]	0.74	1.67	1.76	0.42	0.02	0.05	0.01	0.11	0.82	0.37	0.2		0.905331015020626	0.194	False	0.189
3	['Pt', 'Pd', 'Au', 'Ru', 'Rh', 'Ir', 'Re', 'Os']	10	[0.418 0.236 0.121 0.066 0.028 0.061 0.028 0.042]	[ 0.081 -0.099 -0.124  0.066  0.01   0.058 -0.011  0.019]	0.74	1.67	1.76	0.42	0.02	0.05	0.01	0.11	0.82	0.37	0.2		0.8098579552534739	0.2	False	0.223
4	['Pt', 'Pd', 'Au', 'Ru', 'Rh', 'Ir', 'Re', 'Os']	10	[0.41  0.044 0.404 0.001 0.006 0.009 0.102 0.025]	[ 0.036 -0.167  0.071 -0.022  0.034 -0.006  0.063 -0.008]	0.74	1.67	1.76	0.42	0.02	0.05	0.01	0.11	0.82	0.37	0.2		0.7475197924594952	0.2	False	0.27
5	['Pt', 'Pd', 'Au', 'Ru', 'Rh', 'Ir', 'Re', 'Os']	10	[0.376 0.231 0.349 0.006 0.001 0.032 0.001 0.002]	[ 0.132 -0.043 -0.037 -0.028 -0.051  0.11  -0.044 -0.041]	0.74	1.67	1.76	0.42	0.02	0.05	0.01	0.11	0.82	0.37	0.2		0.9733512291772879	0.2	False	0.119
6	['Pt', 'Pd', 'Au', 'Ru', 'Rh', 'Ir', 'Re', 'Os']	10	[0.416 0.074 0.409 0.013 0.011 0.002 0.044 0.029]	[ 0.007 -0.102  0.107 -0.057 -0.047  0.111 -0.002 -0.017]	0.74	1.67	1.76	0.42	0.02	0.05	0.01	0.11	0.82	0.37	0.2		0.8251849236377471	0.2	False	0.233
7	['Pt', 'Pd', 'Au', 'Ru', 'Rh', 'Ir', 'Re', 'Os']	10	[0.334 0.154 0.438 0.002 0.008 0.    0.016 0.055]	[-0.041 -0.048  0.109 -0.016 -0.031 -0.029 -0.007  0.062]	0.74	1.67	1.76	0.42	0.02	0.05	0.01	0.11	0.82	0.37	0.2		0.8966308027441601	0.148	False	0.176
0	['Pt', 'Pd', 'Au', 'Ru', 'Rh', 'Ir', 'Re', 'Os']	11	[0.28  0.237 0.346 0.007 0.032 0.045 0.007 0.05 ]	[-0.123  0.044 -0.046 -0.043  0.048  0.11  -0.042  0.051]	0.74	1.67	1.76	0.42	0.02	0.05	0.01	0.11	0.82	0.37	0.2		0.8889877171222811	0.2	False	0.113
1	['Pt', 'Pd', 'Au', 'Ru', 'Rh', 'Ir', 'Re', 'Os']	11	[0.372 0.218 0.289 0.004 0.011 0.016 0.084 0.011]	[-0.053 -0.022  0.178 -0.034 -0.037 -0.028  0.028 -0.032]	0.74	1.67	1.76	0.42	0.02	0.05	0.01	0.11	0.82	0.37	0.2		0.9370026932384394	0.2	False	0.13
2	['Pt', 'Pd', 'Au', 'Ru', 'Rh', 'Ir', 'Re', 'Os']	11	[0.446 0.219 0.313 0.004 0.005 0.001 0.001 0.015]	[ 0.043 -0.124  0.136  0.006  0.024 -0.056 -0.003 -0.025]	0.74	1.67	1.76	0.42	0.02	0.05	0.01	0.11	0.82	0.37	0.2		1.0114163403366685	0.2	False	0.133
3	['Pt', 'Pd', 'Au', 'Ru', 'Rh', 'Ir', 'Re', 'Os']	11	[0.346 0.213 0.285 0.079 0.004 0.058 0.009 0.004]	[-0.105 -0.05   0.158 -0.01   0.008 -0.028  0.012  0.015]	0.74	1.67	1.76	0.42	0.02	0.05	0.01	0.11	0.82	0.37	0.2		0.8835462951408422	0.2	False	0.143
4	['Pt', 'Pd', 'Au', 'Ru', 'Rh', 'Ir', 'Re', 'Os']	11	[0.373 0.208 0.348 0.004 0.025 0.018 0.012 0.013]	[-0.037  0.164 -0.056  0.003  0.019  0.009 -0.09  -0.012]	0.74	1.67	1.76	0.42	0.02	0.05	0.01	0.11	0.82	0.37	0.2		0.965095956429336	0.2	False	0.115
5	['Pt', 'Pd', 'Au', 'Ru', 'Rh', 'Ir', 'Re', 'Os']	11	[0.458 0.213 0.308 0.002 0.003 0.003 0.005 0.008]	[ 0.101 -0.021 -0.049 -0.016 -0.012  0.036 -0.014 -0.026]	0.74	1.67	1.76	0.42	0.02	0.05	0.01	0.11	0.82	0.37	0.2		0.9963165209800608	0.125	False	0.147
6	['Pt', 'Pd', 'Au', 'Ru', 'Rh', 'Ir', 'Re', 'Os']	11	[0.349 0.232 0.359 0.008 0.002 0.04  0.006 0.003]	[-0.079  0.156 -0.062  0.009  0.001  0.03  -0.067  0.012]	0.74	1.67	1.76	0.42	0.02	0.05	0.01	0.11	0.82	0.37	0.2		0.9462389876886679	0.2	False	0.122
7	['Pt', 'Pd', 'Au', 'Ru', 'Rh', 'Ir', 'Re', 'Os']	11	[0.323 0.193 0.416 0.015 0.004 0.022 0.015 0.018]	[ 0.011  0.093 -0.007 -0.026 -0.005 -0.084 -0.099  0.116]	0.74	1.67	1.76	0.42	0.02	0.05	0.01	0.11	0.82	0.37	0.2		0.9007035988604852	0.2	False	0.158
0	['Pt', 'Pd', 'Au', 'Ru', 'Rh', 'Ir', 'Re', 'Os']	12	[0.442 0.256 0.287 0.    0.007 0.003 0.001 0.009]	[ 0.161 -0.002 -0.09  -0.02   0.017  0.021 -0.017 -0.07 ]	0.74	1.67	1.76	0.42	0.02	0.05	0.01	0.11	0.82	0.37	0.2		1.016644467008791	0.2	False	0.13
1	['Pt', 'Pd', 'Au', 'Ru', 'Rh', 'Ir', 'Re', 'Os']	12	[0.37  0.2   0.388 0.001 0.018 0.001 0.024 0.003]	[-0.021 -0.044  0.124 -0.047 -0.056 -0.014  0.116 -0.058]	0.74	1.67	1.76	0.42	0.02	0.05	0.01	0.11	0.82	0.37	0.2		0.9567800369109403	0.2	False	0.145
2	['Pt', 'Pd', 'Au', 'Ru', 'Rh', 'Ir', 'Re', 'Os']	12	[0.529 0.148 0.223 0.024 0.017 0.018 0.024 0.021]	[ 0.084 -0.071 -0.09   0.02   0.012  0.014  0.023  0.006]	0.74	1.67	1.76	0.42	0.02	0.05	0.01	0.11	0.82	0.37	0.2		0.8499352937467213	0.147	False	0.237
3	['Pt', 'Pd', 'Au', 'Ru', 'Rh', 'Ir', 'Re', 'Os']	12	[0.376 0.222 0.364 0.013 0.005 0.008 0.01  0.001]	[ 0.013 -0.02   0.091  0.096 -0.078  0.056 -0.092 -0.065]	0.74	1.67	1.76	0.42	0.02	0.05	0.01	0.11	0.82	0.37	0.2		0.9854625564980337	0.2	False	0.125
4	['Pt', 'Pd', 'Au', 'Ru', 'Rh', 'Ir', 'Re', 'Os']	12	[0.443 0.284 0.224 0.008 0.002 0.    0.036 0.002]	[ 0.087  0.094 -0.136 -0.032 -0.    -0.009  0.042 -0.046]	0.74	1.67	1.76	0.42	0.02	0.05	0.01	0.11	0.82	0.37	0.2		0.977853174864431	0.2	False	0.163
5	['Pt', 'Pd', 'Au', 'Ru', 'Rh', 'Ir', 'Re', 'Os']	12	[0.395 0.23  0.306 0.001 0.014 0.032 0.002 0.02 ]	[-0.063  0.017 -0.002 -0.001  0.011  0.029 -0.003  0.012]	0.74	1.67	1.76	0.42	0.02	0.05	0.01	0.11	0.82	0.37	0.2		0.9856656379669968	0.073	False	0.1
6	['Pt', 'Pd', 'Au', 'Ru', 'Rh', 'Ir', 'Re', 'Os']	12	[0.207 0.296 0.304 0.029 0.046 0.018 0.018 0.082]	[-0.155  0.056 -0.066  0.012  0.035  0.044  0.003  0.071]	0.74	1.67	1.76	0.42	0.02	0.05	0.01	0.11	0.82	0.37	0.2		0.8164775610465774	0.2	False	0.163
7	['Pt', 'Pd', 'Au', 'Ru', 'Rh', 'Ir', 'Re', 'Os']	12	[0.444 0.233 0.287 0.001 0.01  0.008 0.012 0.01 ]	[ 0.124  0.036 -0.147 -0.003 -0.028  0.019  0.015 -0.016]	0.74	1.67	1.76	0.42	0.02	0.05	0.01	0.11	0.82	0.37	0.2		0.9990150458748042	0.2	False	0.133
0	['Pt', 'Pd', 'Au', 'Ru', 'Rh', 'Ir', 'Re', 'Os']	13	[0.541 0.23  0.198 0.005 0.001 0.003 0.005 0.022]	[ 0.12  -0.019 -0.089 -0.006 -0.011 -0.011 -0.015  0.031]	0.74	1.67	1.76	0.42	0.02	0.05	0.01	0.11	0.82	0.37	0.2		0.9028366599461282	0.156	False	0.231
1	['Pt', 'Pd', 'Au', 'Ru', 'Rh', 'Ir', 'Re', 'Os']	13	[0.326 0.328 0.25  0.009 0.008 0.004 0.057 0.02 ]	[-0.048  0.126 -0.143  0.003  0.019 -0.     0.03   0.014]	0.74	1.67	1.76	0.42	0.02	0.05	0.01	0.11	0.82	0.37	0.2		0.9572362159029097	0.2	False	0.138
2	['Pt', 'Pd', 'Au', 'Ru', 'Rh', 'Ir', 'Re', 'Os']	13	[0.546 0.196 0.226 0.006 0.006 0.002 0.022 0.   ]	[ 0.038  0.113  0.004  0.033 -0.017  0.002 -0.155 -0.017]	0.74	1.67	1.76	0.42	0.02	0.05	0.01	0.11	0.82	0.37	0.2		0.8823137770563652	0.2	False	0.24
3	['Pt', 'Pd', 'Au', 'Ru', 'Rh', 'Ir', 'Re', 'Os']	13	[0.473 0.224 0.239 0.005 0.01  0.006 0.039 0.004]	[ 0.127  0.012 -0.142 -0.025  0.012 -0.021  0.046 -0.01 ]	0.74	1.67	1.76	0.42	0.02	0.05	0.01	0.11	0.82	0.37	0.2		0.9481493134313179	0.2	False	0.174
4	['Pt', 'Pd', 'Au', 'Ru', 'Rh', 'Ir', 'Re', 'Os']	13	[0.487 0.258 0.221 0.014 0.004 0.009 0.001 0.008]	[ 0.085 -0.033  0.006  0.028 -0.042 -0.05   0.021 -0.015]	0.74	1.67	1.76	0.42	0.02	0.05	0.01	0.11	0.82	0.37	0.2		0.9592827832770301	0.118	False	0.184
5	['Pt', 'Pd', 'Au', 'Ru', 'Rh', 'Ir', 'Re', 'Os']	13	[0.239 0.329 0.303 0.032 0.02  0.02  0.044 0.011]	[-0.166  0.094 -0.01   0.024 -0.001  0.04   0.036 -0.016]	0.74	1.67	1.76	0.42	0.02	0.05	0.01	0.11	0.82	0.37	0.2		0.8364649333470682	0.2	False	0.174
6	['Pt', 'Pd', 'Au', 'Ru', 'Rh', 'Ir', 'Re', 'Os']	13	[0.385 0.241 0.313 0.002 0.012 0.013 0.011 0.024]	[ 0.178 -0.055  0.009 -0.027 -0.034 -0.005 -0.007 -0.058]	0.74	1.67	1.76	0.42	0.02	0.05	0.01	0.11	0.82	0.37	0.2		1.011940396897432	0.2	False	0.088
7	['Pt', 'Pd', 'Au', 'Ru', 'Rh', 'Ir', 'Re', 'Os']	13	[0.532 0.29  0.162 0.004 0.003 0.001 0.01  0.006]	[ 0.095  0.062 -0.133 -0.011  0.008 -0.022 -0.009  0.011]	0.74	1.67	1.76	0.42	0.02	0.05	0.01	0.11	0.82	0.37	0.2		0.8827068734301053	0.177	False	0.25
0	['Pt', 'Pd', 'Au', 'Ru', 'Rh', 'Ir', 'Re', 'Os']	14	[0.602 0.143 0.235 0.003 0.001 0.    0.007 0.015]	[ 0.125 -0.119  0.086  0.002 -0.036 -0.026 -0.012 -0.02 ]	0.74	1.67	1.76	0.42	0.02	0.05	0.01	0.11	0.82	0.37	0.2		0.8107333567737405	0.199	False	0.294
1	['Pt', 'Pd', 'Au', 'Ru', 'Rh', 'Ir', 'Re', 'Os']	14	[0.377 0.162 0.313 0.027 0.002 0.004 0.114 0.004]	[ 0.051 -0.171  0.063  0.026 -0.011  0.003  0.057 -0.018]	0.74	1.67	1.76	0.42	0.02	0.05	0.01	0.11	0.82	0.37	0.2		0.8822011121262188	0.2	False	0.178
2	['Pt', 'Pd', 'Au', 'Ru', 'Rh', 'Ir', 'Re', 'Os']	14	[0.39  0.256 0.315 0.001 0.004 0.    0.034 0.005]	[-0.16   0.06   0.09  -0.014 -0.016 -0.009  0.045  0.004]	0.74	1.67	1.76	0.42	0.02	0.05	0.01	0.11	0.82	0.37	0.2		1.0136996491285664	0.2	False	0.11
3	['Pt', 'Pd', 'Au', 'Ru', 'Rh', 'Ir', 'Re', 'Os']	14	[0.345 0.24  0.382 0.011 0.005 0.    0.002 0.012]	[-0.141  0.006  0.137  0.002 -0.015 -0.017  0.03  -0.002]	0.74	1.67	1.76	0.42	0.02	0.05	0.01	0.11	0.82	0.37	0.2		0.9901704131963616	0.2	False	0.121
4	['Pt', 'Pd', 'Au', 'Ru', 'Rh', 'Ir', 'Re', 'Os']	14	[0.514 0.159 0.29  0.002 0.011 0.017 0.005 0.009]	[ 0.053 -0.146  0.119 -0.007  0.008  0.024 -0.023 -0.028]	0.74	1.67	1.76	0.42	0.02	0.05	0.01	0.11	0.82	0.37	0.2		0.9064907618058646	0.2	False	0.21
5	['Pt', 'Pd', 'Au', 'Ru', 'Rh', 'Ir', 'Re', 'Os']	14	[0.411 0.24  0.307 0.001 0.005 0.012 0.01  0.012]	[ 0.172 -0.089  0.004 -0.031 -0.015 -0.008 -0.034  0.001]	0.74	1.67	1.76	0.42	0.02	0.05	0.01	0.11	0.82	0.37	0.2		1.0110122865406201	0.2	False	0.109
6	['Pt', 'Pd', 'Au', 'Ru', 'Rh', 'Ir', 'Re', 'Os']	14	[0.513 0.16  0.271 0.016 0.002 0.019 0.001 0.02 ]	[ 0.151 -0.096 -0.05   0.008  0.007 -0.017  0.002 -0.005]	0.74	1.67	1.76	0.42	0.02	0.05	0.01	0.11	0.82	0.37	0.2		0.9110075113183511	0.187	False	0.206
7	['Pt', 'Pd', 'Au', 'Ru', 'Rh', 'Ir', 'Re', 'Os']	14	[0.411 0.239 0.312 0.002 0.015 0.002 0.007 0.017]	[-0.122 -0.052  0.149  0.004  0.011  0.001 -0.004  0.01 ]	0.74	1.67	1.76	0.42	0.02	0.05	0.01	0.11	0.82	0.37	0.2		1.0206086961579823	0.2	False	0.106
0	['Pt', 'Pd', 'Au', 'Ru', 'Rh', 'Ir', 'Re', 'Os']	15	[0.443 0.226 0.321 0.001 0.003 0.003 0.001 0.008]	[-0.159  0.083  0.086 -0.004  0.002  0.002 -0.006 -0.007]	0.74	1.67	1.76	0.42	0.02	0.05	0.01	0.11	0.82	0.37	0.2		1.0109408867658127	0.199	False	0.135
1	['Pt', 'Pd', 'Au', 'Ru', 'Rh', 'Ir', 'Re', 'Os']	15	[0.373 0.23  0.334 0.002 0.004 0.015 0.04  0.007]	[-0.045  0.058 -0.009 -0.018 -0.036 -0.076  0.161 -0.035]	0.74	1.67	1.76	0.42	0.02	0.05	0.01	0.11	0.82	0.37	0.2		0.9805716568421132	0.2	False	0.112
2	['Pt', 'Pd', 'Au', 'Ru', 'Rh', 'Ir', 'Re', 'Os']	15	[0.312 0.271 0.367 0.013 0.01  0.001 0.005 0.028]	[-0.078  0.015  0.053  0.01   0.006 -0.002 -0.029  0.024]	0.74	1.67	1.76	0.42	0.02	0.05	0.01	0.11	0.82	0.37	0.2		0.9860998916370771	0.103	False	0.109
3	['Pt', 'Pd', 'Au', 'Ru', 'Rh', 'Ir', 'Re', 'Os']	15	[0.367 0.24  0.335 0.025 0.001 0.004 0.02  0.008]	[ 0.023 -0.002 -0.056  0.03  -0.007 -0.001  0.019 -0.007]	0.74	1.67	1.76	0.42	0.02	0.05	0.01	0.11	0.82	0.37	0.2		1.0036835016866184	0.071	False	0.105
4	['Pt', 'Pd', 'Au', 'Ru', 'Rh', 'Ir', 'Re', 'Os']	15	[0.563 0.207 0.2   0.003 0.    0.007 0.023 0.002]	[ 0.104  0.102 -0.119 -0.023 -0.01   0.014 -0.059 -0.01 ]	0.74	1.67	1.76	0.42	0.02	0.05	0.01	0.11	0.82	0.37	0.2		0.8539951426934467	0.2	False	0.26
5	['Pt', 'Pd', 'Au', 'Ru', 'Rh', 'Ir', 'Re', 'Os']	15	[0.525 0.168 0.269 0.013 0.002 0.006 0.006 0.01 ]	[ 0.119 -0.082 -0.045  0.004 -0.007  0.01   0.008 -0.006]	0.74	1.67	1.76	0.42	0.02	0.05	0.01	0.11	0.82	0.37	0.2		0.9122212362714652	0.153	False	0.216
6	['Pt', 'Pd', 'Au', 'Ru', 'Rh', 'Ir', 'Re', 'Os']	15	[0.4   0.045 0.363 0.023 0.056 0.024 0.041 0.05 ]	[-0.113 -0.115  0.092  0.007  0.054  0.005  0.04   0.03 ]	0.74	1.67	1.76	0.42	0.02	0.05	0.01	0.11	0.82	0.37	0.2		0.742848955317194	0.2	False	0.239
7	['Pt', 'Pd', 'Au', 'Ru', 'Rh', 'Ir', 'Re', 'Os']	15	[0.323 0.212 0.434 0.001 0.023 0.002 0.003 0.009]	[-0.089 -0.028  0.121  0.002  0.007 -0.001 -0.005 -0.009]	0.74	1.67	1.76	0.42	0.02	0.05	0.01	0.11	0.82	0.37	0.2		0.9129771435096712	0.153	False	0.17
0	['Pt', 'Pd', 'Au', 'Ru', 'Rh', 'Ir', 'Re', 'Os']	16	[0.309 0.358 0.308 0.007 0.013 0.004 0.001 0.005]	[-0.134  0.132 -0.013  0.006  0.01   0.001 -0.001 -0.003]	0.74	1.67	1.76	0.42	0.02	0.05	0.01	0.11	0.82	0.37	0.2		0.9579026126090071	0.189	False	0.151
1	['Pt', 'Pd', 'Au', 'Ru', 'Rh', 'Ir', 'Re', 'Os']	16	[0.375 0.264 0.263 0.002 0.022 0.075 0.001 0.   ]	[ 0.021  0.061 -0.072 -0.015 -0.041  0.098 -0.031 -0.021]	0.74	1.67	1.76	0.42	0.02	0.05	0.01	0.11	0.82	0.37	0.2		0.9055957383784521	0.15	False	0.135
2	['Pt', 'Pd', 'Au', 'Ru', 'Rh', 'Ir', 'Re', 'Os']	16	[0.481 0.222 0.284 0.007 0.001 0.001 0.01  0.001]	[ 0.164 -0.058 -0.093  0.009 -0.023 -0.013 -0.003  0.017]	0.74	1.67	1.76	0.42	0.02	0.05	0.01	0.11	0.82	0.37	0.2		0.9817867886193423	0.2	False	0.168
3	['Pt', 'Pd', 'Au', 'Ru', 'Rh', 'Ir', 'Re', 'Os']	16	[0.485 0.158 0.319 0.007 0.004 0.001 0.007 0.018]	[ 0.16  -0.095 -0.011  0.034 -0.031 -0.023  0.006 -0.04 ]	0.74	1.67	1.76	0.42	0.02	0.05	0.01	0.11	0.82	0.37	0.2		0.9491425725803952	0.198	False	0.184
4	['Pt', 'Pd', 'Au', 'Ru', 'Rh', 'Ir', 'Re', 'Os']	16	[0.412 0.307 0.278 0.002 0.002 0.    0.002 0.001]	[-0.158  0.095  0.073 -0.003 -0.006 -0.014  0.018 -0.007]	0.74	1.67	1.76	0.42	0.02	0.05	0.01	0.11	0.82	0.37	0.2		1.021583395430306	0.2	False	0.132
5	['Pt', 'Pd', 'Au', 'Ru', 'Rh', 'Ir', 'Re', 'Os']	16	[0.384 0.298 0.226 0.001 0.02  0.023 0.023 0.023]	[-0.141  0.13  -0.043 -0.012  0.018  0.017  0.017  0.013]	0.74	1.67	1.76	0.42	0.02	0.05	0.01	0.11	0.82	0.37	0.2		0.9703908300016761	0.2	False	0.128
6	['Pt', 'Pd', 'Au', 'Ru', 'Rh', 'Ir', 'Re', 'Os']	16	[0.394 0.23  0.334 0.    0.014 0.006 0.007 0.018]	[-0.006  0.185 -0.029 -0.023 -0.042 -0.018 -0.034 -0.032]	0.74	1.67	1.76	0.42	0.02	0.05	0.01	0.11	0.82	0.37	0.2		1.0119216212698423	0.2	False	0.102
7	['Pt', 'Pd', 'Au', 'Ru', 'Rh', 'Ir', 'Re', 'Os']	16	[0.459 0.243 0.292 0.001 0.003 0.003 0.003 0.005]	[ 0.136  0.031 -0.143  0.002 -0.021  0.001 -0.001 -0.005]	0.74	1.67	1.76	0.42	0.02	0.05	0.01	0.11	0.82	0.37	0.2		1.0062362584218594	0.2	False	0.145
0	['Pt', 'Pd', 'Au', 'Ru', 'Rh', 'Ir', 'Re', 'Os']	17	[0.476 0.264 0.259 0.003 0.    0.001 0.002 0.001]	[ 0.165 -0.098 -0.053  0.005  0.006 -0.001 -0.01  -0.013]	0.74	1.67	1.76	0.42	0.02	0.05	0.01	0.11	0.82	0.37	0.2		0.9919278870256376	0.2	False	0.166
1	['Pt', 'Pd', 'Au', 'Ru', 'Rh', 'Ir', 'Re', 'Os']	17	[0.348 0.293 0.283 0.01  0.006 0.047 0.011 0.003]	[-0.045  0.043  0.029 -0.068  0.001  0.154 -0.07  -0.045]	0.74	1.67	1.76	0.42	0.02	0.05	0.01	0.11	0.82	0.37	0.2		0.9492314087767897	0.2	False	0.118
2	['Pt', 'Pd', 'Au', 'Ru', 'Rh', 'Ir', 'Re', 'Os']	17	[0.353 0.369 0.25  0.002 0.002 0.008 0.019 0.008]	[-0.131  0.146 -0.036  0.005 -0.001  0.004  0.007  0.005]	0.74	1.67	1.76	0.42	0.02	0.05	0.01	0.11	0.82	0.37	0.2		0.9665697520552934	0.2	False	0.16
3	['Pt', 'Pd', 'Au', 'Ru', 'Rh', 'Ir', 'Re', 'Os']	17	[0.378 0.315 0.281 0.006 0.004 0.001 0.002 0.013]	[-0.114  0.156 -0.043 -0.006  0.001 -0.007 -0.01   0.022]	0.74	1.67	1.76	0.42	0.02	0.05	0.01	0.11	0.82	0.37	0.2		1.0247879336665369	0.2	False	0.114
4	['Pt', 'Pd', 'Au', 'Ru', 'Rh', 'Ir', 'Re', 'Os']	17	[0.291 0.371 0.323 0.002 0.008 0.002 0.003 0.005]	[-0.121  0.07   0.051 -0.004  0.009  0.002 -0.001 -0.007]	0.74	1.67	1.76	0.42	0.02	0.05	0.01	0.11	0.82	0.37	0.2		0.9358198612102471	0.149	False	0.167
5	['Pt', 'Pd', 'Au', 'Ru', 'Rh', 'Ir', 'Re', 'Os']	17	[0.348 0.275 0.357 0.011 0.001 0.002 0.    0.003]	[-0.062 -0.043  0.176 -0.054 -0.01   0.005 -0.007 -0.005]	0.74	1.67	1.76	0.42	0.02	0.05	0.01	0.11	0.82	0.37	0.2		1.0057173008674642	0.2	False	0.116
6	['Pt', 'Pd', 'Au', 'Ru', 'Rh', 'Ir', 'Re', 'Os']	17	[0.387 0.38  0.225 0.    0.003 0.007 0.002 0.   ]	[-0.011  0.157 -0.12  -0.018  0.009 -0.016 -0.003  0.001]	0.74	1.67	1.76	0.42	0.02	0.05	0.01	0.11	0.82	0.37	0.2		0.9570650282783395	0.199	False	0.184
7	['Pt', 'Pd', 'Au', 'Ru', 'Rh', 'Ir', 'Re', 'Os']	17	[0.441 0.081 0.245 0.045 0.049 0.036 0.051 0.06 ]	[-0.018 -0.162 -0.047  0.044  0.046  0.033  0.048  0.055]	0.74	1.67	1.76	0.42	0.02	0.05	0.01	0.11	0.82	0.37	0.2		0.7703088845372956	0.198	False	0.223
0	['Pt', 'Pd', 'Au', 'Ru', 'Rh', 'Ir', 'Re', 'Os']	18	[0.326 0.304 0.321 0.002 0.02  0.    0.009 0.026]	[-0.15   0.04   0.062 -0.005  0.02  -0.001  0.008  0.025]	0.74	1.67	1.76	0.42	0.02	0.05	0.01	0.11	0.82	0.37	0.2		1.0036955042328821	0.171	False	0.099
1	['Pt', 'Pd', 'Au', 'Ru', 'Rh', 'Ir', 'Re', 'Os']	18	[0.369 0.321 0.172 0.04  0.033 0.017 0.004 0.046]	[ 0.026  0.033 -0.119  0.041  0.032 -0.073  0.011  0.05 ]	0.74	1.67	1.76	0.42	0.02	0.05	0.01	0.11	0.82	0.37	0.2		0.9373360864524487	0.163	False	0.166
2	['Pt', 'Pd', 'Au', 'Ru', 'Rh', 'Ir', 'Re', 'Os']	18	[0.269 0.417 0.295 0.001 0.011 0.006 0.002 0.01 ]	[-0.115  0.108  0.103 -0.035 -0.025  0.02  -0.015 -0.042]	0.74	1.67	1.76	0.42	0.02	0.05	0.01	0.11	0.82	0.37	0.2		0.8701929971259943	0.2	False	0.207
3	['Pt', 'Pd', 'Au', 'Ru', 'Rh', 'Ir', 'Re', 'Os']	18	[0.31  0.199 0.292 0.015 0.045 0.034 0.03  0.076]	[-0.068 -0.116  0.011  0.009  0.041  0.033  0.028  0.063]	0.74	1.67	1.76	0.42	0.02	0.05	0.01	0.11	0.82	0.37	0.2		0.9011585052844524	0.161	False	0.096
4	['Pt', 'Pd', 'Au', 'Ru', 'Rh', 'Ir', 'Re', 'Os']	18	[0.456 0.283 0.256 0.    0.006 0.    0.002 0.001]	[ 0.165 -0.089 -0.068 -0.006  0.011 -0.002 -0.008 -0.005]	0.74	1.67	1.76	0.42	0.02	0.05	0.01	0.11	0.82	0.37	0.2		1.001060140349914	0.2	False	0.155
5	['Pt', 'Pd', 'Au', 'Ru', 'Rh', 'Ir', 'Re', 'Os']	18	[0.446 0.257 0.221 0.056 0.012 0.002 0.001 0.003]	[ 0.112 -0.01  -0.133  0.06  -0.019 -0.012 -0.008  0.009]	0.74	1.67	1.76	0.42	0.02	0.05	0.01	0.11	0.82	0.37	0.2		0.9736298873345002	0.186	False	0.168
6	['Pt', 'Pd', 'Au', 'Ru', 'Rh', 'Ir', 'Re', 'Os']	18	[0.373 0.229 0.352 0.    0.021 0.001 0.004 0.024]	[-0.013 -0.15   0.129  0.001  0.019 -0.007  0.003  0.018]	0.74	1.67	1.76	0.42	0.02	0.05	0.01	0.11	0.82	0.37	0.2		1.0083966183091522	0.2	False	0.1
7	['Pt', 'Pd', 'Au', 'Ru', 'Rh', 'Ir', 'Re', 'Os']	18	[0.394 0.258 0.202 0.014 0.021 0.011 0.083 0.024]	[-0.047  0.177 -0.043 -0.031 -0.028 -0.025  0.032 -0.036]	0.74	1.67	1.76	0.42	0.02	0.05	0.01	0.11	0.82	0.37	0.2		0.9239749678701714	0.2	False	0.158
0	['Pt', 'Pd', 'Au', 'Ru', 'Rh', 'Ir', 'Re', 'Os']	19	[0.459 0.158 0.352 0.003 0.017 0.001 0.    0.018]	[ 0.133 -0.146  0.031  0.004 -0.003  0.001 -0.009 -0.008]	0.74	1.67	1.76	0.42	0.02	0.05	0.01	0.11	0.82	0.37	0.2		0.9540549590666143	0.2	False	0.173
1	['Pt', 'Pd', 'Au', 'Ru', 'Rh', 'Ir', 'Re', 'Os']	19	[0.343 0.217 0.323 0.07  0.003 0.03  0.004 0.012]	[-0.028 -0.108  0.151  0.028 -0.032  0.037 -0.011 -0.037]	0.74	1.67	1.76	0.42	0.02	0.05	0.01	0.11	0.82	0.37	0.2		0.940616313441557	0.2	False	0.123
2	['Pt', 'Pd', 'Au', 'Ru', 'Rh', 'Ir', 'Re', 'Os']	19	[0.371 0.255 0.351 0.007 0.005 0.003 0.014 0.005]	[ 0.102 -0.162  0.056  0.006 -0.006 -0.003  0.012 -0.005]	0.74	1.67	1.76	0.42	0.02	0.05	0.01	0.11	0.82	0.37	0.2		1.0099361631908068	0.2	False	0.111
3	['Pt', 'Pd', 'Au', 'Ru', 'Rh', 'Ir', 'Re', 'Os']	19	[0.394 0.278 0.317 0.002 0.009 0.001 0.    0.   ]	[ 0.108  0.096 -0.04  -0.091 -0.04  -0.033 -0.058  0.058]	0.74	1.67	1.76	0.42	0.02	0.05	0.01	0.11	0.82	0.37	0.2		1.0236347303649802	0.2	False	0.114
4	['Pt', 'Pd', 'Au', 'Ru', 'Rh', 'Ir', 'Re', 'Os']	19	[0.303 0.317 0.361 0.006 0.012 0.    0.001 0.003]	[-0.154  0.044  0.119  0.006 -0.01   0.     0.004 -0.008]	0.74	1.67	1.76	0.42	0.02	0.05	0.01	0.11	0.82	0.37	0.2		0.9636705569563861	0.2	False	0.141
5	['Pt', 'Pd', 'Au', 'Ru', 'Rh', 'Ir', 'Re', 'Os']	19	[0.368 0.206 0.365 0.03  0.002 0.007 0.001 0.019]	[-0.09  -0.061  0.145  0.073 -0.033 -0.026 -0.018  0.01 ]	0.74	1.67	1.76	0.42	0.02	0.05	0.01	0.11	0.82	0.37	0.2		0.9863911830365988	0.201	False	0.118
6	['Pt', 'Pd', 'Au', 'Ru', 'Rh', 'Ir', 'Re', 'Os']	19	[0.354 0.175 0.373 0.007 0.022 0.022 0.011 0.041]	[-0.019 -0.054  0.021  0.007  0.001  0.021  0.007  0.017]	0.74	1.67	1.76	0.42	0.02	0.05	0.01	0.11	0.82	0.37	0.2		0.9340222382296672	0.067	False	0.125
7	['Pt', 'Pd', 'Au', 'Ru', 'Rh', 'Ir', 'Re', 'Os']	19	[0.382 0.26  0.343 0.    0.004 0.005 0.003 0.01 ]	[-0.035 -0.018  0.149 -0.01  -0.067 -0.019  0.076 -0.076]	0.74	1.67	1.76	0.42	0.02	0.05	0.01	0.11	0.82	0.37	0.2		1.0219317139423192	0.2	False	0.105
0	['Pt', 'Pd', 'Au', 'Ru', 'Rh', 'Ir', 'Re', 'Os']	20	[0.414 0.325 0.26  0.001 0.    0.    0.    0.006]	[-0.052  0.164 -0.1   -0.009  0.006 -0.011 -0.011  0.015]	0.74	1.67	1.76	0.42	0.02	0.05	0.01	0.11	0.82	0.37	0.2		1.0160305845637336	0.2	False	0.142
1	['Pt', 'Pd', 'Au', 'Ru', 'Rh', 'Ir', 'Re', 'Os']	20	[0.365 0.121 0.364 0.071 0.001 0.063 0.001 0.015]	[ 0.02  -0.119  0.043  0.134 -0.028  0.033 -0.029 -0.054]	0.74	1.67	1.76	0.42	0.02	0.05	0.01	0.11	0.82	0.37	0.2		0.8117957809670939	0.2	False	0.193
2	['Pt', 'Pd', 'Au', 'Ru', 'Rh', 'Ir', 'Re', 'Os']	20	[0.526 0.211 0.236 0.008 0.001 0.002 0.023 0.002]	[ 0.154 -0.046 -0.118  0.009 -0.006  0.001  0.007 -0.001]	0.74	1.67	1.76	0.42	0.02	0.05	0.01	0.11	0.82	0.37	0.2		0.9177543044399015	0.2	False	0.216
3	['Pt', 'Pd', 'Au', 'Ru', 'Rh', 'Ir', 'Re', 'Os']	20	[0.395 0.367 0.182 0.034 0.003 0.011 0.004 0.008]	[ 0.013  0.12  -0.153  0.032 -0.005 -0.021 -0.007  0.021]	0.74	1.67	1.76	0.42	0.02	0.05	0.01	0.11	0.82	0.37	0.2		0.9372624045715792	0.2	False	0.199
4	['Pt', 'Pd', 'Au', 'Ru', 'Rh', 'Ir', 'Re', 'Os']	20	[0.412 0.21  0.364 0.002 0.003 0.003 0.005 0.004]	[ 0.154 -0.119  0.02  -0.011  0.018 -0.025 -0.025 -0.013]	0.74	1.67	1.76	0.42	0.02	0.05	0.01	0.11	0.82	0.37	0.2		0.9959433864098763	0.2	False	0.137
5	['Pt', 'Pd', 'Au', 'Ru', 'Rh', 'Ir', 'Re', 'Os']	20	[0.33  0.278 0.367 0.    0.003 0.002 0.012 0.007]	[-0.059  0.161  0.021  0.029 -0.061 -0.019 -0.073 -0.001]	0.74	1.67	1.76	0.42	0.02	0.05	0.01	0.11	0.82	0.37	0.2		0.9900708968007992	0.2	False	0.12
6	['Pt', 'Pd', 'Au', 'Ru', 'Rh', 'Ir', 'Re', 'Os']	20	[0.413 0.317 0.254 0.004 0.006 0.007 0.002 0.002]	[ 0.059  0.142 -0.119 -0.003 -0.016 -0.015 -0.009 -0.039]	0.74	1.67	1.76	0.42	0.02	0.05	0.01	0.11	0.82	0.37	0.2		1.0033333724173763	0.2	False	0.142
7	['Pt', 'Pd', 'Au', 'Ru', 'Rh', 'Ir', 'Re', 'Os']	20	[0.333 0.258 0.335 0.024 0.006 0.006 0.001 0.044]	[-0.061  0.026  0.015 -0.061  0.002 -0.031  0.021  0.09 ]	0.74	1.67	1.76	0.42	0.02	0.05	0.01	0.11	0.82	0.37	0.2		1.015037881790989	0.134	False	0.073
0	['Pt', 'Pd', 'Au', 'Ru', 'Rh', 'Ir', 'Re', 'Os']	21	[0.4   0.343 0.235 0.008 0.014 0.002 0.001 0.003]	[-0.014  0.022 -0.027  0.008  0.018 -0.003 -0.005  0.001]	0.74	1.67	1.76	0.42	0.02	0.05	0.01	0.11	0.82	0.37	0.2		0.987790894132262	0.043	False	0.158
1	['Pt', 'Pd', 'Au', 'Ru', 'Rh', 'Ir', 'Re', 'Os']	21	[0.383 0.288 0.295 0.02  0.003 0.002 0.004 0.004]	[ 0.003  0.156 -0.087 -0.068 -0.014  0.05  -0.013 -0.027]	0.74	1.67	1.76	0.42	0.02	0.05	0.01	0.11	0.82	0.37	0.2		1.0234126748833747	0.2	False	0.11
2	['Pt', 'Pd', 'Au', 'Ru', 'Rh', 'Ir', 'Re', 'Os']	21	[0.608 0.228 0.155 0.001 0.002 0.004 0.007 0.002]	[ 0.152  0.048 -0.111 -0.004 -0.025 -0.017 -0.007 -0.036]	0.74	1.67	1.76	0.42	0.02	0.05	0.01	0.11	0.82	0.37	0.2		0.7849500588544824	0.2	False	0.313
3	['Pt', 'Pd', 'Au', 'Ru', 'Rh', 'Ir', 'Re', 'Os']	21	[0.368 0.274 0.308 0.022 0.016 0.002 0.006 0.008]	[-0.026 -0.103  0.152  0.054 -0.035  0.009 -0.027 -0.024]	0.74	1.67	1.76	0.42	0.02	0.05	0.01	0.11	0.82	0.37	0.2		1.0143885308899578	0.2	False	0.101
4	['Pt', 'Pd', 'Au', 'Ru', 'Rh', 'Ir', 'Re', 'Os']	21	[0.444 0.329 0.21  0.    0.002 0.008 0.004 0.003]	[ 0.033  0.121 -0.155 -0.    -0.003  0.007 -0.    -0.003]	0.74	1.67	1.76	0.42	0.02	0.05	0.01	0.11	0.82	0.37	0.2		0.9677656045404079	0.2	False	0.181
5	['Pt', 'Pd', 'Au', 'Ru', 'Rh', 'Ir', 'Re', 'Os']	21	[0.428 0.332 0.211 0.003 0.005 0.006 0.014 0.001]	[ 0.104  0.059 -0.157 -0.01   0.006 -0.011  0.022 -0.014]	0.74	1.67	1.76	0.42	0.02	0.05	0.01	0.11	0.82	0.37	0.2		0.9682162161199381	0.2	False	0.175
6	['Pt', 'Pd', 'Au', 'Ru', 'Rh', 'Ir', 'Re', 'Os']	21	[0.383 0.306 0.272 0.01  0.023 0.007 0.003 0.001]	[-0.035 -0.013  0.021  0.007  0.025 -0.    -0.004 -0.001]	0.74	1.67	1.76	0.42	0.02	0.05	0.01	0.11	0.82	0.37	0.2		1.0000291886524726	0.05	False	0.124
7	['Pt', 'Pd', 'Au', 'Ru', 'Rh', 'Ir', 'Re', 'Os']	21	[0.392 0.301 0.201 0.042 0.004 0.007 0.025 0.036]	[ 0.083  0.064 -0.149  0.067 -0.022 -0.002 -0.043  0.002]	0.74	1.67	1.76	0.42	0.02	0.05	0.01	0.11	0.82	0.37	0.2		0.9852385892990672	0.2	False	0.144
0	['Pt', 'Pd', 'Au', 'Ru', 'Rh', 'Ir', 'Re', 'Os']	22	[0.405 0.197 0.37  0.014 0.001 0.002 0.003 0.015]	[ 0.005 -0.146  0.135  0.006 -0.013  0.     0.002  0.012]	0.74	1.67	1.76	0.42	0.02	0.05	0.01	0.11	0.82	0.37	0.2		0.9940000748296813	0.2	False	0.135
1	['Pt', 'Pd', 'Au', 'Ru', 'Rh', 'Ir', 'Re', 'Os']	22	[0.354 0.382 0.211 0.026 0.006 0.009 0.006 0.002]	[-0.03   0.109 -0.092  0.041 -0.016  0.011 -0.015 -0.009]	0.74	1.67	1.76	0.42	0.02	0.05	0.01	0.11	0.82	0.37	0.2		0.9326894695343588	0.154	False	0.189
2	['Pt', 'Pd', 'Au', 'Ru', 'Rh', 'Ir', 'Re', 'Os']	22	[0.445 0.278 0.259 0.005 0.    0.002 0.013 0.005]	[-0.164  0.049  0.103  0.003  0.001  0.004  0.005  0.002]	0.74	1.67	1.76	0.42	0.02	0.05	0.01	0.11	0.82	0.37	0.2		1.0076215108316589	0.2	False	0.144
3	['Pt', 'Pd', 'Au', 'Ru', 'Rh', 'Ir', 'Re', 'Os']	22	[0.35  0.274 0.313 0.    0.037 0.019 0.004 0.006]	[-0.016  0.016  0.025 -0.028  0.08  -0.055  0.002 -0.025]	0.74	1.67	1.76	0.42	0.02	0.05	0.01	0.11	0.82	0.37	0.2		0.9752237391537131	0.109	False	0.106
4	['Pt', 'Pd', 'Au', 'Ru', 'Rh', 'Ir', 'Re', 'Os']	22	[0.306 0.31  0.35  0.018 0.005 0.004 0.004 0.003]	[-0.139 -0.019  0.141  0.018  0.004  0.009 -0.004 -0.01 ]	0.74	1.67	1.76	0.42	0.02	0.05	0.01	0.11	0.82	0.37	0.2		0.9678580870862303	0.2	False	0.134
5	['Pt', 'Pd', 'Au', 'Ru', 'Rh', 'Ir', 'Re', 'Os']	22	[0.393 0.208 0.363 0.012 0.004 0.003 0.004 0.012]	[-0.036 -0.125  0.151  0.008 -0.002  0.007 -0.011  0.01 ]	0.74	1.67	1.76	0.42	0.02	0.05	0.01	0.11	0.82	0.37	0.2		0.9971144284082951	0.2	False	0.125
6	['Pt', 'Pd', 'Au', 'Ru', 'Rh', 'Ir', 'Re', 'Os']	22	[0.352 0.173 0.405 0.008 0.016 0.007 0.002 0.043]	[-0.036 -0.139  0.129 -0.007  0.03  -0.005 -0.01   0.037]	0.74	1.67	1.76	0.42	0.02	0.05	0.01	0.11	0.82	0.37	0.2		0.9391060667406077	0.2	False	0.143
7	['Pt', 'Pd', 'Au', 'Ru', 'Rh', 'Ir', 'Re', 'Os']	22	[0.355 0.238 0.326 0.042 0.006 0.013 0.019 0.008]	[-0.057 -0.09   0.155 -0.008 -0.033 -0.034  0.032  0.036]	0.74	1.67	1.76	0.42	0.02	0.05	0.01	0.11	0.82	0.37	0.2		0.9816939698989087	0.2	False	0.108
0	['Pt', 'Pd', 'Au', 'Ru', 'Rh', 'Ir', 'Re', 'Os']	23	[0.472 0.297 0.214 0.011 0.003 0.    0.006 0.001]	[ 0.067  0.1   -0.157  0.02  -0.008 -0.007  0.002 -0.018]	0.74	1.67	1.76	0.42	0.02	0.05	0.01	0.11	0.82	0.37	0.2		0.9691014829496098	0.2	False	0.186
1	['Pt', 'Pd', 'Au', 'Ru', 'Rh', 'Ir', 'Re', 'Os']	23	[0.449 0.233 0.299 0.005 0.009 0.    0.001 0.   ]	[ 0.093 -0.152  0.086 -0.024  0.009  0.004 -0.011 -0.006]	0.74	1.67	1.76	0.42	0.02	0.05	0.01	0.11	0.82	0.37	0.2		1.003491701314757	0.2	False	0.142
2	['Pt', 'Pd', 'Au', 'Ru', 'Rh', 'Ir', 'Re', 'Os']	23	[0.287 0.289 0.379 0.003 0.005 0.002 0.036 0.007]	[-0.159  0.01   0.119  0.006  0.004 -0.001  0.022  0.001]	0.74	1.67	1.76	0.42	0.02	0.05	0.01	0.11	0.82	0.37	0.2		0.9346016255503053	0.2	False	0.147
3	['Pt', 'Pd', 'Au', 'Ru', 'Rh', 'Ir', 'Re', 'Os']	23	[0.454 0.303 0.189 0.002 0.009 0.037 0.003 0.005]	[ 0.12   0.036 -0.135 -0.023  0.023  0.048 -0.032 -0.037]	0.74	1.67	1.76	0.42	0.02	0.05	0.01	0.11	0.82	0.37	0.2		0.9229406626589267	0.199	False	0.191
4	['Pt', 'Pd', 'Au', 'Ru', 'Rh', 'Ir', 'Re', 'Os']	23	[0.47  0.268 0.25  0.002 0.006 0.    0.001 0.003]	[ 0.162 -0.047 -0.105  0.014  0.004 -0.011 -0.009 -0.007]	0.74	1.67	1.76	0.42	0.02	0.05	0.01	0.11	0.82	0.37	0.2		0.991264074532517	0.2	False	0.163
5	['Pt', 'Pd', 'Au', 'Ru', 'Rh', 'Ir', 'Re', 'Os']	23	[0.315 0.326 0.232 0.003 0.032 0.03  0.036 0.027]	[-0.078  0.118 -0.131 -0.009  0.028  0.027  0.032  0.015]	0.74	1.67	1.76	0.42	0.02	0.05	0.01	0.11	0.82	0.37	0.2		0.9119882961082018	0.2	False	0.142
6	['Pt', 'Pd', 'Au', 'Ru', 'Rh', 'Ir', 'Re', 'Os']	23	[0.438 0.275 0.261 0.004 0.008 0.004 0.007 0.009]	[ 0.084  0.1   -0.146  0.009 -0.01  -0.005  0.003 -0.036]	0.74	1.67	1.76	0.42	0.02	0.05	0.01	0.11	0.82	0.37	0.2		1.0097170891941742	0.2	False	0.135
7	['Pt', 'Pd', 'Au', 'Ru', 'Rh', 'Ir', 'Re', 'Os']	23	[0.426 0.227 0.277 0.036 0.004 0.012 0.02  0.004]	[ 0.122  0.006 -0.047  0.1   -0.027 -0.004 -0.092 -0.058]	0.74	1.67	1.76	0.42	0.02	0.05	0.01	0.11	0.82	0.37	0.2		0.9861178877793786	0.199	False	0.134
0	['Pt', 'Pd', 'Au', 'Ru', 'Rh', 'Ir', 'Re', 'Os']	24	[0.371 0.271 0.329 0.012 0.004 0.001 0.    0.011]	[-0.105 -0.029  0.114  0.017 -0.002 -0.005  0.002  0.008]	0.74	1.67	1.76	0.42	0.02	0.05	0.01	0.11	0.82	0.37	0.2		1.0270697673881795	0.158	False	0.099
1	['Pt', 'Pd', 'Au', 'Ru', 'Rh', 'Ir', 'Re', 'Os']	24	[0.373 0.303 0.289 0.    0.003 0.007 0.002 0.017]	[-0.078  0.068 -0.012 -0.007  0.009  0.005 -0.001  0.015]	0.74	1.67	1.76	0.42	0.02	0.05	0.01	0.11	0.82	0.37	0.2		1.0240707224887493	0.106	False	0.102
2	['Pt', 'Pd', 'Au', 'Ru', 'Rh', 'Ir', 'Re', 'Os']	24	[0.441 0.258 0.256 0.002 0.    0.003 0.046 0.001]	[ 0.153 -0.032 -0.124  0.003 -0.006  0.003  0.009 -0.007]	0.74	1.67	1.76	0.42	0.02	0.05	0.01	0.11	0.82	0.37	0.2		0.9852655304016504	0.2	False	0.149
3	['Pt', 'Pd', 'Au', 'Ru', 'Rh', 'Ir', 'Re', 'Os']	24	[0.359 0.276 0.328 0.005 0.001 0.017 0.004 0.013]	[-0.098 -0.024  0.157 -0.01  -0.028  0.052 -0.012 -0.036]	0.74	1.67	1.76	0.42	0.02	0.05	0.01	0.11	0.82	0.37	0.2		1.0084916858659794	0.2	False	0.097
4	['Pt', 'Pd', 'Au', 'Ru', 'Rh', 'Ir', 'Re', 'Os']	24	[0.409 0.325 0.25  0.001 0.012 0.    0.004 0.   ]	[-0.062  0.059  0.    -0.001  0.015 -0.001 -0.006 -0.005]	0.74	1.67	1.76	0.42	0.02	0.05	0.01	0.11	0.82	0.37	0.2		1.0008261006512604	0.087	False	0.148
5	['Pt', 'Pd', 'Au', 'Ru', 'Rh', 'Ir', 'Re', 'Os']	24	[0.474 0.249 0.273 0.    0.    0.    0.001 0.003]	[ 0.151 -0.11   0.02  -0.026  0.008  0.006  0.012 -0.061]	0.74	1.67	1.76	0.42	0.02	0.05	0.01	0.11	0.82	0.37	0.2		0.997060065375913	0.2	False	0.16
6	['Pt', 'Pd', 'Au', 'Ru', 'Rh', 'Ir', 'Re', 'Os']	24	[0.403 0.315 0.258 0.003 0.005 0.013 0.001 0.009]	[-0.035  0.04  -0.003 -0.001 -0.003  0.009 -0.006 -0.   ]	0.74	1.67	1.76	0.42	0.02	0.05	0.01	0.11	0.82	0.37	0.2		1.0059620974713894	0.054	False	0.131
7	['Pt', 'Pd', 'Au', 'Ru', 'Rh', 'Ir', 'Re', 'Os']	24	[0.383 0.304 0.253 0.004 0.011 0.002 0.037 0.014]	[-0.045  0.15  -0.014 -0.012 -0.071 -0.045  0.079 -0.042]	0.74	1.67	1.76	0.42	0.02	0.05	0.01	0.11	0.82	0.37	0.2		1.0002931346304502	0.2	False	0.123
0	['Pt', 'Pd', 'Au', 'Ru', 'Rh', 'Ir', 'Re', 'Os']	25	[0.277 0.277 0.419 0.011 0.001 0.005 0.002 0.009]	[-0.095  0.005  0.09  -0.002  0.001  0.003  0.    -0.003]	0.74	1.67	1.76	0.42	0.02	0.05	0.01	0.11	0.82	0.37	0.2		0.9091188591831827	0.131	False	0.169
1	['Pt', 'Pd', 'Au', 'Ru', 'Rh', 'Ir', 'Re', 'Os']	25	[0.313 0.274 0.372 0.01  0.007 0.002 0.007 0.011]	[-0.063 -0.031  0.082  0.008  0.002  0.006  0.005 -0.008]	0.74	1.67	1.76	0.42	0.02	0.05	0.01	0.11	0.82	0.37	0.2		0.9742254188300516	0.108	False	0.123
2	['Pt', 'Pd', 'Au', 'Ru', 'Rh', 'Ir', 'Re', 'Os']	25	[0.324 0.248 0.378 0.009 0.001 0.001 0.044 0.003]	[-0.13  -0.016  0.126 -0.022 -0.014 -0.018  0.077 -0.003]	0.74	1.67	1.76	0.42	0.02	0.05	0.01	0.11	0.82	0.37	0.2		0.9590477836598275	0.2	False	0.135
3	['Pt', 'Pd', 'Au', 'Ru', 'Rh', 'Ir', 'Re', 'Os']	25	[0.354 0.327 0.278 0.001 0.002 0.001 0.034 0.01 ]	[-0.008  0.05  -0.054 -0.007 -0.005 -0.022  0.028  0.018]	0.74	1.67	1.76	0.42	0.02	0.05	0.01	0.11	0.82	0.37	0.2		0.9987893283860567	0.084	False	0.125
4	['Pt', 'Pd', 'Au', 'Ru', 'Rh', 'Ir', 'Re', 'Os']	25	[0.262 0.352 0.35  0.009 0.003 0.009 0.002 0.012]	[-0.143  0.047  0.126 -0.023  0.022 -0.009  0.006 -0.026]	0.74	1.67	1.76	0.42	0.02	0.05	0.01	0.11	0.82	0.37	0.2		0.905658948710131	0.201	False	0.169
5	['Pt', 'Pd', 'Au', 'Ru', 'Rh', 'Ir', 'Re', 'Os']	25	[0.335 0.22  0.412 0.003 0.008 0.001 0.016 0.003]	[-0.137 -0.027  0.141  0.005  0.007 -0.     0.017 -0.005]	0.74	1.67	1.76	0.42	0.02	0.05	0.01	0.11	0.82	0.37	0.2		0.9441614610904829	0.2	False	0.153
6	['Pt', 'Pd', 'Au', 'Ru', 'Rh', 'Ir', 'Re', 'Os']	25	[0.449 0.17  0.374 0.002 0.002 0.001 0.007 0.003]	[ 0.048 -0.15   0.121 -0.008 -0.006  0.011  0.003 -0.019]	0.74	1.67	1.76	0.42	0.02	0.05	0.01	0.11	0.82	0.37	0.2		0.9598639259359723	0.2	False	0.176
7	['Pt', 'Pd', 'Au', 'Ru', 'Rh', 'Ir', 'Re', 'Os']	25	[0.318 0.257 0.401 0.011 0.009 0.004 0.002 0.005]	[-0.075 -0.054  0.17  -0.041  0.012 -0.021  0.012 -0.002]	0.74	1.67	1.76	0.42	0.02	0.05	0.01	0.11	0.82	0.37	0.2		0.9552011064551829	0.2	False	0.143
0	['Pt', 'Pd', 'Au', 'Ru', 'Rh', 'Ir', 'Re', 'Os']	26	[0.389 0.313 0.259 0.001 0.003 0.002 0.023 0.009]	[ 0.111  0.035 -0.161 -0.013  0.001  0.005  0.02  -0.001]	0.74	1.67	1.76	0.42	0.02	0.05	0.01	0.11	0.82	0.37	0.2		1.0088910751050713	0.2	False	0.126
1	['Pt', 'Pd', 'Au', 'Ru', 'Rh', 'Ir', 'Re', 'Os']	26	[0.405 0.332 0.206 0.018 0.009 0.001 0.023 0.002]	[ 0.091  0.057 -0.167  0.007  0.012 -0.004  0.015 -0.01 ]	0.74	1.67	1.76	0.42	0.02	0.05	0.01	0.11	0.82	0.37	0.2		0.9671130267908925	0.2	False	0.171
2	['Pt', 'Pd', 'Au', 'Ru', 'Rh', 'Ir', 'Re', 'Os']	26	[0.381 0.343 0.216 0.019 0.01  0.    0.037 0.002]	[ 0.059  0.098 -0.162  0.023 -0.013 -0.    -0.005  0.001]	0.74	1.67	1.76	0.42	0.02	0.05	0.01	0.11	0.82	0.37	0.2		0.9623972502996534	0.201	False	0.168
3	['Pt', 'Pd', 'Au', 'Ru', 'Rh', 'Ir', 'Re', 'Os']	26	[0.398 0.317 0.257 0.    0.007 0.008 0.001 0.017]	[ 0.05  -0.02  -0.034 -0.01  -0.021 -0.002  0.035  0.002]	0.74	1.67	1.76	0.42	0.02	0.05	0.01	0.11	0.82	0.37	0.2		1.0142822200202246	0.077	False	0.125
4	['Pt', 'Pd', 'Au', 'Ru', 'Rh', 'Ir', 'Re', 'Os']	26	[0.408 0.273 0.248 0.021 0.001 0.015 0.011 0.021]	[ 0.145 -0.083 -0.106  0.01  -0.001  0.004  0.007  0.024]	0.74	1.67	1.76	0.42	0.02	0.05	0.01	0.11	0.82	0.37	0.2		1.0061760389305654	0.2	False	0.117
5	['Pt', 'Pd', 'Au', 'Ru', 'Rh', 'Ir', 'Re', 'Os']	26	[0.376 0.328 0.25  0.    0.002 0.006 0.029 0.006]	[ 0.041  0.108 -0.162 -0.003 -0.006  0.005  0.013  0.007]	0.74	1.67	1.76	0.42	0.02	0.05	0.01	0.11	0.82	0.37	0.2		0.9898092892182553	0.2	False	0.138
6	['Pt', 'Pd', 'Au', 'Ru', 'Rh', 'Ir', 'Re', 'Os']	26	[0.516 0.247 0.221 0.004 0.004 0.003 0.012 0.001]	[ 0.085  0.096 -0.152  0.009 -0.001 -0.009 -0.015 -0.012]	0.74	1.67	1.76	0.42	0.02	0.05	0.01	0.11	0.82	0.37	0.2		0.9320309762162731	0.2	False	0.209
7	['Pt', 'Pd', 'Au', 'Ru', 'Rh', 'Ir', 'Re', 'Os']	26	[0.398 0.301 0.236 0.028 0.009 0.006 0.024 0.003]	[ 0.087  0.05  -0.166  0.033 -0.009 -0.004  0.027 -0.018]	0.74	1.67	1.76	0.42	0.02	0.05	0.01	0.11	0.82	0.37	0.2		0.9877956735556455	0.2	False	0.141
0	['Pt', 'Pd', 'Au', 'Ru', 'Rh', 'Ir', 'Re', 'Os']	27	[0.418 0.25  0.271 0.007 0.    0.001 0.045 0.006]	[ 0.034 -0.072  0.015 -0.016 -0.012 -0.009  0.063 -0.003]	0.74	1.67	1.76	0.42	0.02	0.05	0.01	0.11	0.82	0.37	0.2		0.9991634545540842	0.105	False	0.128
1	['Pt', 'Pd', 'Au', 'Ru', 'Rh', 'Ir', 'Re', 'Os']	27	[0.357 0.232 0.323 0.022 0.025 0.003 0.026 0.007]	[-0.05  -0.109  0.139  0.035 -0.05  -0.021  0.044  0.011]	0.74	1.67	1.76	0.42	0.02	0.05	0.01	0.11	0.82	0.37	0.2		0.9783105391266866	0.2	False	0.107
2	['Pt', 'Pd', 'Au', 'Ru', 'Rh', 'Ir', 'Re', 'Os']	27	[0.432 0.215 0.319 0.007 0.001 0.008 0.016 0.01 ]	[ 0.046 -0.156  0.104  0.011 -0.013 -0.027  0.039 -0.003]	0.74	1.67	1.76	0.42	0.02	0.05	0.01	0.11	0.82	0.37	0.2		1.0006096651781506	0.2	False	0.13
3	['Pt', 'Pd', 'Au', 'Ru', 'Rh', 'Ir', 'Re', 'Os']	27	[0.387 0.283 0.303 0.003 0.01  0.001 0.019 0.001]	[-0.016 -0.042  0.049 -0.002  0.011  0.005  0.017 -0.021]	0.74	1.67	1.76	0.42	0.02	0.05	0.01	0.11	0.82	0.37	0.2		1.0165002377103156	0.073	False	0.113
4	['Pt', 'Pd', 'Au', 'Ru', 'Rh', 'Ir', 'Re', 'Os']	27	[0.436 0.295 0.218 0.011 0.013 0.009 0.009 0.008]	[ 0.076  0.063 -0.043  0.053 -0.083 -0.008 -0.022 -0.036]	0.74	1.67	1.76	0.42	0.02	0.05	0.01	0.11	0.82	0.37	0.2		0.977999563164512	0.152	False	0.158
5	['Pt', 'Pd', 'Au', 'Ru', 'Rh', 'Ir', 'Re', 'Os']	27	[0.475 0.201 0.248 0.007 0.004 0.    0.047 0.014]	[ 0.108 -0.133  0.    -0.019 -0.017 -0.018  0.066  0.011]	0.74	1.67	1.76	0.42	0.02	0.05	0.01	0.11	0.82	0.37	0.2		0.9493456965166813	0.186	False	0.174
6	['Pt', 'Pd', 'Au', 'Ru', 'Rh', 'Ir', 'Re', 'Os']	27	[0.342 0.323 0.279 0.003 0.006 0.005 0.028 0.021]	[-0.175  0.075  0.057  0.005  0.001  0.001  0.015  0.019]	0.74	1.67	1.76	0.42	0.02	0.05	0.01	0.11	0.82	0.37	0.2		0.9980069289428763	0.2	False	0.114
7	['Pt', 'Pd', 'Au', 'Ru', 'Rh', 'Ir', 'Re', 'Os']	27	[0.365 0.229 0.317 0.045 0.011 0.004 0.01  0.025]	[-0.031 -0.082  0.12   0.081 -0.004 -0.028 -0.006 -0.049]	0.74	1.67	1.76	0.42	0.02	0.05	0.01	0.11	0.82	0.37	0.2		1.003953140873826	0.179	False	0.094
0	['Pt', 'Pd', 'Au', 'Ru', 'Rh', 'Ir', 'Re', 'Os']	28	[0.297 0.275 0.402 0.001 0.003 0.    0.017 0.005]	[-0.135  0.02   0.132 -0.011 -0.013 -0.016  0.052 -0.028]	0.74	1.67	1.76	0.42	0.02	0.05	0.01	0.11	0.82	0.37	0.2		0.941542494333856	0.2	False	0.152
1	['Pt', 'Pd', 'Au', 'Ru', 'Rh', 'Ir', 'Re', 'Os']	28	[0.338 0.298 0.278 0.018 0.043 0.003 0.012 0.002]	[-0.009  0.13  -0.052  0.004  0.092 -0.062 -0.032 -0.07 ]	0.74	1.67	1.76	0.42	0.02	0.05	0.01	0.11	0.82	0.37	0.2		0.9677524076920603	0.195	False	0.122
2	['Pt', 'Pd', 'Au', 'Ru', 'Rh', 'Ir', 'Re', 'Os']	28	[0.28  0.296 0.341 0.009 0.001 0.029 0.05  0.001]	[-0.16   0.086  0.024 -0.01  -0.01   0.028  0.037  0.005]	0.74	1.67	1.76	0.42	0.02	0.05	0.01	0.11	0.82	0.37	0.2		0.8953418198633711	0.189	False	0.148
3	['Pt', 'Pd', 'Au', 'Ru', 'Rh', 'Ir', 'Re', 'Os']	28	[0.365 0.261 0.336 0.    0.014 0.013 0.    0.018]	[-0.022 -0.022  0.033 -0.003  0.004  0.012 -0.019  0.017]	0.74	1.67	1.76	0.42	0.02	0.05	0.01	0.11	0.82	0.37	0.2		1.0103114990085358	0.054	False	0.093
4	['Pt', 'Pd', 'Au', 'Ru', 'Rh', 'Ir', 'Re', 'Os']	28	[0.33  0.276 0.341 0.004 0.024 0.003 0.013 0.009]	[-0.109 -0.008  0.157 -0.04   0.038 -0.01  -0.026 -0.002]	0.74	1.67	1.76	0.42	0.02	0.05	0.01	0.11	0.82	0.37	0.2		0.9848248126002901	0.201	False	0.109
5	['Pt', 'Pd', 'Au', 'Ru', 'Rh', 'Ir', 'Re', 'Os']	28	[0.346 0.271 0.368 0.01  0.001 0.    0.002 0.   ]	[-0.127  0.073  0.123  0.015 -0.008 -0.005 -0.053 -0.019]	0.74	1.67	1.76	0.42	0.02	0.05	0.01	0.11	0.82	0.37	0.2		0.9996026261993645	0.2	False	0.123
6	['Pt', 'Pd', 'Au', 'Ru', 'Rh', 'Ir', 'Re', 'Os']	28	[0.358 0.181 0.407 0.005 0.007 0.001 0.021 0.028]	[ 0.011 -0.15   0.126 -0.01  -0.004 -0.013  0.038  0.002]	0.74	1.67	1.76	0.42	0.02	0.05	0.01	0.11	0.82	0.37	0.2		0.947565029554613	0.2	False	0.148
7	['Pt', 'Pd', 'Au', 'Ru', 'Rh', 'Ir', 'Re', 'Os']	28	[0.334 0.248 0.347 0.003 0.003 0.003 0.031 0.036]	[-0.031  0.052  0.071  0.061 -0.076 -0.049 -0.111  0.084]	0.74	1.67	1.76	0.42	0.02	0.05	0.01	0.11	0.82	0.37	0.2		1.0018647483882646	0.2	False	0.087
0	['Pt', 'Pd', 'Au', 'Ru', 'Rh', 'Ir', 'Re', 'Os']	29	[0.437 0.261 0.263 0.002 0.009 0.005 0.01  0.013]	[ 0.137 -0.018 -0.144 -0.003  0.002  0.001  0.02   0.004]	0.74	1.67	1.76	0.42	0.02	0.05	0.01	0.11	0.82	0.37	0.2		1.0082213410314314	0.2	False	0.13
1	['Pt', 'Pd', 'Au', 'Ru', 'Rh', 'Ir', 'Re', 'Os']	29	[0.389 0.247 0.312 0.001 0.    0.002 0.009 0.034]	[ 0.109 -0.078  0.078  0.019  0.014 -0.057  0.023 -0.109]	0.74	1.67	1.76	0.42	0.02	0.05	0.01	0.11	0.82	0.37	0.2		1.0389828392103864	0.201	False	0.078
2	['Pt', 'Pd', 'Au', 'Ru', 'Rh', 'Ir', 'Re', 'Os']	29	[0.426 0.229 0.289 0.019 0.007 0.012 0.019 0.006]	[ 0.146 -0.093 -0.076 -0.007 -0.029  0.021  0.05  -0.012]	0.74	1.67	1.76	0.42	0.02	0.05	0.01	0.11	0.82	0.37	0.2		0.9930150484424949	0.2	False	0.127
3	['Pt', 'Pd', 'Au', 'Ru', 'Rh', 'Ir', 'Re', 'Os']	29	[0.377 0.334 0.265 0.005 0.002 0.002 0.008 0.01 ]	[ 0.007  0.071 -0.081 -0.004  0.009  0.008  0.003 -0.014]	0.74	1.67	1.76	0.42	0.02	0.05	0.01	0.11	0.82	0.37	0.2		1.0100380469898247	0.11	False	0.131
4	['Pt', 'Pd', 'Au', 'Ru', 'Rh', 'Ir', 'Re', 'Os']	29	[0.414 0.237 0.285 0.004 0.015 0.019 0.014 0.012]	[ 0.138 -0.028 -0.052  0.005  0.012 -0.057  0.039 -0.058]	0.74	1.67	1.76	0.42	0.02	0.05	0.01	0.11	0.82	0.37	0.2		0.9911494443766573	0.176	False	0.114
5	['Pt', 'Pd', 'Au', 'Ru', 'Rh', 'Ir', 'Re', 'Os']	29	[0.398 0.242 0.275 0.011 0.007 0.027 0.016 0.024]	[ 0.055 -0.032 -0.101  0.015  0.005  0.018  0.014  0.025]	0.74	1.67	1.76	0.42	0.02	0.05	0.01	0.11	0.82	0.37	0.2		0.9917318468663558	0.125	False	0.1
6	['Pt', 'Pd', 'Au', 'Ru', 'Rh', 'Ir', 'Re', 'Os']	29	[0.411 0.292 0.258 0.008 0.014 0.017 0.008 0.003]	[ 0.048  0.106 -0.157  0.004  0.001  0.01   0.02  -0.032]	0.74	1.67	1.76	0.42	0.02	0.05	0.01	0.11	0.82	0.37	0.2		0.9934041136663108	0.2	False	0.131
7	['Pt', 'Pd', 'Au', 'Ru', 'Rh', 'Ir', 'Re', 'Os']	29	[0.208 0.284 0.324 0.01  0.028 0.007 0.142 0.004]	[-0.145  0.038 -0.028 -0.025  0.018 -0.     0.123  0.019]	0.74	1.67	1.76	0.42	0.02	0.05	0.01	0.11	0.82	0.37	0.2		0.7325315685677574	0.2	False	0.228
0	['Pt', 'Pd', 'Au', 'Ru', 'Rh', 'Ir', 'Re', 'Os']	30	[0.314 0.261 0.361 0.005 0.014 0.    0.004 0.041]	[-0.129 -0.001  0.1   -0.014  0.016  0.001 -0.001  0.028]	0.74	1.67	1.76	0.42	0.02	0.05	0.01	0.11	0.82	0.37	0.2		0.9947788352397378	0.167	False	0.094
1	['Pt', 'Pd', 'Au', 'Ru', 'Rh', 'Ir', 'Re', 'Os']	30	[0.496 0.173 0.254 0.008 0.007 0.015 0.019 0.024]	[ 0.112 -0.087 -0.069  0.002 -0.015  0.004  0.005  0.047]	0.74	1.67	1.76	0.42	0.02	0.05	0.01	0.11	0.82	0.37	0.2		0.9231843305058678	0.165	False	0.189
2	['Pt', 'Pd', 'Au', 'Ru', 'Rh', 'Ir', 'Re', 'Os']	30	[0.406 0.213 0.283 0.042 0.011 0.013 0.018 0.021]	[-0.047 -0.039 -0.017  0.091  0.013 -0.023 -0.006  0.028]	0.74	1.67	1.76	0.42	0.02	0.05	0.01	0.11	0.82	0.37	0.2		0.9856945950845668	0.118	False	0.116
3	['Pt', 'Pd', 'Au', 'Ru', 'Rh', 'Ir', 'Re', 'Os']	30	[0.42  0.168 0.33  0.023 0.001 0.002 0.013 0.048]	[ 0.044 -0.166  0.066  0.022 -0.004 -0.005  0.006  0.039]	0.74	1.67	1.76	0.42	0.02	0.05	0.01	0.11	0.82	0.37	0.2		0.9905317292937457	0.19	False	0.126
4	['Pt', 'Pd', 'Au', 'Ru', 'Rh', 'Ir', 'Re', 'Os']	30	[0.397 0.278 0.215 0.001 0.01  0.071 0.018 0.007]	[ 0.003  0.095 -0.081 -0.038 -0.019  0.122 -0.046 -0.038]	0.74	1.67	1.76	0.42	0.02	0.05	0.01	0.11	0.82	0.37	0.2		0.8993906772529454	0.189	False	0.156
5	['Pt', 'Pd', 'Au', 'Ru', 'Rh', 'Ir', 'Re', 'Os']	30	[0.431 0.2   0.308 0.003 0.006 0.025 0.013 0.017]	[ 0.047 -0.075  0.047 -0.004 -0.031  0.058 -0.023 -0.018]	0.74	1.67	1.76	0.42	0.02	0.05	0.01	0.11	0.82	0.37	0.2		0.9749589123723272	0.123	False	0.13
6	['Pt', 'Pd', 'Au', 'Ru', 'Rh', 'Ir', 'Re', 'Os']	30	[0.406 0.22  0.172 0.012 0.012 0.017 0.047 0.126]	[-0.005 -0.072 -0.086  0.004 -0.002  0.     0.039  0.123]	0.74	1.67	1.76	0.42	0.02	0.05	0.01	0.11	0.82	0.37	0.2		0.9401786679497695	0.171	False	0.155
7	['Pt', 'Pd', 'Au', 'Ru', 'Rh', 'Ir', 'Re', 'Os']	30	[0.358 0.253 0.314 0.01  0.036 0.002 0.018 0.016]	[ 0.148 -0.034 -0.013  0.014  0.005  0.001 -0.128  0.009]	0.74	1.67	1.76	0.42	0.02	0.05	0.01	0.11	0.82	0.37	0.2		0.9944560347623153	0.199	False	0.095
