ID	Elements	Generation	Position	Velocity	F_damp	F_b_best	F_h_best	F_g_best	F_b_worst	F_h_worst	F_g_worst	mut_prob	flip_prob	mut_rate	v_max	v_min	Activity	Velocity_mag	Flag	Distance
0	['Pt', 'Pd', 'Au', 'Ru', 'Rh', 'Ir', 'Re', 'Os']	0	[0.79 0.03 0.03 0.03 0.03 0.03 0.03 0.03]	[-0.187  0.027  0.027  0.027  0.027  0.027  0.027  0.027]	0.43	0.02	0.07	1.18	1.97	1.09	0.22	0.11	0.13	0.04	0.2		0.4429187652207028	0.2	False	0.569
1	['Pt', 'Pd', 'Au', 'Ru', 'Rh', 'Ir', 'Re', 'Os']	0	[0.03 0.79 0.03 0.03 0.03 0.03 0.03 0.03]	[ 0.027 -0.187  0.027  0.027  0.027  0.027  0.027  0.027]	0.43	0.02	0.07	1.18	1.97	1.09	0.22	0.11	0.13	0.04	0.2		0.20560014505118765	0.2	False	0.689
2	['Pt', 'Pd', 'Au', 'Ru', 'Rh', 'Ir', 'Re', 'Os']	0	[0.03 0.03 0.79 0.03 0.03 0.03 0.03 0.03]	[ 0.027  0.027 -0.187  0.027  0.027  0.027  0.027  0.027]	0.43	0.02	0.07	1.18	1.97	1.09	0.22	0.11	0.13	0.04	0.2		0.2149894158498778	0.2	False	0.632
3	['Pt', 'Pd', 'Au', 'Ru', 'Rh', 'Ir', 'Re', 'Os']	0	[0.03 0.03 0.03 0.79 0.03 0.03 0.03 0.03]	[ 0.027  0.027  0.027 -0.187  0.027  0.027  0.027  0.027]	0.43	0.02	0.07	1.18	1.97	1.09	0.22	0.11	0.13	0.04	0.2		0.12265296114671781	0.2	False	0.925
4	['Pt', 'Pd', 'Au', 'Ru', 'Rh', 'Ir', 'Re', 'Os']	0	[0.03 0.03 0.03 0.03 0.79 0.03 0.03 0.03]	[ 0.027  0.027  0.027  0.027 -0.187  0.027  0.027  0.027]	0.43	0.02	0.07	1.18	1.97	1.09	0.22	0.11	0.13	0.04	0.2		0.2961943697576309	0.2	False	0.925
5	['Pt', 'Pd', 'Au', 'Ru', 'Rh', 'Ir', 'Re', 'Os']	0	[0.03 0.03 0.03 0.03 0.03 0.79 0.03 0.03]	[ 0.027  0.027  0.027  0.027  0.027 -0.187  0.027  0.027]	0.43	0.02	0.07	1.18	1.97	1.09	0.22	0.11	0.13	0.04	0.2		0.3414716944973704	0.2	False	0.925
6	['Pt', 'Pd', 'Au', 'Ru', 'Rh', 'Ir', 'Re', 'Os']	0	[0.03 0.03 0.03 0.03 0.03 0.03 0.79 0.03]	[ 0.027  0.027  0.027  0.027  0.027  0.027 -0.187  0.027]	0.43	0.02	0.07	1.18	1.97	1.09	0.22	0.11	0.13	0.04	0.2		0.3145140039050876	0.2	False	0.925
7	['Pt', 'Pd', 'Au', 'Ru', 'Rh', 'Ir', 'Re', 'Os']	0	[0.03 0.03 0.03 0.03 0.03 0.03 0.03 0.79]	[ 0.027  0.027  0.027  0.027  0.027  0.027  0.027 -0.187]	0.43	0.02	0.07	1.18	1.97	1.09	0.22	0.11	0.13	0.04	0.2		0.32838217395326336	0.2	False	0.839
0	['Pt', 'Pd', 'Au', 'Ru', 'Rh', 'Ir', 'Re', 'Os']	1	[0.889 0.    0.    0.113 0.    0.    0.    0.   ]	[ 0.116 -0.041 -0.041  0.128 -0.041 -0.041 -0.041 -0.041]	0.43	0.02	0.07	1.18	1.97	1.09	0.22	0.11	0.13	0.04	0.2		0.38965628272014036	0.2	False	0.682
1	['Pt', 'Pd', 'Au', 'Ru', 'Rh', 'Ir', 'Re', 'Os']	1	[0.137 0.752 0.    0.113 0.    0.    0.    0.   ]	[ 0.121 -0.048 -0.039  0.124 -0.039 -0.039 -0.039 -0.039]	0.43	0.02	0.07	1.18	1.97	1.09	0.22	0.11	0.13	0.04	0.2		0.30534496762090846	0.2	False	0.64
2	['Pt', 'Pd', 'Au', 'Ru', 'Rh', 'Ir', 'Re', 'Os']	1	[0.065 0.019 0.771 0.067 0.019 0.019 0.019 0.019]	[ 0.121 -0.038 -0.054  0.123 -0.038 -0.038 -0.038 -0.038]	0.43	0.02	0.07	1.18	1.97	1.09	0.22	0.11	0.13	0.04	0.2		0.23111139503612524	0.2	False	0.607
3	['Pt', 'Pd', 'Au', 'Ru', 'Rh', 'Ir', 'Re', 'Os']	1	[0.166 0.032 0.032 0.644 0.032 0.032 0.032 0.032]	[ 0.136  0.002  0.002 -0.146  0.002  0.002  0.002  0.002]	0.43	0.02	0.07	1.18	1.97	1.09	0.22	0.11	0.13	0.04	0.2		0.17094157337471805	0.2	False	0.759
4	['Pt', 'Pd', 'Au', 'Ru', 'Rh', 'Ir', 'Re', 'Os']	1	[0.137 0.    0.    0.113 0.752 0.    0.    0.   ]	[ 0.121 -0.039 -0.039  0.124 -0.048 -0.039 -0.039 -0.039]	0.43	0.02	0.07	1.18	1.97	1.09	0.22	0.11	0.13	0.04	0.2		0.2998657091594889	0.2	False	0.887
5	['Pt', 'Pd', 'Au', 'Ru', 'Rh', 'Ir', 'Re', 'Os']	1	[0.137 0.    0.    0.113 0.    0.752 0.    0.   ]	[ 0.121 -0.039 -0.039  0.124 -0.039 -0.048 -0.039 -0.039]	0.43	0.02	0.07	1.18	1.97	1.09	0.22	0.11	0.13	0.04	0.2		0.3376637341410425	0.2	False	0.887
6	['Pt', 'Pd', 'Au', 'Ru', 'Rh', 'Ir', 'Re', 'Os']	1	[0.137 0.    0.    0.113 0.    0.    0.752 0.   ]	[ 0.121 -0.039 -0.039  0.124 -0.039 -0.039 -0.048 -0.039]	0.43	0.02	0.07	1.18	1.97	1.09	0.22	0.11	0.13	0.04	0.2		0.3164206579954691	0.2	False	0.887
7	['Pt', 'Pd', 'Au', 'Ru', 'Rh', 'Ir', 'Re', 'Os']	1	[0.137 0.    0.    0.113 0.    0.    0.    0.752]	[ 0.121 -0.039 -0.039  0.124 -0.039 -0.039 -0.039 -0.048]	0.43	0.02	0.07	1.18	1.97	1.09	0.22	0.11	0.13	0.04	0.2		0.33713181074621296	0.2	False	0.797
0	['Pt', 'Pd', 'Au', 'Ru', 'Rh', 'Ir', 'Re', 'Os']	2	[0.948 0.005 0.005 0.021 0.005 0.005 0.005 0.005]	[-0.152  0.004  0.004  0.129  0.004  0.004  0.004  0.004]	0.43	0.02	0.07	1.18	1.97	1.09	0.22	0.11	0.13	0.04	0.2		0.3788719350225445	0.2	False	0.717
1	['Pt', 'Pd', 'Au', 'Ru', 'Rh', 'Ir', 'Re', 'Os']	2	[0.284 0.718 0.    0.    0.    0.    0.    0.   ]	[ 0.16  -0.026 -0.003 -0.117 -0.003 -0.003 -0.003 -0.003]	0.43	0.02	0.07	1.18	1.97	1.09	0.22	0.11	0.13	0.04	0.2		0.423178062323604	0.2	False	0.569
2	['Pt', 'Pd', 'Au', 'Ru', 'Rh', 'Ir', 'Re', 'Os']	2	[0.204 0.    0.748 0.048 0.    0.    0.    0.   ]	[ 0.142 -0.041 -0.037  0.099 -0.041 -0.041 -0.041 -0.041]	0.43	0.02	0.07	1.18	1.97	1.09	0.22	0.11	0.13	0.04	0.2		0.34635693929261974	0.2	False	0.545
3	['Pt', 'Pd', 'Au', 'Ru', 'Rh', 'Ir', 'Re', 'Os']	2	[0.309 0.032 0.032 0.504 0.032 0.032 0.032 0.032]	[ 0.143 -0.    -0.    -0.14  -0.    -0.    -0.    -0.   ]	0.43	0.02	0.07	1.18	1.97	1.09	0.22	0.11	0.13	0.04	0.2		0.3096631246969795	0.2	False	0.619
4	['Pt', 'Pd', 'Au', 'Ru', 'Rh', 'Ir', 'Re', 'Os']	2	[0.284 0.    0.    0.    0.718 0.    0.    0.   ]	[ 0.16  -0.003 -0.003 -0.117 -0.026 -0.003 -0.003 -0.003]	0.43	0.02	0.07	1.18	1.97	1.09	0.22	0.11	0.13	0.04	0.2		0.317404042462553	0.2	False	0.826
5	['Pt', 'Pd', 'Au', 'Ru', 'Rh', 'Ir', 'Re', 'Os']	2	[0.264 0.    0.    0.004 0.    0.733 0.    0.   ]	[ 0.132 -0.041 -0.041  0.113 -0.041 -0.042 -0.041 -0.041]	0.43	0.02	0.07	1.18	1.97	1.09	0.22	0.11	0.13	0.04	0.2		0.3496477390068876	0.2	False	0.841
6	['Pt', 'Pd', 'Au', 'Ru', 'Rh', 'Ir', 'Re', 'Os']	2	[0.284 0.    0.    0.    0.    0.    0.718 0.   ]	[ 0.16  -0.003 -0.003 -0.117 -0.003 -0.003 -0.026 -0.003]	0.43	0.02	0.07	1.18	1.97	1.09	0.22	0.11	0.13	0.04	0.2		0.32475227048407457	0.2	False	0.826
7	['Pt', 'Pd', 'Au', 'Ru', 'Rh', 'Ir', 'Re', 'Os']	2	[0.284 0.    0.    0.    0.    0.    0.    0.718]	[ 0.16  -0.003 -0.003 -0.117 -0.003 -0.003 -0.003 -0.026]	0.43	0.02	0.07	1.18	1.97	1.09	0.22	0.11	0.13	0.04	0.2		0.3683980245567593	0.2	False	0.734
0	['Pt', 'Pd', 'Au', 'Ru', 'Rh', 'Ir', 'Re', 'Os']	3	[0.865 0.001 0.    0.134 0.    0.    0.    0.   ]	[-0.139  0.008 -0.003  0.143 -0.003 -0.003 -0.003 -0.003]	0.43	0.02	0.07	1.18	1.97	1.09	0.22	0.11	0.13	0.04	0.2		0.39532392640647523	0.2	False	0.667
1	['Pt', 'Pd', 'Au', 'Ru', 'Rh', 'Ir', 'Re', 'Os']	3	[0.347 0.609 0.    0.044 0.    0.    0.    0.   ]	[ 0.15  -0.057 -0.036  0.089 -0.036 -0.036 -0.036 -0.036]	0.43	0.02	0.07	1.18	1.97	1.09	0.22	0.11	0.13	0.04	0.2		0.5492755319383983	0.2	False	0.48
2	['Pt', 'Pd', 'Au', 'Ru', 'Rh', 'Ir', 'Re', 'Os']	3	[0.311 0.003 0.675 0.005 0.001 0.001 0.001 0.001]	[ 0.158 -0.043 -0.061  0.074 -0.032 -0.032 -0.032 -0.032]	0.43	0.02	0.07	1.18	1.97	1.09	0.22	0.11	0.13	0.04	0.2		0.4795071608509416	0.2	False	0.462
3	['Pt', 'Pd', 'Au', 'Ru', 'Rh', 'Ir', 'Re', 'Os']	3	[0.448 0.037 0.032 0.36  0.032 0.032 0.032 0.032]	[ 0.139  0.005 -0.    -0.144 -0.    -0.    -0.    -0.   ]	0.43	0.02	0.07	1.18	1.97	1.09	0.22	0.11	0.13	0.04	0.2		0.4397755580805487	0.2	False	0.514
4	['Pt', 'Pd', 'Au', 'Ru', 'Rh', 'Ir', 'Re', 'Os']	3	[0.348 0.004 0.    0.045 0.601 0.005 0.    0.   ]	[ 0.148 -0.039 -0.032  0.088 -0.066 -0.036 -0.032 -0.032]	0.43	0.02	0.07	1.18	1.97	1.09	0.22	0.11	0.13	0.04	0.2		0.3169812383716988	0.2	False	0.724
5	['Pt', 'Pd', 'Au', 'Ru', 'Rh', 'Ir', 'Re', 'Os']	3	[0.308 0.001 0.    0.064 0.    0.626 0.    0.   ]	[ 0.13  -0.039 -0.039  0.115 -0.039 -0.048 -0.039 -0.039]	0.43	0.02	0.07	1.18	1.97	1.09	0.22	0.11	0.13	0.04	0.2		0.33221233127256583	0.201	False	0.748
6	['Pt', 'Pd', 'Au', 'Ru', 'Rh', 'Ir', 'Re', 'Os']	3	[0.351 0.003 0.    0.044 0.    0.    0.605 0.   ]	[ 0.15  -0.041 -0.033  0.086 -0.033 -0.033 -0.062 -0.033]	0.43	0.02	0.07	1.18	1.97	1.09	0.22	0.11	0.13	0.04	0.2		0.33028107615573354	0.2	False	0.727
7	['Pt', 'Pd', 'Au', 'Ru', 'Rh', 'Ir', 'Re', 'Os']	3	[0.351 0.003 0.    0.044 0.    0.    0.    0.604]	[ 0.15  -0.041 -0.033  0.086 -0.033 -0.033 -0.033 -0.062]	0.43	0.02	0.07	1.18	1.97	1.09	0.22	0.11	0.13	0.04	0.2		0.40552930357780104	0.2	False	0.638
0	['Pt', 'Pd', 'Au', 'Ru', 'Rh', 'Ir', 'Re', 'Os']	4	[0.757 0.063 0.006 0.074 0.085 0.003 0.006 0.006]	[-0.071  0.128 -0.039 -0.015  0.112 -0.037 -0.039 -0.039]	0.43	0.02	0.07	1.18	1.97	1.09	0.22	0.11	0.13	0.04	0.2		0.44691274863150865	0.2	False	0.556
1	['Pt', 'Pd', 'Au', 'Ru', 'Rh', 'Ir', 'Re', 'Os']	4	[0.368 0.569 0.001 0.005 0.054 0.002 0.001 0.001]	[ 0.113  0.033 -0.043 -0.085  0.108 -0.041 -0.043 -0.043]	0.43	0.02	0.07	1.18	1.97	1.09	0.22	0.11	0.13	0.04	0.2		0.5788916746908516	0.2	False	0.452
2	['Pt', 'Pd', 'Au', 'Ru', 'Rh', 'Ir', 'Re', 'Os']	4	[0.333 0.023 0.552 0.011 0.061 0.005 0.007 0.007]	[ 0.084  0.082 -0.106 -0.022  0.093 -0.043 -0.044 -0.044]	0.43	0.02	0.07	1.18	1.97	1.09	0.22	0.11	0.13	0.04	0.2		0.5843122296277272	0.2	False	0.358
3	['Pt', 'Pd', 'Au', 'Ru', 'Rh', 'Ir', 'Re', 'Os']	4	[0.546 0.113 0.02  0.227 0.043 0.019 0.02  0.02 ]	[ 0.095  0.072 -0.02  -0.145  0.058 -0.021 -0.02  -0.02 ]	0.43	0.02	0.07	1.18	1.97	1.09	0.22	0.11	0.13	0.04	0.2		0.5533956010351372	0.2	False	0.443
4	['Pt', 'Pd', 'Au', 'Ru', 'Rh', 'Ir', 'Re', 'Os']	4	[0.441 0.085 0.002 0.019 0.449 0.003 0.002 0.002]	[ 0.095  0.083  0.    -0.025 -0.153  0.     0.     0.   ]	0.43	0.02	0.07	1.18	1.97	1.09	0.22	0.11	0.13	0.04	0.2		0.3750361918245543	0.2	False	0.58
5	['Pt', 'Pd', 'Au', 'Ru', 'Rh', 'Ir', 'Re', 'Os']	4	[0.25  0.064 0.007 0.029 0.09  0.545 0.007 0.007]	[-0.015  0.127 -0.038 -0.07   0.114 -0.042 -0.038 -0.038]	0.43	0.02	0.07	1.18	1.97	1.09	0.22	0.11	0.13	0.04	0.2		0.313509399597813	0.2	False	0.667
6	['Pt', 'Pd', 'Au', 'Ru', 'Rh', 'Ir', 'Re', 'Os']	4	[0.396 0.035 0.005 0.009 0.071 0.004 0.479 0.005]	[ 0.093  0.077 -0.03  -0.061  0.087 -0.028 -0.108 -0.03 ]	0.43	0.02	0.07	1.18	1.97	1.09	0.22	0.11	0.13	0.04	0.2		0.3429105120097232	0.2	False	0.616
7	['Pt', 'Pd', 'Au', 'Ru', 'Rh', 'Ir', 'Re', 'Os']	4	[0.396 0.035 0.005 0.009 0.071 0.004 0.005 0.478]	[ 0.093  0.077 -0.03  -0.061  0.087 -0.028 -0.03  -0.108]	0.43	0.02	0.07	1.18	1.97	1.09	0.22	0.11	0.13	0.04	0.2		0.46992326118290373	0.2	False	0.532
0	['Pt', 'Pd', 'Au', 'Ru', 'Rh', 'Ir', 'Re', 'Os']	5	[0.647 0.025 0.08  0.029 0.059 0.108 0.025 0.025]	[-0.105 -0.02   0.113 -0.028 -0.005  0.113 -0.034 -0.034]	0.43	0.02	0.07	1.18	1.97	1.09	0.22	0.11	0.13	0.04	0.2		0.48797419308313894	0.2	False	0.458
1	['Pt', 'Pd', 'Au', 'Ru', 'Rh', 'Ir', 'Re', 'Os']	5	[0.389 0.526 0.003 0.012 0.007 0.054 0.006 0.006]	[ 0.1   -0.013  0.028 -0.001 -0.114  0.104 -0.052 -0.052]	0.43	0.02	0.07	1.18	1.97	1.09	0.22	0.11	0.13	0.04	0.2		0.6044251034070857	0.2	False	0.422
2	['Pt', 'Pd', 'Au', 'Ru', 'Rh', 'Ir', 'Re', 'Os']	5	[0.391 0.002 0.5   0.023 0.004 0.062 0.008 0.008]	[ 0.133 -0.072 -0.016 -0.005 -0.046  0.101 -0.047 -0.047]	0.43	0.02	0.07	1.18	1.97	1.09	0.22	0.11	0.13	0.04	0.2		0.613369641846819	0.2	False	0.341
3	['Pt', 'Pd', 'Au', 'Ru', 'Rh', 'Ir', 'Re', 'Os']	5	[0.654 0.116 0.071 0.083 0.033 0.042 0.005 0.005]	[ 0.107 -0.     0.049 -0.151 -0.014  0.047 -0.019 -0.019]	0.43	0.02	0.07	1.18	1.97	1.09	0.22	0.11	0.13	0.04	0.2		0.5768381192199981	0.199	False	0.426
4	['Pt', 'Pd', 'Au', 'Ru', 'Rh', 'Ir', 'Re', 'Os']	5	[0.525 0.052 0.035 0.004 0.309 0.057 0.011 0.011]	[ 0.11  -0.021  0.053 -0.003 -0.141  0.057 -0.027 -0.027]	0.43	0.02	0.07	1.18	1.97	1.09	0.22	0.11	0.13	0.04	0.2		0.4110566701048137	0.2	False	0.497
5	['Pt', 'Pd', 'Au', 'Ru', 'Rh', 'Ir', 'Re', 'Os']	5	[0.275 0.059 0.144 0.017 0.088 0.412 0.002 0.002]	[ 0.02  -0.01   0.134  0.037 -0.007 -0.14  -0.017 -0.017]	0.43	0.02	0.07	1.18	1.97	1.09	0.22	0.11	0.13	0.04	0.2		0.29028664976145185	0.2	False	0.504
6	['Pt', 'Pd', 'Au', 'Ru', 'Rh', 'Ir', 'Re', 'Os']	5	[0.477 0.001 0.044 0.002 0.038 0.086 0.345 0.012]	[ 0.097 -0.042  0.051 -0.004 -0.028  0.078 -0.139 -0.013]	0.43	0.02	0.07	1.18	1.97	1.09	0.22	0.11	0.13	0.04	0.2		0.3686248831615796	0.201	False	0.528
7	['Pt', 'Pd', 'Au', 'Ru', 'Rh', 'Ir', 'Re', 'Os']	5	[0.477 0.005 0.044 0.004 0.039 0.064 0.023 0.346]	[ 0.105 -0.04   0.057  0.003 -0.024  0.063 -0.027 -0.137]	0.43	0.02	0.07	1.18	1.97	1.09	0.22	0.11	0.13	0.04	0.2		0.5130583649712971	0.2	False	0.456
0	['Pt', 'Pd', 'Au', 'Ru', 'Rh', 'Ir', 'Re', 'Os']	6	[0.541 0.013 0.241 0.01  0.059 0.075 0.029 0.029]	[-0.114 -0.019  0.156  0.03  -0.007 -0.04  -0.003 -0.003]	0.43	0.02	0.07	1.18	1.97	1.09	0.22	0.11	0.13	0.04	0.2		0.6275102758009639	0.2	False	0.333
1	['Pt', 'Pd', 'Au', 'Ru', 'Rh', 'Ir', 'Re', 'Os']	6	[0.518 0.413 0.049 0.003 0.008 0.001 0.005 0.005]	[ 0.136 -0.117  0.049  0.012  0.01  -0.069 -0.01  -0.01 ]	0.43	0.02	0.07	1.18	1.97	1.09	0.22	0.11	0.13	0.04	0.2		0.7384436679054021	0.2	False	0.356
2	['Pt', 'Pd', 'Au', 'Ru', 'Rh', 'Ir', 'Re', 'Os']	6	[0.537 0.001 0.446 0.004 0.    0.001 0.003 0.005]	[ 0.17  -0.    -0.05   0.005  0.003 -0.088 -0.019 -0.02 ]	0.43	0.02	0.07	1.18	1.97	1.09	0.22	0.11	0.13	0.04	0.2		0.7078652589525181	0.2	False	0.357
3	['Pt', 'Pd', 'Au', 'Ru', 'Rh', 'Ir', 'Re', 'Os']	6	[0.755 0.096 0.091 0.044 0.001 0.005 0.008 0.008]	[ 0.109 -0.03   0.016  0.121 -0.051 -0.074 -0.046 -0.046]	0.43	0.02	0.07	1.18	1.97	1.09	0.22	0.11	0.13	0.04	0.2		0.5360023545085455	0.2	False	0.492
4	['Pt', 'Pd', 'Au', 'Ru', 'Rh', 'Ir', 'Re', 'Os']	6	[0.659 0.041 0.084 0.02  0.179 0.016 0.001 0.001]	[ 0.135 -0.01   0.05   0.019 -0.13  -0.04  -0.012 -0.012]	0.43	0.02	0.07	1.18	1.97	1.09	0.22	0.11	0.13	0.04	0.2		0.48399310458532896	0.2	False	0.478
5	['Pt', 'Pd', 'Au', 'Ru', 'Rh', 'Ir', 'Re', 'Os']	6	[0.321 0.029 0.279 0.02  0.05  0.288 0.005 0.005]	[ 0.047 -0.029  0.137  0.031 -0.038 -0.124 -0.012 -0.012]	0.43	0.02	0.07	1.18	1.97	1.09	0.22	0.11	0.13	0.04	0.2		0.3659190086902766	0.2	False	0.381
6	['Pt', 'Pd', 'Au', 'Ru', 'Rh', 'Ir', 'Re', 'Os']	6	[0.606 0.008 0.095 0.02  0.012 0.043 0.215 0.005]	[ 0.133  0.007  0.054  0.017 -0.024 -0.041 -0.129 -0.017]	0.43	0.02	0.07	1.18	1.97	1.09	0.22	0.11	0.13	0.04	0.2		0.4774357660610893	0.201	False	0.473
7	['Pt', 'Pd', 'Au', 'Ru', 'Rh', 'Ir', 'Re', 'Os']	6	[0.608 0.005 0.1   0.02  0.018 0.019 0.011 0.22 ]	[ 0.132  0.006  0.056  0.016 -0.022 -0.046 -0.013 -0.128]	0.43	0.02	0.07	1.18	1.97	1.09	0.22	0.11	0.13	0.04	0.2		0.5716675938963248	0.2	False	0.427
0	['Pt', 'Pd', 'Au', 'Ru', 'Rh', 'Ir', 'Re', 'Os']	7	[0.404 0.122 0.3   0.038 0.061 0.017 0.027 0.027]	[-0.14   0.11   0.059  0.037  0.001 -0.06  -0.003 -0.003]	0.43	0.02	0.07	1.18	1.97	1.09	0.22	0.11	0.13	0.04	0.2		0.8509368379816225	0.2	False	0.176
1	['Pt', 'Pd', 'Au', 'Ru', 'Rh', 'Ir', 'Re', 'Os']	7	[0.647 0.319 0.013 0.004 0.001 0.015 0.002 0.002]	[ 0.169 -0.076 -0.06   0.004 -0.019  0.028 -0.023 -0.023]	0.43	0.02	0.07	1.18	1.97	1.09	0.22	0.11	0.13	0.04	0.2		0.6198325076992319	0.2	False	0.43
2	['Pt', 'Pd', 'Au', 'Ru', 'Rh', 'Ir', 'Re', 'Os']	7	[0.651 0.006 0.301 0.008 0.    0.015 0.006 0.011]	[ 0.14   0.024 -0.137  0.002 -0.014  0.021 -0.018 -0.019]	0.43	0.02	0.07	1.18	1.97	1.09	0.22	0.11	0.13	0.04	0.2		0.6532815386224669	0.2	False	0.398
3	['Pt', 'Pd', 'Au', 'Ru', 'Rh', 'Ir', 'Re', 'Os']	7	[0.832 0.077 0.015 0.039 0.004 0.023 0.009 0.009]	[ 0.126  0.006 -0.065  0.105 -0.039 -0.013 -0.06  -0.06 ]	0.43	0.02	0.07	1.18	1.97	1.09	0.22	0.11	0.13	0.04	0.2		0.43752831203096154	0.2	False	0.595
4	['Pt', 'Pd', 'Au', 'Ru', 'Rh', 'Ir', 'Re', 'Os']	7	[0.798 0.075 0.063 0.005 0.05  0.011 0.001 0.001]	[ 0.14   0.033 -0.023 -0.03  -0.132  0.022 -0.005 -0.005]	0.43	0.02	0.07	1.18	1.97	1.09	0.22	0.11	0.13	0.04	0.2		0.47149566196829956	0.2	False	0.548
5	['Pt', 'Pd', 'Au', 'Ru', 'Rh', 'Ir', 'Re', 'Os']	7	[0.339 0.044 0.211 0.03  0.011 0.356 0.003 0.003]	[ 0.018  0.013 -0.146  0.045  0.03   0.114 -0.037 -0.037]	0.43	0.02	0.07	1.18	1.97	1.09	0.22	0.11	0.13	0.04	0.2		0.3465787198387112	0.201	False	0.433
6	['Pt', 'Pd', 'Au', 'Ru', 'Rh', 'Ir', 'Re', 'Os']	7	[0.757 0.051 0.086 0.    0.002 0.012 0.097 0.001]	[ 0.15   0.042 -0.011 -0.022 -0.012 -0.033 -0.12   0.005]	0.43	0.02	0.07	1.18	1.97	1.09	0.22	0.11	0.13	0.04	0.2		0.4921462794825964	0.2	False	0.52
7	['Pt', 'Pd', 'Au', 'Ru', 'Rh', 'Ir', 'Re', 'Os']	7	[0.753 0.042 0.086 0.005 0.004 0.016 0.    0.098]	[ 0.143  0.034 -0.017 -0.029 -0.017  0.027 -0.014 -0.126]	0.43	0.02	0.07	1.18	1.97	1.09	0.22	0.11	0.13	0.04	0.2		0.5166052153448861	0.2	False	0.502
0	['Pt', 'Pd', 'Au', 'Ru', 'Rh', 'Ir', 'Re', 'Os']	8	[0.276 0.21  0.206 0.048 0.116 0.012 0.065 0.065]	[-0.133  0.084 -0.099  0.006  0.051  0.022  0.034  0.034]	0.43	0.02	0.07	1.18	1.97	1.09	0.22	0.11	0.13	0.04	0.2		0.7542964310869447	0.2	False	0.193
1	['Pt', 'Pd', 'Au', 'Ru', 'Rh', 'Ir', 'Re', 'Os']	8	[0.784 0.192 0.005 0.    0.007 0.009 0.002 0.002]	[ 0.153 -0.121 -0.011  0.005 -0.021  0.026 -0.015 -0.015]	0.43	0.02	0.07	1.18	1.97	1.09	0.22	0.11	0.13	0.04	0.2		0.4913839729247944	0.2	False	0.537
2	['Pt', 'Pd', 'Au', 'Ru', 'Rh', 'Ir', 'Re', 'Os']	8	[0.793 0.006 0.178 0.001 0.004 0.014 0.002 0.   ]	[ 0.153 -0.011 -0.12   0.006 -0.017  0.029 -0.021 -0.02 ]	0.43	0.02	0.07	1.18	1.97	1.09	0.22	0.11	0.13	0.04	0.2		0.5033457600908764	0.2	False	0.53
3	['Pt', 'Pd', 'Au', 'Ru', 'Rh', 'Ir', 'Re', 'Os']	8	[0.913 0.026 0.014 0.05  0.    0.002 0.002 0.002]	[ 0.131 -0.03  -0.041  0.109 -0.051 -0.01  -0.054 -0.054]	0.43	0.02	0.07	1.18	1.97	1.09	0.22	0.11	0.13	0.04	0.2		0.39479634198769353	0.2	False	0.679
4	['Pt', 'Pd', 'Au', 'Ru', 'Rh', 'Ir', 'Re', 'Os']	8	[0.885 0.029 0.017 0.003 0.032 0.018 0.01  0.01 ]	[ 0.137 -0.038 -0.038 -0.036  0.103 -0.014 -0.057 -0.057]	0.43	0.02	0.07	1.18	1.97	1.09	0.22	0.11	0.13	0.04	0.2		0.40244061781153273	0.2	False	0.652
5	['Pt', 'Pd', 'Au', 'Ru', 'Rh', 'Ir', 'Re', 'Os']	8	[0.43  0.063 0.281 0.004 0.014 0.203 0.    0.   ]	[ 0.085  0.011  0.063  0.023  0.012 -0.166 -0.013 -0.013]	0.43	0.02	0.07	1.18	1.97	1.09	0.22	0.11	0.13	0.04	0.2		0.578292553714564	0.2	False	0.305
6	['Pt', 'Pd', 'Au', 'Ru', 'Rh', 'Ir', 'Re', 'Os']	8	[0.871 0.03  0.073 0.006 0.012 0.001 0.    0.011]	[ 0.136 -0.043 -0.032 -0.035 -0.061 -0.011  0.103 -0.057]	0.43	0.02	0.07	1.18	1.97	1.09	0.22	0.11	0.13	0.04	0.2		0.43152890923461873	0.2	False	0.616
7	['Pt', 'Pd', 'Au', 'Ru', 'Rh', 'Ir', 'Re', 'Os']	8	[0.873 0.025 0.079 0.007 0.008 0.    0.007 0.005]	[ 0.135 -0.044 -0.031 -0.034 -0.06  -0.014 -0.055  0.104]	0.43	0.02	0.07	1.18	1.97	1.09	0.22	0.11	0.13	0.04	0.2		0.43083550156892886	0.2	False	0.618
0	['Pt', 'Pd', 'Au', 'Ru', 'Rh', 'Ir', 'Re', 'Os']	9	[0.1   0.264 0.274 0.037 0.146 0.016 0.081 0.081]	[-0.176  0.054  0.068 -0.011  0.03   0.004  0.016  0.016]	0.43	0.02	0.07	1.18	1.97	1.09	0.22	0.11	0.13	0.04	0.2		0.4810218069094123	0.2	False	0.305
1	['Pt', 'Pd', 'Au', 'Ru', 'Rh', 'Ir', 'Re', 'Os']	9	[0.905 0.039 0.026 0.022 0.004 0.    0.003 0.003]	[ 0.129 -0.148  0.028  0.021 -0.007 -0.012 -0.006 -0.006]	0.43	0.02	0.07	1.18	1.97	1.09	0.22	0.11	0.13	0.04	0.2		0.4042402775460011	0.2	False	0.661
2	['Pt', 'Pd', 'Au', 'Ru', 'Rh', 'Ir', 'Re', 'Os']	9	[0.929 0.001 0.037 0.023 0.001 0.003 0.003 0.   ]	[ 0.144 -0.    -0.136  0.022 -0.008 -0.011 -0.005 -0.005]	0.43	0.02	0.07	1.18	1.97	1.09	0.22	0.11	0.13	0.04	0.2		0.39104052564217867	0.2	False	0.691
3	['Pt', 'Pd', 'Au', 'Ru', 'Rh', 'Ir', 'Re', 'Os']	9	[0.908 0.003 0.002 0.09  0.004 0.001 0.001 0.   ]	[-0.137  0.001  0.019  0.144 -0.01  -0.006 -0.006 -0.005]	0.43	0.02	0.07	1.18	1.97	1.09	0.22	0.11	0.13	0.04	0.2		0.3863513713924341	0.2	False	0.692
4	['Pt', 'Pd', 'Au', 'Ru', 'Rh', 'Ir', 'Re', 'Os']	9	[0.908 0.003 0.001 0.008 0.074 0.008 0.    0.   ]	[-0.143  0.003  0.024  0.018  0.135 -0.01  -0.012 -0.012]	0.43	0.02	0.07	1.18	1.97	1.09	0.22	0.11	0.13	0.04	0.2		0.3815550676730225	0.2	False	0.691
5	['Pt', 'Pd', 'Au', 'Ru', 'Rh', 'Ir', 'Re', 'Os']	9	[0.379 0.078 0.417 0.034 0.007 0.077 0.002 0.002]	[-0.048  0.019  0.143  0.031 -0.    -0.125 -0.01  -0.01 ]	0.43	0.02	0.07	1.18	1.97	1.09	0.22	0.11	0.13	0.04	0.2		0.7303734884906761	0.2	False	0.247
6	['Pt', 'Pd', 'Au', 'Ru', 'Rh', 'Ir', 'Re', 'Os']	9	[0.885 0.024 0.004 0.002 0.007 0.003 0.078 0.001]	[ 0.104 -0.042 -0.003 -0.026 -0.055 -0.05   0.132 -0.06 ]	0.43	0.02	0.07	1.18	1.97	1.09	0.22	0.11	0.13	0.04	0.2		0.39639703837909185	0.199	False	0.664
7	['Pt', 'Pd', 'Au', 'Ru', 'Rh', 'Ir', 'Re', 'Os']	9	[0.889 0.021 0.013 0.001 0.006 0.002 0.003 0.072]	[ 0.105 -0.044 -0.    -0.026 -0.055 -0.05  -0.062  0.132]	0.43	0.02	0.07	1.18	1.97	1.09	0.22	0.11	0.13	0.04	0.2		0.4061643508861316	0.2	False	0.653
0	['Pt', 'Pd', 'Au', 'Ru', 'Rh', 'Ir', 'Re', 'Os']	10	[0.074 0.296 0.327 0.007 0.146 0.002 0.074 0.074]	[ 0.167  0.013  0.04  -0.066 -0.028 -0.052 -0.037 -0.037]	0.43	0.02	0.07	1.18	1.97	1.09	0.22	0.11	0.13	0.04	0.2		0.4718994901138681	0.2	False	0.326
1	['Pt', 'Pd', 'Au', 'Ru', 'Rh', 'Ir', 'Re', 'Os']	10	[0.899 0.081 0.015 0.004 0.    0.001 0.001 0.001]	[-0.14   0.137  0.034 -0.019  0.002  0.    -0.008 -0.008]	0.43	0.02	0.07	1.18	1.97	1.09	0.22	0.11	0.13	0.04	0.2		0.41196998501576776	0.2	False	0.649
2	['Pt', 'Pd', 'Au', 'Ru', 'Rh', 'Ir', 'Re', 'Os']	10	[0.885 0.    0.106 0.    0.001 0.    0.004 0.001]	[-0.151  0.011  0.129 -0.013  0.01   0.007 -0.001  0.006]	0.43	0.02	0.07	1.18	1.97	1.09	0.22	0.11	0.13	0.04	0.2		0.42703993034969573	0.2	False	0.629
3	['Pt', 'Pd', 'Au', 'Ru', 'Rh', 'Ir', 'Re', 'Os']	10	[0.933 0.005 0.014 0.055 0.001 0.001 0.001 0.001]	[-0.139 -0.002  0.024  0.141 -0.004 -0.006 -0.007 -0.007]	0.43	0.02	0.07	1.18	1.97	1.09	0.22	0.11	0.13	0.04	0.2		0.3845243340076178	0.2	False	0.703
4	['Pt', 'Pd', 'Au', 'Ru', 'Rh', 'Ir', 'Re', 'Os']	10	[0.922 0.004 0.006 0.004 0.063 0.    0.001 0.001]	[-0.142 -0.001  0.025  0.007  0.138 -0.014 -0.007 -0.007]	0.43	0.02	0.07	1.18	1.97	1.09	0.22	0.11	0.13	0.04	0.2		0.3813199114905637	0.2	False	0.699
5	['Pt', 'Pd', 'Au', 'Ru', 'Rh', 'Ir', 'Re', 'Os']	10	[0.315 0.088 0.553 0.001 0.006 0.02  0.007 0.007]	[-0.089 -0.004  0.139 -0.053 -0.008  0.085 -0.035 -0.035]	0.43	0.02	0.07	1.18	1.97	1.09	0.22	0.11	0.13	0.04	0.2		0.6647320010021085	0.199	False	0.317
6	['Pt', 'Pd', 'Au', 'Ru', 'Rh', 'Ir', 'Re', 'Os']	10	[0.937 0.    0.002 0.009 0.008 0.004 0.044 0.001]	[-0.149  0.001  0.023  0.01  -0.003 -0.005  0.13  -0.005]	0.43	0.02	0.07	1.18	1.97	1.09	0.22	0.11	0.13	0.04	0.2		0.3786580256848315	0.2	False	0.713
7	['Pt', 'Pd', 'Au', 'Ru', 'Rh', 'Ir', 'Re', 'Os']	10	[0.929 0.001 0.01  0.009 0.005 0.001 0.005 0.049]	[-0.15  -0.001  0.025  0.009 -0.003 -0.005 -0.006  0.13 ]	0.43	0.02	0.07	1.18	1.97	1.09	0.22	0.11	0.13	0.04	0.2		0.38698092825320896	0.2	False	0.696
0	['Pt', 'Pd', 'Au', 'Ru', 'Rh', 'Ir', 'Re', 'Os']	11	[0.08  0.31  0.365 0.012 0.129 0.023 0.04  0.043]	[ 0.164  0.015  0.046 -0.042 -0.026 -0.062 -0.049 -0.045]	0.43	0.02	0.07	1.18	1.97	1.09	0.22	0.11	0.13	0.04	0.2		0.4723791503130226	0.2	False	0.321
1	['Pt', 'Pd', 'Au', 'Ru', 'Rh', 'Ir', 'Re', 'Os']	11	[0.922 0.04  0.025 0.002 0.004 0.002 0.005 0.   ]	[-0.149  0.129  0.033  0.012 -0.011 -0.006 -0.001 -0.007]	0.43	0.02	0.07	1.18	1.97	1.09	0.22	0.11	0.13	0.04	0.2		0.3977793333427141	0.2	False	0.676
2	['Pt', 'Pd', 'Au', 'Ru', 'Rh', 'Ir', 'Re', 'Os']	11	[0.942 0.006 0.014 0.028 0.003 0.001 0.001 0.   ]	[-0.159  0.009  0.119  0.024 -0.002  0.003  0.007  0.001]	0.43	0.02	0.07	1.18	1.97	1.09	0.22	0.11	0.13	0.04	0.2		0.3827037737043359	0.2	False	0.709
3	['Pt', 'Pd', 'Au', 'Ru', 'Rh', 'Ir', 'Re', 'Os']	11	[0.893 0.008 0.016 0.091 0.    0.003 0.    0.001]	[-0.137 -0.002  0.025  0.143 -0.011 -0.006 -0.003 -0.007]	0.43	0.02	0.07	1.18	1.97	1.09	0.22	0.11	0.13	0.04	0.2		0.395969872367323	0.2	False	0.672
4	['Pt', 'Pd', 'Au', 'Ru', 'Rh', 'Ir', 'Re', 'Os']	11	[0.9   0.003 0.015 0.002 0.074 0.    0.002 0.004]	[-0.147 -0.002  0.026  0.008  0.133 -0.006 -0.003 -0.008]	0.43	0.02	0.07	1.18	1.97	1.09	0.22	0.11	0.13	0.04	0.2		0.38818625350409003	0.201	False	0.678
5	['Pt', 'Pd', 'Au', 'Ru', 'Rh', 'Ir', 'Re', 'Os']	11	[0.203 0.061 0.663 0.018 0.002 0.04  0.009 0.001]	[-0.103 -0.007  0.147 -0.009 -0.022  0.067 -0.04  -0.033]	0.43	0.02	0.07	1.18	1.97	1.09	0.22	0.11	0.13	0.04	0.2		0.40994155162022106	0.2	False	0.448
6	['Pt', 'Pd', 'Au', 'Ru', 'Rh', 'Ir', 'Re', 'Os']	11	[0.885 0.001 0.006 0.005 0.001 0.002 0.104 0.001]	[-0.14  -0.001  0.024  0.008 -0.009 -0.014  0.139 -0.007]	0.43	0.02	0.07	1.18	1.97	1.09	0.22	0.11	0.13	0.04	0.2		0.3903738048679788	0.2	False	0.675
7	['Pt', 'Pd', 'Au', 'Ru', 'Rh', 'Ir', 'Re', 'Os']	11	[0.892 0.001 0.016 0.005 0.002 0.    0.001 0.092]	[-0.144 -0.003  0.026  0.007 -0.011 -0.007 -0.004  0.136]	0.43	0.02	0.07	1.18	1.97	1.09	0.22	0.11	0.13	0.04	0.2		0.40223502849923337	0.2	False	0.661
0	['Pt', 'Pd', 'Au', 'Ru', 'Rh', 'Ir', 'Re', 'Os']	12	[0.079 0.336 0.416 0.02  0.119 0.005 0.012 0.016]	[ 0.161  0.019  0.051 -0.041 -0.029 -0.058 -0.052 -0.051]	0.43	0.02	0.07	1.18	1.97	1.09	0.22	0.11	0.13	0.04	0.2		0.4769568874950276	0.2	False	0.341
1	['Pt', 'Pd', 'Au', 'Ru', 'Rh', 'Ir', 'Re', 'Os']	12	[0.883 0.084 0.02  0.011 0.002 0.001 0.001 0.   ]	[-0.145  0.132  0.031  0.013 -0.008 -0.005 -0.012 -0.006]	0.43	0.02	0.07	1.18	1.97	1.09	0.22	0.11	0.13	0.04	0.2		0.4208441728028346	0.2	False	0.633
2	['Pt', 'Pd', 'Au', 'Ru', 'Rh', 'Ir', 'Re', 'Os']	12	[0.861 0.    0.128 0.004 0.    0.    0.001 0.   ]	[-0.146  0.014  0.134 -0.017  0.003  0.006  0.004  0.004]	0.43	0.02	0.07	1.18	1.97	1.09	0.22	0.11	0.13	0.04	0.2		0.44571168645742676	0.2	False	0.603
3	['Pt', 'Pd', 'Au', 'Ru', 'Rh', 'Ir', 'Re', 'Os']	12	[0.943 0.011 0.012 0.042 0.002 0.    0.002 0.001]	[-0.134 -0.001  0.024  0.145 -0.011 -0.007 -0.008 -0.008]	0.43	0.02	0.07	1.18	1.97	1.09	0.22	0.11	0.13	0.04	0.2		0.3826785104296742	0.2	False	0.709
4	['Pt', 'Pd', 'Au', 'Ru', 'Rh', 'Ir', 'Re', 'Os']	12	[0.921 0.006 0.013 0.003 0.049 0.003 0.002 0.003]	[-0.144 -0.001  0.028  0.013  0.134 -0.007 -0.009 -0.015]	0.43	0.02	0.07	1.18	1.97	1.09	0.22	0.11	0.13	0.04	0.2		0.38489287642316383	0.2	False	0.693
5	['Pt', 'Pd', 'Au', 'Ru', 'Rh', 'Ir', 'Re', 'Os']	12	[0.099 0.055 0.803 0.006 0.005 0.022 0.004 0.003]	[-0.107 -0.004  0.149 -0.042 -0.011  0.057 -0.02  -0.022]	0.43	0.02	0.07	1.18	1.97	1.09	0.22	0.11	0.13	0.04	0.2		0.27718406398355927	0.2	False	0.603
6	['Pt', 'Pd', 'Au', 'Ru', 'Rh', 'Ir', 'Re', 'Os']	12	[0.954 0.006 0.015 0.    0.004 0.    0.024 0.001]	[-0.144 -0.001  0.025  0.012 -0.012 -0.006  0.135 -0.009]	0.43	0.02	0.07	1.18	1.97	1.09	0.22	0.11	0.13	0.04	0.2		0.3794709610239443	0.199	False	0.718
7	['Pt', 'Pd', 'Au', 'Ru', 'Rh', 'Ir', 'Re', 'Os']	12	[0.939 0.002 0.021 0.004 0.002 0.003 0.001 0.036]	[-0.144 -0.003  0.027  0.012 -0.012 -0.007 -0.009  0.136]	0.43	0.02	0.07	1.18	1.97	1.09	0.22	0.11	0.13	0.04	0.2		0.3865676650802971	0.201	False	0.7
0	['Pt', 'Pd', 'Au', 'Ru', 'Rh', 'Ir', 'Re', 'Os']	13	[0.061 0.39  0.416 0.008 0.111 0.008 0.001 0.01 ]	[ 0.148  0.071  0.005 -0.073 -0.004 -0.055 -0.047 -0.046]	0.43	0.02	0.07	1.18	1.97	1.09	0.22	0.11	0.13	0.04	0.2		0.43813587635765655	0.2	False	0.37
1	['Pt', 'Pd', 'Au', 'Ru', 'Rh', 'Ir', 'Re', 'Os']	13	[0.935 0.022 0.027 0.004 0.003 0.006 0.002 0.004]	[-0.167  0.101  0.041  0.014  0.001  0.006  0.003  0.003]	0.43	0.02	0.07	1.18	1.97	1.09	0.22	0.11	0.13	0.04	0.2		0.3908134830016069	0.2	False	0.691
2	['Pt', 'Pd', 'Au', 'Ru', 'Rh', 'Ir', 'Re', 'Os']	13	[0.982 0.    0.    0.009 0.001 0.002 0.001 0.001]	[-0.151  0.003  0.13   0.013 -0.     0.004  0.001  0.001]	0.43	0.02	0.07	1.18	1.97	1.09	0.22	0.11	0.13	0.04	0.2		0.3695999311140048	0.2	False	0.75
3	['Pt', 'Pd', 'Au', 'Ru', 'Rh', 'Ir', 'Re', 'Os']	13	[0.867 0.014 0.033 0.092 0.001 0.005 0.    0.001]	[-0.161  0.004  0.038  0.114 -0.001  0.004  0.002  0.002]	0.43	0.02	0.07	1.18	1.97	1.09	0.22	0.11	0.13	0.04	0.2		0.4113397375965845	0.2	False	0.642
4	['Pt', 'Pd', 'Au', 'Ru', 'Rh', 'Ir', 'Re', 'Os']	13	[0.884 0.005 0.031 0.009 0.066 0.001 0.001 0.002]	[-0.165  0.004  0.041  0.014  0.104  0.005  0.003 -0.003]	0.43	0.02	0.07	1.18	1.97	1.09	0.22	0.11	0.13	0.04	0.2		0.39843779564034953	0.2	False	0.657
5	['Pt', 'Pd', 'Au', 'Ru', 'Rh', 'Ir', 'Re', 'Os']	13	[0.203 0.075 0.643 0.046 0.012 0.011 0.003 0.005]	[ 0.109  0.024 -0.16   0.042  0.01  -0.008 -0.009 -0.009]	0.43	0.02	0.07	1.18	1.97	1.09	0.22	0.11	0.13	0.04	0.2		0.4454467520431079	0.2	False	0.426
6	['Pt', 'Pd', 'Au', 'Ru', 'Rh', 'Ir', 'Re', 'Os']	13	[0.846 0.005 0.027 0.016 0.    0.004 0.104 0.   ]	[-0.164  0.002  0.038  0.014 -0.001  0.005  0.107  0.001]	0.43	0.02	0.07	1.18	1.97	1.09	0.22	0.11	0.13	0.04	0.2		0.4093770368354719	0.2	False	0.634
7	['Pt', 'Pd', 'Au', 'Ru', 'Rh', 'Ir', 'Re', 'Os']	13	[0.868 0.005 0.023 0.013 0.003 0.003 0.003 0.091]	[-0.165  0.002  0.038  0.013 -0.     0.004  0.002  0.106]	0.43	0.02	0.07	1.18	1.97	1.09	0.22	0.11	0.13	0.04	0.2		0.4137630234613453	0.2	False	0.637
0	['Pt', 'Pd', 'Au', 'Ru', 'Rh', 'Ir', 'Re', 'Os']	14	[0.081 0.303 0.489 0.01  0.113 0.004 0.001 0.002]	[ 0.135 -0.106  0.084 -0.042 -0.    -0.025 -0.025 -0.023]	0.43	0.02	0.07	1.18	1.97	1.09	0.22	0.11	0.13	0.04	0.2		0.4636766977550736	0.2	False	0.365
1	['Pt', 'Pd', 'Au', 'Ru', 'Rh', 'Ir', 'Re', 'Os']	14	[0.862 0.103 0.017 0.017 0.003 0.    0.    0.001]	[-0.14   0.137  0.036  0.01  -0.009 -0.014 -0.007 -0.013]	0.43	0.02	0.07	1.18	1.97	1.09	0.22	0.11	0.13	0.04	0.2		0.433906637369333	0.2	False	0.612
2	['Pt', 'Pd', 'Au', 'Ru', 'Rh', 'Ir', 'Re', 'Os']	14	[0.823 0.003 0.16  0.007 0.002 0.    0.    0.   ]	[-0.153  0.007  0.127  0.017 -0.002  0.002  0.001  0.001]	0.43	0.02	0.07	1.18	1.97	1.09	0.22	0.11	0.13	0.04	0.2		0.4791843971420394	0.2	False	0.561
3	['Pt', 'Pd', 'Au', 'Ru', 'Rh', 'Ir', 'Re', 'Os']	14	[0.931 0.012 0.029 0.036 0.001 0.001 0.002 0.001]	[ 0.088 -0.037  0.004  0.144 -0.05  -0.056 -0.047 -0.047]	0.43	0.02	0.07	1.18	1.97	1.09	0.22	0.11	0.13	0.04	0.2		0.39055024531903965	0.2	False	0.692
4	['Pt', 'Pd', 'Au', 'Ru', 'Rh', 'Ir', 'Re', 'Os']	14	[0.927 0.005 0.014 0.004 0.042 0.003 0.001 0.001]	[-0.141 -0.004  0.033  0.006  0.137 -0.009 -0.01  -0.01 ]	0.43	0.02	0.07	1.18	1.97	1.09	0.22	0.11	0.13	0.04	0.2		0.3838634277770119	0.2	False	0.697
5	['Pt', 'Pd', 'Au', 'Ru', 'Rh', 'Ir', 'Re', 'Os']	14	[0.043 0.183 0.671 0.033 0.019 0.011 0.019 0.024]	[-0.164  0.106  0.025 -0.016  0.023 -0.003  0.013  0.016]	0.43	0.02	0.07	1.18	1.97	1.09	0.22	0.11	0.13	0.04	0.2		0.30739669261266206	0.2	False	0.494
6	['Pt', 'Pd', 'Au', 'Ru', 'Rh', 'Ir', 'Re', 'Os']	14	[0.926 0.012 0.036 0.001 0.002 0.001 0.023 0.   ]	[ 0.096 -0.043  0.004 -0.034 -0.058 -0.051  0.138 -0.052]	0.43	0.02	0.07	1.18	1.97	1.09	0.22	0.11	0.13	0.04	0.2		0.3935450414263547	0.2	False	0.685
7	['Pt', 'Pd', 'Au', 'Ru', 'Rh', 'Ir', 'Re', 'Os']	14	[0.937 0.001 0.017 0.01  0.003 0.003 0.    0.037]	[ 0.092 -0.049 -0.004 -0.039 -0.052 -0.044 -0.047  0.144]	0.43	0.02	0.07	1.18	1.97	1.09	0.22	0.11	0.13	0.04	0.2		0.3859674061108111	0.2	False	0.701
0	['Pt', 'Pd', 'Au', 'Ru', 'Rh', 'Ir', 'Re', 'Os']	15	[0.041 0.314 0.521 0.02  0.092 0.004 0.005 0.005]	[ 0.15   0.028  0.057 -0.025 -0.016 -0.069 -0.064 -0.062]	0.43	0.02	0.07	1.18	1.97	1.09	0.22	0.11	0.13	0.04	0.2		0.38573794734665695	0.2	False	0.408
1	['Pt', 'Pd', 'Au', 'Ru', 'Rh', 'Ir', 'Re', 'Os']	15	[0.964 0.004 0.016 0.002 0.002 0.006 0.005 0.005]	[-0.162  0.11   0.034 -0.011  0.003  0.009  0.008  0.009]	0.43	0.02	0.07	1.18	1.97	1.09	0.22	0.11	0.13	0.04	0.2		0.3772781933569366	0.2	False	0.726
2	['Pt', 'Pd', 'Au', 'Ru', 'Rh', 'Ir', 'Re', 'Os']	15	[0.966 0.002 0.024 0.001 0.001 0.    0.    0.   ]	[ 0.15  -0.    -0.131  0.007 -0.01  -0.005 -0.005 -0.005]	0.43	0.02	0.07	1.18	1.97	1.09	0.22	0.11	0.13	0.04	0.2		0.37831709020396187	0.2	False	0.726
3	['Pt', 'Pd', 'Au', 'Ru', 'Rh', 'Ir', 'Re', 'Os']	15	[0.879 0.005 0.004 0.098 0.004 0.008 0.005 0.008]	[-0.157  0.    -0.018  0.12   0.011  0.014  0.013  0.014]	0.43	0.02	0.07	1.18	1.97	1.09	0.22	0.11	0.13	0.04	0.2		0.3950749345062753	0.2	False	0.668
4	['Pt', 'Pd', 'Au', 'Ru', 'Rh', 'Ir', 'Re', 'Os']	15	[0.877 0.003 0.018 0.015 0.076 0.    0.003 0.004]	[-0.168  0.008  0.029  0.016  0.102  0.004  0.004  0.005]	0.43	0.02	0.07	1.18	1.97	1.09	0.22	0.11	0.13	0.04	0.2		0.3949099438225864	0.2	False	0.658
5	['Pt', 'Pd', 'Au', 'Ru', 'Rh', 'Ir', 'Re', 'Os']	15	[0.128 0.25  0.509 0.001 0.042 0.005 0.03  0.037]	[ 0.085  0.067 -0.162 -0.032  0.023 -0.006  0.011  0.013]	0.43	0.02	0.07	1.18	1.97	1.09	0.22	0.11	0.13	0.04	0.2		0.5725984870654315	0.2	False	0.316
6	['Pt', 'Pd', 'Au', 'Ru', 'Rh', 'Ir', 'Re', 'Os']	15	[0.874 0.001 0.006 0.015 0.004 0.001 0.099 0.002]	[-0.16   0.001 -0.016  0.026  0.007  0.015  0.114  0.015]	0.43	0.02	0.07	1.18	1.97	1.09	0.22	0.11	0.13	0.04	0.2		0.39365306456841626	0.2	False	0.665
7	['Pt', 'Pd', 'Au', 'Ru', 'Rh', 'Ir', 'Re', 'Os']	15	[0.866 0.014 0.017 0.01  0.003 0.005 0.008 0.086]	[-0.169  0.011  0.03   0.017 -0.002  0.006  0.006  0.103]	0.43	0.02	0.07	1.18	1.97	1.09	0.22	0.11	0.13	0.04	0.2		0.4145822924407696	0.201	False	0.634
0	['Pt', 'Pd', 'Au', 'Ru', 'Rh', 'Ir', 'Re', 'Os']	16	[0.087 0.302 0.555 0.002 0.041 0.008 0.004 0.004]	[ 0.148  0.019  0.075 -0.062 -0.029 -0.052 -0.05  -0.05 ]	0.43	0.02	0.07	1.18	1.97	1.09	0.22	0.11	0.13	0.04	0.2		0.47270449549995786	0.2	False	0.385
1	['Pt', 'Pd', 'Au', 'Ru', 'Rh', 'Ir', 'Re', 'Os']	16	[0.838 0.141 0.014 0.009 0.001 0.    0.    0.   ]	[-0.141  0.137  0.029  0.013 -0.007 -0.012 -0.011 -0.006]	0.43	0.02	0.07	1.18	1.97	1.09	0.22	0.11	0.13	0.04	0.2		0.45390341954111957	0.2	False	0.585
2	['Pt', 'Pd', 'Au', 'Ru', 'Rh', 'Ir', 'Re', 'Os']	16	[0.842 0.005 0.127 0.016 0.003 0.    0.    0.   ]	[-0.154  0.008  0.126  0.017 -0.002  0.003  0.001  0.001]	0.43	0.02	0.07	1.18	1.97	1.09	0.22	0.11	0.13	0.04	0.2		0.4568961472272174	0.2	False	0.585
3	['Pt', 'Pd', 'Au', 'Ru', 'Rh', 'Ir', 'Re', 'Os']	16	[0.959 0.01  0.    0.038 0.001 0.    0.002 0.001]	[ 0.095 -0.034 -0.006  0.142 -0.045 -0.051 -0.051 -0.05 ]	0.43	0.02	0.07	1.18	1.97	1.09	0.22	0.11	0.13	0.04	0.2		0.37592007353144025	0.2	False	0.728
4	['Pt', 'Pd', 'Au', 'Ru', 'Rh', 'Ir', 'Re', 'Os']	16	[0.941 0.01  0.004 0.003 0.037 0.001 0.    0.   ]	[-0.139  0.     0.031  0.005  0.139 -0.006 -0.015 -0.015]	0.43	0.02	0.07	1.18	1.97	1.09	0.22	0.11	0.13	0.04	0.2		0.37930967218146827	0.2	False	0.711
5	['Pt', 'Pd', 'Au', 'Ru', 'Rh', 'Ir', 'Re', 'Os']	16	[0.002 0.377 0.434 0.033 0.066 0.009 0.036 0.047]	[-0.125  0.131 -0.074  0.026  0.026 -0.005  0.008  0.012]	0.43	0.02	0.07	1.18	1.97	1.09	0.22	0.11	0.13	0.04	0.2		0.3322928098674513	0.2	False	0.406
6	['Pt', 'Pd', 'Au', 'Ru', 'Rh', 'Ir', 'Re', 'Os']	16	[0.961 0.007 0.005 0.    0.    0.001 0.027 0.001]	[ 0.103 -0.042 -0.009 -0.034 -0.053 -0.049  0.135 -0.052]	0.43	0.02	0.07	1.18	1.97	1.09	0.22	0.11	0.13	0.04	0.2		0.3758776041114643	0.2	False	0.728
7	['Pt', 'Pd', 'Au', 'Ru', 'Rh', 'Ir', 'Re', 'Os']	16	[0.941 0.009 0.012 0.001 0.    0.003 0.003 0.039]	[ 0.098 -0.036 -0.002 -0.03  -0.052 -0.06  -0.056  0.137]	0.43	0.02	0.07	1.18	1.97	1.09	0.22	0.11	0.13	0.04	0.2		0.3853759641767618	0.2	False	0.703
0	['Pt', 'Pd', 'Au', 'Ru', 'Rh', 'Ir', 'Re', 'Os']	17	[0.027 0.302 0.642 0.008 0.004 0.002 0.011 0.007]	[ 0.125 -0.     0.111 -0.021 -0.047 -0.058 -0.062 -0.049]	0.43	0.02	0.07	1.18	1.97	1.09	0.22	0.11	0.13	0.04	0.2		0.3530911449473338	0.2	False	0.483
1	['Pt', 'Pd', 'Au', 'Ru', 'Rh', 'Ir', 'Re', 'Os']	17	[0.988 0.014 0.    0.    0.    0.001 0.    0.   ]	[ 0.154 -0.126 -0.018  0.006 -0.005 -0.005 -0.004 -0.003]	0.43	0.02	0.07	1.18	1.97	1.09	0.22	0.11	0.13	0.04	0.2		0.3701263599842088	0.2	False	0.75
2	['Pt', 'Pd', 'Au', 'Ru', 'Rh', 'Ir', 'Re', 'Os']	17	[0.973 0.008 0.003 0.001 0.001 0.001 0.002 0.002]	[-0.15   0.06  -0.085  0.017  0.038  0.038  0.04   0.041]	0.43	0.02	0.07	1.18	1.97	1.09	0.22	0.11	0.13	0.04	0.2		0.37336552252496163	0.2	False	0.738
3	['Pt', 'Pd', 'Au', 'Ru', 'Rh', 'Ir', 'Re', 'Os']	17	[0.844 0.016 0.016 0.096 0.01  0.01  0.009 0.011]	[-0.165  0.02   0.01   0.11   0.006  0.005  0.006  0.007]	0.43	0.02	0.07	1.18	1.97	1.09	0.22	0.11	0.13	0.04	0.2		0.41284779398525767	0.2	False	0.63
4	['Pt', 'Pd', 'Au', 'Ru', 'Rh', 'Ir', 'Re', 'Os']	17	[0.86  0.013 0.005 0.015 0.086 0.002 0.006 0.008]	[-0.167  0.021  0.009  0.016  0.105  0.004  0.006  0.007]	0.43	0.02	0.07	1.18	1.97	1.09	0.22	0.11	0.13	0.04	0.2		0.3969925187177289	0.199	False	0.648
5	['Pt', 'Pd', 'Au', 'Ru', 'Rh', 'Ir', 'Re', 'Os']	17	[0.05  0.469 0.267 0.013 0.092 0.005 0.047 0.061]	[ 0.048  0.092 -0.167 -0.02   0.026 -0.004  0.011  0.014]	0.43	0.02	0.07	1.18	1.97	1.09	0.22	0.11	0.13	0.04	0.2		0.36948623438748696	0.2	False	0.389
6	['Pt', 'Pd', 'Au', 'Ru', 'Rh', 'Ir', 'Re', 'Os']	17	[0.835 0.02  0.006 0.021 0.007 0.006 0.1   0.008]	[-0.168  0.022  0.009  0.016  0.005  0.005  0.104  0.007]	0.43	0.02	0.07	1.18	1.97	1.09	0.22	0.11	0.13	0.04	0.2		0.41002157945311357	0.2	False	0.627
7	['Pt', 'Pd', 'Au', 'Ru', 'Rh', 'Ir', 'Re', 'Os']	17	[0.86  0.018 0.004 0.022 0.009 0.004 0.007 0.084]	[-0.167  0.024 -0.007  0.019  0.008  0.007  0.009  0.105]	0.43	0.02	0.07	1.18	1.97	1.09	0.22	0.11	0.13	0.04	0.2		0.4126771709464812	0.2	False	0.634
0	['Pt', 'Pd', 'Au', 'Ru', 'Rh', 'Ir', 'Re', 'Os']	18	[0.182 0.232 0.543 0.034 0.001 0.009 0.001 0.   ]	[ 0.153 -0.074 -0.104  0.022 -0.007  0.004  0.004  0.001]	0.43	0.02	0.07	1.18	1.97	1.09	0.22	0.11	0.13	0.04	0.2		0.6265458737157144	0.201	False	0.314
1	['Pt', 'Pd', 'Au', 'Ru', 'Rh', 'Ir', 'Re', 'Os']	18	[0.808 0.129 0.036 0.016 0.001 0.003 0.005 0.005]	[-0.162  0.114  0.027  0.012  0.     0.003  0.003  0.003]	0.43	0.02	0.07	1.18	1.97	1.09	0.22	0.11	0.13	0.04	0.2		0.4800659358478059	0.2	False	0.551
2	['Pt', 'Pd', 'Au', 'Ru', 'Rh', 'Ir', 'Re', 'Os']	18	[0.83  0.    0.153 0.005 0.002 0.001 0.    0.   ]	[-0.153  0.013  0.128  0.011  0.002 -0.001 -0.001 -0.001]	0.43	0.02	0.07	1.18	1.97	1.09	0.22	0.11	0.13	0.04	0.2		0.47099623931502027	0.2	False	0.57
3	['Pt', 'Pd', 'Au', 'Ru', 'Rh', 'Ir', 'Re', 'Os']	18	[0.983 0.006 0.007 0.012 0.002 0.    0.002 0.   ]	[-0.157 -0.011  0.034  0.118  0.007  0.003  0.003  0.004]	0.43	0.02	0.07	1.18	1.97	1.09	0.22	0.11	0.13	0.04	0.2		0.37132980999724874	0.2	False	0.746
4	['Pt', 'Pd', 'Au', 'Ru', 'Rh', 'Ir', 'Re', 'Os']	18	[0.956 0.001 0.025 0.    0.011 0.002 0.    0.   ]	[-0.164  0.021  0.035 -0.008  0.105  0.007  0.002  0.002]	0.43	0.02	0.07	1.18	1.97	1.09	0.22	0.11	0.13	0.04	0.2		0.38029508507677284	0.2	False	0.718
5	['Pt', 'Pd', 'Au', 'Ru', 'Rh', 'Ir', 'Re', 'Os']	18	[0.1   0.548 0.094 0.002 0.12  0.001 0.058 0.076]	[ 0.048  0.077 -0.176  0.012  0.026 -0.007  0.009  0.013]	0.43	0.02	0.07	1.18	1.97	1.09	0.22	0.11	0.13	0.04	0.2		0.3390146051286139	0.2	False	0.461
6	['Pt', 'Pd', 'Au', 'Ru', 'Rh', 'Ir', 'Re', 'Os']	18	[0.901 0.    0.    0.001 0.001 0.    0.099 0.   ]	[ 0.166 -0.024  0.006 -0.033 -0.059 -0.05   0.046 -0.051]	0.43	0.02	0.07	1.18	1.97	1.09	0.22	0.11	0.13	0.04	0.2		0.3848681360618845	0.2	False	0.69
7	['Pt', 'Pd', 'Au', 'Ru', 'Rh', 'Ir', 'Re', 'Os']	18	[0.957 0.002 0.026 0.001 0.001 0.003 0.001 0.016]	[-0.159 -0.009  0.04  -0.004  0.01   0.005  0.006  0.112]	0.43	0.02	0.07	1.18	1.97	1.09	0.22	0.11	0.13	0.04	0.2		0.3817307761793759	0.199	False	0.716
0	['Pt', 'Pd', 'Au', 'Ru', 'Rh', 'Ir', 'Re', 'Os']	19	[0.327 0.1   0.546 0.009 0.007 0.004 0.002 0.007]	[ 0.147 -0.132  0.004 -0.024  0.005 -0.004  0.001  0.004]	0.43	0.02	0.07	1.18	1.97	1.09	0.22	0.11	0.13	0.04	0.2		0.7081331717196466	0.2	False	0.304
1	['Pt', 'Pd', 'Au', 'Ru', 'Rh', 'Ir', 'Re', 'Os']	19	[0.838 0.139 0.    0.009 0.005 0.003 0.005 0.003]	[ 0.123  0.089 -0.117 -0.048 -0.006 -0.02  -0.011 -0.01 ]	0.43	0.02	0.07	1.18	1.97	1.09	0.22	0.11	0.13	0.04	0.2		0.4463557596543678	0.2	False	0.592
2	['Pt', 'Pd', 'Au', 'Ru', 'Rh', 'Ir', 'Re', 'Os']	19	[0.947 0.011 0.024 0.003 0.001 0.002 0.001 0.001]	[-0.162  0.068 -0.064  0.038  0.033  0.025  0.031  0.032]	0.43	0.02	0.07	1.18	1.97	1.09	0.22	0.11	0.13	0.04	0.2		0.384846080399116	0.2	False	0.707
3	['Pt', 'Pd', 'Au', 'Ru', 'Rh', 'Ir', 'Re', 'Os']	19	[0.814 0.034 0.022 0.128 0.006 0.    0.003 0.007]	[-0.164  0.031  0.014  0.11   0.005 -0.001  0.003  0.004]	0.43	0.02	0.07	1.18	1.97	1.09	0.22	0.11	0.13	0.04	0.2		0.43198313318300985	0.2	False	0.604
4	['Pt', 'Pd', 'Au', 'Ru', 'Rh', 'Ir', 'Re', 'Os']	19	[0.829 0.022 0.023 0.003 0.108 0.009 0.001 0.   ]	[-0.165  0.031  0.016  0.009  0.108 -0.002  0.002  0.003]	0.43	0.02	0.07	1.18	1.97	1.09	0.22	0.11	0.13	0.04	0.2		0.41058415319502556	0.2	False	0.616
5	['Pt', 'Pd', 'Au', 'Ru', 'Rh', 'Ir', 'Re', 'Os']	19	[0.123 0.596 0.06  0.002 0.11  0.021 0.034 0.055]	[ 0.014  0.048  0.163 -0.039 -0.031 -0.059 -0.05  -0.046]	0.43	0.02	0.07	1.18	1.97	1.09	0.22	0.11	0.13	0.04	0.2		0.3320289084897916	0.199	False	0.495
6	['Pt', 'Pd', 'Au', 'Ru', 'Rh', 'Ir', 'Re', 'Os']	19	[0.911 0.045 0.013 0.014 0.009 0.002 0.001 0.009]	[-0.17   0.034  0.013  0.011  0.007  0.001  0.099  0.006]	0.43	0.02	0.07	1.18	1.97	1.09	0.22	0.11	0.13	0.04	0.2		0.3995567025643762	0.2	False	0.669
7	['Pt', 'Pd', 'Au', 'Ru', 'Rh', 'Ir', 'Re', 'Os']	19	[0.834 0.029 0.027 0.001 0.001 0.007 0.002 0.106]	[-0.165  0.033  0.013  0.01  -0.    -0.001  0.003  0.107]	0.43	0.02	0.07	1.18	1.97	1.09	0.22	0.11	0.13	0.04	0.2		0.4377094945411632	0.2	False	0.598
0	['Pt', 'Pd', 'Au', 'Ru', 'Rh', 'Ir', 'Re', 'Os']	20	[0.44  0.012 0.537 0.009 0.002 0.001 0.    0.001]	[ 0.127  0.114 -0.02  -0.024 -0.054 -0.048 -0.042 -0.052]	0.43	0.02	0.07	1.18	1.97	1.09	0.22	0.11	0.13	0.04	0.2		0.670439621510773	0.2	False	0.362
1	['Pt', 'Pd', 'Au', 'Ru', 'Rh', 'Ir', 'Re', 'Os']	20	[0.983 0.005 0.01  0.    0.001 0.    0.003 0.   ]	[ 0.144 -0.138  0.008  0.006 -0.001 -0.004 -0.014 -0.002]	0.43	0.02	0.07	1.18	1.97	1.09	0.22	0.11	0.13	0.04	0.2		0.3718680473804345	0.199	False	0.745
2	['Pt', 'Pd', 'Au', 'Ru', 'Rh', 'Ir', 'Re', 'Os']	20	[0.845 0.027 0.092 0.011 0.007 0.001 0.003 0.004]	[-0.171  0.023  0.1    0.015  0.01   0.006  0.007  0.008]	0.43	0.02	0.07	1.18	1.97	1.09	0.22	0.11	0.13	0.04	0.2		0.45013103938371424	0.2	False	0.589
3	['Pt', 'Pd', 'Au', 'Ru', 'Rh', 'Ir', 'Re', 'Os']	20	[0.977 0.    0.002 0.019 0.004 0.001 0.004 0.007]	[ 0.163 -0.034 -0.02  -0.109 -0.002  0.001  0.001 -0.   ]	0.43	0.02	0.07	1.18	1.97	1.09	0.22	0.11	0.13	0.04	0.2		0.37102595344831324	0.2	False	0.744
4	['Pt', 'Pd', 'Au', 'Ru', 'Rh', 'Ir', 'Re', 'Os']	20	[0.962 0.001 0.025 0.005 0.    0.    0.001 0.001]	[ 0.146 -0.004 -0.024 -0.039  0.085 -0.064 -0.052 -0.049]	0.43	0.02	0.07	1.18	1.97	1.09	0.22	0.11	0.13	0.04	0.2		0.37947594668474	0.2	False	0.722
5	['Pt', 'Pd', 'Au', 'Ru', 'Rh', 'Ir', 'Re', 'Os']	20	[0.144 0.644 0.087 0.    0.088 0.016 0.005 0.019]	[ 0.025  0.06   0.153 -0.03  -0.032 -0.068 -0.056 -0.051]	0.43	0.02	0.07	1.18	1.97	1.09	0.22	0.11	0.13	0.04	0.2		0.35347825472647854	0.2	False	0.508
6	['Pt', 'Pd', 'Au', 'Ru', 'Rh', 'Ir', 'Re', 'Os']	20	[0.898 0.002 0.021 0.005 0.004 0.01  0.06  0.002]	[-0.171  0.051 -0.03   0.024  0.018  0.016  0.076  0.017]	0.43	0.02	0.07	1.18	1.97	1.09	0.22	0.11	0.13	0.04	0.2		0.3934869025918041	0.2	False	0.673
7	['Pt', 'Pd', 'Au', 'Ru', 'Rh', 'Ir', 'Re', 'Os']	20	[0.969 0.001 0.031 0.001 0.003 0.001 0.001 0.001]	[ 0.147 -0.005 -0.023 -0.039 -0.047 -0.065 -0.052  0.084]	0.43	0.02	0.07	1.18	1.97	1.09	0.22	0.11	0.13	0.04	0.2		0.37862623294780184	0.2	False	0.726
0	['Pt', 'Pd', 'Au', 'Ru', 'Rh', 'Ir', 'Re', 'Os']	21	[0.491 0.054 0.451 0.003 0.001 0.001 0.001 0.001]	[ 0.134  0.11  -0.034 -0.03  -0.041 -0.046 -0.047 -0.046]	0.43	0.02	0.07	1.18	1.97	1.09	0.22	0.11	0.13	0.04	0.2		0.7845110584614872	0.2	False	0.302
1	['Pt', 'Pd', 'Au', 'Ru', 'Rh', 'Ir', 'Re', 'Os']	21	[0.823 0.156 0.015 0.004 0.001 0.001 0.003 0.   ]	[-0.15   0.132  0.013  0.009  0.002  0.001 -0.005 -0.   ]	0.43	0.02	0.07	1.18	1.97	1.09	0.22	0.11	0.13	0.04	0.2		0.46608848379436874	0.2	False	0.569
2	['Pt', 'Pd', 'Au', 'Ru', 'Rh', 'Ir', 'Re', 'Os']	21	[0.97  0.018 0.    0.001 0.    0.    0.    0.   ]	[-0.155  0.08  -0.07   0.042  0.021  0.033  0.025  0.024]	0.43	0.02	0.07	1.18	1.97	1.09	0.22	0.11	0.13	0.04	0.2		0.3748907424153915	0.2	False	0.734
3	['Pt', 'Pd', 'Au', 'Ru', 'Rh', 'Ir', 'Re', 'Os']	21	[0.823 0.053 0.014 0.118 0.    0.002 0.001 0.001]	[-0.16   0.042  0.013  0.111  0.004  0.003 -0.005 -0.005]	0.43	0.02	0.07	1.18	1.97	1.09	0.22	0.11	0.13	0.04	0.2		0.4322528460483288	0.2	False	0.607
4	['Pt', 'Pd', 'Au', 'Ru', 'Rh', 'Ir', 'Re', 'Os']	21	[0.819 0.031 0.021 0.003 0.116 0.001 0.003 0.002]	[-0.166  0.038  0.014  0.008  0.104  0.001 -0.001  0.   ]	0.43	0.02	0.07	1.18	1.97	1.09	0.22	0.11	0.13	0.04	0.2		0.41559482315534557	0.2	False	0.607
5	['Pt', 'Pd', 'Au', 'Ru', 'Rh', 'Ir', 'Re', 'Os']	21	[0.17  0.699 0.047 0.008 0.063 0.005 0.011 0.003]	[ 0.031  0.069  0.145 -0.029 -0.035 -0.066 -0.059 -0.056]	0.43	0.02	0.07	1.18	1.97	1.09	0.22	0.11	0.13	0.04	0.2		0.3481358956648618	0.2	False	0.558
6	['Pt', 'Pd', 'Au', 'Ru', 'Rh', 'Ir', 'Re', 'Os']	21	[0.903 0.034 0.015 0.005 0.001 0.002 0.039 0.004]	[-0.163  0.043  0.014  0.01   0.    -0.009  0.105  0.   ]	0.43	0.02	0.07	1.18	1.97	1.09	0.22	0.11	0.13	0.04	0.2		0.3993972751897296	0.2	False	0.667
7	['Pt', 'Pd', 'Au', 'Ru', 'Rh', 'Ir', 'Re', 'Os']	21	[0.813 0.037 0.033 0.001 0.003 0.001 0.004 0.117]	[-0.167  0.039  0.015  0.009  0.002  0.001 -0.001  0.101]	0.43	0.02	0.07	1.18	1.97	1.09	0.22	0.11	0.13	0.04	0.2		0.45423179756272847	0.2	False	0.576
0	['Pt', 'Pd', 'Au', 'Ru', 'Rh', 'Ir', 'Re', 'Os']	22	[0.579 0.022 0.378 0.017 0.002 0.    0.002 0.002]	[ 0.14   0.102 -0.05  -0.022 -0.041 -0.042 -0.041 -0.046]	0.43	0.02	0.07	1.18	1.97	1.09	0.22	0.11	0.13	0.04	0.2		0.7305966311628818	0.2	False	0.347
1	['Pt', 'Pd', 'Au', 'Ru', 'Rh', 'Ir', 'Re', 'Os']	22	[0.955 0.008 0.028 0.003 0.002 0.    0.003 0.   ]	[ 0.136 -0.145  0.017  0.008 -0.001 -0.002 -0.009 -0.003]	0.43	0.02	0.07	1.18	1.97	1.09	0.22	0.11	0.13	0.04	0.2		0.3829114047011285	0.2	False	0.713
2	['Pt', 'Pd', 'Au', 'Ru', 'Rh', 'Ir', 'Re', 'Os']	22	[0.819 0.034 0.121 0.012 0.002 0.    0.    0.   ]	[-0.168  0.047  0.097  0.013  0.004  0.003  0.002  0.002]	0.43	0.02	0.07	1.18	1.97	1.09	0.22	0.11	0.13	0.04	0.2		0.4798386117084251	0.2	False	0.556
3	['Pt', 'Pd', 'Au', 'Ru', 'Rh', 'Ir', 'Re', 'Os']	22	[0.973 0.003 0.035 0.001 0.002 0.    0.    0.   ]	[ 0.15  -0.05   0.021 -0.12   0.001 -0.    -0.    -0.001]	0.43	0.02	0.07	1.18	1.97	1.09	0.22	0.11	0.13	0.04	0.2		0.3787216536716115	0.2	False	0.728
4	['Pt', 'Pd', 'Au', 'Ru', 'Rh', 'Ir', 'Re', 'Os']	22	[0.955 0.004 0.027 0.    0.004 0.002 0.003 0.001]	[ 0.144  0.034  0.009 -0.002 -0.131 -0.015 -0.022 -0.016]	0.43	0.02	0.07	1.18	1.97	1.09	0.22	0.11	0.13	0.04	0.2		0.38188839461430835	0.2	False	0.715
5	['Pt', 'Pd', 'Au', 'Ru', 'Rh', 'Ir', 'Re', 'Os']	22	[0.17  0.731 0.071 0.006 0.008 0.008 0.001 0.009]	[ 0.03   0.072  0.145 -0.033 -0.042 -0.05  -0.061 -0.061]	0.43	0.02	0.07	1.18	1.97	1.09	0.22	0.11	0.13	0.04	0.2		0.3443915465941145	0.2	False	0.57
6	['Pt', 'Pd', 'Au', 'Ru', 'Rh', 'Ir', 'Re', 'Os']	22	[0.903 0.    0.019 0.005 0.    0.001 0.072 0.002]	[-0.163  0.041  0.019  0.009 -0.002 -0.002  0.106 -0.008]	0.43	0.02	0.07	1.18	1.97	1.09	0.22	0.11	0.13	0.04	0.2		0.39135795370037074	0.2	False	0.68
7	['Pt', 'Pd', 'Au', 'Ru', 'Rh', 'Ir', 'Re', 'Os']	22	[0.952 0.    0.044 0.002 0.001 0.    0.003 0.006]	[ 0.143  0.033  0.01  -0.003 -0.015 -0.016 -0.023 -0.131]	0.43	0.02	0.07	1.18	1.97	1.09	0.22	0.11	0.13	0.04	0.2		0.3862962635925643	0.2	False	0.707
0	['Pt', 'Pd', 'Au', 'Ru', 'Rh', 'Ir', 'Re', 'Os']	23	[0.662 0.053 0.281 0.001 0.002 0.001 0.002 0.002]	[ 0.14   0.1   -0.06  -0.049 -0.03  -0.032 -0.035 -0.035]	0.43	0.02	0.07	1.18	1.97	1.09	0.22	0.11	0.13	0.04	0.2		0.6874268660026501	0.2	False	0.382
1	['Pt', 'Pd', 'Au', 'Ru', 'Rh', 'Ir', 'Re', 'Os']	23	[0.843 0.136 0.013 0.007 0.    0.    0.001 0.   ]	[-0.145  0.136  0.015  0.007 -0.004 -0.001 -0.006 -0.001]	0.43	0.02	0.07	1.18	1.97	1.09	0.22	0.11	0.13	0.04	0.2		0.4495725942437211	0.2	False	0.59
2	['Pt', 'Pd', 'Au', 'Ru', 'Rh', 'Ir', 'Re', 'Os']	23	[0.968 0.008 0.012 0.    0.001 0.001 0.    0.   ]	[ 0.156  0.038 -0.114 -0.006 -0.021 -0.017 -0.018 -0.018]	0.43	0.02	0.07	1.18	1.97	1.09	0.22	0.11	0.13	0.04	0.2		0.37626194421621306	0.2	False	0.73
3	['Pt', 'Pd', 'Au', 'Ru', 'Rh', 'Ir', 'Re', 'Os']	23	[0.814 0.038 0.033 0.124 0.003 0.001 0.001 0.001]	[-0.16   0.045  0.016  0.11  -0.005 -0.001 -0.002 -0.002]	0.43	0.02	0.07	1.18	1.97	1.09	0.22	0.11	0.13	0.04	0.2		0.4382927988614746	0.2	False	0.597
4	['Pt', 'Pd', 'Au', 'Ru', 'Rh', 'Ir', 'Re', 'Os']	23	[0.824 0.029 0.019 0.009 0.105 0.002 0.005 0.002]	[-0.164  0.044  0.016  0.009  0.104 -0.001 -0.008 -0.002]	0.43	0.02	0.07	1.18	1.97	1.09	0.22	0.11	0.13	0.04	0.2		0.41422639430196995	0.2	False	0.611
5	['Pt', 'Pd', 'Au', 'Ru', 'Rh', 'Ir', 'Re', 'Os']	23	[0.177 0.77  0.041 0.01  0.002 0.    0.001 0.003]	[ 0.036  0.077  0.139 -0.029 -0.048 -0.063 -0.057 -0.055]	0.43	0.02	0.07	1.18	1.97	1.09	0.22	0.11	0.13	0.04	0.2		0.3299419685304461	0.2	False	0.614
6	['Pt', 'Pd', 'Au', 'Ru', 'Rh', 'Ir', 'Re', 'Os']	23	[0.862 0.034 0.013 0.009 0.006 0.001 0.078 0.   ]	[-0.171  0.07  -0.025  0.024  0.008  0.014  0.067  0.013]	0.43	0.02	0.07	1.18	1.97	1.09	0.22	0.11	0.13	0.04	0.2		0.40941024474294424	0.2	False	0.638
7	['Pt', 'Pd', 'Au', 'Ru', 'Rh', 'Ir', 'Re', 'Os']	23	[0.826 0.029 0.033 0.01  0.004 0.001 0.005 0.1  ]	[-0.162  0.044  0.018  0.008 -0.005 -0.001 -0.008  0.105]	0.43	0.02	0.07	1.18	1.97	1.09	0.22	0.11	0.13	0.04	0.2		0.4440566420328176	0.2	False	0.589
0	['Pt', 'Pd', 'Au', 'Ru', 'Rh', 'Ir', 'Re', 'Os']	24	[0.772 0.022 0.192 0.017 0.001 0.    0.    0.001]	[ 0.145  0.088 -0.078 -0.017 -0.03  -0.036 -0.037 -0.036]	0.43	0.02	0.07	1.18	1.97	1.09	0.22	0.11	0.13	0.04	0.2		0.5366039459386818	0.199	False	0.502
1	['Pt', 'Pd', 'Au', 'Ru', 'Rh', 'Ir', 'Re', 'Os']	24	[0.973 0.001 0.025 0.001 0.001 0.    0.    0.   ]	[ 0.121  0.121 -0.022 -0.033 -0.049 -0.046 -0.047 -0.046]	0.43	0.02	0.07	1.18	1.97	1.09	0.22	0.11	0.13	0.04	0.2		0.37656787154615834	0.2	False	0.732
2	['Pt', 'Pd', 'Au', 'Ru', 'Rh', 'Ir', 'Re', 'Os']	24	[0.82  0.054 0.099 0.015 0.002 0.    0.    0.   ]	[-0.169  0.053  0.092  0.015  0.     0.003  0.003  0.003]	0.43	0.02	0.07	1.18	1.97	1.09	0.22	0.11	0.13	0.04	0.2		0.4777001376750303	0.2	False	0.557
3	['Pt', 'Pd', 'Au', 'Ru', 'Rh', 'Ir', 'Re', 'Os']	24	[0.955 0.009 0.05  0.001 0.    0.    0.    0.   ]	[ 0.14   0.039  0.012 -0.135 -0.017 -0.012 -0.013 -0.013]	0.43	0.02	0.07	1.18	1.97	1.09	0.22	0.11	0.13	0.04	0.2		0.3880317413465487	0.2	False	0.705
4	['Pt', 'Pd', 'Au', 'Ru', 'Rh', 'Ir', 'Re', 'Os']	24	[0.958 0.01  0.02  0.005 0.    0.    0.001 0.   ]	[ 0.145  0.038  0.007 -0.005 -0.128 -0.016 -0.023 -0.017]	0.43	0.02	0.07	1.18	1.97	1.09	0.22	0.11	0.13	0.04	0.2		0.3808492787372005	0.2	False	0.718
5	['Pt', 'Pd', 'Au', 'Ru', 'Rh', 'Ir', 'Re', 'Os']	24	[0.155 0.783 0.053 0.005 0.002 0.    0.001 0.004]	[ 0.032  0.078  0.141 -0.033 -0.052 -0.049 -0.059 -0.059]	0.43	0.02	0.07	1.18	1.97	1.09	0.22	0.11	0.13	0.04	0.2		0.3100834509409358	0.2	False	0.626
6	['Pt', 'Pd', 'Au', 'Ru', 'Rh', 'Ir', 'Re', 'Os']	24	[0.956 0.004 0.016 0.    0.003 0.003 0.02  0.003]	[-0.164  0.047  0.017  0.008 -0.004 -0.003  0.103 -0.004]	0.43	0.02	0.07	1.18	1.97	1.09	0.22	0.11	0.13	0.04	0.2		0.37896381048792	0.2	False	0.72
7	['Pt', 'Pd', 'Au', 'Ru', 'Rh', 'Ir', 'Re', 'Os']	24	[0.956 0.01  0.035 0.    0.001 0.    0.001 0.004]	[ 0.145  0.015 -0.023 -0.04  -0.059 -0.055 -0.063  0.08 ]	0.43	0.02	0.07	1.18	1.97	1.09	0.22	0.11	0.13	0.04	0.2		0.38479752837962655	0.2	False	0.71
0	['Pt', 'Pd', 'Au', 'Ru', 'Rh', 'Ir', 'Re', 'Os']	25	[0.874 0.044 0.08  0.003 0.    0.002 0.001 0.002]	[ 0.147  0.084 -0.083 -0.039 -0.024 -0.028 -0.027 -0.028]	0.43	0.02	0.07	1.18	1.97	1.09	0.22	0.11	0.13	0.04	0.2		0.4367204541058982	0.2	False	0.612
1	['Pt', 'Pd', 'Au', 'Ru', 'Rh', 'Ir', 'Re', 'Os']	25	[0.825 0.15  0.018 0.005 0.002 0.    0.001 0.   ]	[-0.149  0.133  0.014  0.009 -0.005 -0.    -0.001 -0.   ]	0.43	0.02	0.07	1.18	1.97	1.09	0.22	0.11	0.13	0.04	0.2		0.46521805609089406	0.2	False	0.57
2	['Pt', 'Pd', 'Au', 'Ru', 'Rh', 'Ir', 'Re', 'Os']	25	[0.984 0.    0.004 0.001 0.    0.    0.    0.   ]	[ 0.157  0.041 -0.11  -0.031 -0.016 -0.013 -0.014 -0.014]	0.43	0.02	0.07	1.18	1.97	1.09	0.22	0.11	0.13	0.04	0.2		0.37004851441131287	0.2	False	0.75
3	['Pt', 'Pd', 'Au', 'Ru', 'Rh', 'Ir', 'Re', 'Os']	25	[0.829 0.019 0.041 0.117 0.006 0.001 0.001 0.001]	[-0.159  0.043  0.017  0.112 -0.006 -0.002 -0.003 -0.003]	0.43	0.02	0.07	1.18	1.97	1.09	0.22	0.11	0.13	0.04	0.2		0.428545615392149	0.2	False	0.611
4	['Pt', 'Pd', 'Au', 'Ru', 'Rh', 'Ir', 'Re', 'Os']	25	[0.825 0.028 0.016 0.005 0.113 0.001 0.003 0.001]	[-0.165  0.046  0.015  0.008  0.102 -0.002 -0.002 -0.002]	0.43	0.02	0.07	1.18	1.97	1.09	0.22	0.11	0.13	0.04	0.2		0.41119230490899655	0.2	False	0.615
5	['Pt', 'Pd', 'Au', 'Ru', 'Rh', 'Ir', 'Re', 'Os']	25	[0.137 0.805 0.041 0.013 0.001 0.001 0.002 0.003]	[ 0.03   0.082  0.139 -0.031 -0.052 -0.049 -0.06  -0.058]	0.43	0.02	0.07	1.18	1.97	1.09	0.22	0.11	0.13	0.04	0.2		0.2901855319523552	0.2	False	0.656
6	['Pt', 'Pd', 'Au', 'Ru', 'Rh', 'Ir', 'Re', 'Os']	25	[0.834 0.048 0.019 0.    0.001 0.006 0.093 0.005]	[-0.163  0.051  0.017  0.01  -0.003 -0.007  0.102 -0.006]	0.43	0.02	0.07	1.18	1.97	1.09	0.22	0.11	0.13	0.04	0.2		0.4248820758733516	0.2	False	0.61
7	['Pt', 'Pd', 'Au', 'Ru', 'Rh', 'Ir', 'Re', 'Os']	25	[0.839 0.062 0.003 0.023 0.004 0.01  0.008 0.058]	[-0.171  0.066 -0.027  0.025  0.01   0.014  0.013  0.069]	0.43	0.02	0.07	1.18	1.97	1.09	0.22	0.11	0.13	0.04	0.2		0.4321980659974376	0.2	False	0.604
0	['Pt', 'Pd', 'Au', 'Ru', 'Rh', 'Ir', 'Re', 'Os']	26	[0.94  0.052 0.006 0.003 0.002 0.    0.002 0.   ]	[-0.153  0.109 -0.05   0.029  0.019  0.015  0.015  0.015]	0.43	0.02	0.07	1.18	1.97	1.09	0.22	0.11	0.13	0.04	0.2		0.38934012561803544	0.2	False	0.696
1	['Pt', 'Pd', 'Au', 'Ru', 'Rh', 'Ir', 'Re', 'Os']	26	[0.959 0.003 0.032 0.005 0.001 0.001 0.    0.001]	[ 0.135 -0.147  0.015  0.009 -0.005 -0.001 -0.002 -0.003]	0.43	0.02	0.07	1.18	1.97	1.09	0.22	0.11	0.13	0.04	0.2		0.3819464171306523	0.2	False	0.717
2	['Pt', 'Pd', 'Au', 'Ru', 'Rh', 'Ir', 'Re', 'Os']	26	[0.798 0.065 0.108 0.013 0.003 0.    0.    0.   ]	[-0.169  0.054  0.092  0.015 -0.     0.003  0.003  0.003]	0.43	0.02	0.07	1.18	1.97	1.09	0.22	0.11	0.13	0.04	0.2		0.5005798298466189	0.2	False	0.531
3	['Pt', 'Pd', 'Au', 'Ru', 'Rh', 'Ir', 'Re', 'Os']	26	[0.95  0.021 0.039 0.    0.005 0.001 0.    0.   ]	[ 0.138  0.044  0.012 -0.134 -0.015 -0.014 -0.015 -0.015]	0.43	0.02	0.07	1.18	1.97	1.09	0.22	0.11	0.13	0.04	0.2		0.3887952980173661	0.2	False	0.7
4	['Pt', 'Pd', 'Au', 'Ru', 'Rh', 'Ir', 'Re', 'Os']	26	[0.956 0.012 0.013 0.006 0.004 0.002 0.    0.   ]	[ 0.145  0.041  0.005 -0.005 -0.127 -0.018 -0.023 -0.019]	0.43	0.02	0.07	1.18	1.97	1.09	0.22	0.11	0.13	0.04	0.2		0.37987674772809327	0.2	False	0.719
5	['Pt', 'Pd', 'Au', 'Ru', 'Rh', 'Ir', 'Re', 'Os']	26	[0.114 0.827 0.055 0.    0.002 0.    0.004 0.002]	[ 0.026  0.084  0.139 -0.033 -0.051 -0.049 -0.059 -0.058]	0.43	0.02	0.07	1.18	1.97	1.09	0.22	0.11	0.13	0.04	0.2		0.27263045944337105	0.2	False	0.677
6	['Pt', 'Pd', 'Au', 'Ru', 'Rh', 'Ir', 'Re', 'Os']	26	[0.972 0.005 0.023 0.001 0.003 0.    0.001 0.   ]	[ 0.146  0.014 -0.026 -0.036 -0.057 -0.061  0.079 -0.059]	0.43	0.02	0.07	1.18	1.97	1.09	0.22	0.11	0.13	0.04	0.2		0.3768823584671171	0.2	False	0.731
7	['Pt', 'Pd', 'Au', 'Ru', 'Rh', 'Ir', 'Re', 'Os']	26	[0.963 0.001 0.001 0.001 0.    0.    0.    0.04 ]	[ 0.138 -0.087 -0.009 -0.043 -0.028 -0.032 -0.032  0.093]	0.43	0.02	0.07	1.18	1.97	1.09	0.22	0.11	0.13	0.04	0.2		0.37608236773192616	0.2	False	0.729
0	['Pt', 'Pd', 'Au', 'Ru', 'Rh', 'Ir', 'Re', 'Os']	27	[0.865 0.046 0.083 0.005 0.004 0.001 0.    0.001]	[-0.165  0.088  0.071  0.007  0.003 -0.001 -0.001 -0.001]	0.43	0.02	0.07	1.18	1.97	1.09	0.22	0.11	0.13	0.04	0.2		0.4425923750121763	0.2	False	0.603
1	['Pt', 'Pd', 'Au', 'Ru', 'Rh', 'Ir', 'Re', 'Os']	27	[0.838 0.143 0.015 0.004 0.    0.    0.    0.001]	[-0.145  0.137  0.014  0.006 -0.005 -0.002 -0.003 -0.003]	0.43	0.02	0.07	1.18	1.97	1.09	0.22	0.11	0.13	0.04	0.2		0.45496795424354386	0.2	False	0.584
2	['Pt', 'Pd', 'Au', 'Ru', 'Rh', 'Ir', 'Re', 'Os']	27	[0.963 0.002 0.015 0.003 0.    0.001 0.    0.   ]	[ 0.167 -0.061 -0.091 -0.015 -0.001  0.002  0.001  0.001]	0.43	0.02	0.07	1.18	1.97	1.09	0.22	0.11	0.13	0.04	0.2		0.3772841209791761	0.2	False	0.727
3	['Pt', 'Pd', 'Au', 'Ru', 'Rh', 'Ir', 'Re', 'Os']	27	[0.841 0.013 0.032 0.122 0.    0.002 0.    0.004]	[-0.159  0.047  0.014  0.111 -0.006 -0.002 -0.002 -0.004]	0.43	0.02	0.07	1.18	1.97	1.09	0.22	0.11	0.13	0.04	0.2		0.41893391807833724	0.2	False	0.627
4	['Pt', 'Pd', 'Au', 'Ru', 'Rh', 'Ir', 'Re', 'Os']	27	[0.831 0.033 0.011 0.004 0.11  0.004 0.    0.   ]	[-0.165  0.048  0.013  0.007  0.101 -0.002 -0.002 -0.002]	0.43	0.02	0.07	1.18	1.97	1.09	0.22	0.11	0.13	0.04	0.2		0.4091923191445787	0.2	False	0.62
5	['Pt', 'Pd', 'Au', 'Ru', 'Rh', 'Ir', 'Re', 'Os']	27	[0.193 0.658 0.12  0.024 0.003 0.003 0.001 0.002]	[ 0.088 -0.162  0.073  0.023  0.002 -0.007 -0.009 -0.008]	0.43	0.02	0.07	1.18	1.97	1.09	0.22	0.11	0.13	0.04	0.2		0.43413711626054935	0.2	False	0.483
6	['Pt', 'Pd', 'Au', 'Ru', 'Rh', 'Ir', 'Re', 'Os']	27	[0.818 0.053 0.004 0.005 0.002 0.002 0.118 0.002]	[-0.164  0.053 -0.012  0.012  0.007  0.003  0.1    0.003]	0.43	0.02	0.07	1.18	1.97	1.09	0.22	0.11	0.13	0.04	0.2		0.42317594614205223	0.199	False	0.607
7	['Pt', 'Pd', 'Au', 'Ru', 'Rh', 'Ir', 'Re', 'Os']	27	[0.834 0.072 0.013 0.013 0.003 0.001 0.001 0.069]	[-0.167  0.056  0.012  0.01  -0.004  0.     0.     0.093]	0.43	0.02	0.07	1.18	1.97	1.09	0.22	0.11	0.13	0.04	0.2		0.4445133210912615	0.2	False	0.591
0	['Pt', 'Pd', 'Au', 'Ru', 'Rh', 'Ir', 'Re', 'Os']	28	[0.961 0.001 0.026 0.013 0.001 0.002 0.    0.002]	[-0.156 -0.036  0.114  0.026  0.015  0.012  0.011  0.012]	0.43	0.02	0.07	1.18	1.97	1.09	0.22	0.11	0.13	0.04	0.2		0.37976673320693066	0.2	False	0.721
1	['Pt', 'Pd', 'Au', 'Ru', 'Rh', 'Ir', 'Re', 'Os']	28	[0.954 0.001 0.034 0.005 0.002 0.002 0.    0.001]	[ 0.128 -0.149  0.03   0.014 -0.01  -0.004 -0.005 -0.005]	0.43	0.02	0.07	1.18	1.97	1.09	0.22	0.11	0.13	0.04	0.2		0.38332013499365464	0.2	False	0.712
2	['Pt', 'Pd', 'Au', 'Ru', 'Rh', 'Ir', 'Re', 'Os']	28	[0.839 0.002 0.133 0.009 0.002 0.    0.    0.   ]	[-0.154  0.005  0.127  0.018 -0.001  0.002  0.001  0.001]	0.43	0.02	0.07	1.18	1.97	1.09	0.22	0.11	0.13	0.04	0.2		0.4597009932185896	0.201	False	0.582
3	['Pt', 'Pd', 'Au', 'Ru', 'Rh', 'Ir', 'Re', 'Os']	28	[0.935 0.005 0.047 0.02  0.003 0.    0.002 0.003]	[ 0.093 -0.033 -0.004  0.142 -0.051 -0.045 -0.046 -0.056]	0.43	0.02	0.07	1.18	1.97	1.09	0.22	0.11	0.13	0.04	0.2		0.3926948325851538	0.199	False	0.69
4	['Pt', 'Pd', 'Au', 'Ru', 'Rh', 'Ir', 'Re', 'Os']	28	[0.923 0.021 0.015 0.008 0.015 0.007 0.002 0.002]	[ 0.104 -0.032 -0.011 -0.031  0.134 -0.054 -0.055 -0.055]	0.43	0.02	0.07	1.18	1.97	1.09	0.22	0.11	0.13	0.04	0.2		0.3902065150711499	0.2	False	0.687
5	['Pt', 'Pd', 'Au', 'Ru', 'Rh', 'Ir', 'Re', 'Os']	28	[0.096 0.586 0.276 0.001 0.024 0.008 0.005 0.008]	[-0.097 -0.072  0.156 -0.023  0.021  0.005  0.004  0.006]	0.43	0.02	0.07	1.18	1.97	1.09	0.22	0.11	0.13	0.04	0.2		0.4007130429998336	0.2	False	0.433
6	['Pt', 'Pd', 'Au', 'Ru', 'Rh', 'Ir', 'Re', 'Os']	28	[0.912 0.051 0.009 0.005 0.004 0.003 0.015 0.005]	[ 0.1   -0.025 -0.016 -0.031 -0.058 -0.053  0.138 -0.054]	0.43	0.02	0.07	1.18	1.97	1.09	0.22	0.11	0.13	0.04	0.2		0.3988104010382718	0.2	False	0.67
7	['Pt', 'Pd', 'Au', 'Ru', 'Rh', 'Ir', 'Re', 'Os']	28	[0.896 0.045 0.006 0.002 0.003 0.001 0.003 0.053]	[ 0.095 -0.022 -0.014 -0.035 -0.058 -0.053 -0.054  0.142]	0.43	0.02	0.07	1.18	1.97	1.09	0.22	0.11	0.13	0.04	0.2		0.406373945909476	0.2	False	0.655
0	['Pt', 'Pd', 'Au', 'Ru', 'Rh', 'Ir', 'Re', 'Os']	29	[0.838 0.068 0.092 0.    0.004 0.001 0.002 0.001]	[-0.165  0.055  0.099  0.012  0.005 -0.001 -0.002 -0.001]	0.43	0.02	0.07	1.18	1.97	1.09	0.22	0.11	0.13	0.04	0.2		0.4681558714198109	0.2	False	0.57
1	['Pt', 'Pd', 'Au', 'Ru', 'Rh', 'Ir', 'Re', 'Os']	29	[0.835 0.132 0.019 0.012 0.    0.    0.002 0.   ]	[-0.146  0.134  0.026  0.009 -0.008 -0.005 -0.006 -0.006]	0.43	0.02	0.07	1.18	1.97	1.09	0.22	0.11	0.13	0.04	0.2		0.455935592541402	0.2	False	0.582
2	['Pt', 'Pd', 'Au', 'Ru', 'Rh', 'Ir', 'Re', 'Os']	29	[0.707 0.062 0.025 0.025 0.049 0.038 0.04  0.04 ]	[-0.132  0.06  -0.108  0.016  0.047  0.038  0.04   0.04 ]	0.43	0.02	0.07	1.18	1.97	1.09	0.22	0.11	0.13	0.04	0.2		0.48647463849953637	0.199	False	0.498
3	['Pt', 'Pd', 'Au', 'Ru', 'Rh', 'Ir', 'Re', 'Os']	29	[0.892 0.008 0.005 0.095 0.004 0.007 0.002 0.001]	[-0.153  0.004 -0.042  0.115  0.014  0.022  0.02   0.02 ]	0.43	0.02	0.07	1.18	1.97	1.09	0.22	0.11	0.13	0.04	0.2		0.39205267862490495	0.2	False	0.677
4	['Pt', 'Pd', 'Au', 'Ru', 'Rh', 'Ir', 'Re', 'Os']	29	[0.869 0.007 0.004 0.004 0.108 0.001 0.    0.   ]	[-0.148  0.002  0.021  0.012  0.132 -0.015 -0.003 -0.003]	0.43	0.02	0.07	1.18	1.97	1.09	0.22	0.11	0.13	0.04	0.2		0.3895258451610611	0.201	False	0.662
5	['Pt', 'Pd', 'Au', 'Ru', 'Rh', 'Ir', 'Re', 'Os']	29	[0.002 0.514 0.42  0.023 0.036 0.004 0.    0.005]	[ 0.081 -0.107  0.137 -0.007 -0.012 -0.031 -0.032 -0.029]	0.43	0.02	0.07	1.18	1.97	1.09	0.22	0.11	0.13	0.04	0.2		0.3032346191721726	0.2	False	0.465
6	['Pt', 'Pd', 'Au', 'Ru', 'Rh', 'Ir', 'Re', 'Os']	29	[0.876 0.001 0.014 0.008 0.001 0.002 0.1   0.001]	[-0.143  0.007  0.018  0.011 -0.011 -0.004  0.136 -0.015]	0.43	0.02	0.07	1.18	1.97	1.09	0.22	0.11	0.13	0.04	0.2		0.39554539387309723	0.2	False	0.664
7	['Pt', 'Pd', 'Au', 'Ru', 'Rh', 'Ir', 'Re', 'Os']	29	[0.91  0.009 0.003 0.015 0.003 0.003 0.002 0.064]	[-0.146  0.006  0.018  0.011 -0.012 -0.004 -0.006  0.134]	0.43	0.02	0.07	1.18	1.97	1.09	0.22	0.11	0.13	0.04	0.2		0.3931064053200571	0.2	False	0.679
0	['Pt', 'Pd', 'Au', 'Ru', 'Rh', 'Ir', 'Re', 'Os']	30	[0.991 0.001 0.    0.01  0.    0.    0.001 0.   ]	[-0.149 -0.036 -0.063  0.06   0.049  0.046  0.046  0.046]	0.43	0.02	0.07	1.18	1.97	1.09	0.22	0.11	0.13	0.04	0.2		0.36788409401648436	0.2	False	0.757
1	['Pt', 'Pd', 'Au', 'Ru', 'Rh', 'Ir', 'Re', 'Os']	30	[0.987 0.004 0.005 0.    0.    0.    0.003 0.   ]	[ 0.152 -0.129 -0.015  0.008 -0.003 -0.002 -0.008 -0.003]	0.43	0.02	0.07	1.18	1.97	1.09	0.22	0.11	0.13	0.04	0.2		0.3700065648927349	0.2	False	0.751
2	['Pt', 'Pd', 'Au', 'Ru', 'Rh', 'Ir', 'Re', 'Os']	30	[0.818 0.    0.102 0.018 0.02  0.006 0.01  0.009]	[ 0.129 -0.067  0.112 -0.051 -0.029 -0.033 -0.03  -0.031]	0.43	0.02	0.07	1.18	1.97	1.09	0.22	0.11	0.13	0.04	0.2		0.45492808733990947	0.2	False	0.574
3	['Pt', 'Pd', 'Au', 'Ru', 'Rh', 'Ir', 'Re', 'Os']	30	[0.931 0.035 0.012 0.02  0.005 0.007 0.002 0.003]	[-0.162  0.035  0.014  0.11   0.    -0.001 -0.001  0.003]	0.43	0.02	0.07	1.18	1.97	1.09	0.22	0.11	0.13	0.04	0.2		0.3901798454930244	0.199	False	0.69
4	['Pt', 'Pd', 'Au', 'Ru', 'Rh', 'Ir', 'Re', 'Os']	30	[0.945 0.031 0.003 0.008 0.004 0.    0.002 0.   ]	[-0.154  0.065  0.038  0.042 -0.078  0.03   0.028  0.029]	0.43	0.02	0.07	1.18	1.97	1.09	0.22	0.11	0.13	0.04	0.2		0.38368641781414575	0.2	False	0.707
5	['Pt', 'Pd', 'Au', 'Ru', 'Rh', 'Ir', 'Re', 'Os']	30	[0.054 0.354 0.526 0.007 0.05  0.005 0.001 0.008]	[ 0.052 -0.16   0.106 -0.016  0.014  0.001  0.001  0.003]	0.43	0.02	0.07	1.18	1.97	1.09	0.22	0.11	0.13	0.04	0.2		0.42981790517911816	0.2	False	0.401
6	['Pt', 'Pd', 'Au', 'Ru', 'Rh', 'Ir', 'Re', 'Os']	30	[0.942 0.046 0.003 0.008 0.001 0.001 0.    0.002]	[-0.154  0.07   0.019  0.046  0.032  0.033 -0.078  0.033]	0.43	0.02	0.07	1.18	1.97	1.09	0.22	0.11	0.13	0.04	0.2		0.3872038383084644	0.2	False	0.7
7	['Pt', 'Pd', 'Au', 'Ru', 'Rh', 'Ir', 'Re', 'Os']	30	[0.902 0.034 0.014 0.004 0.003 0.002 0.002 0.05 ]	[-0.163  0.039  0.017 -0.008  0.003  0.002  0.003  0.106]	0.43	0.02	0.07	1.18	1.97	1.09	0.22	0.11	0.13	0.04	0.2		0.40396152446851435	0.2	False	0.66
