ID	Elements	Generation	Position	Velocity	F_damp	F_b_best	F_h_best	F_g_best	F_b_worst	F_h_worst	F_g_worst	mut_prob	flip_prob	mut_rate	v_max	v_min	Activity	Velocity_mag	Flag	Distance
0	['Pt', 'Pd', 'Au', 'Ru', 'Rh', 'Ir', 'Re', 'Os']	0	[0.79 0.03 0.03 0.03 0.03 0.03 0.03 0.03]	[-0.187  0.027  0.027  0.027  0.027  0.027  0.027  0.027]	0.74	1.67	1.76	0.42	0.02	0.05	0.01	0.11	0.82	0.37	0.2		0.44291876522070495	0.2	False	0.569
1	['Pt', 'Pd', 'Au', 'Ru', 'Rh', 'Ir', 'Re', 'Os']	0	[0.03 0.79 0.03 0.03 0.03 0.03 0.03 0.03]	[ 0.027 -0.187  0.027  0.027  0.027  0.027  0.027  0.027]	0.74	1.67	1.76	0.42	0.02	0.05	0.01	0.11	0.82	0.37	0.2		0.20560014505118607	0.2	False	0.689
2	['Pt', 'Pd', 'Au', 'Ru', 'Rh', 'Ir', 'Re', 'Os']	0	[0.03 0.03 0.79 0.03 0.03 0.03 0.03 0.03]	[ 0.027  0.027 -0.187  0.027  0.027  0.027  0.027  0.027]	0.74	1.67	1.76	0.42	0.02	0.05	0.01	0.11	0.82	0.37	0.2		0.2149894158498787	0.2	False	0.632
3	['Pt', 'Pd', 'Au', 'Ru', 'Rh', 'Ir', 'Re', 'Os']	0	[0.03 0.03 0.03 0.79 0.03 0.03 0.03 0.03]	[ 0.027  0.027  0.027 -0.187  0.027  0.027  0.027  0.027]	0.74	1.67	1.76	0.42	0.02	0.05	0.01	0.11	0.82	0.37	0.2		0.12265296114671817	0.2	False	0.925
4	['Pt', 'Pd', 'Au', 'Ru', 'Rh', 'Ir', 'Re', 'Os']	0	[0.03 0.03 0.03 0.03 0.79 0.03 0.03 0.03]	[ 0.027  0.027  0.027  0.027 -0.187  0.027  0.027  0.027]	0.74	1.67	1.76	0.42	0.02	0.05	0.01	0.11	0.82	0.37	0.2		0.2961943697576316	0.2	False	0.925
5	['Pt', 'Pd', 'Au', 'Ru', 'Rh', 'Ir', 'Re', 'Os']	0	[0.03 0.03 0.03 0.03 0.03 0.79 0.03 0.03]	[ 0.027  0.027  0.027  0.027  0.027 -0.187  0.027  0.027]	0.74	1.67	1.76	0.42	0.02	0.05	0.01	0.11	0.82	0.37	0.2		0.34147169449736997	0.2	False	0.925
6	['Pt', 'Pd', 'Au', 'Ru', 'Rh', 'Ir', 'Re', 'Os']	0	[0.03 0.03 0.03 0.03 0.03 0.03 0.79 0.03]	[ 0.027  0.027  0.027  0.027  0.027  0.027 -0.187  0.027]	0.74	1.67	1.76	0.42	0.02	0.05	0.01	0.11	0.82	0.37	0.2		0.314514003905087	0.2	False	0.925
7	['Pt', 'Pd', 'Au', 'Ru', 'Rh', 'Ir', 'Re', 'Os']	0	[0.03 0.03 0.03 0.03 0.03 0.03 0.03 0.79]	[ 0.027  0.027  0.027  0.027  0.027  0.027  0.027 -0.187]	0.74	1.67	1.76	0.42	0.02	0.05	0.01	0.11	0.82	0.37	0.2		0.3283821739532633	0.2	False	0.839
0	['Pt', 'Pd', 'Au', 'Ru', 'Rh', 'Ir', 'Re', 'Os']	1	[0.704 0.061 0.02  0.013 0.061 0.019 0.061 0.061]	[-0.086  0.031 -0.01  -0.017  0.031 -0.011  0.031  0.031]	0.74	1.67	1.76	0.42	0.02	0.05	0.01	0.11	0.82	0.37	0.2		0.4865517043020095	0.108	False	0.499
1	['Pt', 'Pd', 'Au', 'Ru', 'Rh', 'Ir', 'Re', 'Os']	1	[0.168 0.646 0.032 0.028 0.032 0.032 0.032 0.032]	[ 0.138 -0.144  0.002 -0.002  0.002  0.002  0.002  0.002]	0.74	1.67	1.76	0.42	0.02	0.05	0.01	0.11	0.82	0.37	0.2		0.36292035913083964	0.2	False	0.52
2	['Pt', 'Pd', 'Au', 'Ru', 'Rh', 'Ir', 'Re', 'Os']	1	[0.168 0.032 0.646 0.028 0.032 0.032 0.032 0.032]	[ 0.138  0.002 -0.144 -0.002  0.002  0.002  0.002  0.002]	0.74	1.67	1.76	0.42	0.02	0.05	0.01	0.11	0.82	0.37	0.2		0.3508993436465652	0.2	False	0.457
3	['Pt', 'Pd', 'Au', 'Ru', 'Rh', 'Ir', 'Re', 'Os']	1	[0.167 0.032 0.032 0.644 0.032 0.032 0.032 0.032]	[ 0.137  0.002  0.002 -0.146  0.002  0.002  0.002  0.002]	0.74	1.67	1.76	0.42	0.02	0.05	0.01	0.11	0.82	0.37	0.2		0.1714527377294369	0.2	False	0.758
4	['Pt', 'Pd', 'Au', 'Ru', 'Rh', 'Ir', 'Re', 'Os']	1	[0.168 0.032 0.032 0.028 0.646 0.032 0.032 0.032]	[ 0.138  0.002  0.002 -0.002 -0.144  0.002  0.002  0.002]	0.74	1.67	1.76	0.42	0.02	0.05	0.01	0.11	0.82	0.37	0.2		0.2996809545564713	0.2	False	0.76
5	['Pt', 'Pd', 'Au', 'Ru', 'Rh', 'Ir', 'Re', 'Os']	1	[0.168 0.032 0.032 0.028 0.032 0.646 0.032 0.032]	[ 0.138  0.002  0.002 -0.002  0.002 -0.144  0.002  0.002]	0.74	1.67	1.76	0.42	0.02	0.05	0.01	0.11	0.82	0.37	0.2		0.3249542808691481	0.2	False	0.76
6	['Pt', 'Pd', 'Au', 'Ru', 'Rh', 'Ir', 'Re', 'Os']	1	[0.169 0.028 0.032 0.028 0.032 0.032 0.646 0.032]	[ 0.139 -0.002  0.002 -0.002  0.002  0.002 -0.144  0.002]	0.74	1.67	1.76	0.42	0.02	0.05	0.01	0.11	0.82	0.37	0.2		0.3059824222579683	0.2	False	0.761
7	['Pt', 'Pd', 'Au', 'Ru', 'Rh', 'Ir', 'Re', 'Os']	1	[0.168 0.032 0.032 0.028 0.031 0.032 0.032 0.646]	[ 0.138  0.002  0.002 -0.002  0.001  0.002  0.002 -0.144]	0.74	1.67	1.76	0.42	0.02	0.05	0.01	0.11	0.82	0.37	0.2		0.36848917750103294	0.2	False	0.674
0	['Pt', 'Pd', 'Au', 'Ru', 'Rh', 'Ir', 'Re', 'Os']	2	[0.661 0.075 0.001 0.039 0.075 0.001 0.075 0.075]	[-0.05   0.014 -0.023  0.044  0.014 -0.025  0.014  0.014]	0.74	1.67	1.76	0.42	0.02	0.05	0.01	0.11	0.82	0.37	0.2		0.4988247522057785	0.08	False	0.48
1	['Pt', 'Pd', 'Au', 'Ru', 'Rh', 'Ir', 'Re', 'Os']	2	[0.305 0.501 0.029 0.02  0.039 0.029 0.039 0.039]	[ 0.137 -0.145 -0.003 -0.008  0.007 -0.003  0.007  0.007]	0.74	1.67	1.76	0.42	0.02	0.05	0.01	0.11	0.82	0.37	0.2		0.6140739199352958	0.2	False	0.383
2	['Pt', 'Pd', 'Au', 'Ru', 'Rh', 'Ir', 'Re', 'Os']	2	[0.304 0.028 0.5   0.024 0.029 0.033 0.042 0.042]	[ 0.136 -0.004 -0.146 -0.004 -0.003  0.001  0.01   0.01 ]	0.74	1.67	1.76	0.42	0.02	0.05	0.01	0.11	0.82	0.37	0.2		0.5933693717838555	0.2	False	0.315
3	['Pt', 'Pd', 'Au', 'Ru', 'Rh', 'Ir', 'Re', 'Os']	2	[0.036 0.032 0.023 0.795 0.032 0.022 0.032 0.032]	[-0.131 -0.    -0.009  0.151 -0.    -0.01  -0.    -0.   ]	0.74	1.67	1.76	0.42	0.02	0.05	0.01	0.11	0.82	0.37	0.2		0.1252551649047322	0.2	False	0.928
4	['Pt', 'Pd', 'Au', 'Ru', 'Rh', 'Ir', 'Re', 'Os']	2	[0.254 0.001 0.005 0.002 0.732 0.005 0.001 0.001]	[ 0.121 -0.054 -0.032 -0.02   0.121 -0.032 -0.05  -0.054]	0.74	1.67	1.76	0.42	0.02	0.05	0.01	0.11	0.82	0.37	0.2		0.31482588108992304	0.2	False	0.839
5	['Pt', 'Pd', 'Au', 'Ru', 'Rh', 'Ir', 'Re', 'Os']	2	[0.299 0.04  0.029 0.019 0.04  0.496 0.04  0.04 ]	[ 0.131  0.008 -0.003 -0.009  0.008 -0.15   0.008  0.008]	0.74	1.67	1.76	0.42	0.02	0.05	0.01	0.11	0.82	0.37	0.2		0.3121309651258043	0.2	False	0.611
6	['Pt', 'Pd', 'Au', 'Ru', 'Rh', 'Ir', 'Re', 'Os']	2	[0.305 0.038 0.028 0.019 0.04  0.028 0.501 0.04 ]	[ 0.136  0.01  -0.004 -0.009  0.008 -0.004 -0.145  0.008]	0.74	1.67	1.76	0.42	0.02	0.05	0.01	0.11	0.82	0.37	0.2		0.33160068823994454	0.2	False	0.615
7	['Pt', 'Pd', 'Au', 'Ru', 'Rh', 'Ir', 'Re', 'Os']	2	[0.245 0.001 0.005 0.002 0.    0.005 0.001 0.742]	[ 0.101 -0.053 -0.031 -0.019 -0.053 -0.031 -0.053  0.138]	0.74	1.67	1.76	0.42	0.02	0.05	0.01	0.11	0.82	0.37	0.2		0.3600860236195947	0.2	False	0.756
0	['Pt', 'Pd', 'Au', 'Ru', 'Rh', 'Ir', 'Re', 'Os']	3	[0.535 0.229 0.008 0.031 0.065 0.004 0.065 0.065]	[-0.126  0.154  0.007 -0.008 -0.01   0.004 -0.01  -0.01 ]	0.74	1.67	1.76	0.42	0.02	0.05	0.01	0.11	0.82	0.37	0.2		0.6660429856390623	0.2	False	0.361
1	['Pt', 'Pd', 'Au', 'Ru', 'Rh', 'Ir', 'Re', 'Os']	3	[0.415 0.403 0.018 0.034 0.036 0.018 0.036 0.036]	[ 0.11  -0.104 -0.015  0.042 -0.006 -0.015 -0.006 -0.006]	0.74	1.67	1.76	0.42	0.02	0.05	0.01	0.11	0.82	0.37	0.2		0.7238156075962687	0.159	False	0.34
2	['Pt', 'Pd', 'Au', 'Ru', 'Rh', 'Ir', 'Re', 'Os']	3	[0.321 0.164 0.354 0.017 0.027 0.033 0.043 0.043]	[ 0.017  0.136 -0.146 -0.007 -0.002 -0.     0.001  0.001]	0.74	1.67	1.76	0.42	0.02	0.05	0.01	0.11	0.82	0.37	0.2		0.8691599456170334	0.2	False	0.135
3	['Pt', 'Pd', 'Au', 'Ru', 'Rh', 'Ir', 'Re', 'Os']	3	[0.101 0.125 0.022 0.631 0.034 0.025 0.032 0.034]	[ 0.065  0.093 -0.001 -0.164  0.002  0.003 -0.     0.002]	0.74	1.67	1.76	0.42	0.02	0.05	0.01	0.11	0.82	0.37	0.2		0.1842862446869569	0.199	False	0.748
4	['Pt', 'Pd', 'Au', 'Ru', 'Rh', 'Ir', 'Re', 'Os']	3	[0.279 0.121 0.008 0.001 0.574 0.008 0.006 0.004]	[ 0.025  0.12   0.003  0.003 -0.159  0.003  0.005  0.003]	0.74	1.67	1.76	0.42	0.02	0.05	0.01	0.11	0.82	0.37	0.2		0.34161323935409155	0.2	False	0.668
5	['Pt', 'Pd', 'Au', 'Ru', 'Rh', 'Ir', 'Re', 'Os']	3	[0.246 0.204 0.029 0.014 0.038 0.395 0.038 0.038]	[-0.053  0.164  0.    -0.005 -0.002 -0.101 -0.002 -0.002]	0.74	1.67	1.76	0.42	0.02	0.05	0.01	0.11	0.82	0.37	0.2		0.3189630554757075	0.2	False	0.499
6	['Pt', 'Pd', 'Au', 'Ru', 'Rh', 'Ir', 'Re', 'Os']	3	[0.29  0.177 0.031 0.027 0.043 0.031 0.358 0.043]	[-0.015  0.139  0.003  0.008  0.003  0.003 -0.143  0.003]	0.74	1.67	1.76	0.42	0.02	0.05	0.01	0.11	0.82	0.37	0.2		0.42393947997008746	0.2	False	0.465
7	['Pt', 'Pd', 'Au', 'Ru', 'Rh', 'Ir', 'Re', 'Os']	3	[0.254 0.118 0.012 0.004 0.01  0.012 0.01  0.581]	[ 0.009  0.117  0.007  0.002  0.01   0.007  0.009 -0.161]	0.74	1.67	1.76	0.42	0.02	0.05	0.01	0.11	0.82	0.37	0.2		0.4419406331778084	0.2	False	0.584
0	['Pt', 'Pd', 'Au', 'Ru', 'Rh', 'Ir', 'Re', 'Os']	4	[0.421 0.225 0.169 0.015 0.046 0.018 0.054 0.054]	[-0.114 -0.004  0.161 -0.016 -0.019  0.014 -0.011 -0.011]	0.74	1.67	1.76	0.42	0.02	0.05	0.01	0.11	0.82	0.37	0.2		0.8922035870893823	0.2	False	0.175
1	['Pt', 'Pd', 'Au', 'Ru', 'Rh', 'Ir', 'Re', 'Os']	4	[0.386 0.296 0.183 0.017 0.035 0.017 0.031 0.032]	[-0.029 -0.107  0.165 -0.017 -0.001 -0.001 -0.005 -0.004]	0.74	1.67	1.76	0.42	0.02	0.05	0.01	0.11	0.82	0.37	0.2		0.9355789684588427	0.2	False	0.156
2	['Pt', 'Pd', 'Au', 'Ru', 'Rh', 'Ir', 'Re', 'Os']	4	[0.345 0.263 0.249 0.027 0.017 0.026 0.037 0.037]	[ 0.021  0.098 -0.11   0.034 -0.013 -0.01  -0.009 -0.009]	0.74	1.67	1.76	0.42	0.02	0.05	0.01	0.11	0.82	0.37	0.2		0.9587693496539416	0.154	False	0.099
3	['Pt', 'Pd', 'Au', 'Ru', 'Rh', 'Ir', 'Re', 'Os']	4	[0.051 0.16  0.124 0.474 0.049 0.044 0.051 0.053]	[-0.05   0.035  0.102 -0.157  0.015  0.019  0.019  0.019]	0.74	1.67	1.76	0.42	0.02	0.05	0.01	0.11	0.82	0.37	0.2		0.1966986814457414	0.2	False	0.602
4	['Pt', 'Pd', 'Au', 'Ru', 'Rh', 'Ir', 'Re', 'Os']	4	[0.296 0.145 0.108 0.001 0.404 0.015 0.017 0.015]	[ 0.017  0.024  0.1   -0.    -0.17   0.007  0.011  0.011]	0.74	1.67	1.76	0.42	0.02	0.05	0.01	0.11	0.82	0.37	0.2		0.4363437588188001	0.2	False	0.471
5	['Pt', 'Pd', 'Au', 'Ru', 'Rh', 'Ir', 'Re', 'Os']	4	[0.19  0.143 0.205 0.012 0.029 0.349 0.037 0.037]	[-0.056 -0.061  0.176 -0.002 -0.009 -0.046 -0.001 -0.001]	0.74	1.67	1.76	0.42	0.02	0.05	0.01	0.11	0.82	0.37	0.2		0.2970788508455595	0.2	False	0.417
6	['Pt', 'Pd', 'Au', 'Ru', 'Rh', 'Ir', 'Re', 'Os']	4	[0.304 0.192 0.164 0.017 0.037 0.032 0.211 0.042]	[ 0.014  0.015  0.133 -0.01  -0.006  0.001 -0.147 -0.001]	0.74	1.67	1.76	0.42	0.02	0.05	0.01	0.11	0.82	0.37	0.2		0.6564312902559053	0.2	False	0.273
7	['Pt', 'Pd', 'Au', 'Ru', 'Rh', 'Ir', 'Re', 'Os']	4	[0.282 0.103 0.119 0.008 0.022 0.024 0.026 0.417]	[ 0.028 -0.015  0.107  0.004  0.012  0.012  0.016 -0.164]	0.74	1.67	1.76	0.42	0.02	0.05	0.01	0.11	0.82	0.37	0.2		0.5991656448774423	0.2	False	0.402
0	['Pt', 'Pd', 'Au', 'Ru', 'Rh', 'Ir', 'Re', 'Os']	5	[0.315 0.19  0.33  0.018 0.019 0.043 0.043 0.043]	[-0.106 -0.035  0.161  0.003 -0.027  0.025 -0.011 -0.011]	0.74	1.67	1.76	0.42	0.02	0.05	0.01	0.11	0.82	0.37	0.2		0.8846179702617281	0.2	False	0.116
1	['Pt', 'Pd', 'Au', 'Ru', 'Rh', 'Ir', 'Re', 'Os']	5	[0.338 0.207 0.352 0.007 0.005 0.008 0.04  0.039]	[-0.048 -0.089  0.169 -0.01  -0.03  -0.009  0.009  0.007]	0.74	1.67	1.76	0.42	0.02	0.05	0.01	0.11	0.82	0.37	0.2		0.9698374620202579	0.2	False	0.101
2	['Pt', 'Pd', 'Au', 'Ru', 'Rh', 'Ir', 'Re', 'Os']	5	[0.384 0.347 0.165 0.022 0.005 0.018 0.03  0.029]	[ 0.039  0.084 -0.084 -0.005 -0.012 -0.008 -0.007 -0.008]	0.74	1.67	1.76	0.42	0.02	0.05	0.01	0.11	0.82	0.37	0.2		0.9247801073759154	0.126	False	0.189
3	['Pt', 'Pd', 'Au', 'Ru', 'Rh', 'Ir', 'Re', 'Os']	5	[0.153 0.122 0.188 0.32  0.051 0.051 0.06  0.061]	[ 0.102 -0.038  0.064 -0.154  0.002  0.007  0.009  0.008]	0.74	1.67	1.76	0.42	0.02	0.05	0.01	0.11	0.82	0.37	0.2		0.35137273390510293	0.2	False	0.425
4	['Pt', 'Pd', 'Au', 'Ru', 'Rh', 'Ir', 'Re', 'Os']	5	[0.322 0.197 0.179 0.006 0.227 0.02  0.026 0.025]	[ 0.026  0.052  0.071  0.005 -0.177  0.005  0.009  0.01 ]	0.74	1.67	1.76	0.42	0.02	0.05	0.01	0.11	0.82	0.37	0.2		0.6634565044246499	0.2	False	0.277
5	['Pt', 'Pd', 'Au', 'Ru', 'Rh', 'Ir', 'Re', 'Os']	5	[0.22  0.163 0.129 0.034 0.042 0.357 0.044 0.012]	[ 0.03   0.02  -0.076  0.022  0.013  0.008  0.007 -0.025]	0.74	1.67	1.76	0.42	0.02	0.05	0.01	0.11	0.82	0.37	0.2		0.2897987414649505	0.092	False	0.44
6	['Pt', 'Pd', 'Au', 'Ru', 'Rh', 'Ir', 'Re', 'Os']	5	[0.343 0.251 0.265 0.008 0.017 0.025 0.055 0.035]	[ 0.039  0.059  0.101 -0.009 -0.02  -0.007 -0.156 -0.007]	0.74	1.67	1.76	0.42	0.02	0.05	0.01	0.11	0.82	0.37	0.2		0.9524060275079185	0.2	False	0.097
7	['Pt', 'Pd', 'Au', 'Ru', 'Rh', 'Ir', 'Re', 'Os']	5	[0.317 0.167 0.189 0.012 0.023 0.028 0.021 0.245]	[ 0.035  0.064  0.07   0.004  0.001  0.004 -0.005 -0.172]	0.74	1.67	1.76	0.42	0.02	0.05	0.01	0.11	0.82	0.37	0.2		0.8423039615265295	0.2	False	0.208
0	['Pt', 'Pd', 'Au', 'Ru', 'Rh', 'Ir', 'Re', 'Os']	6	[0.425 0.236 0.233 0.002 0.006 0.053 0.024 0.024]	[ 0.114  0.041 -0.122 -0.003 -0.044  0.079 -0.033 -0.033]	0.74	1.67	1.76	0.42	0.02	0.05	0.01	0.11	0.82	0.37	0.2		0.9351291021482919	0.2	False	0.14
1	['Pt', 'Pd', 'Au', 'Ru', 'Rh', 'Ir', 'Re', 'Os']	6	[0.307 0.123 0.488 0.001 0.011 0.007 0.037 0.022]	[-0.035 -0.09   0.137 -0.     0.008  0.008 -0.006 -0.021]	0.74	1.67	1.76	0.42	0.02	0.05	0.01	0.11	0.82	0.37	0.2		0.7661364732741308	0.17	False	0.247
2	['Pt', 'Pd', 'Au', 'Ru', 'Rh', 'Ir', 'Re', 'Os']	6	[0.348 0.231 0.323 0.013 0.011 0.01  0.023 0.041]	[-0.036 -0.116  0.158 -0.009  0.006 -0.008 -0.007  0.012]	0.74	1.67	1.76	0.42	0.02	0.05	0.01	0.11	0.82	0.37	0.2		0.9992023519020554	0.2	False	0.073
3	['Pt', 'Pd', 'Au', 'Ru', 'Rh', 'Ir', 'Re', 'Os']	6	[0.246 0.153 0.268 0.167 0.033 0.032 0.054 0.054]	[ 0.093  0.031  0.08  -0.153 -0.018 -0.019 -0.006 -0.007]	0.74	1.67	1.76	0.42	0.02	0.05	0.01	0.11	0.82	0.37	0.2		0.6751954519407836	0.2	False	0.237
4	['Pt', 'Pd', 'Au', 'Ru', 'Rh', 'Ir', 'Re', 'Os']	6	[0.34  0.215 0.294 0.005 0.066 0.01  0.036 0.035]	[ 0.018  0.018  0.115 -0.001 -0.161 -0.01   0.01   0.01 ]	0.74	1.67	1.76	0.42	0.02	0.05	0.01	0.11	0.82	0.37	0.2		0.9305647030786297	0.2	False	0.107
5	['Pt', 'Pd', 'Au', 'Ru', 'Rh', 'Ir', 'Re', 'Os']	6	[0.232 0.112 0.003 0.028 0.008 0.427 0.063 0.127]	[-0.023 -0.094  0.112 -0.043 -0.075  0.043 -0.015  0.094]	0.74	1.67	1.76	0.42	0.02	0.05	0.01	0.11	0.82	0.37	0.2		0.3150191637377908	0.2	False	0.556
6	['Pt', 'Pd', 'Au', 'Ru', 'Rh', 'Ir', 'Re', 'Os']	6	[0.339 0.204 0.409 0.011 0.001 0.001 0.026 0.01 ]	[-0.026 -0.078  0.156 -0.038 -0.019 -0.008  0.065 -0.051]	0.74	1.67	1.76	0.42	0.02	0.05	0.01	0.11	0.82	0.37	0.2		0.942462719825045	0.2	False	0.152
7	['Pt', 'Pd', 'Au', 'Ru', 'Rh', 'Ir', 'Re', 'Os']	6	[0.341 0.205 0.303 0.008 0.013 0.013 0.031 0.088]	[ 0.024  0.038  0.114 -0.004 -0.01  -0.015  0.01  -0.157]	0.74	1.67	1.76	0.42	0.02	0.05	0.01	0.11	0.82	0.37	0.2		0.9878523632556151	0.2	False	0.06
0	['Pt', 'Pd', 'Au', 'Ru', 'Rh', 'Ir', 'Re', 'Os']	7	[0.342 0.262 0.35  0.008 0.013 0.004 0.001 0.025]	[-0.091  0.021  0.114  0.001  0.01  -0.066  0.016 -0.005]	0.74	1.67	1.76	0.42	0.02	0.05	0.01	0.11	0.82	0.37	0.2		1.0088632493592486	0.163	False	0.093
1	['Pt', 'Pd', 'Au', 'Ru', 'Rh', 'Ir', 'Re', 'Os']	7	[0.352 0.229 0.326 0.01  0.009 0.004 0.025 0.039]	[ 0.045  0.106 -0.162  0.009 -0.002 -0.003 -0.012  0.017]	0.74	1.67	1.76	0.42	0.02	0.05	0.01	0.11	0.82	0.37	0.2		1.0060662390006112	0.2	False	0.075
2	['Pt', 'Pd', 'Au', 'Ru', 'Rh', 'Ir', 'Re', 'Os']	7	[0.373 0.182 0.203 0.033 0.054 0.016 0.053 0.085]	[ 0.025 -0.049 -0.12   0.02   0.043  0.006  0.03   0.044]	0.74	1.67	1.76	0.42	0.02	0.05	0.01	0.11	0.82	0.37	0.2		0.8847850039225538	0.15	False	0.148
3	['Pt', 'Pd', 'Au', 'Ru', 'Rh', 'Ir', 'Re', 'Os']	7	[0.36  0.112 0.35  0.031 0.029 0.021 0.046 0.058]	[ 0.114 -0.041  0.082 -0.136 -0.004 -0.011 -0.008  0.004]	0.74	1.67	1.76	0.42	0.02	0.05	0.01	0.11	0.82	0.37	0.2		0.8491329534474237	0.2	False	0.167
4	['Pt', 'Pd', 'Au', 'Ru', 'Rh', 'Ir', 'Re', 'Os']	7	[0.346 0.155 0.38  0.01  0.085 0.004 0.001 0.022]	[-0.005 -0.084  0.09  -0.034  0.138 -0.02  -0.057 -0.028]	0.74	1.67	1.76	0.42	0.02	0.05	0.01	0.11	0.82	0.37	0.2		0.8663302652436344	0.199	False	0.17
5	['Pt', 'Pd', 'Au', 'Ru', 'Rh', 'Ir', 'Re', 'Os']	7	[0.206 0.119 0.175 0.041 0.006 0.365 0.025 0.063]	[-0.026  0.007  0.172  0.013 -0.002 -0.062 -0.038 -0.064]	0.74	1.67	1.76	0.42	0.02	0.05	0.01	0.11	0.82	0.37	0.2		0.29826129026887105	0.2	False	0.436
6	['Pt', 'Pd', 'Au', 'Ru', 'Rh', 'Ir', 'Re', 'Os']	7	[0.35  0.26  0.231 0.003 0.021 0.012 0.073 0.051]	[ 0.009  0.054 -0.181  0.01   0.018  0.007  0.045  0.039]	0.74	1.67	1.76	0.42	0.02	0.05	0.01	0.11	0.82	0.37	0.2		0.9522820786467516	0.2	False	0.115
7	['Pt', 'Pd', 'Au', 'Ru', 'Rh', 'Ir', 'Re', 'Os']	7	[0.336 0.231 0.367 0.005 0.006 0.001 0.009 0.049]	[-0.017  0.023  0.073 -0.06  -0.068 -0.026 -0.068  0.143]	0.74	1.67	1.76	0.42	0.02	0.05	0.01	0.11	0.82	0.37	0.2		1.0047940603962893	0.2	False	0.088
0	['Pt', 'Pd', 'Au', 'Ru', 'Rh', 'Ir', 'Re', 'Os']	8	[0.259 0.226 0.44  0.011 0.008 0.055 0.003 0.004]	[-0.082 -0.032  0.1   -0.02   0.     0.05   0.    -0.017]	0.74	1.67	1.76	0.42	0.02	0.05	0.01	0.11	0.82	0.37	0.2		0.7866155729047268	0.144	False	0.202
1	['Pt', 'Pd', 'Au', 'Ru', 'Rh', 'Ir', 'Re', 'Os']	8	[0.267 0.324 0.343 0.005 0.02  0.003 0.027 0.003]	[-0.096  0.117  0.025 -0.013 -0.046  0.002  0.049 -0.038]	0.74	1.67	1.76	0.42	0.02	0.05	0.01	0.11	0.82	0.37	0.2		0.9068246650292486	0.172	False	0.157
2	['Pt', 'Pd', 'Au', 'Ru', 'Rh', 'Ir', 'Re', 'Os']	8	[0.345 0.262 0.354 0.002 0.007 0.002 0.001 0.023]	[-0.032  0.077  0.148 -0.035 -0.051  0.014 -0.056 -0.066]	0.74	1.67	1.76	0.42	0.02	0.05	0.01	0.11	0.82	0.37	0.2		1.0135030986283962	0.2	False	0.095
3	['Pt', 'Pd', 'Au', 'Ru', 'Rh', 'Ir', 'Re', 'Os']	8	[0.359 0.232 0.357 0.042 0.003 0.002 0.004 0.008]	[-0.014  0.14  -0.003  0.059 -0.08  -0.015  0.012 -0.1  ]	0.74	1.67	1.76	0.42	0.02	0.05	0.01	0.11	0.82	0.37	0.2		0.9950728364432837	0.2	False	0.118
4	['Pt', 'Pd', 'Au', 'Ru', 'Rh', 'Ir', 'Re', 'Os']	8	[0.336 0.32  0.298 0.013 0.018 0.001 0.001 0.019]	[-0.013  0.165 -0.086  0.015 -0.071  0.    -0.005 -0.006]	0.74	1.67	1.76	0.42	0.02	0.05	0.01	0.11	0.82	0.37	0.2		1.004296401843541	0.2	False	0.11
5	['Pt', 'Pd', 'Au', 'Ru', 'Rh', 'Ir', 'Re', 'Os']	8	[0.184 0.187 0.293 0.008 0.018 0.291 0.    0.022]	[-0.064  0.049  0.112  0.001 -0.021 -0.129 -0.009  0.061]	0.74	1.67	1.76	0.42	0.02	0.05	0.01	0.11	0.82	0.37	0.2		0.3727371383117718	0.2	False	0.35
6	['Pt', 'Pd', 'Au', 'Ru', 'Rh', 'Ir', 'Re', 'Os']	8	[0.32  0.27  0.354 0.005 0.001 0.005 0.044 0.   ]	[-0.042  0.002  0.128 -0.021 -0.047 -0.042  0.104 -0.081]	0.74	1.67	1.76	0.42	0.02	0.05	0.01	0.11	0.82	0.37	0.2		0.963164871173045	0.2	False	0.127
7	['Pt', 'Pd', 'Au', 'Ru', 'Rh', 'Ir', 'Re', 'Os']	8	[0.351 0.119 0.405 0.002 0.01  0.008 0.024 0.089]	[ 0.023 -0.122  0.049  0.002 -0.014 -0.018  0.03   0.051]	0.74	1.67	1.76	0.42	0.02	0.05	0.01	0.11	0.82	0.37	0.2		0.8852720911405494	0.148	False	0.17
0	['Pt', 'Pd', 'Au', 'Ru', 'Rh', 'Ir', 'Re', 'Os']	9	[0.281 0.178 0.475 0.014 0.011 0.019 0.01  0.019]	[ 0.062 -0.053  0.084 -0.066 -0.035  0.115 -0.024 -0.083]	0.74	1.67	1.76	0.42	0.02	0.05	0.01	0.11	0.82	0.37	0.2		0.7986357959488325	0.2	False	0.219
1	['Pt', 'Pd', 'Au', 'Ru', 'Rh', 'Ir', 'Re', 'Os']	9	[0.399 0.191 0.344 0.004 0.022 0.002 0.    0.032]	[ 0.132 -0.141 -0.003 -0.007  0.031 -0.008 -0.032  0.026]	0.74	1.67	1.76	0.42	0.02	0.05	0.01	0.11	0.82	0.37	0.2		0.9935855608923103	0.2	False	0.114
2	['Pt', 'Pd', 'Au', 'Ru', 'Rh', 'Ir', 'Re', 'Os']	9	[0.352 0.362 0.257 0.    0.001 0.011 0.011 0.004]	[ 0.003  0.103 -0.11  -0.009 -0.003  0.005  0.001  0.01 ]	0.74	1.67	1.76	0.42	0.02	0.05	0.01	0.11	0.82	0.37	0.2		0.9696158634740362	0.152	False	0.154
3	['Pt', 'Pd', 'Au', 'Ru', 'Rh', 'Ir', 'Re', 'Os']	9	[0.293 0.363 0.317 0.001 0.011 0.002 0.017 0.003]	[-0.077  0.17  -0.045  0.022  0.007 -0.025 -0.047 -0.005]	0.74	1.67	1.76	0.42	0.02	0.05	0.01	0.11	0.82	0.37	0.2		0.9361889833482322	0.2	False	0.162
4	['Pt', 'Pd', 'Au', 'Ru', 'Rh', 'Ir', 'Re', 'Os']	9	[0.32  0.289 0.322 0.001 0.054 0.002 0.008 0.01 ]	[-0.005 -0.026  0.051 -0.012  0.088 -0.025 -0.034 -0.037]	0.74	1.67	1.76	0.42	0.02	0.05	0.01	0.11	0.82	0.37	0.2		0.9631803470264162	0.12	False	0.118
5	['Pt', 'Pd', 'Au', 'Ru', 'Rh', 'Ir', 'Re', 'Os']	9	[0.145 0.255 0.366 0.02  0.025 0.126 0.016 0.051]	[-0.039  0.068  0.073  0.012  0.007 -0.165  0.016  0.029]	0.74	1.67	1.76	0.42	0.02	0.05	0.01	0.11	0.82	0.37	0.2		0.5410740709418079	0.2	False	0.257
6	['Pt', 'Pd', 'Au', 'Ru', 'Rh', 'Ir', 'Re', 'Os']	9	[0.261 0.25  0.447 0.005 0.    0.021 0.002 0.014]	[-0.057 -0.014  0.109  0.001 -0.007  0.025 -0.038 -0.02 ]	0.74	1.67	1.76	0.42	0.02	0.05	0.01	0.11	0.82	0.37	0.2		0.8477282033176623	0.134	False	0.193
7	['Pt', 'Pd', 'Au', 'Ru', 'Rh', 'Ir', 'Re', 'Os']	9	[0.346 0.289 0.35  0.    0.002 0.012 0.001 0.008]	[-0.005  0.17  -0.055 -0.004 -0.014  0.016 -0.025 -0.081]	0.74	1.67	1.76	0.42	0.02	0.05	0.01	0.11	0.82	0.37	0.2		1.0017174170766194	0.2	False	0.112
0	['Pt', 'Pd', 'Au', 'Ru', 'Rh', 'Ir', 'Re', 'Os']	10	[0.412 0.07  0.377 0.016 0.03  0.046 0.027 0.03 ]	[ 0.131 -0.108 -0.098  0.002  0.019  0.027  0.017  0.011]	0.74	1.67	1.76	0.42	0.02	0.05	0.01	0.11	0.82	0.37	0.2		0.7794214105344284	0.2	False	0.226
1	['Pt', 'Pd', 'Au', 'Ru', 'Rh', 'Ir', 'Re', 'Os']	10	[0.313 0.326 0.322 0.004 0.017 0.004 0.006 0.003]	[-0.093  0.134 -0.027  0.001  0.029 -0.012  0.002 -0.034]	0.74	1.67	1.76	0.42	0.02	0.05	0.01	0.11	0.82	0.37	0.2		0.9696028216088741	0.172	False	0.132
2	['Pt', 'Pd', 'Au', 'Ru', 'Rh', 'Ir', 'Re', 'Os']	10	[0.341 0.221 0.394 0.    0.001 0.005 0.019 0.017]	[-0.008 -0.139  0.14  -0.002 -0.001 -0.017  0.011  0.018]	0.74	1.67	1.76	0.42	0.02	0.05	0.01	0.11	0.82	0.37	0.2		0.9677508395255743	0.2	False	0.131
3	['Pt', 'Pd', 'Au', 'Ru', 'Rh', 'Ir', 'Re', 'Os']	10	[0.378 0.203 0.362 0.015 0.005 0.008 0.034 0.004]	[ 0.089 -0.165  0.048  0.016 -0.005 -0.017  0.042 -0.007]	0.74	1.67	1.76	0.42	0.02	0.05	0.01	0.11	0.82	0.37	0.2		0.967434994303279	0.2	False	0.132
4	['Pt', 'Pd', 'Au', 'Ru', 'Rh', 'Ir', 'Re', 'Os']	10	[0.411 0.314 0.23  0.003 0.034 0.006 0.008 0.001]	[ 0.097  0.019 -0.119 -0.016  0.078 -0.028  0.    -0.033]	0.74	1.67	1.76	0.42	0.02	0.05	0.01	0.11	0.82	0.37	0.2		0.9748161587531543	0.179	False	0.154
5	['Pt', 'Pd', 'Au', 'Ru', 'Rh', 'Ir', 'Re', 'Os']	10	[0.285 0.295 0.375 0.004 0.009 0.005 0.007 0.027]	[ 0.122  0.009 -0.026 -0.054 -0.054  0.111 -0.046 -0.063]	0.74	1.67	1.76	0.42	0.02	0.05	0.01	0.11	0.82	0.37	0.2		0.9522766868977564	0.2	False	0.132
6	['Pt', 'Pd', 'Au', 'Ru', 'Rh', 'Ir', 'Re', 'Os']	10	[0.377 0.289 0.295 0.    0.007 0.026 0.006 0.003]	[ 0.116  0.038 -0.157 -0.003 -0.012  0.003  0.002  0.012]	0.74	1.67	1.76	0.42	0.02	0.05	0.01	0.11	0.82	0.37	0.2		0.993853017180865	0.2	False	0.112
7	['Pt', 'Pd', 'Au', 'Ru', 'Rh', 'Ir', 'Re', 'Os']	10	[0.342 0.313 0.345 0.    0.003 0.001 0.002 0.002]	[-0.007  0.026 -0.008 -0.004 -0.009  0.012  0.    -0.009]	0.74	1.67	1.76	0.42	0.02	0.05	0.01	0.11	0.82	0.37	0.2		1.0039810066880739	0.033	False	0.125
0	['Pt', 'Pd', 'Au', 'Ru', 'Rh', 'Ir', 'Re', 'Os']	11	[0.369 0.255 0.335 0.003 0.013 0.01  0.006 0.017]	[-0.043  0.185 -0.042 -0.013 -0.017 -0.036 -0.021 -0.013]	0.74	1.67	1.76	0.42	0.02	0.05	0.01	0.11	0.82	0.37	0.2		1.0115961040047805	0.201	False	0.094
1	['Pt', 'Pd', 'Au', 'Ru', 'Rh', 'Ir', 'Re', 'Os']	11	[0.385 0.221 0.294 0.003 0.    0.007 0.035 0.05 ]	[ 0.071 -0.106 -0.029 -0.002 -0.018  0.008  0.028  0.046]	0.74	1.67	1.76	0.42	0.02	0.05	0.01	0.11	0.82	0.37	0.2		1.0157510261119418	0.143	False	0.077
2	['Pt', 'Pd', 'Au', 'Ru', 'Rh', 'Ir', 'Re', 'Os']	11	[0.319 0.347 0.292 0.006 0.005 0.003 0.025 0.   ]	[-0.019  0.142 -0.106 -0.018 -0.016  0.006  0.04  -0.029]	0.74	1.67	1.76	0.42	0.02	0.05	0.01	0.11	0.82	0.37	0.2		0.9630123737908514	0.186	False	0.145
3	['Pt', 'Pd', 'Au', 'Ru', 'Rh', 'Ir', 'Re', 'Os']	11	[0.306 0.322 0.327 0.002 0.011 0.001 0.03  0.009]	[-0.079  0.144 -0.035 -0.037 -0.027  0.005  0.063 -0.034]	0.74	1.67	1.76	0.42	0.02	0.05	0.01	0.11	0.82	0.37	0.2		0.9665841328859166	0.188	False	0.131
4	['Pt', 'Pd', 'Au', 'Ru', 'Rh', 'Ir', 'Re', 'Os']	11	[0.297 0.298 0.388 0.004 0.002 0.012 0.001 0.006]	[-0.116 -0.017  0.158 -0.01  -0.034  0.013  0.004  0.004]	0.74	1.67	1.76	0.42	0.02	0.05	0.01	0.11	0.82	0.37	0.2		0.9442272328551076	0.2	False	0.148
5	['Pt', 'Pd', 'Au', 'Ru', 'Rh', 'Ir', 'Re', 'Os']	11	[0.403 0.285 0.282 0.008 0.001 0.013 0.003 0.013]	[ 0.147 -0.021 -0.129 -0.006 -0.009  0.003 -0.014  0.029]	0.74	1.67	1.76	0.42	0.02	0.05	0.01	0.11	0.82	0.37	0.2		1.021164598935024	0.2	False	0.11
6	['Pt', 'Pd', 'Au', 'Ru', 'Rh', 'Ir', 'Re', 'Os']	11	[0.366 0.34  0.268 0.008 0.004 0.015 0.    0.001]	[-0.018  0.071 -0.041 -0.027 -0.007  0.045 -0.001 -0.022]	0.74	1.67	1.76	0.42	0.02	0.05	0.01	0.11	0.82	0.37	0.2		0.9868849241520015	0.101	False	0.14
7	['Pt', 'Pd', 'Au', 'Ru', 'Rh', 'Ir', 'Re', 'Os']	11	[0.334 0.194 0.387 0.002 0.004 0.007 0.011 0.065]	[-0.007 -0.118  0.043  0.002  0.002  0.007  0.01   0.064]	0.74	1.67	1.76	0.42	0.02	0.05	0.01	0.11	0.82	0.37	0.2		0.9694986592543398	0.142	False	0.111
0	['Pt', 'Pd', 'Au', 'Ru', 'Rh', 'Ir', 'Re', 'Os']	12	[0.385 0.399 0.211 0.004 0.005 0.001 0.    0.004]	[ 0.015  0.147 -0.129 -0.013  0.013 -0.001  0.001 -0.032]	0.74	1.67	1.76	0.42	0.02	0.05	0.01	0.11	0.82	0.37	0.2		0.9421344476216782	0.2	False	0.202
1	['Pt', 'Pd', 'Au', 'Ru', 'Rh', 'Ir', 'Re', 'Os']	12	[0.476 0.253 0.233 0.006 0.007 0.009 0.008 0.004]	[ 0.093  0.03  -0.068 -0.02  -0.002 -0.002  0.036 -0.067]	0.74	1.67	1.76	0.42	0.02	0.05	0.01	0.11	0.82	0.37	0.2		0.9655276372183801	0.143	False	0.173
2	['Pt', 'Pd', 'Au', 'Ru', 'Rh', 'Ir', 'Re', 'Os']	12	[0.462 0.222 0.273 0.005 0.001 0.007 0.01  0.018]	[ 0.14  -0.138 -0.028  0.    -0.004 -0.004  0.024  0.01 ]	0.74	1.67	1.76	0.42	0.02	0.05	0.01	0.11	0.82	0.37	0.2		0.9933588473958852	0.2	False	0.145
3	['Pt', 'Pd', 'Au', 'Ru', 'Rh', 'Ir', 'Re', 'Os']	12	[0.462 0.233 0.269 0.01  0.021 0.011 0.001 0.004]	[ 0.154 -0.104 -0.071 -0.002  0.016  0.     0.015 -0.009]	0.74	1.67	1.76	0.42	0.02	0.05	0.01	0.11	0.82	0.37	0.2		0.9773426168885029	0.2	False	0.154
4	['Pt', 'Pd', 'Au', 'Ru', 'Rh', 'Ir', 'Re', 'Os']	12	[0.336 0.186 0.448 0.001 0.    0.004 0.008 0.025]	[ 0.085 -0.129  0.115 -0.017  0.009 -0.001 -0.014 -0.047]	0.74	1.67	1.76	0.42	0.02	0.05	0.01	0.11	0.82	0.37	0.2		0.9108282283126605	0.2	False	0.179
5	['Pt', 'Pd', 'Au', 'Ru', 'Rh', 'Ir', 'Re', 'Os']	12	[0.297 0.303 0.202 0.024 0.023 0.039 0.05  0.069]	[-0.106  0.018 -0.08   0.016  0.022  0.026  0.047  0.056]	0.74	1.67	1.76	0.42	0.02	0.05	0.01	0.11	0.82	0.37	0.2		0.8818681016640018	0.157	False	0.146
6	['Pt', 'Pd', 'Au', 'Ru', 'Rh', 'Ir', 'Re', 'Os']	12	[0.444 0.18  0.296 0.028 0.001 0.043 0.008 0.004]	[ 0.084 -0.159  0.033  0.03  -0.004  0.033 -0.012 -0.003]	0.74	1.67	1.76	0.42	0.02	0.05	0.01	0.11	0.82	0.37	0.2		0.9277154150865234	0.189	False	0.16
7	['Pt', 'Pd', 'Au', 'Ru', 'Rh', 'Ir', 'Re', 'Os']	12	[0.427 0.297 0.257 0.007 0.002 0.01  0.002 0.003]	[ 0.093  0.103 -0.13   0.005 -0.002  0.003 -0.009 -0.062]	0.74	1.67	1.76	0.42	0.02	0.05	0.01	0.11	0.82	0.37	0.2		1.0053851190898437	0.2	False	0.14
0	['Pt', 'Pd', 'Au', 'Ru', 'Rh', 'Ir', 'Re', 'Os']	13	[0.452 0.254 0.12  0.03  0.028 0.051 0.039 0.035]	[ 0.067 -0.145 -0.091  0.026  0.023  0.05   0.039  0.031]	0.74	1.67	1.76	0.42	0.02	0.05	0.01	0.11	0.82	0.37	0.2		0.8243931021538546	0.2	False	0.23
1	['Pt', 'Pd', 'Au', 'Ru', 'Rh', 'Ir', 'Re', 'Os']	13	[0.309 0.281 0.324 0.012 0.01  0.006 0.042 0.012]	[-0.17   0.028  0.092  0.013  0.012 -0.018  0.034  0.008]	0.74	1.67	1.76	0.42	0.02	0.05	0.01	0.11	0.82	0.37	0.2		0.9616384414657013	0.2	False	0.114
2	['Pt', 'Pd', 'Au', 'Ru', 'Rh', 'Ir', 'Re', 'Os']	13	[0.313 0.33  0.345 0.002 0.002 0.002 0.004 0.   ]	[-0.152  0.106  0.07   0.003 -0.002 -0.013  0.009 -0.022]	0.74	1.67	1.76	0.42	0.02	0.05	0.01	0.11	0.82	0.37	0.2		0.9737457222748054	0.2	False	0.141
3	['Pt', 'Pd', 'Au', 'Ru', 'Rh', 'Ir', 'Re', 'Os']	13	[0.346 0.196 0.381 0.004 0.02  0.008 0.034 0.023]	[-0.121 -0.041  0.11  -0.019  0.032 -0.007  0.03   0.016]	0.74	1.67	1.76	0.42	0.02	0.05	0.01	0.11	0.82	0.37	0.2		0.9435686452263443	0.176	False	0.131
4	['Pt', 'Pd', 'Au', 'Ru', 'Rh', 'Ir', 'Re', 'Os']	13	[0.409 0.287 0.294 0.003 0.006 0.005 0.002 0.001]	[ 0.072  0.1   -0.156  0.001  0.005 -0.001  0.008 -0.028]	0.74	1.67	1.76	0.42	0.02	0.05	0.01	0.11	0.82	0.37	0.2		1.020909016563442	0.2	False	0.121
5	['Pt', 'Pd', 'Au', 'Ru', 'Rh', 'Ir', 'Re', 'Os']	13	[0.438 0.285 0.277 0.003 0.001 0.    0.003 0.001]	[ 0.131 -0.062  0.051 -0.076 -0.017 -0.092  0.022  0.042]	0.74	1.67	1.76	0.42	0.02	0.05	0.01	0.11	0.82	0.37	0.2		1.0184515345480534	0.201	False	0.139
6	['Pt', 'Pd', 'Au', 'Ru', 'Rh', 'Ir', 'Re', 'Os']	13	[0.382 0.345 0.257 0.006 0.001 0.004 0.004 0.005]	[-0.081  0.167 -0.056  0.019 -0.027  0.017 -0.005 -0.034]	0.74	1.67	1.76	0.42	0.02	0.05	0.01	0.11	0.82	0.37	0.2		0.9996764304069155	0.2	False	0.145
7	['Pt', 'Pd', 'Au', 'Ru', 'Rh', 'Ir', 'Re', 'Os']	13	[0.468 0.34  0.145 0.006 0.005 0.003 0.002 0.038]	[ 0.062  0.064 -0.102 -0.026 -0.016 -0.019 -0.01   0.045]	0.74	1.67	1.76	0.42	0.02	0.05	0.01	0.11	0.82	0.37	0.2		0.9219935368517211	0.148	False	0.224
0	['Pt', 'Pd', 'Au', 'Ru', 'Rh', 'Ir', 'Re', 'Os']	14	[0.395 0.242 0.3   0.    0.007 0.011 0.005 0.048]	[-0.057 -0.012  0.18  -0.03  -0.021 -0.04  -0.034  0.013]	0.74	1.67	1.76	0.42	0.02	0.05	0.01	0.11	0.82	0.37	0.2		1.0339638256206285	0.2	False	0.071
1	['Pt', 'Pd', 'Au', 'Ru', 'Rh', 'Ir', 'Re', 'Os']	14	[0.464 0.204 0.279 0.004 0.002 0.004 0.007 0.033]	[ 0.156 -0.1   -0.065 -0.002 -0.013 -0.018  0.033  0.008]	0.74	1.67	1.76	0.42	0.02	0.05	0.01	0.11	0.82	0.37	0.2		0.9955123755073934	0.2	False	0.142
2	['Pt', 'Pd', 'Au', 'Ru', 'Rh', 'Ir', 'Re', 'Os']	14	[0.195 0.222 0.33  0.039 0.058 0.04  0.039 0.076]	[-0.118 -0.108 -0.015  0.037  0.056  0.038  0.035  0.076]	0.74	1.67	1.76	0.42	0.02	0.05	0.01	0.11	0.82	0.37	0.2		0.71600000020445	0.197	False	0.185
3	['Pt', 'Pd', 'Au', 'Ru', 'Rh', 'Ir', 'Re', 'Os']	14	[0.374 0.33  0.275 0.001 0.007 0.005 0.017 0.002]	[ 0.017  0.138 -0.136 -0.019 -0.012 -0.024  0.033  0.003]	0.74	1.67	1.76	0.42	0.02	0.05	0.01	0.11	0.82	0.37	0.2		1.000346391023239	0.2	False	0.133
4	['Pt', 'Pd', 'Au', 'Ru', 'Rh', 'Ir', 'Re', 'Os']	14	[0.36  0.382 0.196 0.005 0.028 0.014 0.015 0.007]	[-0.049  0.095 -0.098  0.002  0.022  0.009  0.013  0.006]	0.74	1.67	1.76	0.42	0.02	0.05	0.01	0.11	0.82	0.37	0.2		0.9111485211689085	0.148	False	0.195
5	['Pt', 'Pd', 'Au', 'Ru', 'Rh', 'Ir', 'Re', 'Os']	14	[0.38  0.211 0.33  0.029 0.018 0.015 0.007 0.016]	[-0.054 -0.073  0.079  0.036 -0.024  0.019 -0.017  0.033]	0.74	1.67	1.76	0.42	0.02	0.05	0.01	0.11	0.82	0.37	0.2		0.9802388741405093	0.134	False	0.109
6	['Pt', 'Pd', 'Au', 'Ru', 'Rh', 'Ir', 'Re', 'Os']	14	[0.368 0.317 0.29  0.006 0.    0.004 0.004 0.014]	[-0.016 -0.035  0.046 -0.017 -0.005  0.002  0.006  0.018]	0.74	1.67	1.76	0.42	0.02	0.05	0.01	0.11	0.82	0.37	0.2		1.0225513629687535	0.065	False	0.111
7	['Pt', 'Pd', 'Au', 'Ru', 'Rh', 'Ir', 'Re', 'Os']	14	[0.404 0.282 0.316 0.    0.001 0.001 0.001 0.003]	[-0.077 -0.071  0.166 -0.006 -0.011 -0.018 -0.014  0.03 ]	0.74	1.67	1.76	0.42	0.02	0.05	0.01	0.11	0.82	0.37	0.2		1.0309042050972717	0.2	False	0.117
0	['Pt', 'Pd', 'Au', 'Ru', 'Rh', 'Ir', 'Re', 'Os']	15	[0.326 0.208 0.41  0.024 0.001 0.009 0.006 0.026]	[-0.077 -0.038  0.125  0.015 -0.001  0.014 -0.014 -0.024]	0.74	1.67	1.76	0.42	0.02	0.05	0.01	0.11	0.82	0.37	0.2		0.9406727104391643	0.156	False	0.144
1	['Pt', 'Pd', 'Au', 'Ru', 'Rh', 'Ir', 'Re', 'Os']	15	[0.313 0.22  0.296 0.018 0.    0.001 0.061 0.088]	[-0.152  0.016  0.017  0.016 -0.    -0.006  0.054  0.055]	0.74	1.67	1.76	0.42	0.02	0.05	0.01	0.11	0.82	0.37	0.2		0.9775943090858876	0.174	False	0.08
2	['Pt', 'Pd', 'Au', 'Ru', 'Rh', 'Ir', 'Re', 'Os']	15	[0.374 0.204 0.312 0.003 0.007 0.054 0.001 0.043]	[ 0.171 -0.028 -0.028  0.032 -0.061  0.005 -0.048 -0.043]	0.74	1.67	1.76	0.42	0.02	0.05	0.01	0.11	0.82	0.37	0.2		0.9524762069272918	0.2	False	0.095
3	['Pt', 'Pd', 'Au', 'Ru', 'Rh', 'Ir', 'Re', 'Os']	15	[0.434 0.234 0.217 0.032 0.003 0.008 0.005 0.079]	[ 0.067 -0.095 -0.055  0.028 -0.003 -0.008 -0.019  0.085]	0.74	1.67	1.76	0.42	0.02	0.05	0.01	0.11	0.82	0.37	0.2		1.0071240290238472	0.158	False	0.126
4	['Pt', 'Pd', 'Au', 'Ru', 'Rh', 'Ir', 'Re', 'Os']	15	[0.316 0.402 0.242 0.    0.003 0.002 0.006 0.036]	[-0.062  0.066  0.118 -0.016  0.044 -0.022 -0.004 -0.122]	0.74	1.67	1.76	0.42	0.02	0.05	0.01	0.11	0.82	0.37	0.2		0.9385944743956873	0.2	False	0.178
5	['Pt', 'Pd', 'Au', 'Ru', 'Rh', 'Ir', 'Re', 'Os']	15	[0.337 0.255 0.321 0.018 0.024 0.035 0.006 0.009]	[-0.093  0.113 -0.012  0.075  0.058 -0.088 -0.045 -0.008]	0.74	1.67	1.76	0.42	0.02	0.05	0.01	0.11	0.82	0.37	0.2		0.9493237188246793	0.201	False	0.105
6	['Pt', 'Pd', 'Au', 'Ru', 'Rh', 'Ir', 'Re', 'Os']	15	[0.414 0.143 0.334 0.025 0.003 0.005 0.002 0.079]	[ 0.047 -0.176  0.045  0.024 -0.005  0.001 -0.002  0.066]	0.74	1.67	1.76	0.42	0.02	0.05	0.01	0.11	0.82	0.37	0.2		0.9716354432843064	0.2	False	0.133
7	['Pt', 'Pd', 'Au', 'Ru', 'Rh', 'Ir', 'Re', 'Os']	15	[0.369 0.166 0.248 0.008 0.027 0.032 0.021 0.137]	[-0.035 -0.116 -0.068  0.008  0.026  0.031  0.02   0.134]	0.74	1.67	1.76	0.42	0.02	0.05	0.01	0.11	0.82	0.37	0.2		0.9297635116411047	0.198	False	0.117
0	['Pt', 'Pd', 'Au', 'Ru', 'Rh', 'Ir', 'Re', 'Os']	16	[0.424 0.244 0.245 0.014 0.007 0.006 0.001 0.069]	[ 0.098  0.036 -0.165 -0.01   0.006 -0.003 -0.005  0.043]	0.74	1.67	1.76	0.42	0.02	0.05	0.01	0.11	0.82	0.37	0.2		1.0301763621506426	0.2	False	0.099
1	['Pt', 'Pd', 'Au', 'Ru', 'Rh', 'Ir', 'Re', 'Os']	16	[0.468 0.237 0.214 0.011 0.004 0.004 0.017 0.044]	[ 0.147  0.003 -0.1   -0.022 -0.02  -0.011  0.062 -0.06 ]	0.74	1.67	1.76	0.42	0.02	0.05	0.01	0.11	0.82	0.37	0.2		0.9783696860508122	0.2	False	0.158
2	['Pt', 'Pd', 'Au', 'Ru', 'Rh', 'Ir', 'Re', 'Os']	16	[0.46  0.26  0.208 0.008 0.005 0.038 0.004 0.013]	[ 0.091  0.055 -0.138 -0.007 -0.008  0.08  -0.025 -0.049]	0.74	1.67	1.76	0.42	0.02	0.05	0.01	0.11	0.82	0.37	0.2		0.9370410905295332	0.2	False	0.173
3	['Pt', 'Pd', 'Au', 'Ru', 'Rh', 'Ir', 'Re', 'Os']	16	[0.4   0.178 0.222 0.051 0.012 0.008 0.004 0.139]	[-0.035 -0.058  0.004  0.018  0.008 -0.001  0.007  0.059]	0.74	1.67	1.76	0.42	0.02	0.05	0.01	0.11	0.82	0.37	0.2		0.9694566631268602	0.092	False	0.135
4	['Pt', 'Pd', 'Au', 'Ru', 'Rh', 'Ir', 'Re', 'Os']	16	[0.41  0.239 0.301 0.018 0.014 0.006 0.005 0.014]	[ 0.094 -0.163  0.059  0.018  0.011  0.004 -0.001 -0.022]	0.74	1.67	1.76	0.42	0.02	0.05	0.01	0.11	0.82	0.37	0.2		1.0140272895649107	0.2	False	0.108
5	['Pt', 'Pd', 'Au', 'Ru', 'Rh', 'Ir', 'Re', 'Os']	16	[0.242 0.329 0.214 0.066 0.026 0.02  0.007 0.1  ]	[-0.105  0.067 -0.117  0.041 -0.006  0.042 -0.007  0.085]	0.74	1.67	1.76	0.42	0.02	0.05	0.01	0.11	0.82	0.37	0.2		0.8511249647105408	0.2	False	0.175
6	['Pt', 'Pd', 'Au', 'Ru', 'Rh', 'Ir', 'Re', 'Os']	16	[0.411 0.305 0.222 0.015 0.001 0.005 0.001 0.044]	[-0.004  0.161 -0.113 -0.011  0.002 -0.001  0.001 -0.036]	0.74	1.67	1.76	0.42	0.02	0.05	0.01	0.11	0.82	0.37	0.2		1.018974279348208	0.2	False	0.127
7	['Pt', 'Pd', 'Au', 'Ru', 'Rh', 'Ir', 'Re', 'Os']	16	[0.378 0.229 0.184 0.027 0.012 0.009 0.005 0.167]	[-0.001  0.103 -0.141 -0.076  0.03   0.036  0.009  0.04 ]	0.74	1.67	1.76	0.42	0.02	0.05	0.01	0.11	0.82	0.37	0.2		0.9745772165352753	0.2	False	0.142
0	['Pt', 'Pd', 'Au', 'Ru', 'Rh', 'Ir', 'Re', 'Os']	17	[0.431 0.258 0.234 0.032 0.001 0.002 0.004 0.046]	[ 0.008  0.016 -0.014  0.043 -0.01  -0.005 -0.009 -0.028]	0.74	1.67	1.76	0.42	0.02	0.05	0.01	0.11	0.82	0.37	0.2		1.0224806129613357	0.058	False	0.122
1	['Pt', 'Pd', 'Au', 'Ru', 'Rh', 'Ir', 'Re', 'Os']	17	[0.34  0.198 0.352 0.022 0.003 0.01  0.036 0.037]	[-0.13  -0.039  0.142  0.026  0.004 -0.017  0.02  -0.006]	0.74	1.67	1.76	0.42	0.02	0.05	0.01	0.11	0.82	0.37	0.2		0.9618103759598615	0.2	False	0.107
2	['Pt', 'Pd', 'Au', 'Ru', 'Rh', 'Ir', 'Re', 'Os']	17	[0.329 0.255 0.339 0.001 0.004 0.001 0.011 0.055]	[-0.146 -0.014  0.127 -0.006 -0.023  0.025  0.001  0.035]	0.74	1.67	1.76	0.42	0.02	0.05	0.01	0.11	0.82	0.37	0.2		1.0206982382854373	0.2	False	0.064
3	['Pt', 'Pd', 'Au', 'Ru', 'Rh', 'Ir', 'Re', 'Os']	17	[0.443 0.282 0.256 0.021 0.006 0.001 0.    0.002]	[ 0.036  0.1    0.027  0.059 -0.032 -0.022 -0.019 -0.15 ]	0.74	1.67	1.76	0.42	0.02	0.05	0.01	0.11	0.82	0.37	0.2		1.0077039115566218	0.2	False	0.147
4	['Pt', 'Pd', 'Au', 'Ru', 'Rh', 'Ir', 'Re', 'Os']	17	[0.489 0.182 0.217 0.021 0.024 0.012 0.006 0.055]	[ 0.083 -0.064 -0.093  0.03   0.009 -0.013  0.004  0.042]	0.74	1.67	1.76	0.42	0.02	0.05	0.01	0.11	0.82	0.37	0.2		0.9246003451694127	0.15	False	0.185
5	['Pt', 'Pd', 'Au', 'Ru', 'Rh', 'Ir', 'Re', 'Os']	17	[0.409 0.266 0.246 0.006 0.002 0.012 0.011 0.05 ]	[ 0.162 -0.069  0.026 -0.066  0.021 -0.014 -0.002 -0.056]	0.74	1.67	1.76	0.42	0.02	0.05	0.01	0.11	0.82	0.37	0.2		1.023914516471423	0.2	False	0.097
6	['Pt', 'Pd', 'Au', 'Ru', 'Rh', 'Ir', 'Re', 'Os']	17	[0.354 0.3   0.31  0.034 0.001 0.004 0.    0.003]	[-0.057 -0.003  0.095  0.042 -0.005 -0.015 -0.008 -0.049]	0.74	1.67	1.76	0.42	0.02	0.05	0.01	0.11	0.82	0.37	0.2		1.0115431627426559	0.129	False	0.115
7	['Pt', 'Pd', 'Au', 'Ru', 'Rh', 'Ir', 'Re', 'Os']	17	[0.419 0.286 0.267 0.017 0.007 0.005 0.003 0.006]	[ 0.036  0.053  0.079  0.034 -0.01  -0.009 -0.014 -0.168]	0.74	1.67	1.76	0.42	0.02	0.05	0.01	0.11	0.82	0.37	0.2		1.0157909256629367	0.2	False	0.128
0	['Pt', 'Pd', 'Au', 'Ru', 'Rh', 'Ir', 'Re', 'Os']	18	[0.309 0.245 0.363 0.042 0.011 0.016 0.002 0.021]	[-0.13  -0.016  0.132  0.061 -0.019  0.012 -0.013 -0.028]	0.74	1.67	1.76	0.42	0.02	0.05	0.01	0.11	0.82	0.37	0.2		0.9486063761610901	0.2	False	0.119
1	['Pt', 'Pd', 'Au', 'Ru', 'Rh', 'Ir', 'Re', 'Os']	18	[0.421 0.288 0.208 0.016 0.003 0.003 0.002 0.058]	[ 0.078  0.088 -0.151  0.028 -0.01  -0.003 -0.046  0.017]	0.74	1.67	1.76	0.42	0.02	0.05	0.01	0.11	0.82	0.37	0.2		1.0152487385486508	0.2	False	0.13
2	['Pt', 'Pd', 'Au', 'Ru', 'Rh', 'Ir', 'Re', 'Os']	18	[0.379 0.258 0.241 0.002 0.02  0.031 0.003 0.059]	[ 0.051  0.004 -0.099 -0.003  0.019  0.031 -0.007  0.005]	0.74	1.67	1.76	0.42	0.02	0.05	0.01	0.11	0.82	0.37	0.2		0.9905936147798378	0.117	False	0.086
3	['Pt', 'Pd', 'Au', 'Ru', 'Rh', 'Ir', 'Re', 'Os']	18	[0.383 0.306 0.269 0.022 0.021 0.004 0.005 0.001]	[-0.063  0.03   0.018  0.005  0.025 -0.008 -0.008  0.002]	0.74	1.67	1.76	0.42	0.02	0.05	0.01	0.11	0.82	0.37	0.2		1.0022137164424971	0.077	False	0.126
4	['Pt', 'Pd', 'Au', 'Ru', 'Rh', 'Ir', 'Re', 'Os']	18	[0.42  0.046 0.17  0.068 0.05  0.076 0.086 0.09 ]	[-0.069 -0.136 -0.047  0.047  0.026  0.064  0.08   0.035]	0.74	1.67	1.76	0.42	0.02	0.05	0.01	0.11	0.82	0.37	0.2		0.6082249659977721	0.2	False	0.29
5	['Pt', 'Pd', 'Au', 'Ru', 'Rh', 'Ir', 'Re', 'Os']	18	[0.495 0.178 0.261 0.043 0.01  0.012 0.001 0.003]	[ 0.087 -0.118  0.003  0.029 -0.036  0.007 -0.009  0.036]	0.74	1.67	1.76	0.42	0.02	0.05	0.01	0.11	0.82	0.37	0.2		0.9228661228158863	0.158	False	0.198
6	['Pt', 'Pd', 'Au', 'Ru', 'Rh', 'Ir', 'Re', 'Os']	18	[0.429 0.236 0.223 0.045 0.007 0.001 0.001 0.063]	[ 0.08  -0.069 -0.093  0.068 -0.019 -0.017 -0.013  0.064]	0.74	1.67	1.76	0.42	0.02	0.05	0.01	0.11	0.82	0.37	0.2		1.01166144906096	0.171	False	0.126
7	['Pt', 'Pd', 'Au', 'Ru', 'Rh', 'Ir', 'Re', 'Os']	18	[0.387 0.225 0.344 0.003 0.002 0.013 0.009 0.028]	[-0.024 -0.061  0.113  0.02  -0.027 -0.029 -0.029  0.039]	0.74	1.67	1.76	0.42	0.02	0.05	0.01	0.11	0.82	0.37	0.2		1.0118017896823803	0.146	False	0.097
0	['Pt', 'Pd', 'Au', 'Ru', 'Rh', 'Ir', 'Re', 'Os']	19	[0.189 0.266 0.258 0.039 0.039 0.05  0.047 0.122]	[-0.12   0.021 -0.105 -0.003  0.028  0.034  0.045  0.101]	0.74	1.67	1.76	0.42	0.02	0.05	0.01	0.11	0.82	0.37	0.2		0.7252947361298829	0.2	False	0.19
1	['Pt', 'Pd', 'Au', 'Ru', 'Rh', 'Ir', 'Re', 'Os']	19	[0.416 0.223 0.282 0.001 0.01  0.003 0.016 0.049]	[-0.009 -0.071  0.072  0.01   0.006 -0.004  0.01  -0.013]	0.74	1.67	1.76	0.42	0.02	0.05	0.01	0.11	0.82	0.37	0.2		1.0235033864042355	0.103	False	0.092
2	['Pt', 'Pd', 'Au', 'Ru', 'Rh', 'Ir', 'Re', 'Os']	19	[0.382 0.279 0.252 0.011 0.005 0.038 0.018 0.008]	[ 0.008  0.035  0.02  -0.043  0.026  0.081 -0.053 -0.072]	0.74	1.67	1.76	0.42	0.02	0.05	0.01	0.11	0.82	0.37	0.2		0.964394460623978	0.137	False	0.121
3	['Pt', 'Pd', 'Au', 'Ru', 'Rh', 'Ir', 'Re', 'Os']	19	[0.46  0.326 0.142 0.004 0.009 0.005 0.004 0.063]	[ 0.085  0.015 -0.166  0.012  0.016 -0.02  -0.009  0.066]	0.74	1.67	1.76	0.42	0.02	0.05	0.01	0.11	0.82	0.37	0.2		0.9334953750321109	0.2	False	0.211
4	['Pt', 'Pd', 'Au', 'Ru', 'Rh', 'Ir', 'Re', 'Os']	19	[0.421 0.116 0.248 0.04  0.029 0.043 0.046 0.064]	[-0.008  0.148  0.086 -0.043 -0.035 -0.049 -0.058 -0.041]	0.74	1.67	1.76	0.42	0.02	0.05	0.01	0.11	0.82	0.37	0.2		0.8321958332540356	0.2	False	0.183
5	['Pt', 'Pd', 'Au', 'Ru', 'Rh', 'Ir', 'Re', 'Os']	19	[0.385 0.297 0.215 0.002 0.011 0.003 0.    0.09 ]	[-0.126  0.111 -0.059  0.033  0.006 -0.028 -0.015  0.078]	0.74	1.67	1.76	0.42	0.02	0.05	0.01	0.11	0.82	0.37	0.2		1.0274870256164232	0.2	False	0.104
6	['Pt', 'Pd', 'Au', 'Ru', 'Rh', 'Ir', 'Re', 'Os']	19	[0.353 0.373 0.246 0.015 0.001 0.015 0.001 0.002]	[-0.089  0.147  0.021  0.052 -0.003 -0.03  -0.018 -0.079]	0.74	1.67	1.76	0.42	0.02	0.05	0.01	0.11	0.82	0.37	0.2		0.956673364924046	0.2	False	0.168
7	['Pt', 'Pd', 'Au', 'Ru', 'Rh', 'Ir', 'Re', 'Os']	19	[0.419 0.323 0.184 0.006 0.007 0.029 0.021 0.024]	[ 0.033  0.101 -0.166 -0.011  0.004  0.033  0.012 -0.005]	0.74	1.67	1.76	0.42	0.02	0.05	0.01	0.11	0.82	0.37	0.2		0.940633283465532	0.2	False	0.175
0	['Pt', 'Pd', 'Au', 'Ru', 'Rh', 'Ir', 'Re', 'Os']	20	[0.371 0.273 0.242 0.003 0.013 0.012 0.01  0.085]	[ 0.174 -0.003 -0.026  0.032 -0.036 -0.048 -0.047 -0.047]	0.74	1.67	1.76	0.42	0.02	0.05	0.01	0.11	0.82	0.37	0.2		1.0261261757489364	0.2	False	0.071
1	['Pt', 'Pd', 'Au', 'Ru', 'Rh', 'Ir', 'Re', 'Os']	20	[0.362 0.29  0.227 0.001 0.006 0.003 0.01  0.101]	[-0.058  0.066 -0.059 -0.006 -0.007 -0.005  0.02   0.05 ]	0.74	1.67	1.76	0.42	0.02	0.05	0.01	0.11	0.82	0.37	0.2		1.0308210110642506	0.119	False	0.085
2	['Pt', 'Pd', 'Au', 'Ru', 'Rh', 'Ir', 'Re', 'Os']	20	[0.335 0.281 0.159 0.018 0.019 0.016 0.019 0.145]	[-0.065 -0.008 -0.117  0.011  0.005  0.008  0.02   0.146]	0.74	1.67	1.76	0.42	0.02	0.05	0.01	0.11	0.82	0.37	0.2		0.9358821859034208	0.2	False	0.156
3	['Pt', 'Pd', 'Au', 'Ru', 'Rh', 'Ir', 'Re', 'Os']	20	[0.391 0.232 0.302 0.002 0.008 0.016 0.013 0.047]	[-0.069 -0.094  0.16  -0.002 -0.001  0.011  0.013 -0.016]	0.74	1.67	1.76	0.42	0.02	0.05	0.01	0.11	0.82	0.37	0.2		1.0200383805908668	0.2	False	0.073
4	['Pt', 'Pd', 'Au', 'Ru', 'Rh', 'Ir', 'Re', 'Os']	20	[0.4   0.291 0.271 0.001 0.    0.002 0.002 0.038]	[-0.044  0.164  0.003  0.021 -0.054 -0.07   0.028 -0.049]	0.74	1.67	1.76	0.42	0.02	0.05	0.01	0.11	0.82	0.37	0.2		1.0447690650461035	0.2	False	0.094
5	['Pt', 'Pd', 'Au', 'Ru', 'Rh', 'Ir', 'Re', 'Os']	20	[0.301 0.352 0.197 0.004 0.    0.02  0.006 0.119]	[-0.086  0.058 -0.017  0.003 -0.01   0.018  0.003  0.031]	0.74	1.67	1.76	0.42	0.02	0.05	0.01	0.11	0.82	0.37	0.2		0.938231766815901	0.111	False	0.156
6	['Pt', 'Pd', 'Au', 'Ru', 'Rh', 'Ir', 'Re', 'Os']	20	[0.296 0.383 0.206 0.002 0.032 0.047 0.004 0.036]	[-0.09   0.048 -0.055 -0.018 -0.084  0.099  0.003  0.097]	0.74	1.67	1.76	0.42	0.02	0.05	0.01	0.11	0.82	0.37	0.2		0.8517900741392708	0.2	False	0.192
7	['Pt', 'Pd', 'Au', 'Ru', 'Rh', 'Ir', 'Re', 'Os']	20	[0.349 0.241 0.312 0.003 0.021 0.02  0.023 0.045]	[-0.083 -0.096  0.139 -0.008 -0.042  0.038  0.032  0.019]	0.74	1.67	1.76	0.42	0.02	0.05	0.01	0.11	0.82	0.37	0.2		0.9915069090971593	0.2	False	0.068
0	['Pt', 'Pd', 'Au', 'Ru', 'Rh', 'Ir', 'Re', 'Os']	21	[0.466 0.23  0.291 0.017 0.    0.002 0.    0.   ]	[ 0.118 -0.092  0.048 -0.075 -0.025 -0.03  -0.03   0.085]	0.74	1.67	1.76	0.42	0.02	0.05	0.01	0.11	0.82	0.37	0.2		0.9970684051486032	0.2	False	0.156
1	['Pt', 'Pd', 'Au', 'Ru', 'Rh', 'Ir', 'Re', 'Os']	21	[0.397 0.311 0.268 0.001 0.012 0.001 0.004 0.006]	[ 0.039  0.025  0.045  0.001  0.016  0.004 -0.018 -0.112]	0.74	1.67	1.76	0.42	0.02	0.05	0.01	0.11	0.82	0.37	0.2		1.015038596305654	0.132	False	0.126
2	['Pt', 'Pd', 'Au', 'Ru', 'Rh', 'Ir', 'Re', 'Os']	21	[0.358 0.259 0.312 0.005 0.004 0.003 0.017 0.033]	[ 0.011 -0.035  0.147  0.008  0.008  0.004 -0.015 -0.129]	0.74	1.67	1.76	0.42	0.02	0.05	0.01	0.11	0.82	0.37	0.2		1.0259819818185416	0.2	False	0.072
3	['Pt', 'Pd', 'Au', 'Ru', 'Rh', 'Ir', 'Re', 'Os']	21	[0.394 0.309 0.236 0.005 0.007 0.011 0.018 0.035]	[ 0.002  0.076 -0.067  0.005 -0.002 -0.006  0.004 -0.013]	0.74	1.67	1.76	0.42	0.02	0.05	0.01	0.11	0.82	0.37	0.2		1.0082860478191553	0.103	False	0.119
4	['Pt', 'Pd', 'Au', 'Ru', 'Rh', 'Ir', 'Re', 'Os']	21	[0.333 0.365 0.233 0.011 0.023 0.017 0.006 0.019]	[-0.052  0.113 -0.018 -0.025  0.035  0.031 -0.01  -0.075]	0.74	1.67	1.76	0.42	0.02	0.05	0.01	0.11	0.82	0.37	0.2		0.9403057135048516	0.156	False	0.16
5	['Pt', 'Pd', 'Au', 'Ru', 'Rh', 'Ir', 'Re', 'Os']	21	[0.43  0.266 0.273 0.    0.001 0.006 0.    0.025]	[ 0.124 -0.094  0.07  -0.004 -0.009  0.017 -0.003 -0.102]	0.74	1.67	1.76	0.42	0.02	0.05	0.01	0.11	0.82	0.37	0.2		1.0285335775851592	0.2	False	0.114
6	['Pt', 'Pd', 'Au', 'Ru', 'Rh', 'Ir', 'Re', 'Os']	21	[0.376 0.244 0.27  0.002 0.041 0.048 0.007 0.018]	[ 0.084 -0.155  0.066 -0.014  0.06  -0.003 -0.015 -0.023]	0.74	1.67	1.76	0.42	0.02	0.05	0.01	0.11	0.82	0.37	0.2		0.9375732112351183	0.2	False	0.111
7	['Pt', 'Pd', 'Au', 'Ru', 'Rh', 'Ir', 'Re', 'Os']	21	[0.417 0.27  0.284 0.006 0.025 0.006 0.003 0.003]	[ 0.133  0.054 -0.061 -0.092  0.05  -0.057 -0.035  0.009]	0.74	1.67	1.76	0.42	0.02	0.05	0.01	0.11	0.82	0.37	0.2		1.0072257742179995	0.2	False	0.124
0	['Pt', 'Pd', 'Au', 'Ru', 'Rh', 'Ir', 'Re', 'Os']	22	[0.336 0.223 0.264 0.055 0.009 0.016 0.    0.107]	[-0.125  0.008 -0.013  0.071 -0.024 -0.031 -0.019  0.132]	0.74	1.67	1.76	0.42	0.02	0.05	0.01	0.11	0.82	0.37	0.2		0.9942481414105551	0.2	False	0.075
1	['Pt', 'Pd', 'Au', 'Ru', 'Rh', 'Ir', 'Re', 'Os']	22	[0.459 0.179 0.252 0.002 0.007 0.025 0.002 0.074]	[ 0.071 -0.135 -0.012  0.    -0.02   0.031 -0.003  0.067]	0.74	1.67	1.76	0.42	0.02	0.05	0.01	0.11	0.82	0.37	0.2		0.9629180813891471	0.171	False	0.143
2	['Pt', 'Pd', 'Au', 'Ru', 'Rh', 'Ir', 'Re', 'Os']	22	[0.453 0.2   0.264 0.001 0.012 0.012 0.014 0.036]	[ 0.146 -0.052 -0.038 -0.036 -0.057 -0.056  0.008  0.084]	0.74	1.67	1.76	0.42	0.02	0.05	0.01	0.11	0.82	0.37	0.2		0.9777365899564001	0.2	False	0.138
3	['Pt', 'Pd', 'Au', 'Ru', 'Rh', 'Ir', 'Re', 'Os']	22	[0.363 0.315 0.278 0.002 0.012 0.001 0.003 0.039]	[-0.011  0.051  0.111  0.016 -0.019 -0.026  0.031 -0.151]	0.74	1.67	1.76	0.42	0.02	0.05	0.01	0.11	0.82	0.37	0.2		1.0323659989378422	0.2	False	0.094
4	['Pt', 'Pd', 'Au', 'Ru', 'Rh', 'Ir', 'Re', 'Os']	22	[0.458 0.237 0.289 0.012 0.003 0.008 0.002 0.002]	[ 0.125 -0.139  0.053  0.012  0.017 -0.036 -0.009 -0.023]	0.74	1.67	1.76	0.42	0.02	0.05	0.01	0.11	0.82	0.37	0.2		0.9977130090269031	0.2	False	0.148
5	['Pt', 'Pd', 'Au', 'Ru', 'Rh', 'Ir', 'Re', 'Os']	22	[0.487 0.179 0.296 0.004 0.    0.002 0.006 0.025]	[ 0.076 -0.088  0.037 -0.014 -0.015 -0.025 -0.023  0.053]	0.74	1.67	1.76	0.42	0.02	0.05	0.01	0.11	0.82	0.37	0.2		0.968210690936844	0.139	False	0.172
6	['Pt', 'Pd', 'Au', 'Ru', 'Rh', 'Ir', 'Re', 'Os']	22	[0.43  0.236 0.278 0.015 0.008 0.029 0.001 0.006]	[ 0.095 -0.011  0.016 -0.082  0.032  0.101 -0.049 -0.101]	0.74	1.67	1.76	0.42	0.02	0.05	0.01	0.11	0.82	0.37	0.2		0.9798936260772304	0.2	False	0.131
7	['Pt', 'Pd', 'Au', 'Ru', 'Rh', 'Ir', 'Re', 'Os']	22	[0.458 0.275 0.21  0.044 0.009 0.006 0.006 0.005]	[ 0.105  0.034 -0.121  0.074 -0.011 -0.013 -0.05  -0.019]	0.74	1.67	1.76	0.42	0.02	0.05	0.01	0.11	0.82	0.37	0.2		0.966528105668558	0.189	False	0.177
0	['Pt', 'Pd', 'Au', 'Ru', 'Rh', 'Ir', 'Re', 'Os']	23	[0.419 0.116 0.359 0.016 0.029 0.001 0.034 0.039]	[ 0.07  -0.131  0.082  0.052  0.003 -0.003  0.018 -0.09 ]	0.74	1.67	1.76	0.42	0.02	0.05	0.01	0.11	0.82	0.37	0.2		0.8980121059964403	0.2	False	0.179
1	['Pt', 'Pd', 'Au', 'Ru', 'Rh', 'Ir', 'Re', 'Os']	23	[0.332 0.33  0.244 0.003 0.007 0.003 0.005 0.079]	[-0.135  0.145 -0.015 -0.003 -0.007  0.02  -0.004 -0.002]	0.74	1.67	1.76	0.42	0.02	0.05	0.01	0.11	0.82	0.37	0.2		1.0133524924905126	0.2	False	0.102
2	['Pt', 'Pd', 'Au', 'Ru', 'Rh', 'Ir', 'Re', 'Os']	23	[0.318 0.326 0.273 0.004 0.003 0.016 0.013 0.04 ]	[-0.141  0.134  0.011 -0.007  0.011  0.021 -0.034  0.005]	0.74	1.67	1.76	0.42	0.02	0.05	0.01	0.11	0.82	0.37	0.2		0.9835699064812082	0.2	False	0.108
3	['Pt', 'Pd', 'Au', 'Ru', 'Rh', 'Ir', 'Re', 'Os']	23	[0.324 0.306 0.314 0.005 0.01  0.006 0.005 0.044]	[-0.043  0.002  0.071 -0.045 -0.034 -0.031 -0.03   0.111]	0.74	1.67	1.76	0.42	0.02	0.05	0.01	0.11	0.82	0.37	0.2		1.0132106473841207	0.156	False	0.086
4	['Pt', 'Pd', 'Au', 'Ru', 'Rh', 'Ir', 'Re', 'Os']	23	[0.308 0.333 0.266 0.001 0.002 0.02  0.009 0.071]	[-0.154  0.1   -0.023  0.01  -0.013  0.021 -0.014  0.072]	0.74	1.67	1.76	0.42	0.02	0.05	0.01	0.11	0.82	0.37	0.2		0.982520303341786	0.201	False	0.106
5	['Pt', 'Pd', 'Au', 'Ru', 'Rh', 'Ir', 'Re', 'Os']	23	[0.353 0.32  0.263 0.007 0.007 0.002 0.007 0.039]	[-0.134  0.143 -0.032  0.008 -0.009 -0.003  0.01   0.015]	0.74	1.67	1.76	0.42	0.02	0.05	0.01	0.11	0.82	0.37	0.2		1.0207216819865021	0.2	False	0.101
6	['Pt', 'Pd', 'Au', 'Ru', 'Rh', 'Ir', 'Re', 'Os']	23	[0.33  0.388 0.238 0.036 0.002 0.    0.004 0.003]	[-0.104  0.157 -0.042  0.04  -0.007 -0.031 -0.001 -0.011]	0.74	1.67	1.76	0.42	0.02	0.05	0.01	0.11	0.82	0.37	0.2		0.9402138439602639	0.2	False	0.184
7	['Pt', 'Pd', 'Au', 'Ru', 'Rh', 'Ir', 'Re', 'Os']	23	[0.334 0.329 0.325 0.003 0.007 0.009 0.006 0.002]	[-0.15   0.048  0.116  0.035 -0.014 -0.02  -0.005 -0.01 ]	0.74	1.67	1.76	0.42	0.02	0.05	0.01	0.11	0.82	0.37	0.2		0.9866595395414435	0.2	False	0.13
0	['Pt', 'Pd', 'Au', 'Ru', 'Rh', 'Ir', 'Re', 'Os']	24	[0.383 0.294 0.285 0.012 0.003 0.007 0.005 0.024]	[-0.036  0.178 -0.074 -0.004 -0.026  0.006 -0.029 -0.015]	0.74	1.67	1.76	0.42	0.02	0.05	0.01	0.11	0.82	0.37	0.2		1.031863835617932	0.201	False	0.096
1	['Pt', 'Pd', 'Au', 'Ru', 'Rh', 'Ir', 'Re', 'Os']	24	[0.352 0.341 0.25  0.003 0.002 0.015 0.01  0.03 ]	[ 0.018  0.009  0.004  0.003  0.006  0.01   0.003 -0.052]	0.74	1.67	1.76	0.42	0.02	0.05	0.01	0.11	0.82	0.37	0.2		0.9906847276989352	0.058	False	0.127
2	['Pt', 'Pd', 'Au', 'Ru', 'Rh', 'Ir', 'Re', 'Os']	24	[0.384 0.305 0.237 0.005 0.016 0.009 0.01  0.028]	[ 0.068 -0.029 -0.046 -0.017  0.009  0.018  0.016 -0.019]	0.74	1.67	1.76	0.42	0.02	0.05	0.01	0.11	0.82	0.37	0.2		1.0023105664363379	0.094	False	0.117
3	['Pt', 'Pd', 'Au', 'Ru', 'Rh', 'Ir', 'Re', 'Os']	24	[0.408 0.32  0.161 0.009 0.012 0.027 0.008 0.069]	[ 0.093  0.014 -0.173  0.003  0.012  0.021  0.003  0.027]	0.74	1.67	1.76	0.42	0.02	0.05	0.01	0.11	0.82	0.37	0.2		0.9469211719057729	0.2	False	0.172
4	['Pt', 'Pd', 'Au', 'Ru', 'Rh', 'Ir', 'Re', 'Os']	24	[0.45  0.297 0.238 0.    0.001 0.015 0.    0.01 ]	[ 0.151 -0.039 -0.03  -0.011 -0.006  0.027  0.003 -0.095]	0.74	1.67	1.76	0.42	0.02	0.05	0.01	0.11	0.82	0.37	0.2		0.9902608517218152	0.188	False	0.156
5	['Pt', 'Pd', 'Au', 'Ru', 'Rh', 'Ir', 'Re', 'Os']	24	[0.392 0.327 0.247 0.002 0.007 0.004 0.004 0.014]	[ 0.047  0.007 -0.021  0.006  0.011 -0.011 -0.005 -0.032]	0.74	1.67	1.76	0.42	0.02	0.05	0.01	0.11	0.82	0.37	0.2		1.0067882989946864	0.064	False	0.134
6	['Pt', 'Pd', 'Au', 'Ru', 'Rh', 'Ir', 'Re', 'Os']	24	[0.353 0.239 0.31  0.031 0.012 0.004 0.003 0.051]	[ 0.026 -0.159  0.079  0.06  -0.025 -0.017 -0.018  0.053]	0.74	1.67	1.76	0.42	0.02	0.05	0.01	0.11	0.82	0.37	0.2		1.0222957595435958	0.2	False	0.061
7	['Pt', 'Pd', 'Au', 'Ru', 'Rh', 'Ir', 'Re', 'Os']	24	[0.397 0.264 0.261 0.012 0.001 0.022 0.01  0.05 ]	[ 0.066 -0.071 -0.07   0.008  0.004  0.023 -0.009  0.05 ]	0.74	1.67	1.76	0.42	0.02	0.05	0.01	0.11	0.82	0.37	0.2		1.0213754657934313	0.132	False	0.085
0	['Pt', 'Pd', 'Au', 'Ru', 'Rh', 'Ir', 'Re', 'Os']	25	[0.365 0.332 0.251 0.014 0.    0.002 0.008 0.044]	[-0.028  0.044 -0.049  0.021 -0.005 -0.011  0.006  0.021]	0.74	1.67	1.76	0.42	0.02	0.05	0.01	0.11	0.82	0.37	0.2		1.0241686750379877	0.079	False	0.113
1	['Pt', 'Pd', 'Au', 'Ru', 'Rh', 'Ir', 'Re', 'Os']	25	[0.439 0.175 0.281 0.    0.004 0.014 0.004 0.082]	[ 0.086 -0.168  0.03  -0.004  0.001  0.023 -0.017  0.051]	0.74	1.67	1.76	0.42	0.02	0.05	0.01	0.11	0.82	0.37	0.2		0.9908389614002533	0.2	False	0.12
2	['Pt', 'Pd', 'Au', 'Ru', 'Rh', 'Ir', 'Re', 'Os']	25	[0.386 0.185 0.386 0.002 0.021 0.008 0.003 0.002]	[ 0.001 -0.123  0.151 -0.002  0.029 -0.022 -0.008 -0.027]	0.74	1.67	1.76	0.42	0.02	0.05	0.01	0.11	0.82	0.37	0.2		0.9483230179231101	0.2	False	0.152
3	['Pt', 'Pd', 'Au', 'Ru', 'Rh', 'Ir', 'Re', 'Os']	25	[0.377 0.287 0.334 0.001 0.001 0.008 0.005 0.   ]	[-0.037 -0.039  0.171  0.002 -0.02   0.026 -0.022 -0.08 ]	0.74	1.67	1.76	0.42	0.02	0.05	0.01	0.11	0.82	0.37	0.2		1.0163408610121538	0.2	False	0.116
4	['Pt', 'Pd', 'Au', 'Ru', 'Rh', 'Ir', 'Re', 'Os']	25	[0.348 0.251 0.372 0.    0.016 0.001 0.008 0.013]	[-0.106 -0.049  0.133 -0.003  0.009  0.011  0.005  0.   ]	0.74	1.67	1.76	0.42	0.02	0.05	0.01	0.11	0.82	0.37	0.2		0.9946315360024227	0.178	False	0.114
5	['Pt', 'Pd', 'Au', 'Ru', 'Rh', 'Ir', 'Re', 'Os']	25	[0.469 0.174 0.344 0.004 0.001 0.    0.002 0.   ]	[ 0.072 -0.161  0.092 -0.004  0.    -0.004 -0.002  0.006]	0.74	1.67	1.76	0.42	0.02	0.05	0.01	0.11	0.82	0.37	0.2		0.9627971752704345	0.2	False	0.179
6	['Pt', 'Pd', 'Au', 'Ru', 'Rh', 'Ir', 'Re', 'Os']	25	[0.416 0.313 0.24  0.003 0.011 0.014 0.001 0.005]	[ 0.09   0.107 -0.114 -0.007  0.007 -0.065 -0.047  0.03 ]	0.74	1.67	1.76	0.42	0.02	0.05	0.01	0.11	0.82	0.37	0.2		0.990037221393149	0.2	False	0.146
7	['Pt', 'Pd', 'Au', 'Ru', 'Rh', 'Ir', 'Re', 'Os']	25	[0.398 0.264 0.312 0.012 0.013 0.004 0.002 0.013]	[-0.004 -0.006  0.093 -0.062 -0.084  0.021 -0.049  0.09 ]	0.74	1.67	1.76	0.42	0.02	0.05	0.01	0.11	0.82	0.37	0.2		1.0269841743886257	0.175	False	0.103
0	['Pt', 'Pd', 'Au', 'Ru', 'Rh', 'Ir', 'Re', 'Os']	26	[0.429 0.178 0.357 0.001 0.02  0.009 0.    0.024]	[ 0.06  -0.158  0.102  0.011  0.016  0.003 -0.012 -0.024]	0.74	1.67	1.76	0.42	0.02	0.05	0.01	0.11	0.82	0.37	0.2		0.9728094292187626	0.2	False	0.145
1	['Pt', 'Pd', 'Au', 'Ru', 'Rh', 'Ir', 'Re', 'Os']	26	[0.342 0.34  0.265 0.009 0.009 0.    0.002 0.034]	[-0.101  0.163 -0.02   0.003  0.002  0.009 -0.003 -0.052]	0.74	1.67	1.76	0.42	0.02	0.05	0.01	0.11	0.82	0.37	0.2		1.0081997053705987	0.2	False	0.118
2	['Pt', 'Pd', 'Au', 'Ru', 'Rh', 'Ir', 'Re', 'Os']	26	[0.378 0.316 0.242 0.004 0.002 0.009 0.01  0.03 ]	[-0.012  0.129 -0.15  -0.011  0.017 -0.003  0.005  0.024]	0.74	1.67	1.76	0.42	0.02	0.05	0.01	0.11	0.82	0.37	0.2		1.0099481988397576	0.2	False	0.117
3	['Pt', 'Pd', 'Au', 'Ru', 'Rh', 'Ir', 'Re', 'Os']	26	[0.373 0.269 0.298 0.005 0.013 0.001 0.02  0.034]	[-0.003 -0.017 -0.036 -0.006  0.014 -0.012  0.022  0.038]	0.74	1.67	1.76	0.42	0.02	0.05	0.01	0.11	0.82	0.37	0.2		1.0314798197438968	0.063	False	0.076
4	['Pt', 'Pd', 'Au', 'Ru', 'Rh', 'Ir', 'Re', 'Os']	26	[0.27  0.338 0.232 0.034 0.003 0.01  0.045 0.078]	[-0.078  0.087 -0.14   0.034 -0.013  0.009  0.037  0.065]	0.74	1.67	1.76	0.42	0.02	0.05	0.01	0.11	0.82	0.37	0.2		0.9133936509971812	0.201	False	0.15
5	['Pt', 'Pd', 'Au', 'Ru', 'Rh', 'Ir', 'Re', 'Os']	26	[0.368 0.315 0.256 0.001 0.005 0.003 0.004 0.044]	[-0.102  0.14  -0.089  0.003  0.003 -0.004  0.004  0.043]	0.74	1.67	1.76	0.42	0.02	0.05	0.01	0.11	0.82	0.37	0.2		1.0288003025965748	0.2	False	0.098
6	['Pt', 'Pd', 'Au', 'Ru', 'Rh', 'Ir', 'Re', 'Os']	26	[0.318 0.262 0.321 0.023 0.018 0.046 0.003 0.013]	[-0.104 -0.046  0.118 -0.044 -0.024  0.065  0.008  0.028]	0.74	1.67	1.76	0.42	0.02	0.05	0.01	0.11	0.82	0.37	0.2		0.9273036681534546	0.185	False	0.11
7	['Pt', 'Pd', 'Au', 'Ru', 'Rh', 'Ir', 'Re', 'Os']	26	[0.384 0.172 0.338 0.067 0.042 0.013 0.001 0.001]	[-0.015 -0.116  0.037  0.075  0.052 -0.028 -0.007  0.001]	0.74	1.67	1.76	0.42	0.02	0.05	0.01	0.11	0.82	0.37	0.2		0.9115217759765166	0.156	False	0.158
0	['Pt', 'Pd', 'Au', 'Ru', 'Rh', 'Ir', 'Re', 'Os']	27	[0.346 0.321 0.256 0.003 0.001 0.003 0.027 0.059]	[-0.083  0.143 -0.101  0.002 -0.019 -0.006  0.027  0.035]	0.74	1.67	1.76	0.42	0.02	0.05	0.01	0.11	0.82	0.37	0.2		1.0191761839819469	0.2	False	0.097
1	['Pt', 'Pd', 'Au', 'Ru', 'Rh', 'Ir', 'Re', 'Os']	27	[0.376 0.223 0.24  0.025 0.003 0.002 0.033 0.1  ]	[ 0.034 -0.119 -0.026  0.027 -0.014  0.001  0.031  0.066]	0.74	1.67	1.76	0.42	0.02	0.05	0.01	0.11	0.82	0.37	0.2		1.014306556858376	0.149	False	0.082
2	['Pt', 'Pd', 'Au', 'Ru', 'Rh', 'Ir', 'Re', 'Os']	27	[0.328 0.22  0.327 0.011 0.015 0.022 0.021 0.046]	[-0.054 -0.101  0.087  0.009  0.012  0.022  0.01   0.015]	0.74	1.67	1.76	0.42	0.02	0.05	0.01	0.11	0.82	0.37	0.2		0.9641489430120354	0.148	False	0.079
3	['Pt', 'Pd', 'Au', 'Ru', 'Rh', 'Ir', 'Re', 'Os']	27	[0.36  0.339 0.217 0.025 0.001 0.003 0.01  0.058]	[-0.009  0.077 -0.08   0.026 -0.01  -0.002 -0.032  0.029]	0.74	1.67	1.76	0.42	0.02	0.05	0.01	0.11	0.82	0.37	0.2		1.003820178164356	0.123	False	0.132
4	['Pt', 'Pd', 'Au', 'Ru', 'Rh', 'Ir', 'Re', 'Os']	27	[0.432 0.272 0.265 0.01  0.001 0.    0.003 0.025]	[ 0.153 -0.093  0.014  0.021 -0.024 -0.014  0.021 -0.079]	0.74	1.67	1.76	0.42	0.02	0.05	0.01	0.11	0.82	0.37	0.2		1.031801023626699	0.2	False	0.119
5	['Pt', 'Pd', 'Au', 'Ru', 'Rh', 'Ir', 'Re', 'Os']	27	[0.31  0.331 0.261 0.001 0.007 0.014 0.024 0.049]	[-0.061  0.016  0.005  0.001  0.002  0.013  0.02   0.005]	0.74	1.67	1.76	0.42	0.02	0.05	0.01	0.11	0.82	0.37	0.2		0.9714890084255394	0.068	False	0.114
6	['Pt', 'Pd', 'Au', 'Ru', 'Rh', 'Ir', 'Re', 'Os']	27	[0.359 0.267 0.238 0.053 0.019 0.029 0.036 0.   ]	[ 0.061  0.006 -0.128  0.077 -0.     0.085 -0.078 -0.023]	0.74	1.67	1.76	0.42	0.02	0.05	0.01	0.11	0.82	0.37	0.2		0.9252817410098073	0.2	False	0.14
7	['Pt', 'Pd', 'Au', 'Ru', 'Rh', 'Ir', 'Re', 'Os']	27	[0.353 0.29  0.332 0.019 0.001 0.004 0.014 0.005]	[-0.072  0.143 -0.036  0.081  0.008 -0.015 -0.067 -0.042]	0.74	1.67	1.76	0.42	0.02	0.05	0.01	0.11	0.82	0.37	0.2		1.0108628784112252	0.2	False	0.111
0	['Pt', 'Pd', 'Au', 'Ru', 'Rh', 'Ir', 'Re', 'Os']	28	[0.494 0.217 0.272 0.001 0.005 0.002 0.024 0.003]	[ 0.149 -0.108  0.014 -0.014 -0.013 -0.01   0.042 -0.059]	0.74	1.67	1.76	0.42	0.02	0.05	0.01	0.11	0.82	0.37	0.2		0.961490996841925	0.2	False	0.181
1	['Pt', 'Pd', 'Au', 'Ru', 'Rh', 'Ir', 'Re', 'Os']	28	[0.445 0.297 0.222 0.006 0.003 0.015 0.013 0.002]	[ 0.08   0.086 -0.021  0.026 -0.029 -0.038  0.041 -0.145]	0.74	1.67	1.76	0.42	0.02	0.05	0.01	0.11	0.82	0.37	0.2		0.971316153476071	0.2	False	0.165
2	['Pt', 'Pd', 'Au', 'Ru', 'Rh', 'Ir', 'Re', 'Os']	28	[0.461 0.273 0.237 0.006 0.    0.01  0.001 0.002]	[ 0.138  0.049 -0.111 -0.017 -0.     0.017 -0.    -0.075]	0.74	1.67	1.76	0.42	0.02	0.05	0.01	0.11	0.82	0.37	0.2		0.9820281227228571	0.2	False	0.163
3	['Pt', 'Pd', 'Au', 'Ru', 'Rh', 'Ir', 'Re', 'Os']	28	[0.434 0.22  0.294 0.035 0.005 0.008 0.017 0.   ]	[ 0.074 -0.15   0.078  0.042 -0.035 -0.041 -0.003  0.035]	0.74	1.67	1.76	0.42	0.02	0.05	0.01	0.11	0.82	0.37	0.2		0.9883283216362457	0.2	False	0.14
4	['Pt', 'Pd', 'Au', 'Ru', 'Rh', 'Ir', 'Re', 'Os']	28	[0.461 0.216 0.263 0.002 0.028 0.003 0.011 0.025]	[ 0.047 -0.066  0.006  0.     0.031 -0.004 -0.022  0.008]	0.74	1.67	1.76	0.42	0.02	0.05	0.01	0.11	0.82	0.37	0.2		0.9799962502148298	0.09	False	0.146
5	['Pt', 'Pd', 'Au', 'Ru', 'Rh', 'Ir', 'Re', 'Os']	28	[0.473 0.243 0.254 0.006 0.002 0.005 0.008 0.006]	[ 0.163 -0.099 -0.014 -0.019 -0.008  0.008  0.021 -0.052]	0.74	1.67	1.76	0.42	0.02	0.05	0.01	0.11	0.82	0.37	0.2		0.9829256317633512	0.2	False	0.162
6	['Pt', 'Pd', 'Au', 'Ru', 'Rh', 'Ir', 'Re', 'Os']	28	[0.426 0.279 0.219 0.004 0.002 0.019 0.045 0.007]	[ 0.101  0.012 -0.039  0.026 -0.024 -0.132  0.09  -0.034]	0.74	1.67	1.76	0.42	0.02	0.05	0.01	0.11	0.82	0.37	0.2		0.958155764694407	0.2	False	0.156
7	['Pt', 'Pd', 'Au', 'Ru', 'Rh', 'Ir', 'Re', 'Os']	28	[0.467 0.316 0.188 0.003 0.005 0.    0.037 0.003]	[ 0.123  0.032 -0.145 -0.02  -0.014 -0.005  0.045 -0.017]	0.74	1.67	1.76	0.42	0.02	0.05	0.01	0.11	0.82	0.37	0.2		0.9388895843406555	0.2	False	0.203
0	['Pt', 'Pd', 'Au', 'Ru', 'Rh', 'Ir', 'Re', 'Os']	29	[0.336 0.243 0.21  0.065 0.024 0.045 0.03  0.067]	[-0.158  0.026 -0.062  0.064  0.019  0.043  0.006  0.064]	0.74	1.67	1.76	0.42	0.02	0.05	0.01	0.11	0.82	0.37	0.2		0.9000752528736848	0.2	False	0.131
1	['Pt', 'Pd', 'Au', 'Ru', 'Rh', 'Ir', 'Re', 'Os']	29	[0.338 0.2   0.332 0.034 0.    0.039 0.019 0.044]	[-0.114 -0.103  0.111  0.026 -0.003  0.04   0.003  0.04 ]	0.74	1.67	1.76	0.42	0.02	0.05	0.01	0.11	0.82	0.37	0.2		0.9400256716129485	0.2	False	0.099
2	['Pt', 'Pd', 'Au', 'Ru', 'Rh', 'Ir', 'Re', 'Os']	29	[0.336 0.206 0.37  0.025 0.007 0.001 0.044 0.003]	[-0.128 -0.07   0.13   0.016  0.004  0.008  0.04  -0.002]	0.74	1.67	1.76	0.42	0.02	0.05	0.01	0.11	0.82	0.37	0.2		0.9407063239116602	0.2	False	0.138
3	['Pt', 'Pd', 'Au', 'Ru', 'Rh', 'Ir', 'Re', 'Os']	29	[0.456 0.249 0.218 0.004 0.008 0.02  0.001 0.057]	[ 0.023  0.035 -0.138  0.035 -0.036  0.01  -0.01   0.081]	0.74	1.67	1.76	0.42	0.02	0.05	0.01	0.11	0.82	0.37	0.2		0.9864823367457076	0.174	False	0.142
4	['Pt', 'Pd', 'Au', 'Ru', 'Rh', 'Ir', 'Re', 'Os']	29	[0.32  0.297 0.317 0.021 0.044 0.011 0.002 0.001]	[-0.154  0.086  0.057  0.019  0.06  -0.025 -0.003 -0.038]	0.74	1.67	1.76	0.42	0.02	0.05	0.01	0.11	0.82	0.37	0.2		0.9533911482359696	0.201	False	0.125
5	['Pt', 'Pd', 'Au', 'Ru', 'Rh', 'Ir', 'Re', 'Os']	29	[0.334 0.223 0.34  0.004 0.011 0.011 0.035 0.04 ]	[-0.141 -0.022  0.085  0.008  0.008  0.005  0.026  0.033]	0.74	1.67	1.76	0.42	0.02	0.05	0.01	0.11	0.82	0.37	0.2		0.9768481731570229	0.171	False	0.088
6	['Pt', 'Pd', 'Au', 'Ru', 'Rh', 'Ir', 'Re', 'Os']	29	[0.369 0.219 0.333 0.001 0.002 0.055 0.007 0.015]	[-0.07  -0.074  0.147 -0.002 -0.038  0.068  0.012 -0.042]	0.74	1.67	1.76	0.42	0.02	0.05	0.01	0.11	0.82	0.37	0.2		0.9435811178763183	0.2	False	0.113
7	['Pt', 'Pd', 'Au', 'Ru', 'Rh', 'Ir', 'Re', 'Os']	29	[0.428 0.22  0.355 0.004 0.001 0.009 0.003 0.   ]	[-0.04  -0.097  0.166  0.005 -0.007  0.008 -0.035  0.001]	0.74	1.67	1.76	0.42	0.02	0.05	0.01	0.11	0.82	0.37	0.2		0.9977467306804058	0.2	False	0.142
0	['Pt', 'Pd', 'Au', 'Ru', 'Rh', 'Ir', 'Re', 'Os']	30	[0.29  0.35  0.072 0.015 0.079 0.069 0.061 0.085]	[-0.046  0.107 -0.138 -0.05   0.055  0.024  0.031  0.018]	0.74	1.67	1.76	0.42	0.02	0.05	0.01	0.11	0.82	0.37	0.2		0.6700815229773567	0.2	False	0.284
1	['Pt', 'Pd', 'Au', 'Ru', 'Rh', 'Ir', 'Re', 'Os']	30	[0.409 0.26  0.243 0.025 0.024 0.007 0.001 0.035]	[ 0.086  0.071 -0.138  0.05  -0.064  0.037 -0.016 -0.026]	0.74	1.67	1.76	0.42	0.02	0.05	0.01	0.11	0.82	0.37	0.2		1.0080697911213037	0.2	False	0.111
2	['Pt', 'Pd', 'Au', 'Ru', 'Rh', 'Ir', 'Re', 'Os']	30	[0.406 0.242 0.263 0.026 0.009 0.016 0.03  0.001]	[ 0.086  0.042 -0.141  0.042 -0.045 -0.045  0.07  -0.009]	0.74	1.67	1.76	0.42	0.02	0.05	0.01	0.11	0.82	0.37	0.2		0.9746061177465961	0.2	False	0.128
3	['Pt', 'Pd', 'Au', 'Ru', 'Rh', 'Ir', 'Re', 'Os']	30	[0.339 0.299 0.355 0.004 0.007 0.003 0.004 0.003]	[-0.122  0.048  0.136 -0.017  0.008  0.017 -0.011 -0.058]	0.74	1.67	1.76	0.42	0.02	0.05	0.01	0.11	0.82	0.37	0.2		0.9982476328185086	0.2	False	0.123
4	['Pt', 'Pd', 'Au', 'Ru', 'Rh', 'Ir', 'Re', 'Os']	30	[0.163 0.291 0.383 0.02  0.005 0.027 0.047 0.079]	[-0.171 -0.017  0.056 -0.012  0.037  0.005  0.034  0.068]	0.74	1.67	1.76	0.42	0.02	0.05	0.01	0.11	0.82	0.37	0.2		0.7219911903418784	0.2	False	0.218
5	['Pt', 'Pd', 'Au', 'Ru', 'Rh', 'Ir', 'Re', 'Os']	30	[0.407 0.306 0.246 0.001 0.004 0.002 0.023 0.009]	[ 0.088  0.1   -0.106 -0.027 -0.013 -0.014  0.055 -0.083]	0.74	1.67	1.76	0.42	0.02	0.05	0.01	0.11	0.82	0.37	0.2		1.0044309588257607	0.2	False	0.135
6	['Pt', 'Pd', 'Au', 'Ru', 'Rh', 'Ir', 'Re', 'Os']	30	[0.356 0.269 0.313 0.023 0.013 0.014 0.003 0.013]	[ 0.002  0.112 -0.01  -0.095 -0.04   0.112 -0.064 -0.015]	0.74	1.67	1.76	0.42	0.02	0.05	0.01	0.11	0.82	0.37	0.2		1.0012852364319758	0.2	False	0.095
7	['Pt', 'Pd', 'Au', 'Ru', 'Rh', 'Ir', 'Re', 'Os']	30	[0.345 0.268 0.376 0.001 0.002 0.002 0.02  0.006]	[-0.084  0.056  0.027 -0.002 -0.006 -0.     0.02  -0.012]	0.74	1.67	1.76	0.42	0.02	0.05	0.01	0.11	0.82	0.37	0.2		0.9940407822095476	0.107	False	0.124
