ID	Elements	Generation	Position	Velocity	F_damp	F_b_best	F_h_best	F_g_best	F_b_worst	F_h_worst	F_g_worst	mut_prob	flip_prob	mut_rate	v_max	v_min	Activity	Velocity_mag	Flag	Distance
0	['Pt', 'Pd', 'Au', 'Ru', 'Rh', 'Ir', 'Re', 'Os']	0	[0.79 0.03 0.03 0.03 0.03 0.03 0.03 0.03]	[-0.187  0.027  0.027  0.027  0.027  0.027  0.027  0.027]	0.67	1.95	1.4	0.12	0.07	0.31	0.04	0.32	0.17	0.43	0.2		0.4429187652207028	0.2	False	0.569
1	['Pt', 'Pd', 'Au', 'Ru', 'Rh', 'Ir', 'Re', 'Os']	0	[0.03 0.79 0.03 0.03 0.03 0.03 0.03 0.03]	[ 0.027 -0.187  0.027  0.027  0.027  0.027  0.027  0.027]	0.67	1.95	1.4	0.12	0.07	0.31	0.04	0.32	0.17	0.43	0.2		0.20560014505118765	0.2	False	0.689
2	['Pt', 'Pd', 'Au', 'Ru', 'Rh', 'Ir', 'Re', 'Os']	0	[0.03 0.03 0.79 0.03 0.03 0.03 0.03 0.03]	[ 0.027  0.027 -0.187  0.027  0.027  0.027  0.027  0.027]	0.67	1.95	1.4	0.12	0.07	0.31	0.04	0.32	0.17	0.43	0.2		0.2149894158498778	0.2	False	0.632
3	['Pt', 'Pd', 'Au', 'Ru', 'Rh', 'Ir', 'Re', 'Os']	0	[0.03 0.03 0.03 0.79 0.03 0.03 0.03 0.03]	[ 0.027  0.027  0.027 -0.187  0.027  0.027  0.027  0.027]	0.67	1.95	1.4	0.12	0.07	0.31	0.04	0.32	0.17	0.43	0.2		0.12265296114671781	0.2	False	0.925
4	['Pt', 'Pd', 'Au', 'Ru', 'Rh', 'Ir', 'Re', 'Os']	0	[0.03 0.03 0.03 0.03 0.79 0.03 0.03 0.03]	[ 0.027  0.027  0.027  0.027 -0.187  0.027  0.027  0.027]	0.67	1.95	1.4	0.12	0.07	0.31	0.04	0.32	0.17	0.43	0.2		0.2961943697576309	0.2	False	0.925
5	['Pt', 'Pd', 'Au', 'Ru', 'Rh', 'Ir', 'Re', 'Os']	0	[0.03 0.03 0.03 0.03 0.03 0.79 0.03 0.03]	[ 0.027  0.027  0.027  0.027  0.027 -0.187  0.027  0.027]	0.67	1.95	1.4	0.12	0.07	0.31	0.04	0.32	0.17	0.43	0.2		0.3414716944973704	0.2	False	0.925
6	['Pt', 'Pd', 'Au', 'Ru', 'Rh', 'Ir', 'Re', 'Os']	0	[0.03 0.03 0.03 0.03 0.03 0.03 0.79 0.03]	[ 0.027  0.027  0.027  0.027  0.027  0.027 -0.187  0.027]	0.67	1.95	1.4	0.12	0.07	0.31	0.04	0.32	0.17	0.43	0.2		0.3145140039050876	0.2	False	0.925
7	['Pt', 'Pd', 'Au', 'Ru', 'Rh', 'Ir', 'Re', 'Os']	0	[0.03 0.03 0.03 0.03 0.03 0.03 0.03 0.79]	[ 0.027  0.027  0.027  0.027  0.027  0.027  0.027 -0.187]	0.67	1.95	1.4	0.12	0.07	0.31	0.04	0.32	0.17	0.43	0.2		0.32838217395326336	0.2	False	0.839
0	['Pt', 'Pd', 'Au', 'Ru', 'Rh', 'Ir', 'Re', 'Os']	1	[0.846 0.001 0.001 0.142 0.001 0.001 0.006 0.001]	[ 0.068 -0.039 -0.039  0.163 -0.039 -0.039 -0.033 -0.039]	0.67	1.95	1.4	0.12	0.07	0.31	0.04	0.32	0.17	0.43	0.2		0.4002837765580172	0.2	False	0.654
1	['Pt', 'Pd', 'Au', 'Ru', 'Rh', 'Ir', 'Re', 'Os']	1	[0.178 0.658 0.031 0.007 0.031 0.031 0.031 0.031]	[ 0.148 -0.132  0.001 -0.023  0.001  0.001  0.001  0.001]	0.67	1.95	1.4	0.12	0.07	0.31	0.04	0.32	0.17	0.43	0.2		0.36840336950224056	0.2	False	0.525
2	['Pt', 'Pd', 'Au', 'Ru', 'Rh', 'Ir', 'Re', 'Os']	1	[0.174 0.021 0.653 0.051 0.025 0.025 0.025 0.025]	[ 0.144 -0.009 -0.137  0.021 -0.005 -0.005 -0.005 -0.005]	0.67	1.95	1.4	0.12	0.07	0.31	0.04	0.32	0.17	0.43	0.2		0.34722817397475303	0.2	False	0.467
3	['Pt', 'Pd', 'Au', 'Ru', 'Rh', 'Ir', 'Re', 'Os']	1	[0.154 0.037 0.037 0.634 0.037 0.03  0.037 0.036]	[ 0.124  0.007  0.007 -0.156  0.007  0.     0.007  0.006]	0.67	1.95	1.4	0.12	0.07	0.31	0.04	0.32	0.17	0.43	0.2		0.16759304555404927	0.2	False	0.75
4	['Pt', 'Pd', 'Au', 'Ru', 'Rh', 'Ir', 'Re', 'Os']	1	[0.178 0.031 0.031 0.002 0.66  0.031 0.031 0.031]	[ 0.142 -0.006 -0.006  0.024 -0.138 -0.006 -0.006 -0.006]	0.67	1.95	1.4	0.12	0.07	0.31	0.04	0.32	0.17	0.43	0.2		0.3052339479237694	0.2	False	0.77
5	['Pt', 'Pd', 'Au', 'Ru', 'Rh', 'Ir', 'Re', 'Os']	1	[0.192 0.025 0.025 0.002 0.025 0.678 0.025 0.025]	[ 0.156 -0.012 -0.012  0.024 -0.012 -0.12  -0.012 -0.012]	0.67	1.95	1.4	0.12	0.07	0.31	0.04	0.32	0.17	0.43	0.2		0.33864442503433584	0.2	False	0.786
6	['Pt', 'Pd', 'Au', 'Ru', 'Rh', 'Ir', 'Re', 'Os']	1	[0.178 0.031 0.031 0.002 0.031 0.031 0.66  0.031]	[ 0.142 -0.006 -0.006  0.024 -0.006 -0.006 -0.138 -0.006]	0.67	1.95	1.4	0.12	0.07	0.31	0.04	0.32	0.17	0.43	0.2		0.3102837917424705	0.2	False	0.77
7	['Pt', 'Pd', 'Au', 'Ru', 'Rh', 'Ir', 'Re', 'Os']	1	[0.178 0.031 0.031 0.002 0.031 0.031 0.031 0.66 ]	[ 0.142 -0.006 -0.006  0.024 -0.006 -0.006 -0.006 -0.138]	0.67	1.95	1.4	0.12	0.07	0.31	0.04	0.32	0.17	0.43	0.2		0.3707935233009587	0.2	False	0.683
0	['Pt', 'Pd', 'Au', 'Ru', 'Rh', 'Ir', 'Re', 'Os']	2	[0.752 0.043 0.039 0.006 0.039 0.04  0.041 0.039]	[-0.152  0.008  0.003  0.13   0.003  0.004 -0.     0.003]	0.67	1.95	1.4	0.12	0.07	0.31	0.04	0.32	0.17	0.43	0.2		0.4667214299644444	0.2	False	0.53
1	['Pt', 'Pd', 'Au', 'Ru', 'Rh', 'Ir', 'Re', 'Os']	2	[0.336 0.536 0.025 0.    0.025 0.025 0.026 0.025]	[ 0.158 -0.122 -0.006 -0.007 -0.006 -0.006 -0.005 -0.006]	0.67	1.95	1.4	0.12	0.07	0.31	0.04	0.32	0.17	0.43	0.2		0.6082580318703439	0.2	False	0.406
2	['Pt', 'Pd', 'Au', 'Ru', 'Rh', 'Ir', 'Re', 'Os']	2	[0.332 0.016 0.531 0.041 0.019 0.02  0.02  0.019]	[ 0.158 -0.005 -0.122 -0.01  -0.006 -0.005 -0.005 -0.006]	0.67	1.95	1.4	0.12	0.07	0.31	0.04	0.32	0.17	0.43	0.2		0.5949519367377951	0.2	False	0.343
3	['Pt', 'Pd', 'Au', 'Ru', 'Rh', 'Ir', 'Re', 'Os']	2	[0.311 0.029 0.029 0.511 0.029 0.023 0.03  0.04 ]	[ 0.157 -0.008 -0.008 -0.123 -0.008 -0.007 -0.007  0.004]	0.67	1.95	1.4	0.12	0.07	0.31	0.04	0.32	0.17	0.43	0.2		0.31033715308831455	0.2	False	0.625
4	['Pt', 'Pd', 'Au', 'Ru', 'Rh', 'Ir', 'Re', 'Os']	2	[0.343 0.02  0.018 0.004 0.55  0.021 0.021 0.02 ]	[ 0.164 -0.012 -0.014  0.004 -0.111 -0.011 -0.011 -0.012]	0.67	1.95	1.4	0.12	0.07	0.31	0.04	0.32	0.17	0.43	0.2		0.32682258275593945	0.2	False	0.665
5	['Pt', 'Pd', 'Au', 'Ru', 'Rh', 'Ir', 'Re', 'Os']	2	[0.249 0.    0.    0.003 0.    0.739 0.004 0.   ]	[ 0.117 -0.03  -0.03  -0.062 -0.054  0.125 -0.034 -0.03 ]	0.67	1.95	1.4	0.12	0.07	0.31	0.04	0.32	0.17	0.43	0.2		0.3495051890436595	0.2	False	0.848
6	['Pt', 'Pd', 'Au', 'Ru', 'Rh', 'Ir', 'Re', 'Os']	2	[0.338 0.021 0.021 0.01  0.021 0.021 0.542 0.021]	[ 0.16  -0.01  -0.01   0.008 -0.01  -0.01  -0.118 -0.01 ]	0.67	1.95	1.4	0.12	0.07	0.31	0.04	0.32	0.17	0.43	0.2		0.33348754312429174	0.2	False	0.657
7	['Pt', 'Pd', 'Au', 'Ru', 'Rh', 'Ir', 'Re', 'Os']	2	[0.328 0.036 0.026 0.001 0.023 0.026 0.026 0.529]	[ 0.15   0.005 -0.005 -0.001 -0.008 -0.005 -0.005 -0.131]	0.67	1.95	1.4	0.12	0.07	0.31	0.04	0.32	0.17	0.43	0.2		0.4537510031947184	0.2	False	0.554
0	['Pt', 'Pd', 'Au', 'Ru', 'Rh', 'Ir', 'Re', 'Os']	3	[0.627 0.193 0.03  0.027 0.03  0.031 0.031 0.029]	[-0.126  0.151 -0.009  0.025 -0.009 -0.009 -0.01  -0.01 ]	0.67	1.95	1.4	0.12	0.07	0.31	0.04	0.32	0.17	0.43	0.2		0.6163430138888286	0.199	False	0.402
1	['Pt', 'Pd', 'Au', 'Ru', 'Rh', 'Ir', 'Re', 'Os']	3	[0.375 0.516 0.    0.1   0.    0.    0.    0.004]	[ 0.101  0.033 -0.052  0.124 -0.052 -0.049 -0.05  -0.055]	0.67	1.95	1.4	0.12	0.07	0.31	0.04	0.32	0.17	0.43	0.2		0.6467514521345885	0.2	False	0.425
2	['Pt', 'Pd', 'Au', 'Ru', 'Rh', 'Ir', 'Re', 'Os']	3	[0.359 0.16  0.403 0.004 0.018 0.019 0.019 0.017]	[ 0.017  0.135 -0.14   0.034 -0.011 -0.011 -0.011 -0.012]	0.67	1.95	1.4	0.12	0.07	0.31	0.04	0.32	0.17	0.43	0.2		0.8987889258094857	0.2	False	0.164
3	['Pt', 'Pd', 'Au', 'Ru', 'Rh', 'Ir', 'Re', 'Os']	3	[0.276 0.065 0.002 0.652 0.002 0.001 0.    0.007]	[-0.098  0.01  -0.017  0.17  -0.017 -0.019 -0.017 -0.013]	0.67	1.95	1.4	0.12	0.07	0.31	0.04	0.32	0.17	0.43	0.2		0.26037130922692653	0.2	False	0.75
4	['Pt', 'Pd', 'Au', 'Ru', 'Rh', 'Ir', 'Re', 'Os']	3	[0.308 0.164 0.018 0.024 0.419 0.021 0.021 0.019]	[-0.035  0.145  0.     0.021 -0.131  0.     0.    -0.001]	0.67	1.95	1.4	0.12	0.07	0.31	0.04	0.32	0.17	0.43	0.2		0.3911337337675478	0.2	False	0.522
5	['Pt', 'Pd', 'Au', 'Ru', 'Rh', 'Ir', 'Re', 'Os']	3	[0.273 0.111 0.001 0.021 0.003 0.581 0.003 0.001]	[ 0.037  0.125 -0.01   0.027 -0.007 -0.148 -0.015 -0.01 ]	0.67	1.95	1.4	0.12	0.07	0.31	0.04	0.32	0.17	0.43	0.2		0.32879331316442867	0.2	False	0.68
6	['Pt', 'Pd', 'Au', 'Ru', 'Rh', 'Ir', 'Re', 'Os']	3	[0.357 0.16  0.013 0.022 0.015 0.014 0.404 0.013]	[ 0.017  0.138 -0.01   0.024 -0.008 -0.009 -0.141 -0.01 ]	0.67	1.95	1.4	0.12	0.07	0.31	0.04	0.32	0.17	0.43	0.2		0.4234088967881478	0.2	False	0.512
7	['Pt', 'Pd', 'Au', 'Ru', 'Rh', 'Ir', 'Re', 'Os']	3	[0.346 0.17  0.015 0.035 0.012 0.015 0.015 0.388]	[ 0.019  0.136 -0.01   0.027 -0.01  -0.01  -0.01  -0.141]	0.67	1.95	1.4	0.12	0.07	0.31	0.04	0.32	0.17	0.43	0.2		0.6157192389156867	0.2	False	0.415
0	['Pt', 'Pd', 'Au', 'Ru', 'Rh', 'Ir', 'Re', 'Os']	4	[0.513 0.211 0.173 0.041 0.014 0.016 0.015 0.013]	[-0.123  0.013  0.142  0.053 -0.022 -0.021 -0.022 -0.022]	0.67	1.95	1.4	0.12	0.07	0.31	0.04	0.32	0.17	0.43	0.2		0.869921348420196	0.2	False	0.233
1	['Pt', 'Pd', 'Au', 'Ru', 'Rh', 'Ir', 'Re', 'Os']	4	[0.4   0.415 0.152 0.023 0.002 0.    0.    0.001]	[ 0.025 -0.101  0.152 -0.077  0.    -0.001 -0.001  0.002]	0.67	1.95	1.4	0.12	0.07	0.31	0.04	0.32	0.17	0.43	0.2		0.8842424509821376	0.2	False	0.249
2	['Pt', 'Pd', 'Au', 'Ru', 'Rh', 'Ir', 'Re', 'Os']	4	[0.331 0.199 0.335 0.115 0.004 0.002 0.002 0.009]	[ 0.014  0.094 -0.034  0.138 -0.052 -0.052 -0.052 -0.055]	0.67	1.95	1.4	0.12	0.07	0.31	0.04	0.32	0.17	0.43	0.2		0.9263976783753811	0.2	False	0.16
3	['Pt', 'Pd', 'Au', 'Ru', 'Rh', 'Ir', 'Re', 'Os']	4	[0.299 0.077 0.098 0.48  0.011 0.01  0.015 0.017]	[ 0.023  0.012  0.096 -0.172  0.009  0.009  0.015  0.01 ]	0.67	1.95	1.4	0.12	0.07	0.31	0.04	0.32	0.17	0.43	0.2		0.40194906766572647	0.2	False	0.558
4	['Pt', 'Pd', 'Au', 'Ru', 'Rh', 'Ir', 'Re', 'Os']	4	[0.326 0.185 0.142 0.032 0.278 0.012 0.012 0.009]	[ 0.013  0.016  0.121  0.043 -0.149 -0.014 -0.014 -0.015]	0.67	1.95	1.4	0.12	0.07	0.31	0.04	0.32	0.17	0.43	0.2		0.5744687777389575	0.2	False	0.342
5	['Pt', 'Pd', 'Au', 'Ru', 'Rh', 'Ir', 'Re', 'Os']	4	[0.267 0.061 0.13  0.045 0.009 0.469 0.007 0.005]	[ 0.005 -0.041  0.147  0.063 -0.025 -0.106 -0.024 -0.019]	0.67	1.95	1.4	0.12	0.07	0.31	0.04	0.32	0.17	0.43	0.2		0.28780637419479554	0.2	False	0.55
6	['Pt', 'Pd', 'Au', 'Ru', 'Rh', 'Ir', 'Re', 'Os']	4	[0.36  0.185 0.14  0.029 0.009 0.009 0.262 0.007]	[-0.002  0.02   0.124  0.039 -0.011 -0.01  -0.149 -0.011]	0.67	1.95	1.4	0.12	0.07	0.31	0.04	0.32	0.17	0.43	0.2		0.6376773792320447	0.2	False	0.329
7	['Pt', 'Pd', 'Au', 'Ru', 'Rh', 'Ir', 'Re', 'Os']	4	[0.361 0.146 0.156 0.016 0.016 0.019 0.019 0.26 ]	[ 0.007 -0.032  0.135  0.039 -0.004 -0.004 -0.004 -0.138]	0.67	1.95	1.4	0.12	0.07	0.31	0.04	0.32	0.17	0.43	0.2		0.8214236967717752	0.2	False	0.242
0	['Pt', 'Pd', 'Au', 'Ru', 'Rh', 'Ir', 'Re', 'Os']	5	[0.361 0.217 0.265 0.071 0.011 0.054 0.01  0.006]	[-0.153  0.011  0.101  0.036 -0.03   0.06  -0.    -0.025]	0.67	1.95	1.4	0.12	0.07	0.31	0.04	0.32	0.17	0.43	0.2		0.8956145114708411	0.2	False	0.139
1	['Pt', 'Pd', 'Au', 'Ru', 'Rh', 'Ir', 'Re', 'Os']	5	[0.377 0.28  0.285 0.    0.001 0.042 0.005 0.002]	[-0.011 -0.125  0.148 -0.028 -0.009  0.04  -0.01  -0.005]	0.67	1.95	1.4	0.12	0.07	0.31	0.04	0.32	0.17	0.43	0.2		0.973143921609859	0.2	False	0.115
2	['Pt', 'Pd', 'Au', 'Ru', 'Rh', 'Ir', 'Re', 'Os']	5	[0.209 0.253 0.293 0.145 0.006 0.069 0.003 0.018]	[-0.132  0.096 -0.028  0.065 -0.026  0.079 -0.026 -0.028]	0.67	1.95	1.4	0.12	0.07	0.31	0.04	0.32	0.17	0.43	0.2		0.6804458078858264	0.2	False	0.229
3	['Pt', 'Pd', 'Au', 'Ru', 'Rh', 'Ir', 'Re', 'Os']	5	[0.234 0.026 0.111 0.587 0.002 0.036 0.002 0.009]	[-0.095 -0.075  0.017  0.153 -0.013  0.038 -0.011 -0.014]	0.67	1.95	1.4	0.12	0.07	0.31	0.04	0.32	0.17	0.43	0.2		0.25445283416045694	0.2	False	0.673
4	['Pt', 'Pd', 'Au', 'Ru', 'Rh', 'Ir', 'Re', 'Os']	5	[0.374 0.245 0.044 0.098 0.146 0.032 0.028 0.03 ]	[ 0.047  0.059 -0.101  0.065 -0.136  0.033  0.014  0.019]	0.67	1.95	1.4	0.12	0.07	0.31	0.04	0.32	0.17	0.43	0.2		0.6346763829092933	0.2	False	0.322
5	['Pt', 'Pd', 'Au', 'Ru', 'Rh', 'Ir', 'Re', 'Os']	5	[0.31  0.097 0.202 0.059 0.01  0.298 0.01  0.007]	[ 0.042  0.035  0.072  0.012  0.012 -0.177  0.01  -0.007]	0.67	1.95	1.4	0.12	0.07	0.31	0.04	0.32	0.17	0.43	0.2		0.38609040236801423	0.2	False	0.368
6	['Pt', 'Pd', 'Au', 'Ru', 'Rh', 'Ir', 'Re', 'Os']	5	[0.275 0.125 0.175 0.014 0.    0.055 0.353 0.003]	[-0.102 -0.07   0.051 -0.058  0.001  0.059  0.123 -0.004]	0.67	1.95	1.4	0.12	0.07	0.31	0.04	0.32	0.17	0.43	0.2		0.4547169848003799	0.2	False	0.417
7	['Pt', 'Pd', 'Au', 'Ru', 'Rh', 'Ir', 'Re', 'Os']	5	[0.359 0.168 0.272 0.021 0.001 0.062 0.    0.111]	[-0.005  0.019  0.114  0.028 -0.02   0.04  -0.022 -0.153]	0.67	1.95	1.4	0.12	0.07	0.31	0.04	0.32	0.17	0.43	0.2		0.9174888863114534	0.2	False	0.11
0	['Pt', 'Pd', 'Au', 'Ru', 'Rh', 'Ir', 'Re', 'Os']	6	[0.292 0.275 0.317 0.055 0.008 0.032 0.007 0.006]	[-0.092  0.068  0.06   0.127 -0.034 -0.033 -0.058 -0.039]	0.67	1.95	1.4	0.12	0.07	0.31	0.04	0.32	0.17	0.43	0.2		0.9103209373684749	0.2	False	0.131
1	['Pt', 'Pd', 'Au', 'Ru', 'Rh', 'Ir', 'Re', 'Os']	6	[0.34  0.169 0.319 0.108 0.01  0.017 0.015 0.015]	[ 0.01  -0.079  0.096  0.133 -0.042 -0.022 -0.052 -0.044]	0.67	1.95	1.4	0.12	0.07	0.31	0.04	0.32	0.17	0.43	0.2		0.8866208718368789	0.2	False	0.163
2	['Pt', 'Pd', 'Au', 'Ru', 'Rh', 'Ir', 'Re', 'Os']	6	[0.091 0.271 0.374 0.027 0.049 0.083 0.051 0.05 ]	[-0.118  0.018  0.081 -0.118  0.043  0.014  0.048  0.032]	0.67	1.95	1.4	0.12	0.07	0.31	0.04	0.32	0.17	0.43	0.2		0.4586497792393052	0.2	False	0.297
3	['Pt', 'Pd', 'Au', 'Ru', 'Rh', 'Ir', 'Re', 'Os']	6	[0.28  0.094 0.146 0.409 0.01  0.041 0.012 0.015]	[ 0.046  0.068  0.035 -0.178  0.008  0.005  0.01   0.006]	0.67	1.95	1.4	0.12	0.07	0.31	0.04	0.32	0.17	0.43	0.2		0.4530990716278658	0.2	False	0.479
4	['Pt', 'Pd', 'Au', 'Ru', 'Rh', 'Ir', 'Re', 'Os']	6	[0.392 0.291 0.13  0.151 0.007 0.016 0.003 0.009]	[-0.034  0.004  0.057  0.013  0.145 -0.08  -0.018 -0.087]	0.67	1.95	1.4	0.12	0.07	0.31	0.04	0.32	0.17	0.43	0.2		0.8649197705068055	0.2	False	0.252
5	['Pt', 'Pd', 'Au', 'Ru', 'Rh', 'Ir', 'Re', 'Os']	6	[0.346 0.192 0.262 0.022 0.004 0.162 0.005 0.003]	[ 0.023  0.085  0.048  0.064 -0.021 -0.156 -0.019 -0.025]	0.67	1.95	1.4	0.12	0.07	0.31	0.04	0.32	0.17	0.43	0.2		0.7136590688414182	0.2	False	0.202
6	['Pt', 'Pd', 'Au', 'Ru', 'Rh', 'Ir', 'Re', 'Os']	6	[0.352 0.219 0.126 0.038 0.005 0.041 0.213 0.004]	[ 0.076  0.094 -0.052  0.04   0.003 -0.016 -0.144 -0.001]	0.67	1.95	1.4	0.12	0.07	0.31	0.04	0.32	0.17	0.43	0.2		0.6593339399700877	0.2	False	0.298
7	['Pt', 'Pd', 'Au', 'Ru', 'Rh', 'Ir', 'Re', 'Os']	6	[0.369 0.227 0.302 0.051 0.006 0.023 0.01  0.006]	[-0.008  0.072  0.025  0.059 -0.078 -0.088 -0.083  0.101]	0.67	1.95	1.4	0.12	0.07	0.31	0.04	0.32	0.17	0.43	0.2		0.9685319478324899	0.2	False	0.114
0	['Pt', 'Pd', 'Au', 'Ru', 'Rh', 'Ir', 'Re', 'Os']	7	[0.289 0.304 0.384 0.001 0.006 0.005 0.002 0.004]	[-0.037  0.031  0.113  0.047 -0.068 -0.014 -0.029 -0.044]	0.67	1.95	1.4	0.12	0.07	0.31	0.04	0.32	0.17	0.43	0.2		0.9399723562452	0.158	False	0.152
1	['Pt', 'Pd', 'Au', 'Ru', 'Rh', 'Ir', 'Re', 'Os']	7	[0.409 0.243 0.316 0.015 0.    0.008 0.002 0.   ]	[ 0.059  0.067 -0.058  0.134 -0.05  -0.068 -0.043 -0.042]	0.67	1.95	1.4	0.12	0.07	0.31	0.04	0.32	0.17	0.43	0.2		1.0122735665706384	0.2	False	0.119
2	['Pt', 'Pd', 'Au', 'Ru', 'Rh', 'Ir', 'Re', 'Os']	7	[0.275 0.245 0.355 0.021 0.022 0.03  0.024 0.023]	[ 0.184 -0.026 -0.019 -0.006 -0.027 -0.053 -0.027 -0.027]	0.67	1.95	1.4	0.12	0.07	0.31	0.04	0.32	0.17	0.43	0.2		0.8841720906632351	0.2	False	0.13
3	['Pt', 'Pd', 'Au', 'Ru', 'Rh', 'Ir', 'Re', 'Os']	7	[0.346 0.177 0.088 0.253 0.028 0.055 0.031 0.031]	[ 0.066  0.083 -0.058 -0.156  0.018  0.014  0.019  0.016]	0.67	1.95	1.4	0.12	0.07	0.31	0.04	0.32	0.17	0.43	0.2		0.624054040197832	0.2	False	0.352
4	['Pt', 'Pd', 'Au', 'Ru', 'Rh', 'Ir', 'Re', 'Os']	7	[0.39  0.281 0.27  0.017 0.013 0.001 0.009 0.019]	[-0.004 -0.013  0.141 -0.139  0.004  0.01  -0.018  0.019]	0.67	1.95	1.4	0.12	0.07	0.31	0.04	0.32	0.17	0.43	0.2		1.0232404954006127	0.2	False	0.103
5	['Pt', 'Pd', 'Au', 'Ru', 'Rh', 'Ir', 'Re', 'Os']	7	[0.372 0.286 0.316 0.008 0.001 0.005 0.006 0.   ]	[ 0.022  0.092  0.051  0.021 -0.007 -0.166 -0.01  -0.005]	0.67	1.95	1.4	0.12	0.07	0.31	0.04	0.32	0.17	0.43	0.2		1.0165615189555088	0.2	False	0.11
6	['Pt', 'Pd', 'Au', 'Ru', 'Rh', 'Ir', 'Re', 'Os']	7	[0.403 0.276 0.222 0.003 0.005 0.026 0.061 0.001]	[ 0.042  0.048  0.088  0.031 -0.009 -0.025 -0.163 -0.012]	0.67	1.95	1.4	0.12	0.07	0.31	0.04	0.32	0.17	0.43	0.2		0.9365203645514537	0.2	False	0.154
7	['Pt', 'Pd', 'Au', 'Ru', 'Rh', 'Ir', 'Re', 'Os']	7	[0.36  0.271 0.323 0.001 0.    0.009 0.004 0.028]	[-0.018  0.1    0.049  0.082 -0.056 -0.01  -0.016 -0.13 ]	0.67	1.95	1.4	0.12	0.07	0.31	0.04	0.32	0.17	0.43	0.2		1.027227367003471	0.2	False	0.08
0	['Pt', 'Pd', 'Au', 'Ru', 'Rh', 'Ir', 'Re', 'Os']	8	[0.241 0.262 0.415 0.027 0.009 0.01  0.    0.031]	[-0.02  -0.009  0.113  0.066  0.022 -0.05  -0.038 -0.085]	0.67	1.95	1.4	0.12	0.07	0.31	0.04	0.32	0.17	0.43	0.2		0.8567095888018168	0.171	False	0.176
1	['Pt', 'Pd', 'Au', 'Ru', 'Rh', 'Ir', 'Re', 'Os']	8	[0.369 0.254 0.323 0.001 0.    0.001 0.014 0.032]	[-0.039  0.071  0.062 -0.018 -0.001  0.034 -0.016 -0.093]	0.67	1.95	1.4	0.12	0.07	0.31	0.04	0.32	0.17	0.43	0.2		1.0341029411078118	0.144	False	0.076
2	['Pt', 'Pd', 'Au', 'Ru', 'Rh', 'Ir', 'Re', 'Os']	8	[0.425 0.206 0.31  0.015 0.007 0.01  0.005 0.017]	[ 0.164 -0.057 -0.064 -0.019  0.014  0.026  0.004 -0.068]	0.67	1.95	1.4	0.12	0.07	0.31	0.04	0.32	0.17	0.43	0.2		0.9968526000861695	0.2	False	0.122
3	['Pt', 'Pd', 'Au', 'Ru', 'Rh', 'Ir', 'Re', 'Os']	8	[0.376 0.241 0.184 0.093 0.02  0.039 0.023 0.033]	[ 0.03   0.064  0.096 -0.16  -0.008 -0.016 -0.008  0.002]	0.67	1.95	1.4	0.12	0.07	0.31	0.04	0.32	0.17	0.43	0.2		0.8877588227046831	0.2	False	0.173
4	['Pt', 'Pd', 'Au', 'Ru', 'Rh', 'Ir', 'Re', 'Os']	8	[0.318 0.227 0.347 0.058 0.02  0.021 0.006 0.002]	[-0.058 -0.034  0.138  0.097  0.    -0.062 -0.037 -0.046]	0.67	1.95	1.4	0.12	0.07	0.31	0.04	0.32	0.17	0.43	0.2		0.9188751718454877	0.2	False	0.133
5	['Pt', 'Pd', 'Au', 'Ru', 'Rh', 'Ir', 'Re', 'Os']	8	[0.349 0.15  0.381 0.004 0.019 0.056 0.016 0.018]	[ 0.003 -0.135  0.111  0.027 -0.039  0.073 -0.042  0.003]	0.67	1.95	1.4	0.12	0.07	0.31	0.04	0.32	0.17	0.43	0.2		0.8463138554833989	0.2	False	0.164
6	['Pt', 'Pd', 'Au', 'Ru', 'Rh', 'Ir', 'Re', 'Os']	8	[0.357 0.267 0.312 0.007 0.009 0.019 0.022 0.003]	[-0.066 -0.012  0.134 -0.003 -0.059 -0.037  0.099 -0.057]	0.67	1.95	1.4	0.12	0.07	0.31	0.04	0.32	0.17	0.43	0.2		0.9846662992190591	0.2	False	0.104
7	['Pt', 'Pd', 'Au', 'Ru', 'Rh', 'Ir', 'Re', 'Os']	8	[0.291 0.262 0.346 0.005 0.015 0.01  0.03  0.039]	[-0.067  0.035  0.09  -0.004 -0.016 -0.069 -0.087  0.117]	0.67	1.95	1.4	0.12	0.07	0.31	0.04	0.32	0.17	0.43	0.2		0.9526248052212842	0.2	False	0.103
0	['Pt', 'Pd', 'Au', 'Ru', 'Rh', 'Ir', 'Re', 'Os']	9	[0.317 0.314 0.315 0.012 0.012 0.    0.019 0.004]	[ 0.106  0.075 -0.122  0.013 -0.06   0.006 -0.056  0.037]	0.67	1.95	1.4	0.12	0.07	0.31	0.04	0.32	0.17	0.43	0.2		0.9781309528304047	0.2	False	0.124
1	['Pt', 'Pd', 'Au', 'Ru', 'Rh', 'Ir', 'Re', 'Os']	9	[0.389 0.308 0.255 0.025 0.007 0.006 0.003 0.001]	[ 0.018  0.057 -0.082  0.014 -0.016  0.001 -0.018  0.027]	0.67	1.95	1.4	0.12	0.07	0.31	0.04	0.32	0.17	0.43	0.2		1.0023174558505308	0.109	False	0.132
2	['Pt', 'Pd', 'Au', 'Ru', 'Rh', 'Ir', 'Re', 'Os']	9	[0.359 0.311 0.246 0.034 0.011 0.006 0.026 0.   ]	[-0.07   0.106 -0.068  0.038  0.002 -0.006  0.019 -0.02 ]	0.67	1.95	1.4	0.12	0.07	0.31	0.04	0.32	0.17	0.43	0.2		0.9748330500029407	0.151	False	0.137
3	['Pt', 'Pd', 'Au', 'Ru', 'Rh', 'Ir', 'Re', 'Os']	9	[0.334 0.289 0.296 0.045 0.002 0.001 0.011 0.032]	[-0.073  0.03   0.104  0.119 -0.045 -0.07  -0.038 -0.026]	0.67	1.95	1.4	0.12	0.07	0.31	0.04	0.32	0.17	0.43	0.2		1.015141360191442	0.2	False	0.093
4	['Pt', 'Pd', 'Au', 'Ru', 'Rh', 'Ir', 'Re', 'Os']	9	[0.384 0.293 0.254 0.013 0.015 0.014 0.014 0.01 ]	[ 0.086  0.086 -0.132  0.017  0.025  0.025 -0.071 -0.036]	0.67	1.95	1.4	0.12	0.07	0.31	0.04	0.32	0.17	0.43	0.2		0.9931220183332661	0.2	False	0.118
5	['Pt', 'Pd', 'Au', 'Ru', 'Rh', 'Ir', 'Re', 'Os']	9	[0.381 0.279 0.303 0.008 0.016 0.003 0.002 0.001]	[ 0.024  0.142 -0.109 -0.039  0.016  0.042 -0.019 -0.057]	0.67	1.95	1.4	0.12	0.07	0.31	0.04	0.32	0.17	0.43	0.2		1.0140785950258935	0.2	False	0.109
6	['Pt', 'Pd', 'Au', 'Ru', 'Rh', 'Ir', 'Re', 'Os']	9	[0.31  0.243 0.389 0.001 0.001 0.018 0.005 0.029]	[-0.052 -0.021  0.119  0.     0.008  0.043 -0.041 -0.056]	0.67	1.95	1.4	0.12	0.07	0.31	0.04	0.32	0.17	0.43	0.2		0.9532667417986891	0.155	False	0.122
7	['Pt', 'Pd', 'Au', 'Ru', 'Rh', 'Ir', 'Re', 'Os']	9	[0.391 0.273 0.299 0.005 0.004 0.004 0.023 0.   ]	[ 0.151  0.012 -0.079 -0.034 -0.016 -0.002  0.052 -0.084]	0.67	1.95	1.4	0.12	0.07	0.31	0.04	0.32	0.17	0.43	0.2		1.0125773024800866	0.201	False	0.113
0	['Pt', 'Pd', 'Au', 'Ru', 'Rh', 'Ir', 'Re', 'Os']	10	[0.357 0.352 0.187 0.002 0.029 0.018 0.01  0.037]	[ 0.045  0.042 -0.142 -0.011  0.032 -0.027  0.024  0.037]	0.67	1.95	1.4	0.12	0.07	0.31	0.04	0.32	0.17	0.43	0.2		0.9330798451957005	0.167	False	0.169
1	['Pt', 'Pd', 'Au', 'Ru', 'Rh', 'Ir', 'Re', 'Os']	10	[0.331 0.188 0.338 0.001 0.017 0.006 0.009 0.105]	[-0.069 -0.135  0.08   0.014  0.01   0.    -0.002  0.102]	0.67	1.95	1.4	0.12	0.07	0.31	0.04	0.32	0.17	0.43	0.2		0.9824431204491835	0.2	False	0.078
2	['Pt', 'Pd', 'Au', 'Ru', 'Rh', 'Ir', 'Re', 'Os']	10	[0.483 0.195 0.192 0.028 0.01  0.01  0.006 0.066]	[ 0.119 -0.123 -0.06  -0.012 -0.007 -0.002  0.024  0.061]	0.67	1.95	1.4	0.12	0.07	0.31	0.04	0.32	0.17	0.43	0.2		0.9311928362096642	0.193	False	0.186
3	['Pt', 'Pd', 'Au', 'Ru', 'Rh', 'Ir', 'Re', 'Os']	10	[0.293 0.311 0.333 0.016 0.005 0.035 0.006 0.011]	[-0.047  0.04   0.061 -0.031  0.007  0.037 -0.004 -0.064]	0.67	1.95	1.4	0.12	0.07	0.31	0.04	0.32	0.17	0.43	0.2		0.9270918295953046	0.118	False	0.132
4	['Pt', 'Pd', 'Au', 'Ru', 'Rh', 'Ir', 'Re', 'Os']	10	[0.401 0.327 0.209 0.006 0.023 0.002 0.019 0.01 ]	[ 0.026  0.058 -0.089 -0.018  0.041 -0.001  0.034 -0.052]	0.67	1.95	1.4	0.12	0.07	0.31	0.04	0.32	0.17	0.43	0.2		0.9698514779269256	0.133	False	0.161
5	['Pt', 'Pd', 'Au', 'Ru', 'Rh', 'Ir', 'Re', 'Os']	10	[0.336 0.413 0.221 0.001 0.015 0.002 0.005 0.   ]	[-0.045  0.141 -0.083 -0.017  0.026 -0.001 -0.013 -0.008]	0.67	1.95	1.4	0.12	0.07	0.31	0.04	0.32	0.17	0.43	0.2		0.9056608740917111	0.173	False	0.208
6	['Pt', 'Pd', 'Au', 'Ru', 'Rh', 'Ir', 'Re', 'Os']	10	[0.388 0.299 0.228 0.025 0.012 0.015 0.006 0.022]	[ 0.073  0.051 -0.174  0.018  0.004 -0.01  -0.     0.038]	0.67	1.95	1.4	0.12	0.07	0.31	0.04	0.32	0.17	0.43	0.2		0.9905892339174893	0.2	False	0.127
7	['Pt', 'Pd', 'Au', 'Ru', 'Rh', 'Ir', 'Re', 'Os']	10	[0.396 0.309 0.272 0.003 0.005 0.006 0.003 0.005]	[ 0.014  0.051 -0.025 -0.007  0.011 -0.011 -0.04   0.006]	0.67	1.95	1.4	0.12	0.07	0.31	0.04	0.32	0.17	0.43	0.2		1.0147572441448276	0.073	False	0.124
0	['Pt', 'Pd', 'Au', 'Ru', 'Rh', 'Ir', 'Re', 'Os']	11	[0.344 0.263 0.349 0.006 0.    0.011 0.015 0.007]	[-0.025 -0.105  0.16  -0.007 -0.047  0.014 -0.006  0.016]	0.67	1.95	1.4	0.12	0.07	0.31	0.04	0.32	0.17	0.43	0.2		0.9927804324442606	0.2	False	0.108
1	['Pt', 'Pd', 'Au', 'Ru', 'Rh', 'Ir', 'Re', 'Os']	11	[0.424 0.244 0.306 0.004 0.003 0.003 0.01  0.001]	[ 0.1    0.049 -0.074 -0.049 -0.011 -0.049 -0.074  0.108]	0.67	1.95	1.4	0.12	0.07	0.31	0.04	0.32	0.17	0.43	0.2		1.0132275863631233	0.2	False	0.124
2	['Pt', 'Pd', 'Au', 'Ru', 'Rh', 'Ir', 'Re', 'Os']	11	[0.41  0.205 0.341 0.031 0.001 0.002 0.003 0.   ]	[-0.078  0.009  0.154  0.048 -0.006 -0.023 -0.023 -0.082]	0.67	1.95	1.4	0.12	0.07	0.31	0.04	0.32	0.17	0.43	0.2		0.9938858138924589	0.2	False	0.135
3	['Pt', 'Pd', 'Au', 'Ru', 'Rh', 'Ir', 'Re', 'Os']	11	[0.417 0.241 0.254 0.046 0.005 0.032 0.01  0.006]	[ 0.139 -0.081 -0.091  0.032 -0.015  0.059 -0.025 -0.017]	0.67	1.95	1.4	0.12	0.07	0.31	0.04	0.32	0.17	0.43	0.2		0.9645660324490433	0.2	False	0.137
4	['Pt', 'Pd', 'Au', 'Ru', 'Rh', 'Ir', 'Re', 'Os']	11	[0.405 0.214 0.334 0.008 0.016 0.008 0.009 0.004]	[ 0.016 -0.112  0.148 -0.004  0.041 -0.031 -0.051 -0.006]	0.67	1.95	1.4	0.12	0.07	0.31	0.04	0.32	0.17	0.43	0.2		0.9897768856662119	0.2	False	0.123
5	['Pt', 'Pd', 'Au', 'Ru', 'Rh', 'Ir', 'Re', 'Os']	11	[0.302 0.442 0.226 0.003 0.001 0.006 0.011 0.   ]	[-0.036  0.147  0.078 -0.012 -0.021 -0.015 -0.073 -0.068]	0.67	1.95	1.4	0.12	0.07	0.31	0.04	0.32	0.17	0.43	0.2		0.8528048547346578	0.2	False	0.234
6	['Pt', 'Pd', 'Au', 'Ru', 'Rh', 'Ir', 'Re', 'Os']	11	[0.464 0.294 0.179 0.003 0.012 0.004 0.036 0.002]	[ 0.095 -0.012 -0.07   0.022 -0.014 -0.02   0.031 -0.032]	0.67	1.95	1.4	0.12	0.07	0.31	0.04	0.32	0.17	0.43	0.2		0.9256775473968082	0.131	False	0.202
7	['Pt', 'Pd', 'Au', 'Ru', 'Rh', 'Ir', 'Re', 'Os']	11	[0.358 0.232 0.371 0.017 0.004 0.007 0.002 0.007]	[-0.026 -0.068  0.121  0.024 -0.011 -0.024  0.008 -0.023]	0.67	1.95	1.4	0.12	0.07	0.31	0.04	0.32	0.17	0.43	0.2		0.9880298967559902	0.148	False	0.12
0	['Pt', 'Pd', 'Au', 'Ru', 'Rh', 'Ir', 'Re', 'Os']	12	[0.402 0.109 0.436 0.023 0.008 0.005 0.01  0.   ]	[ 0.072 -0.148  0.102  0.029  0.011 -0.022 -0.03  -0.013]	0.67	1.95	1.4	0.12	0.07	0.31	0.04	0.32	0.17	0.43	0.2		0.8496733606028206	0.2	False	0.228
1	['Pt', 'Pd', 'Au', 'Ru', 'Rh', 'Ir', 'Re', 'Os']	12	[0.419 0.151 0.293 0.034 0.019 0.002 0.003 0.072]	[ 0.007 -0.12  -0.004  0.041 -0.033 -0.006 -0.001  0.117]	0.67	1.95	1.4	0.12	0.07	0.31	0.04	0.32	0.17	0.43	0.2		0.9674410182355391	0.176	False	0.13
2	['Pt', 'Pd', 'Au', 'Ru', 'Rh', 'Ir', 'Re', 'Os']	12	[0.442 0.166 0.294 0.047 0.005 0.009 0.013 0.017]	[ 0.053 -0.04  -0.051  0.032 -0.004  0.013  0.019 -0.022]	0.67	1.95	1.4	0.12	0.07	0.31	0.04	0.32	0.17	0.43	0.2		0.9526163121168376	0.095	False	0.158
3	['Pt', 'Pd', 'Au', 'Ru', 'Rh', 'Ir', 'Re', 'Os']	12	[0.39  0.205 0.313 0.051 0.006 0.014 0.023 0.009]	[-0.037 -0.05   0.092  0.115 -0.052  0.013 -0.089  0.008]	0.67	1.95	1.4	0.12	0.07	0.31	0.04	0.32	0.17	0.43	0.2		0.971850567121384	0.191	False	0.124
4	['Pt', 'Pd', 'Au', 'Ru', 'Rh', 'Ir', 'Re', 'Os']	12	[0.445 0.229 0.297 0.009 0.001 0.012 0.001 0.002]	[ 0.079  0.029 -0.076 -0.028  0.014  0.016 -0.002 -0.032]	0.67	1.95	1.4	0.12	0.07	0.31	0.04	0.32	0.17	0.43	0.2		0.9967544017665784	0.123	False	0.139
5	['Pt', 'Pd', 'Au', 'Ru', 'Rh', 'Ir', 'Re', 'Os']	12	[0.377 0.289 0.32  0.    0.005 0.    0.    0.001]	[ 0.077 -0.157  0.096 -0.005 -0.011  0.003  0.003 -0.005]	0.67	1.95	1.4	0.12	0.07	0.31	0.04	0.32	0.17	0.43	0.2		1.0235874157385807	0.2	False	0.112
6	['Pt', 'Pd', 'Au', 'Ru', 'Rh', 'Ir', 'Re', 'Os']	12	[0.402 0.219 0.332 0.001 0.004 0.005 0.029 0.003]	[-0.07  -0.083  0.156 -0.009 -0.008 -0.025  0.053 -0.015]	0.67	1.95	1.4	0.12	0.07	0.31	0.04	0.32	0.17	0.43	0.2		0.9940167164775879	0.2	False	0.122
7	['Pt', 'Pd', 'Au', 'Ru', 'Rh', 'Ir', 'Re', 'Os']	12	[0.445 0.198 0.314 0.017 0.005 0.007 0.005 0.01 ]	[ 0.128 -0.027 -0.056  0.042 -0.029 -0.027 -0.032  0.   ]	0.67	1.95	1.4	0.12	0.07	0.31	0.04	0.32	0.17	0.43	0.2		0.9878106700255056	0.157	False	0.143
0	['Pt', 'Pd', 'Au', 'Ru', 'Rh', 'Ir', 'Re', 'Os']	13	[0.347 0.268 0.358 0.015 0.002 0.001 0.001 0.003]	[-0.059  0.166 -0.084  0.03  -0.012 -0.013 -0.008 -0.021]	0.67	1.95	1.4	0.12	0.07	0.31	0.04	0.32	0.17	0.43	0.2		1.0033702709150367	0.2	False	0.115
1	['Pt', 'Pd', 'Au', 'Ru', 'Rh', 'Ir', 'Re', 'Os']	13	[0.374 0.028 0.407 0.01  0.    0.06  0.06  0.054]	[-0.059 -0.14   0.104  0.029  0.005  0.047  0.046 -0.032]	0.67	1.95	1.4	0.12	0.07	0.31	0.04	0.32	0.17	0.43	0.2		0.6874113785722209	0.2	False	0.266
2	['Pt', 'Pd', 'Au', 'Ru', 'Rh', 'Ir', 'Re', 'Os']	13	[0.389 0.312 0.249 0.032 0.001 0.003 0.004 0.001]	[-0.065  0.158 -0.056  0.069 -0.037 -0.037 -0.02  -0.013]	0.67	1.95	1.4	0.12	0.07	0.31	0.04	0.32	0.17	0.43	0.2		1.0037959516766752	0.2	False	0.137
3	['Pt', 'Pd', 'Au', 'Ru', 'Rh', 'Ir', 'Re', 'Os']	13	[0.3   0.351 0.308 0.001 0.004 0.008 0.03  0.009]	[-0.104  0.153 -0.011 -0.063 -0.002 -0.006  0.039 -0.006]	0.67	1.95	1.4	0.12	0.07	0.31	0.04	0.32	0.17	0.43	0.2		0.9464106276208311	0.2	False	0.148
4	['Pt', 'Pd', 'Au', 'Ru', 'Rh', 'Ir', 'Re', 'Os']	13	[0.398 0.072 0.281 0.012 0.045 0.05  0.068 0.072]	[-0.047 -0.157 -0.016  0.003  0.044  0.038  0.067  0.07 ]	0.67	1.95	1.4	0.12	0.07	0.31	0.04	0.32	0.17	0.43	0.2		0.7531971171983793	0.2	False	0.211
5	['Pt', 'Pd', 'Au', 'Ru', 'Rh', 'Ir', 'Re', 'Os']	13	[0.397 0.219 0.325 0.013 0.008 0.007 0.011 0.01 ]	[ 0.054 -0.061  0.034  0.028 -0.019  0.022 -0.028 -0.028]	0.67	1.95	1.4	0.12	0.07	0.31	0.04	0.32	0.17	0.43	0.2		1.0005919570731385	0.105	False	0.111
6	['Pt', 'Pd', 'Au', 'Ru', 'Rh', 'Ir', 'Re', 'Os']	13	[0.357 0.345 0.253 0.022 0.008 0.006 0.002 0.005]	[-0.042  0.13  -0.076  0.02   0.007 -0.012 -0.033  0.005]	0.67	1.95	1.4	0.12	0.07	0.31	0.04	0.32	0.17	0.43	0.2		0.9839246695063975	0.162	False	0.145
7	['Pt', 'Pd', 'Au', 'Ru', 'Rh', 'Ir', 'Re', 'Os']	13	[0.353 0.355 0.28  0.001 0.002 0.002 0.002 0.005]	[-0.101  0.167 -0.039  0.01  -0.007 -0.012 -0.007 -0.011]	0.67	1.95	1.4	0.12	0.07	0.31	0.04	0.32	0.17	0.43	0.2		0.9936175481625462	0.2	False	0.143
0	['Pt', 'Pd', 'Au', 'Ru', 'Rh', 'Ir', 'Re', 'Os']	14	[0.335 0.413 0.223 0.01  0.007 0.001 0.001 0.005]	[-0.01   0.148 -0.133 -0.003 -0.01  -0.001  0.001  0.006]	0.67	1.95	1.4	0.12	0.07	0.31	0.04	0.32	0.17	0.43	0.2		0.9150225281475266	0.2	False	0.205
1	['Pt', 'Pd', 'Au', 'Ru', 'Rh', 'Ir', 'Re', 'Os']	14	[0.377 0.204 0.337 0.01  0.001 0.019 0.026 0.02 ]	[ 0.003  0.176 -0.07   0.     0.001 -0.041 -0.034 -0.034]	0.67	1.95	1.4	0.12	0.07	0.31	0.04	0.32	0.17	0.43	0.2		0.9765229330946104	0.2	False	0.108
2	['Pt', 'Pd', 'Au', 'Ru', 'Rh', 'Ir', 'Re', 'Os']	14	[0.362 0.46  0.138 0.021 0.004 0.004 0.004 0.   ]	[-0.028  0.158 -0.118 -0.011 -0.001  0.001  0.003 -0.004]	0.67	1.95	1.4	0.12	0.07	0.31	0.04	0.32	0.17	0.43	0.2		0.815519940171447	0.2	False	0.285
3	['Pt', 'Pd', 'Au', 'Ru', 'Rh', 'Ir', 'Re', 'Os']	14	[0.168 0.448 0.233 0.041 0.035 0.004 0.011 0.072]	[-0.132  0.097 -0.075  0.04   0.031 -0.004 -0.019  0.063]	0.67	1.95	1.4	0.12	0.07	0.31	0.04	0.32	0.17	0.43	0.2		0.653736254025568	0.198	False	0.284
4	['Pt', 'Pd', 'Au', 'Ru', 'Rh', 'Ir', 'Re', 'Os']	14	[0.393 0.255 0.258 0.013 0.007 0.019 0.024 0.03 ]	[-0.005  0.183 -0.023  0.001 -0.038 -0.031 -0.044 -0.042]	0.67	1.95	1.4	0.12	0.07	0.31	0.04	0.32	0.17	0.43	0.2		0.9987510546683636	0.2	False	0.098
5	['Pt', 'Pd', 'Au', 'Ru', 'Rh', 'Ir', 'Re', 'Os']	14	[0.37  0.36  0.234 0.014 0.01  0.001 0.002 0.001]	[-0.025  0.166 -0.097 -0.044 -0.019  0.005  0.006  0.007]	0.67	1.95	1.4	0.12	0.07	0.31	0.04	0.32	0.17	0.43	0.2		0.9732703297430116	0.2	False	0.164
6	['Pt', 'Pd', 'Au', 'Ru', 'Rh', 'Ir', 'Re', 'Os']	14	[0.385 0.329 0.256 0.003 0.021 0.    0.    0.003]	[ 0.132 -0.002  0.056  0.01  -0.099 -0.017 -0.029 -0.05 ]	0.67	1.95	1.4	0.12	0.07	0.31	0.04	0.32	0.17	0.43	0.2		0.9993059903197989	0.185	False	0.139
7	['Pt', 'Pd', 'Au', 'Ru', 'Rh', 'Ir', 'Re', 'Os']	14	[0.361 0.348 0.268 0.002 0.004 0.    0.002 0.015]	[ 0.028 -0.006 -0.018 -0.004 -0.018 -0.013 -0.006  0.037]	0.67	1.95	1.4	0.12	0.07	0.31	0.04	0.32	0.17	0.43	0.2		1.005543600063481	0.056	False	0.134
0	['Pt', 'Pd', 'Au', 'Ru', 'Rh', 'Ir', 'Re', 'Os']	15	[0.303 0.286 0.372 0.008 0.    0.007 0.009 0.011]	[-0.034 -0.13   0.147  0.014 -0.009  0.004  0.006  0.004]	0.67	1.95	1.4	0.12	0.07	0.31	0.04	0.32	0.17	0.43	0.2		0.9636362407685655	0.2	False	0.13
1	['Pt', 'Pd', 'Au', 'Ru', 'Rh', 'Ir', 'Re', 'Os']	15	[0.382 0.335 0.239 0.003 0.015 0.003 0.01  0.007]	[ 0.01   0.153 -0.107  0.009 -0.039  0.019  0.011 -0.054]	0.67	1.95	1.4	0.12	0.07	0.31	0.04	0.32	0.17	0.43	0.2		0.9883313674426697	0.2	False	0.145
2	['Pt', 'Pd', 'Au', 'Ru', 'Rh', 'Ir', 'Re', 'Os']	15	[0.417 0.313 0.258 0.    0.002 0.    0.    0.002]	[ 0.05  -0.154  0.116  0.015 -0.001 -0.005 -0.012 -0.01 ]	0.67	1.95	1.4	0.12	0.07	0.31	0.04	0.32	0.17	0.43	0.2		1.0129096622496774	0.2	False	0.141
3	['Pt', 'Pd', 'Au', 'Ru', 'Rh', 'Ir', 'Re', 'Os']	15	[0.328 0.355 0.276 0.006 0.005 0.003 0.003 0.035]	[ 0.159 -0.094  0.042 -0.036 -0.031  0.005 -0.009 -0.038]	0.67	1.95	1.4	0.12	0.07	0.31	0.04	0.32	0.17	0.43	0.2		0.9946396329615348	0.199	False	0.128
4	['Pt', 'Pd', 'Au', 'Ru', 'Rh', 'Ir', 'Re', 'Os']	15	[0.375 0.359 0.236 0.007 0.005 0.007 0.009 0.   ]	[-0.035  0.182 -0.042 -0.051 -0.006 -0.04  -0.001 -0.006]	0.67	1.95	1.4	0.12	0.07	0.31	0.04	0.32	0.17	0.43	0.2		0.9705643353555944	0.201	False	0.164
5	['Pt', 'Pd', 'Au', 'Ru', 'Rh', 'Ir', 'Re', 'Os']	15	[0.343 0.246 0.324 0.029 0.004 0.019 0.013 0.013]	[ 0.004 -0.102  0.147  0.063 -0.011 -0.011 -0.045 -0.046]	0.67	1.95	1.4	0.12	0.07	0.31	0.04	0.32	0.17	0.43	0.2		0.9796349463000955	0.201	False	0.098
6	['Pt', 'Pd', 'Au', 'Ru', 'Rh', 'Ir', 'Re', 'Os']	15	[0.439 0.258 0.26  0.    0.006 0.029 0.004 0.   ]	[ 0.137 -0.083  0.049 -0.041  0.054 -0.076  0.003 -0.041]	0.67	1.95	1.4	0.12	0.07	0.31	0.04	0.32	0.17	0.43	0.2		0.9746654623728797	0.201	False	0.143
7	['Pt', 'Pd', 'Au', 'Ru', 'Rh', 'Ir', 'Re', 'Os']	15	[0.417 0.191 0.36  0.017 0.002 0.002 0.006 0.007]	[ 0.069 -0.149  0.106  0.021  0.008 -0.011 -0.013 -0.03 ]	0.67	1.95	1.4	0.12	0.07	0.31	0.04	0.32	0.17	0.43	0.2		0.9859681232683242	0.2	False	0.143
0	['Pt', 'Pd', 'Au', 'Ru', 'Rh', 'Ir', 'Re', 'Os']	16	[0.468 0.212 0.302 0.008 0.002 0.003 0.    0.003]	[ 0.165 -0.082 -0.078  0.006 -0.004 -0.006  0.001 -0.002]	0.67	1.95	1.4	0.12	0.07	0.31	0.04	0.32	0.17	0.43	0.2		0.988818069478063	0.2	False	0.158
1	['Pt', 'Pd', 'Au', 'Ru', 'Rh', 'Ir', 'Re', 'Os']	16	[0.407 0.177 0.314 0.036 0.04  0.004 0.007 0.01 ]	[ 0.035 -0.16   0.089  0.034  0.035 -0.009 -0.009 -0.015]	0.67	1.95	1.4	0.12	0.07	0.31	0.04	0.32	0.17	0.43	0.2		0.9475256539599095	0.194	False	0.141
2	['Pt', 'Pd', 'Au', 'Ru', 'Rh', 'Ir', 'Re', 'Os']	16	[0.496 0.212 0.267 0.008 0.005 0.    0.005 0.001]	[ 0.09  -0.095  0.018  0.01  -0.011 -0.006 -0.002 -0.003]	0.67	1.95	1.4	0.12	0.07	0.31	0.04	0.32	0.17	0.43	0.2		0.9605772365307768	0.133	False	0.184
3	['Pt', 'Pd', 'Au', 'Ru', 'Rh', 'Ir', 'Re', 'Os']	16	[0.472 0.234 0.289 0.005 0.002 0.008 0.    0.   ]	[ 0.144 -0.133  0.007  0.001 -0.006 -0.023 -0.017  0.027]	0.67	1.95	1.4	0.12	0.07	0.31	0.04	0.32	0.17	0.43	0.2		0.9892477474566244	0.2	False	0.159
4	['Pt', 'Pd', 'Au', 'Ru', 'Rh', 'Ir', 'Re', 'Os']	16	[0.452 0.251 0.249 0.012 0.    0.003 0.031 0.001]	[ 0.112 -0.125  0.03   0.019  0.005  0.011 -0.035 -0.016]	0.67	1.95	1.4	0.12	0.07	0.31	0.04	0.32	0.17	0.43	0.2		0.9833988392122501	0.176	False	0.155
5	['Pt', 'Pd', 'Au', 'Ru', 'Rh', 'Ir', 'Re', 'Os']	16	[0.42  0.262 0.262 0.001 0.026 0.003 0.004 0.012]	[ 0.147  0.042 -0.091 -0.016 -0.084  0.027 -0.007 -0.016]	0.67	1.95	1.4	0.12	0.07	0.31	0.04	0.32	0.17	0.43	0.2		1.0042081776088296	0.2	False	0.122
6	['Pt', 'Pd', 'Au', 'Ru', 'Rh', 'Ir', 'Re', 'Os']	16	[0.387 0.335 0.205 0.012 0.01  0.025 0.001 0.021]	[-0.063  0.146 -0.068  0.012 -0.014  0.075 -0.031 -0.057]	0.67	1.95	1.4	0.12	0.07	0.31	0.04	0.32	0.17	0.43	0.2		0.9599440025060635	0.2	False	0.157
7	['Pt', 'Pd', 'Au', 'Ru', 'Rh', 'Ir', 'Re', 'Os']	16	[0.395 0.331 0.245 0.015 0.008 0.008 0.002 0.001]	[-0.017  0.155 -0.116  0.03  -0.024 -0.024 -0.009  0.004]	0.67	1.95	1.4	0.12	0.07	0.31	0.04	0.32	0.17	0.43	0.2		0.9924390278521464	0.2	False	0.148
0	['Pt', 'Pd', 'Au', 'Ru', 'Rh', 'Ir', 'Re', 'Os']	17	[0.311 0.33  0.318 0.021 0.008 0.002 0.    0.005]	[-0.159  0.119  0.016  0.022  0.006 -0.002 -0.002  0.002]	0.67	1.95	1.4	0.12	0.07	0.31	0.04	0.32	0.17	0.43	0.2		0.9745636989677895	0.2	False	0.133
1	['Pt', 'Pd', 'Au', 'Ru', 'Rh', 'Ir', 'Re', 'Os']	17	[0.365 0.207 0.301 0.09  0.001 0.026 0.004 0.002]	[-0.053  0.056 -0.009  0.151  0.009 -0.083 -0.062 -0.009]	0.67	1.95	1.4	0.12	0.07	0.31	0.04	0.32	0.17	0.43	0.2		0.9367854508716482	0.2	False	0.143
2	['Pt', 'Pd', 'Au', 'Ru', 'Rh', 'Ir', 'Re', 'Os']	17	[0.371 0.36  0.233 0.02  0.002 0.    0.002 0.004]	[-0.123  0.152 -0.031  0.024  0.    -0.004 -0.011 -0.008]	0.67	1.95	1.4	0.12	0.07	0.31	0.04	0.32	0.17	0.43	0.2		0.9796611260674903	0.2	False	0.163
3	['Pt', 'Pd', 'Au', 'Ru', 'Rh', 'Ir', 'Re', 'Os']	17	[0.558 0.215 0.186 0.01  0.013 0.023 0.003 0.002]	[ 0.143 -0.006 -0.126  0.02  -0.032  0.038 -0.026 -0.012]	0.67	1.95	1.4	0.12	0.07	0.31	0.04	0.32	0.17	0.43	0.2		0.8408161238801217	0.2	False	0.261
4	['Pt', 'Pd', 'Au', 'Ru', 'Rh', 'Ir', 'Re', 'Os']	17	[0.374 0.236 0.311 0.009 0.011 0.013 0.044 0.   ]	[-0.088 -0.01   0.085  0.001 -0.033 -0.04   0.078  0.006]	0.67	1.95	1.4	0.12	0.07	0.31	0.04	0.32	0.17	0.43	0.2		0.9733990912648511	0.154	False	0.115
5	['Pt', 'Pd', 'Au', 'Ru', 'Rh', 'Ir', 'Re', 'Os']	17	[0.376 0.307 0.249 0.002 0.017 0.008 0.023 0.009]	[-0.038  0.126  0.019  0.008  0.082 -0.066 -0.08  -0.051]	0.67	1.95	1.4	0.12	0.07	0.31	0.04	0.32	0.17	0.43	0.2		0.9885686944569292	0.194	False	0.125
6	['Pt', 'Pd', 'Au', 'Ru', 'Rh', 'Ir', 'Re', 'Os']	17	[0.34  0.303 0.276 0.013 0.004 0.04  0.014 0.01 ]	[-0.041 -0.018  0.136  0.003 -0.039 -0.114  0.024  0.049]	0.67	1.95	1.4	0.12	0.07	0.31	0.04	0.32	0.17	0.43	0.2		0.9558953044142979	0.195	False	0.116
7	['Pt', 'Pd', 'Au', 'Ru', 'Rh', 'Ir', 'Re', 'Os']	17	[0.362 0.259 0.324 0.042 0.009 0.004 0.    0.003]	[-0.033 -0.078  0.094  0.052 -0.014 -0.011 -0.016  0.006]	0.67	1.95	1.4	0.12	0.07	0.31	0.04	0.32	0.17	0.43	0.2		1.0046963849792965	0.139	False	0.11
0	['Pt', 'Pd', 'Au', 'Ru', 'Rh', 'Ir', 'Re', 'Os']	18	[0.245 0.246 0.485 0.01  0.    0.005 0.001 0.   ]	[-0.067 -0.085  0.167 -0.012  0.005  0.004 -0.004 -0.008]	0.67	1.95	1.4	0.12	0.07	0.31	0.04	0.32	0.17	0.43	0.2		0.7969871371243482	0.199	False	0.235
1	['Pt', 'Pd', 'Au', 'Ru', 'Rh', 'Ir', 'Re', 'Os']	18	[0.291 0.292 0.325 0.008 0.009 0.064 0.001 0.004]	[-0.073  0.104  0.036 -0.122 -0.024  0.084 -0.015  0.011]	0.67	1.95	1.4	0.12	0.07	0.31	0.04	0.32	0.17	0.43	0.2		0.8814081314093241	0.2	False	0.139
2	['Pt', 'Pd', 'Au', 'Ru', 'Rh', 'Ir', 'Re', 'Os']	18	[0.33  0.282 0.368 0.001 0.003 0.002 0.005 0.001]	[-0.043 -0.082  0.139  0.009 -0.013 -0.007  0.002 -0.004]	0.67	1.95	1.4	0.12	0.07	0.31	0.04	0.32	0.17	0.43	0.2		0.9871432810567371	0.168	False	0.126
3	['Pt', 'Pd', 'Au', 'Ru', 'Rh', 'Ir', 'Re', 'Os']	18	[0.414 0.313 0.112 0.051 0.017 0.029 0.025 0.048]	[-0.144  0.098 -0.074  0.041  0.004  0.006  0.022  0.046]	0.67	1.95	1.4	0.12	0.07	0.31	0.04	0.32	0.17	0.43	0.2		0.8713463322307038	0.2	False	0.225
4	['Pt', 'Pd', 'Au', 'Ru', 'Rh', 'Ir', 'Re', 'Os']	18	[0.334 0.295 0.291 0.025 0.006 0.026 0.013 0.008]	[-0.059  0.129 -0.021 -0.103  0.017  0.051  0.047 -0.061]	0.67	1.95	1.4	0.12	0.07	0.31	0.04	0.32	0.17	0.43	0.2		0.9689996298336407	0.2	False	0.111
5	['Pt', 'Pd', 'Au', 'Ru', 'Rh', 'Ir', 'Re', 'Os']	18	[0.28  0.276 0.372 0.013 0.    0.041 0.008 0.001]	[-0.102 -0.026  0.155 -0.035 -0.035  0.046  0.014 -0.016]	0.67	1.95	1.4	0.12	0.07	0.31	0.04	0.32	0.17	0.43	0.2		0.8875630350592278	0.2	False	0.15
6	['Pt', 'Pd', 'Au', 'Ru', 'Rh', 'Ir', 'Re', 'Os']	18	[0.309 0.259 0.321 0.007 0.007 0.083 0.01  0.003]	[-0.018 -0.036  0.086 -0.065 -0.052  0.147 -0.014 -0.048]	0.67	1.95	1.4	0.12	0.07	0.31	0.04	0.32	0.17	0.43	0.2		0.8634885191049306	0.2	False	0.137
7	['Pt', 'Pd', 'Au', 'Ru', 'Rh', 'Ir', 'Re', 'Os']	18	[0.284 0.255 0.442 0.006 0.007 0.005 0.005 0.001]	[-0.091 -0.01   0.123  0.041  0.006 -0.026 -0.023 -0.02 ]	0.67	1.95	1.4	0.12	0.07	0.31	0.04	0.32	0.17	0.43	0.2		0.8874314800207379	0.164	False	0.186
0	['Pt', 'Pd', 'Au', 'Ru', 'Rh', 'Ir', 'Re', 'Os']	19	[0.37  0.27  0.334 0.014 0.003 0.001 0.    0.   ]	[ 0.127  0.025 -0.151  0.02  -0.003 -0.002 -0.007 -0.006]	0.67	1.95	1.4	0.12	0.07	0.31	0.04	0.32	0.17	0.43	0.2		1.0175132831844445	0.2	False	0.11
1	['Pt', 'Pd', 'Au', 'Ru', 'Rh', 'Ir', 'Re', 'Os']	19	[0.38  0.215 0.313 0.056 0.002 0.011 0.012 0.006]	[ 0.135 -0.107 -0.012  0.063 -0.033  0.031 -0.062 -0.015]	0.67	1.95	1.4	0.12	0.07	0.31	0.04	0.32	0.17	0.43	0.2		0.9813126255724574	0.2	False	0.121
2	['Pt', 'Pd', 'Au', 'Ru', 'Rh', 'Ir', 'Re', 'Os']	19	[0.45  0.312 0.212 0.011 0.002 0.002 0.001 0.003]	[ 0.122  0.032 -0.154  0.01  -0.006 -0.005 -0.005  0.004]	0.67	1.95	1.4	0.12	0.07	0.31	0.04	0.32	0.17	0.43	0.2		0.9773299260687878	0.2	False	0.176
3	['Pt', 'Pd', 'Au', 'Ru', 'Rh', 'Ir', 'Re', 'Os']	19	[0.307 0.325 0.276 0.019 0.011 0.011 0.021 0.04 ]	[-0.107  0.012  0.164 -0.032 -0.006 -0.018 -0.004 -0.008]	0.67	1.95	1.4	0.12	0.07	0.31	0.04	0.32	0.17	0.43	0.2		0.9723828941830166	0.2	False	0.113
4	['Pt', 'Pd', 'Au', 'Ru', 'Rh', 'Ir', 'Re', 'Os']	19	[0.413 0.185 0.286 0.086 0.016 0.003 0.001 0.007]	[ 0.107 -0.106  0.012  0.109 -0.039 -0.051  0.002 -0.034]	0.67	1.95	1.4	0.12	0.07	0.31	0.04	0.32	0.17	0.43	0.2		0.9537698373106422	0.2	False	0.157
5	['Pt', 'Pd', 'Au', 'Ru', 'Rh', 'Ir', 'Re', 'Os']	19	[0.378 0.25  0.305 0.016 0.006 0.005 0.018 0.013]	[ 0.146 -0.014 -0.067  0.035 -0.046  0.06  -0.065 -0.05 ]	0.67	1.95	1.4	0.12	0.07	0.31	0.04	0.32	0.17	0.43	0.2		1.0129882371517247	0.199	False	0.095
6	['Pt', 'Pd', 'Au', 'Ru', 'Rh', 'Ir', 'Re', 'Os']	19	[0.383 0.311 0.267 0.001 0.02  0.004 0.007 0.006]	[ 0.104  0.071 -0.088 -0.012 -0.087  0.071  0.    -0.06 ]	0.67	1.95	1.4	0.12	0.07	0.31	0.04	0.32	0.17	0.43	0.2		1.004575739916729	0.2	False	0.123
7	['Pt', 'Pd', 'Au', 'Ru', 'Rh', 'Ir', 'Re', 'Os']	19	[0.414 0.287 0.297 0.001 0.004 0.    0.001 0.   ]	[ 0.13   0.031 -0.149  0.002 -0.004 -0.004 -0.003 -0.004]	0.67	1.95	1.4	0.12	0.07	0.31	0.04	0.32	0.17	0.43	0.2		1.0259161907059575	0.2	False	0.124
0	['Pt', 'Pd', 'Au', 'Ru', 'Rh', 'Ir', 'Re', 'Os']	20	[0.441 0.321 0.188 0.033 0.003 0.004 0.001 0.001]	[ 0.093  0.072 -0.139  0.05  -0.017 -0.02  -0.019 -0.019]	0.67	1.95	1.4	0.12	0.07	0.31	0.04	0.32	0.17	0.43	0.2		0.9566481891744916	0.192	False	0.192
1	['Pt', 'Pd', 'Au', 'Ru', 'Rh', 'Ir', 'Re', 'Os']	20	[0.419 0.195 0.272 0.069 0.009 0.008 0.004 0.018]	[ 0.075 -0.006 -0.035  0.152 -0.057 -0.072 -0.028 -0.028]	0.67	1.95	1.4	0.12	0.07	0.31	0.04	0.32	0.17	0.43	0.2		0.9707932134816477	0.2	False	0.142
2	['Pt', 'Pd', 'Au', 'Ru', 'Rh', 'Ir', 'Re', 'Os']	20	[0.385 0.318 0.229 0.042 0.003 0.008 0.004 0.005]	[-0.053  0.037  0.05   0.071 -0.026 -0.016 -0.029 -0.034]	0.67	1.95	1.4	0.12	0.07	0.31	0.04	0.32	0.17	0.43	0.2		0.9872131728047087	0.121	False	0.148
3	['Pt', 'Pd', 'Au', 'Ru', 'Rh', 'Ir', 'Re', 'Os']	20	[0.349 0.248 0.368 0.016 0.    0.011 0.007 0.012]	[ 0.061 -0.118  0.135  0.028 -0.037 -0.022 -0.035 -0.011]	0.67	1.95	1.4	0.12	0.07	0.31	0.04	0.32	0.17	0.43	0.2		0.9920676234387611	0.2	False	0.113
4	['Pt', 'Pd', 'Au', 'Ru', 'Rh', 'Ir', 'Re', 'Os']	20	[0.406 0.292 0.257 0.001 0.011 0.007 0.008 0.016]	[-0.021  0.137 -0.051  0.089  0.01  -0.032 -0.058 -0.075]	0.67	1.95	1.4	0.12	0.07	0.31	0.04	0.32	0.17	0.43	0.2		1.0131632036775293	0.2	False	0.118
5	['Pt', 'Pd', 'Au', 'Ru', 'Rh', 'Ir', 'Re', 'Os']	20	[0.423 0.255 0.219 0.027 0.017 0.011 0.037 0.002]	[ 0.097  0.033 -0.112  0.059 -0.06  -0.045  0.075 -0.047]	0.67	1.95	1.4	0.12	0.07	0.31	0.04	0.32	0.17	0.43	0.2		0.9521335124582204	0.2	False	0.155
6	['Pt', 'Pd', 'Au', 'Ru', 'Rh', 'Ir', 'Re', 'Os']	20	[0.426 0.3   0.186 0.004 0.034 0.03  0.011 0.007]	[ 0.102  0.    -0.132 -0.013  0.079 -0.071  0.021  0.013]	0.67	1.95	1.4	0.12	0.07	0.31	0.04	0.32	0.17	0.43	0.2		0.9199575450403477	0.2	False	0.179
7	['Pt', 'Pd', 'Au', 'Ru', 'Rh', 'Ir', 'Re', 'Os']	20	[0.375 0.319 0.262 0.035 0.004 0.    0.001 0.01 ]	[-0.037  0.048 -0.032  0.038  0.     0.006 -0.008 -0.015]	0.67	1.95	1.4	0.12	0.07	0.31	0.04	0.32	0.17	0.43	0.2		1.0148124202063629	0.08	False	0.127
0	['Pt', 'Pd', 'Au', 'Ru', 'Rh', 'Ir', 'Re', 'Os']	21	[0.343 0.285 0.347 0.002 0.001 0.006 0.001 0.007]	[-0.096 -0.032  0.168 -0.039  0.002  0.009 -0.001 -0.01 ]	0.67	1.95	1.4	0.12	0.07	0.31	0.04	0.32	0.17	0.43	0.2		1.0049939176104226	0.2	False	0.11
1	['Pt', 'Pd', 'Au', 'Ru', 'Rh', 'Ir', 'Re', 'Os']	21	[0.328 0.3   0.308 0.006 0.014 0.023 0.014 0.002]	[-0.087  0.13   0.054 -0.095  0.025  0.032 -0.024 -0.036]	0.67	1.95	1.4	0.12	0.07	0.31	0.04	0.32	0.17	0.43	0.2		0.9633112514772073	0.2	False	0.117
2	['Pt', 'Pd', 'Au', 'Ru', 'Rh', 'Ir', 'Re', 'Os']	21	[0.369 0.305 0.3   0.    0.    0.002 0.007 0.01 ]	[-0.025 -0.019  0.148  0.031 -0.039 -0.007 -0.031 -0.057]	0.67	1.95	1.4	0.12	0.07	0.31	0.04	0.32	0.17	0.43	0.2		1.024081829558908	0.172	False	0.107
3	['Pt', 'Pd', 'Au', 'Ru', 'Rh', 'Ir', 'Re', 'Os']	21	[0.383 0.331 0.235 0.009 0.009 0.035 0.002 0.009]	[ 0.037  0.092 -0.15  -0.009  0.     0.035 -0.002 -0.004]	0.67	1.95	1.4	0.12	0.07	0.31	0.04	0.32	0.17	0.43	0.2		0.9620047389406858	0.184	False	0.147
4	['Pt', 'Pd', 'Au', 'Ru', 'Rh', 'Ir', 'Re', 'Os']	21	[0.298 0.358 0.251 0.042 0.009 0.019 0.003 0.019]	[-0.158  0.101 -0.006  0.063  0.012  0.017 -0.008 -0.021]	0.67	1.95	1.4	0.12	0.07	0.31	0.04	0.32	0.17	0.43	0.2		0.9219667200232895	0.2	False	0.16
5	['Pt', 'Pd', 'Au', 'Ru', 'Rh', 'Ir', 'Re', 'Os']	21	[0.313 0.299 0.282 0.019 0.026 0.041 0.001 0.01 ]	[-0.159  0.061  0.088 -0.022  0.011  0.044  0.008 -0.029]	0.67	1.95	1.4	0.12	0.07	0.31	0.04	0.32	0.17	0.43	0.2		0.9238336327718706	0.2	False	0.122
6	['Pt', 'Pd', 'Au', 'Ru', 'Rh', 'Ir', 'Re', 'Os']	21	[0.335 0.303 0.288 0.02  0.001 0.046 0.    0.005]	[-0.095  0.016  0.133 -0.046 -0.061  0.077  0.012 -0.035]	0.67	1.95	1.4	0.12	0.07	0.31	0.04	0.32	0.17	0.43	0.2		0.9489857474095087	0.2	False	0.121
7	['Pt', 'Pd', 'Au', 'Ru', 'Rh', 'Ir', 'Re', 'Os']	21	[0.321 0.266 0.396 0.009 0.    0.001 0.008 0.005]	[-0.059 -0.058  0.146  0.039 -0.015 -0.022 -0.028 -0.003]	0.67	1.95	1.4	0.12	0.07	0.31	0.04	0.32	0.17	0.43	0.2		0.9692481598784761	0.177	False	0.14
0	['Pt', 'Pd', 'Au', 'Ru', 'Rh', 'Ir', 'Re', 'Os']	22	[0.32  0.23  0.387 0.041 0.008 0.001 0.002 0.003]	[-0.006 -0.046  0.074  0.053 -0.029 -0.014 -0.022 -0.01 ]	0.67	1.95	1.4	0.12	0.07	0.31	0.04	0.32	0.17	0.43	0.2		0.9476143280815985	0.11	False	0.142
1	['Pt', 'Pd', 'Au', 'Ru', 'Rh', 'Ir', 'Re', 'Os']	22	[0.362 0.191 0.322 0.096 0.013 0.004 0.007 0.003]	[ 0.066 -0.139  0.038  0.114 -0.024 -0.01  -0.018 -0.027]	0.67	1.95	1.4	0.12	0.07	0.31	0.04	0.32	0.17	0.43	0.2		0.9381910163777012	0.2	False	0.152
2	['Pt', 'Pd', 'Au', 'Ru', 'Rh', 'Ir', 'Re', 'Os']	22	[0.366 0.254 0.349 0.005 0.003 0.005 0.001 0.012]	[ 0.002 -0.076  0.087  0.001 -0.012 -0.021 -0.006  0.025]	0.67	1.95	1.4	0.12	0.07	0.31	0.04	0.32	0.17	0.43	0.2		1.0149091582204393	0.121	False	0.102
3	['Pt', 'Pd', 'Au', 'Ru', 'Rh', 'Ir', 'Re', 'Os']	22	[0.319 0.253 0.342 0.008 0.005 0.069 0.005 0.016]	[-0.076 -0.091  0.111 -0.007 -0.01   0.086 -0.015  0.002]	0.67	1.95	1.4	0.12	0.07	0.31	0.04	0.32	0.17	0.43	0.2		0.9045197839015122	0.185	False	0.121
4	['Pt', 'Pd', 'Au', 'Ru', 'Rh', 'Ir', 'Re', 'Os']	22	[0.411 0.246 0.315 0.004 0.01  0.001 0.    0.01 ]	[ 0.117 -0.144  0.06   0.022 -0.001 -0.002 -0.035 -0.018]	0.67	1.95	1.4	0.12	0.07	0.31	0.04	0.32	0.17	0.43	0.2		1.0237775342898672	0.2	False	0.11
5	['Pt', 'Pd', 'Au', 'Ru', 'Rh', 'Ir', 'Re', 'Os']	22	[0.334 0.261 0.35  0.018 0.002 0.    0.021 0.007]	[ 0.04  -0.068  0.126  0.038 -0.028  0.052 -0.096 -0.063]	0.67	1.95	1.4	0.12	0.07	0.31	0.04	0.32	0.17	0.43	0.2		0.991938518269806	0.2	False	0.111
6	['Pt', 'Pd', 'Au', 'Ru', 'Rh', 'Ir', 'Re', 'Os']	22	[0.357 0.256 0.304 0.044 0.01  0.019 0.002 0.005]	[ 0.075 -0.043  0.065  0.1   -0.082  0.03  -0.075 -0.07 ]	0.67	1.95	1.4	0.12	0.07	0.31	0.04	0.32	0.17	0.43	0.2		0.9827353160046874	0.2	False	0.107
7	['Pt', 'Pd', 'Au', 'Ru', 'Rh', 'Ir', 'Re', 'Os']	22	[0.444 0.261 0.267 0.013 0.008 0.004 0.002 0.007]	[ 0.14   0.007 -0.122  0.024 -0.007 -0.016 -0.002 -0.024]	0.67	1.95	1.4	0.12	0.07	0.31	0.04	0.32	0.17	0.43	0.2		1.008079719295178	0.19	False	0.138
0	['Pt', 'Pd', 'Au', 'Ru', 'Rh', 'Ir', 'Re', 'Os']	23	[0.405 0.283 0.257 0.026 0.004 0.    0.005 0.013]	[ 0.099  0.063 -0.143  0.063 -0.018 -0.008 -0.017 -0.036]	0.67	1.95	1.4	0.12	0.07	0.31	0.04	0.32	0.17	0.43	0.2		1.0212500964801299	0.2	False	0.119
1	['Pt', 'Pd', 'Au', 'Ru', 'Rh', 'Ir', 'Re', 'Os']	23	[0.377 0.132 0.24  0.16  0.011 0.027 0.01  0.041]	[ 0.048 -0.068 -0.103  0.124  0.034  0.038 -0.005 -0.068]	0.67	1.95	1.4	0.12	0.07	0.31	0.04	0.32	0.17	0.43	0.2		0.8194752947849862	0.2	False	0.22
2	['Pt', 'Pd', 'Au', 'Ru', 'Rh', 'Ir', 'Re', 'Os']	23	[0.438 0.279 0.2   0.035 0.007 0.021 0.004 0.011]	[ 0.088  0.038 -0.148  0.038 -0.001  0.028 -0.013 -0.03 ]	0.67	1.95	1.4	0.12	0.07	0.31	0.04	0.32	0.17	0.43	0.2		0.956367958879395	0.185	False	0.168
3	['Pt', 'Pd', 'Au', 'Ru', 'Rh', 'Ir', 'Re', 'Os']	23	[0.377 0.225 0.312 0.007 0.01  0.07  0.006 0.009]	[ 0.083 -0.026 -0.029 -0.04  -0.058  0.152 -0.054 -0.026]	0.67	1.95	1.4	0.12	0.07	0.31	0.04	0.32	0.17	0.43	0.2		0.9214093347630941	0.2	False	0.122
4	['Pt', 'Pd', 'Au', 'Ru', 'Rh', 'Ir', 'Re', 'Os']	23	[0.509 0.121 0.321 0.005 0.019 0.003 0.006 0.012]	[ 0.128 -0.128  0.022 -0.01   0.031 -0.003 -0.022 -0.018]	0.67	1.95	1.4	0.12	0.07	0.31	0.04	0.32	0.17	0.43	0.2		0.88544535471262	0.188	False	0.225
5	['Pt', 'Pd', 'Au', 'Ru', 'Rh', 'Ir', 'Re', 'Os']	23	[0.415 0.2   0.282 0.004 0.027 0.005 0.042 0.014]	[ 0.14  -0.057 -0.066  0.025 -0.059 -0.044  0.08  -0.019]	0.67	1.95	1.4	0.12	0.07	0.31	0.04	0.32	0.17	0.43	0.2		0.9619924023596647	0.2	False	0.13
6	['Pt', 'Pd', 'Au', 'Ru', 'Rh', 'Ir', 'Re', 'Os']	23	[0.469 0.247 0.248 0.003 0.003 0.002 0.017 0.008]	[ 0.172 -0.011 -0.082  0.012 -0.04  -0.024  0.007 -0.035]	0.67	1.95	1.4	0.12	0.07	0.31	0.04	0.32	0.17	0.43	0.2		0.9837985470307766	0.2	False	0.16
7	['Pt', 'Pd', 'Au', 'Ru', 'Rh', 'Ir', 'Re', 'Os']	23	[0.375 0.263 0.342 0.009 0.    0.005 0.012 0.   ]	[-0.078  0.01   0.1    0.022 -0.008 -0.006 -0.031 -0.009]	0.67	1.95	1.4	0.12	0.07	0.31	0.04	0.32	0.17	0.43	0.2		1.012132248216057	0.134	False	0.113
0	['Pt', 'Pd', 'Au', 'Ru', 'Rh', 'Ir', 'Re', 'Os']	24	[0.431 0.371 0.175 0.    0.008 0.001 0.005 0.002]	[ 0.028  0.101 -0.1    0.021 -0.028 -0.011 -0.017  0.008]	0.67	1.95	1.4	0.12	0.07	0.31	0.04	0.32	0.17	0.43	0.2		0.9275519242715238	0.151	False	0.216
1	['Pt', 'Pd', 'Au', 'Ru', 'Rh', 'Ir', 'Re', 'Os']	24	[0.414 0.251 0.288 0.016 0.008 0.007 0.01  0.005]	[ 0.037  0.119  0.048 -0.144 -0.003 -0.02  -0.    -0.036]	0.67	1.95	1.4	0.12	0.07	0.31	0.04	0.32	0.17	0.43	0.2		1.0098240139982844	0.201	False	0.117
2	['Pt', 'Pd', 'Au', 'Ru', 'Rh', 'Ir', 'Re', 'Os']	24	[0.41  0.393 0.068 0.04  0.012 0.004 0.021 0.045]	[-0.035  0.112 -0.143  0.059 -0.001 -0.033  0.012  0.029]	0.67	1.95	1.4	0.12	0.07	0.31	0.04	0.32	0.17	0.43	0.2		0.8193602962745521	0.2	False	0.288
3	['Pt', 'Pd', 'Au', 'Ru', 'Rh', 'Ir', 'Re', 'Os']	24	[0.374 0.368 0.239 0.002 0.01  0.016 0.006 0.   ]	[ 0.003  0.158 -0.071  0.009  0.018 -0.098 -0.002 -0.017]	0.67	1.95	1.4	0.12	0.07	0.31	0.04	0.32	0.17	0.43	0.2		0.9579553208705802	0.2	False	0.169
4	['Pt', 'Pd', 'Au', 'Ru', 'Rh', 'Ir', 'Re', 'Os']	24	[0.412 0.278 0.286 0.007 0.004 0.    0.    0.008]	[-0.1    0.166 -0.035  0.008  0.012 -0.012 -0.007 -0.032]	0.67	1.95	1.4	0.12	0.07	0.31	0.04	0.32	0.17	0.43	0.2		1.0291615770603504	0.2	False	0.116
5	['Pt', 'Pd', 'Au', 'Ru', 'Rh', 'Ir', 'Re', 'Os']	24	[0.387 0.318 0.246 0.004 0.004 0.009 0.022 0.   ]	[-0.043  0.178 -0.055 -0.043  0.012 -0.    -0.014 -0.037]	0.67	1.95	1.4	0.12	0.07	0.31	0.04	0.32	0.17	0.43	0.2		0.9869920159128733	0.2	False	0.14
6	['Pt', 'Pd', 'Au', 'Ru', 'Rh', 'Ir', 'Re', 'Os']	24	[0.361 0.374 0.227 0.001 0.016 0.003 0.011 0.004]	[-0.111  0.157 -0.011  0.001 -0.035 -0.016  0.031 -0.016]	0.67	1.95	1.4	0.12	0.07	0.31	0.04	0.32	0.17	0.43	0.2		0.9525583580109567	0.2	False	0.174
7	['Pt', 'Pd', 'Au', 'Ru', 'Rh', 'Ir', 'Re', 'Os']	24	[0.336 0.339 0.281 0.011 0.013 0.01  0.011 0.004]	[-0.029  0.109 -0.056  0.027 -0.033 -0.024  0.031 -0.024]	0.67	1.95	1.4	0.12	0.07	0.31	0.04	0.32	0.17	0.43	0.2		0.974675241443395	0.14	False	0.135
0	['Pt', 'Pd', 'Au', 'Ru', 'Rh', 'Ir', 'Re', 'Os']	25	[0.39  0.24  0.317 0.018 0.005 0.002 0.    0.022]	[-0.044 -0.134  0.14   0.016  0.009 -0.006  0.002  0.018]	0.67	1.95	1.4	0.12	0.07	0.31	0.04	0.32	0.17	0.43	0.2		1.0286343336443533	0.2	False	0.092
1	['Pt', 'Pd', 'Au', 'Ru', 'Rh', 'Ir', 'Re', 'Os']	25	[0.35  0.199 0.341 0.064 0.001 0.021 0.021 0.002]	[-0.046 -0.028  0.125  0.116 -0.04  -0.018 -0.057 -0.052]	0.67	1.95	1.4	0.12	0.07	0.31	0.04	0.32	0.17	0.43	0.2		0.9319186800386929	0.2	False	0.137
2	['Pt', 'Pd', 'Au', 'Ru', 'Rh', 'Ir', 'Re', 'Os']	25	[0.394 0.314 0.245 0.009 0.001 0.003 0.007 0.019]	[-0.017 -0.08   0.176 -0.032 -0.012  0.005 -0.015 -0.027]	0.67	1.95	1.4	0.12	0.07	0.31	0.04	0.32	0.17	0.43	0.2		1.0152614819248833	0.2	False	0.126
3	['Pt', 'Pd', 'Au', 'Ru', 'Rh', 'Ir', 'Re', 'Os']	25	[0.352 0.236 0.362 0.005 0.007 0.049 0.003 0.001]	[-0.013 -0.128  0.137 -0.017 -0.027  0.059 -0.02   0.008]	0.67	1.95	1.4	0.12	0.07	0.31	0.04	0.32	0.17	0.43	0.2		0.9361930788993149	0.201	False	0.128
4	['Pt', 'Pd', 'Au', 'Ru', 'Rh', 'Ir', 'Re', 'Os']	25	[0.328 0.325 0.31  0.004 0.003 0.006 0.013 0.007]	[-0.094  0.088  0.056  0.005  0.016 -0.031 -0.037 -0.003]	0.67	1.95	1.4	0.12	0.07	0.31	0.04	0.32	0.17	0.43	0.2		0.9883476385978567	0.149	False	0.123
5	['Pt', 'Pd', 'Au', 'Ru', 'Rh', 'Ir', 'Re', 'Os']	25	[0.325 0.26  0.36  0.007 0.023 0.007 0.005 0.005]	[-0.06  -0.055  0.169  0.015 -0.053  0.001  0.019 -0.037]	0.67	1.95	1.4	0.12	0.07	0.31	0.04	0.32	0.17	0.43	0.2		0.967850751048204	0.2	False	0.118
6	['Pt', 'Pd', 'Au', 'Ru', 'Rh', 'Ir', 'Re', 'Os']	25	[0.359 0.249 0.358 0.005 0.006 0.005 0.007 0.01 ]	[ 0.006 -0.127  0.15  -0.008  0.004 -0.021  0.018 -0.023]	0.67	1.95	1.4	0.12	0.07	0.31	0.04	0.32	0.17	0.43	0.2		1.0033288957169357	0.2	False	0.108
7	['Pt', 'Pd', 'Au', 'Ru', 'Rh', 'Ir', 'Re', 'Os']	25	[0.492 0.249 0.203 0.012 0.003 0.01  0.028 0.008]	[ 0.153 -0.096 -0.084  0.014  0.009 -0.005  0.012 -0.001]	0.67	1.95	1.4	0.12	0.07	0.31	0.04	0.32	0.17	0.43	0.2		0.9309253318817281	0.2	False	0.198
0	['Pt', 'Pd', 'Au', 'Ru', 'Rh', 'Ir', 'Re', 'Os']	26	[0.299 0.18  0.476 0.006 0.004 0.001 0.003 0.024]	[-0.095 -0.064  0.16   0.018 -0.014 -0.002 -0.002 -0.   ]	0.67	1.95	1.4	0.12	0.07	0.31	0.04	0.32	0.17	0.43	0.2		0.8465001536898442	0.198	False	0.211
1	['Pt', 'Pd', 'Au', 'Ru', 'Rh', 'Ir', 'Re', 'Os']	26	[0.345 0.23  0.362 0.011 0.022 0.    0.021 0.004]	[-0.036  0.052  0.028  0.124 -0.123 -0.036  0.038 -0.046]	0.67	1.95	1.4	0.12	0.07	0.31	0.04	0.32	0.17	0.43	0.2		0.9708573963921816	0.2	False	0.121
2	['Pt', 'Pd', 'Au', 'Ru', 'Rh', 'Ir', 'Re', 'Os']	26	[0.342 0.221 0.409 0.014 0.005 0.    0.002 0.001]	[-0.052 -0.093  0.166  0.019 -0.011 -0.009  0.002 -0.021]	0.67	1.95	1.4	0.12	0.07	0.31	0.04	0.32	0.17	0.43	0.2		0.9552611036348284	0.2	False	0.151
3	['Pt', 'Pd', 'Au', 'Ru', 'Rh', 'Ir', 'Re', 'Os']	26	[0.324 0.249 0.312 0.01  0.006 0.042 0.009 0.064]	[-0.035  0.017 -0.064 -0.044 -0.016  0.095 -0.034  0.081]	0.67	1.95	1.4	0.12	0.07	0.31	0.04	0.32	0.17	0.43	0.2		0.9717577657913288	0.157	False	0.064
4	['Pt', 'Pd', 'Au', 'Ru', 'Rh', 'Ir', 'Re', 'Os']	26	[0.432 0.186 0.329 0.024 0.    0.004 0.013 0.007]	[ 0.126 -0.147  0.03  -0.036  0.002  0.009  0.025 -0.01 ]	0.67	1.95	1.4	0.12	0.07	0.31	0.04	0.32	0.17	0.43	0.2		0.9812268020025487	0.201	False	0.145
5	['Pt', 'Pd', 'Au', 'Ru', 'Rh', 'Ir', 'Re', 'Os']	26	[0.367 0.211 0.343 0.    0.024 0.007 0.012 0.027]	[ 0.103 -0.046  0.006 -0.038  0.077  0.029 -0.064 -0.067]	0.67	1.95	1.4	0.12	0.07	0.31	0.04	0.32	0.17	0.43	0.2		0.9867957488817971	0.172	False	0.099
6	['Pt', 'Pd', 'Au', 'Ru', 'Rh', 'Ir', 'Re', 'Os']	26	[0.412 0.269 0.273 0.001 0.    0.003 0.027 0.014]	[ 0.07   0.031 -0.092 -0.006 -0.003  0.001  0.032 -0.033]	0.67	1.95	1.4	0.12	0.07	0.31	0.04	0.32	0.17	0.43	0.2		1.0180210589780827	0.128	False	0.114
7	['Pt', 'Pd', 'Au', 'Ru', 'Rh', 'Ir', 'Re', 'Os']	26	[0.355 0.253 0.344 0.002 0.015 0.011 0.004 0.023]	[-0.145 -0.003  0.135 -0.017  0.005 -0.006  0.024  0.008]	0.67	1.95	1.4	0.12	0.07	0.31	0.04	0.32	0.17	0.43	0.2		1.0053142205093564	0.201	False	0.091
0	['Pt', 'Pd', 'Au', 'Ru', 'Rh', 'Ir', 'Re', 'Os']	27	[0.387 0.259 0.315 0.    0.003 0.001 0.011 0.016]	[ 0.087  0.078 -0.162 -0.007  0.005 -0.001  0.007 -0.009]	0.67	1.95	1.4	0.12	0.07	0.31	0.04	0.32	0.17	0.43	0.2		1.0298230163734734	0.2	False	0.094
1	['Pt', 'Pd', 'Au', 'Ru', 'Rh', 'Ir', 'Re', 'Os']	27	[0.425 0.265 0.217 0.001 0.068 0.008 0.009 0.001]	[ 0.089  0.04  -0.155 -0.015  0.076 -0.017 -0.011 -0.006]	0.67	1.95	1.4	0.12	0.07	0.31	0.04	0.32	0.17	0.43	0.2		0.9343667652813772	0.2	False	0.165
2	['Pt', 'Pd', 'Au', 'Ru', 'Rh', 'Ir', 'Re', 'Os']	27	[0.397 0.316 0.246 0.011 0.001 0.005 0.017 0.003]	[ 0.053  0.093 -0.168  0.018  0.001 -0.009  0.012 -0.001]	0.67	1.95	1.4	0.12	0.07	0.31	0.04	0.32	0.17	0.43	0.2		0.9990149466644611	0.2	False	0.139
3	['Pt', 'Pd', 'Au', 'Ru', 'Rh', 'Ir', 'Re', 'Os']	27	[0.44  0.128 0.234 0.061 0.001 0.088 0.027 0.036]	[ 0.116 -0.121 -0.078  0.051 -0.005  0.046  0.018 -0.028]	0.67	1.95	1.4	0.12	0.07	0.31	0.04	0.32	0.17	0.43	0.2		0.7941270454640333	0.2	False	0.209
4	['Pt', 'Pd', 'Au', 'Ru', 'Rh', 'Ir', 'Re', 'Os']	27	[0.454 0.29  0.192 0.028 0.002 0.015 0.009 0.006]	[ 0.036  0.124 -0.136  0.052  0.005 -0.033 -0.02  -0.029]	0.67	1.95	1.4	0.12	0.07	0.31	0.04	0.32	0.17	0.43	0.2		0.9498262266862632	0.201	False	0.184
5	['Pt', 'Pd', 'Au', 'Ru', 'Rh', 'Ir', 'Re', 'Os']	27	[0.428 0.296 0.211 0.    0.016 0.001 0.008 0.031]	[ 0.071  0.097 -0.138 -0.015 -0.054  0.005 -0.02   0.053]	0.67	1.95	1.4	0.12	0.07	0.31	0.04	0.32	0.17	0.43	0.2		0.9949116416598871	0.2	False	0.146
6	['Pt', 'Pd', 'Au', 'Ru', 'Rh', 'Ir', 'Re', 'Os']	27	[0.494 0.313 0.156 0.009 0.004 0.    0.013 0.011]	[ 0.086  0.044 -0.134  0.004 -0.006 -0.014  0.004  0.015]	0.67	1.95	1.4	0.12	0.07	0.31	0.04	0.32	0.17	0.43	0.2		0.9082616763423623	0.167	False	0.232
7	['Pt', 'Pd', 'Au', 'Ru', 'Rh', 'Ir', 'Re', 'Os']	27	[0.369 0.325 0.247 0.027 0.003 0.011 0.017 0.006]	[ 0.018  0.093 -0.127  0.019  0.005 -0.021  0.016 -0.002]	0.67	1.95	1.4	0.12	0.07	0.31	0.04	0.32	0.17	0.43	0.2		0.9862554142585598	0.162	False	0.137
0	['Pt', 'Pd', 'Au', 'Ru', 'Rh', 'Ir', 'Re', 'Os']	28	[0.367 0.337 0.224 0.039 0.009 0.006 0.001 0.007]	[ 0.     0.109 -0.079  0.046 -0.022  0.006 -0.024 -0.035]	0.67	1.95	1.4	0.12	0.07	0.31	0.04	0.32	0.17	0.43	0.2		0.975051019458036	0.15	False	0.155
1	['Pt', 'Pd', 'Au', 'Ru', 'Rh', 'Ir', 'Re', 'Os']	28	[0.353 0.242 0.347 0.017 0.001 0.005 0.017 0.011]	[-0.102 -0.042  0.146 -0.005  0.063 -0.007 -0.052 -0.001]	0.67	1.95	1.4	0.12	0.07	0.31	0.04	0.32	0.17	0.43	0.2		0.9983466939230692	0.2	False	0.104
2	['Pt', 'Pd', 'Au', 'Ru', 'Rh', 'Ir', 'Re', 'Os']	28	[0.377 0.38  0.167 0.012 0.    0.021 0.014 0.02 ]	[-0.017  0.076 -0.083  0.022 -0.007  0.023 -0.037  0.024]	0.67	1.95	1.4	0.12	0.07	0.31	0.04	0.32	0.17	0.43	0.2		0.9079877355773782	0.126	False	0.206
3	['Pt', 'Pd', 'Au', 'Ru', 'Rh', 'Ir', 'Re', 'Os']	28	[0.387 0.268 0.314 0.005 0.004 0.001 0.017 0.021]	[-0.079  0.124  0.061 -0.082 -0.02   0.07  -0.034 -0.039]	0.67	1.95	1.4	0.12	0.07	0.31	0.04	0.32	0.17	0.43	0.2		1.0346129668741926	0.2	False	0.092
4	['Pt', 'Pd', 'Au', 'Ru', 'Rh', 'Ir', 'Re', 'Os']	28	[0.335 0.332 0.282 0.004 0.009 0.012 0.008 0.012]	[-0.134  0.061  0.119  0.019 -0.016  0.026 -0.027 -0.047]	0.67	1.95	1.4	0.12	0.07	0.31	0.04	0.32	0.17	0.43	0.2		0.9831226271847722	0.2	False	0.124
5	['Pt', 'Pd', 'Au', 'Ru', 'Rh', 'Ir', 'Re', 'Os']	28	[0.328 0.289 0.333 0.002 0.001 0.024 0.002 0.015]	[-0.131 -0.014  0.149 -0.003  0.004  0.009 -0.014  0.001]	0.67	1.95	1.4	0.12	0.07	0.31	0.04	0.32	0.17	0.43	0.2		0.9825893275705166	0.2	False	0.104
6	['Pt', 'Pd', 'Au', 'Ru', 'Rh', 'Ir', 'Re', 'Os']	28	[0.369 0.289 0.307 0.013 0.003 0.003 0.001 0.015]	[-0.126 -0.025  0.152  0.017 -0.008 -0.    -0.012  0.004]	0.67	1.95	1.4	0.12	0.07	0.31	0.04	0.32	0.17	0.43	0.2		1.0291678307790275	0.2	False	0.097
7	['Pt', 'Pd', 'Au', 'Ru', 'Rh', 'Ir', 'Re', 'Os']	28	[0.348 0.235 0.357 0.032 0.009 0.008 0.009 0.008]	[-0.008 -0.091  0.149  0.065 -0.047  0.006 -0.024 -0.049]	0.67	1.95	1.4	0.12	0.07	0.31	0.04	0.32	0.17	0.43	0.2		0.9807298718487025	0.2	False	0.115
0	['Pt', 'Pd', 'Au', 'Ru', 'Rh', 'Ir', 'Re', 'Os']	29	[0.366 0.229 0.367 0.023 0.002 0.003 0.    0.   ]	[-0.009 -0.124  0.145  0.049 -0.007 -0.014 -0.017 -0.023]	0.67	1.95	1.4	0.12	0.07	0.31	0.04	0.32	0.17	0.43	0.2		0.9910605486508495	0.2	False	0.125
1	['Pt', 'Pd', 'Au', 'Ru', 'Rh', 'Ir', 'Re', 'Os']	29	[0.355 0.155 0.397 0.052 0.004 0.002 0.    0.026]	[-0.004 -0.129  0.064  0.064 -0.002 -0.014  0.006  0.015]	0.67	1.95	1.4	0.12	0.07	0.31	0.04	0.32	0.17	0.43	0.2		0.9201210730811025	0.159	False	0.163
2	['Pt', 'Pd', 'Au', 'Ru', 'Rh', 'Ir', 'Re', 'Os']	29	[0.367 0.287 0.33  0.002 0.    0.002 0.001 0.002]	[-0.02  -0.108  0.163  0.001 -0.015  0.011  0.002 -0.035]	0.67	1.95	1.4	0.12	0.07	0.31	0.04	0.32	0.17	0.43	0.2		1.0205291768193112	0.2	False	0.11
3	['Pt', 'Pd', 'Au', 'Ru', 'Rh', 'Ir', 'Re', 'Os']	29	[0.292 0.26  0.307 0.101 0.002 0.035 0.01  0.012]	[-0.066  0.048  0.049  0.142 -0.047 -0.002 -0.036 -0.087]	0.67	1.95	1.4	0.12	0.07	0.31	0.04	0.32	0.17	0.43	0.2		0.8901662708980218	0.2	False	0.151
4	['Pt', 'Pd', 'Au', 'Ru', 'Rh', 'Ir', 'Re', 'Os']	29	[0.396 0.197 0.371 0.001 0.022 0.002 0.001 0.004]	[ 0.075 -0.146  0.106 -0.021  0.027 -0.013 -0.015 -0.014]	0.67	1.95	1.4	0.12	0.07	0.31	0.04	0.32	0.17	0.43	0.2		0.9736468080034146	0.2	False	0.14
5	['Pt', 'Pd', 'Au', 'Ru', 'Rh', 'Ir', 'Re', 'Os']	29	[0.351 0.17  0.381 0.003 0.019 0.051 0.013 0.006]	[ 0.059 -0.122  0.091  0.005 -0.047  0.092 -0.041 -0.036]	0.67	1.95	1.4	0.12	0.07	0.31	0.04	0.32	0.17	0.43	0.2		0.8693261602499591	0.201	False	0.158
6	['Pt', 'Pd', 'Au', 'Ru', 'Rh', 'Ir', 'Re', 'Os']	29	[0.302 0.21  0.459 0.004 0.004 0.001 0.014 0.004]	[-0.064 -0.077  0.17   0.008 -0.013 -0.008  0.013 -0.029]	0.67	1.95	1.4	0.12	0.07	0.31	0.04	0.32	0.17	0.43	0.2		0.875344059704269	0.201	False	0.197
7	['Pt', 'Pd', 'Au', 'Ru', 'Rh', 'Ir', 'Re', 'Os']	29	[0.388 0.213 0.357 0.003 0.    0.021 0.013 0.012]	[ 0.103 -0.022  0.022  0.063  0.012 -0.078 -0.066 -0.034]	0.67	1.95	1.4	0.12	0.07	0.31	0.04	0.32	0.17	0.43	0.2		0.982562377632977	0.166	False	0.12
0	['Pt', 'Pd', 'Au', 'Ru', 'Rh', 'Ir', 'Re', 'Os']	30	[0.321 0.295 0.3   0.053 0.008 0.002 0.005 0.006]	[-0.046  0.08  -0.071  0.071 -0.018  0.004 -0.016 -0.004]	0.67	1.95	1.4	0.12	0.07	0.31	0.04	0.32	0.17	0.43	0.2		0.9806104537479674	0.139	False	0.121
1	['Pt', 'Pd', 'Au', 'Ru', 'Rh', 'Ir', 'Re', 'Os']	30	[0.386 0.274 0.29  0.03  0.004 0.002 0.001 0.001]	[ 0.027  0.125 -0.127  0.07  -0.02  -0.015 -0.019 -0.041]	0.67	1.95	1.4	0.12	0.07	0.31	0.04	0.32	0.17	0.43	0.2		1.0180511812758704	0.2	False	0.113
2	['Pt', 'Pd', 'Au', 'Ru', 'Rh', 'Ir', 'Re', 'Os']	30	[0.326 0.259 0.352 0.017 0.    0.005 0.013 0.02 ]	[-0.04  -0.027  0.026  0.016 -0.003 -0.008  0.015  0.021]	0.67	1.95	1.4	0.12	0.07	0.31	0.04	0.32	0.17	0.43	0.2		0.9924397265567875	0.063	False	0.101
3	['Pt', 'Pd', 'Au', 'Ru', 'Rh', 'Ir', 'Re', 'Os']	30	[0.384 0.296 0.311 0.002 0.001 0.009 0.008 0.009]	[ 0.1    0.022 -0.023  0.106 -0.059  0.022 -0.081 -0.086]	0.67	1.95	1.4	0.12	0.07	0.31	0.04	0.32	0.17	0.43	0.2		1.0240865157470729	0.2	False	0.109
4	['Pt', 'Pd', 'Au', 'Ru', 'Rh', 'Ir', 'Re', 'Os']	30	[0.4   0.312 0.249 0.004 0.005 0.003 0.002 0.019]	[ 0.019  0.146 -0.126 -0.005  0.033 -0.014 -0.02  -0.032]	0.67	1.95	1.4	0.12	0.07	0.31	0.04	0.32	0.17	0.43	0.2		1.0177675395362074	0.2	False	0.125
5	['Pt', 'Pd', 'Au', 'Ru', 'Rh', 'Ir', 'Re', 'Os']	30	[0.38  0.294 0.297 0.007 0.007 0.001 0.008 0.   ]	[ 0.02   0.142 -0.125 -0.037  0.006  0.032 -0.001 -0.037]	0.67	1.95	1.4	0.12	0.07	0.31	0.04	0.32	0.17	0.43	0.2		1.0177767572388354	0.2	False	0.114
6	['Pt', 'Pd', 'Au', 'Ru', 'Rh', 'Ir', 'Re', 'Os']	30	[0.37  0.303 0.303 0.004 0.003 0.001 0.01  0.002]	[ 0.073  0.098 -0.156 -0.01  -0.004 -0.008  0.022 -0.016]	0.67	1.95	1.4	0.12	0.07	0.31	0.04	0.32	0.17	0.43	0.2		1.0179422491542731	0.201	False	0.114
7	['Pt', 'Pd', 'Au', 'Ru', 'Rh', 'Ir', 'Re', 'Os']	30	[0.354 0.326 0.262 0.007 0.013 0.032 0.012 0.001]	[-0.021  0.153 -0.093 -0.041 -0.043  0.06   0.006 -0.021]	0.67	1.95	1.4	0.12	0.07	0.31	0.04	0.32	0.17	0.43	0.2		0.9565981212656902	0.2	False	0.136
