ID	Elements	Generation	Position	Velocity	F_damp	F_b_best	F_h_best	F_g_best	F_b_worst	F_h_worst	F_g_worst	mut_prob	flip_prob	mut_rate	v_max	v_min	Activity	Velocity_mag	Flag	Distance
0	['Pt', 'Pd', 'Au', 'Ru', 'Rh', 'Ir', 'Re', 'Os']	0	[0.79 0.03 0.03 0.03 0.03 0.03 0.03 0.03]	[-0.187  0.027  0.027  0.027  0.027  0.027  0.027  0.027]	0.74	1.67	1.76	0.42	0.02	0.05	0.01	0.11	0.82	0.37	0.2		0.44291876522070495	0.2	False	0.569
1	['Pt', 'Pd', 'Au', 'Ru', 'Rh', 'Ir', 'Re', 'Os']	0	[0.03 0.79 0.03 0.03 0.03 0.03 0.03 0.03]	[ 0.027 -0.187  0.027  0.027  0.027  0.027  0.027  0.027]	0.74	1.67	1.76	0.42	0.02	0.05	0.01	0.11	0.82	0.37	0.2		0.20560014505118607	0.2	False	0.689
2	['Pt', 'Pd', 'Au', 'Ru', 'Rh', 'Ir', 'Re', 'Os']	0	[0.03 0.03 0.79 0.03 0.03 0.03 0.03 0.03]	[ 0.027  0.027 -0.187  0.027  0.027  0.027  0.027  0.027]	0.74	1.67	1.76	0.42	0.02	0.05	0.01	0.11	0.82	0.37	0.2		0.2149894158498787	0.2	False	0.632
3	['Pt', 'Pd', 'Au', 'Ru', 'Rh', 'Ir', 'Re', 'Os']	0	[0.03 0.03 0.03 0.79 0.03 0.03 0.03 0.03]	[ 0.027  0.027  0.027 -0.187  0.027  0.027  0.027  0.027]	0.74	1.67	1.76	0.42	0.02	0.05	0.01	0.11	0.82	0.37	0.2		0.12265296114671817	0.2	False	0.925
4	['Pt', 'Pd', 'Au', 'Ru', 'Rh', 'Ir', 'Re', 'Os']	0	[0.03 0.03 0.03 0.03 0.79 0.03 0.03 0.03]	[ 0.027  0.027  0.027  0.027 -0.187  0.027  0.027  0.027]	0.74	1.67	1.76	0.42	0.02	0.05	0.01	0.11	0.82	0.37	0.2		0.2961943697576316	0.2	False	0.925
5	['Pt', 'Pd', 'Au', 'Ru', 'Rh', 'Ir', 'Re', 'Os']	0	[0.03 0.03 0.03 0.03 0.03 0.79 0.03 0.03]	[ 0.027  0.027  0.027  0.027  0.027 -0.187  0.027  0.027]	0.74	1.67	1.76	0.42	0.02	0.05	0.01	0.11	0.82	0.37	0.2		0.34147169449736997	0.2	False	0.925
6	['Pt', 'Pd', 'Au', 'Ru', 'Rh', 'Ir', 'Re', 'Os']	0	[0.03 0.03 0.03 0.03 0.03 0.03 0.79 0.03]	[ 0.027  0.027  0.027  0.027  0.027  0.027 -0.187  0.027]	0.74	1.67	1.76	0.42	0.02	0.05	0.01	0.11	0.82	0.37	0.2		0.314514003905087	0.2	False	0.925
7	['Pt', 'Pd', 'Au', 'Ru', 'Rh', 'Ir', 'Re', 'Os']	0	[0.03 0.03 0.03 0.03 0.03 0.03 0.03 0.79]	[ 0.027  0.027  0.027  0.027  0.027  0.027  0.027 -0.187]	0.74	1.67	1.76	0.42	0.02	0.05	0.01	0.11	0.82	0.37	0.2		0.3283821739532633	0.2	False	0.839
0	['Pt', 'Pd', 'Au', 'Ru', 'Rh', 'Ir', 'Re', 'Os']	1	[0.697 0.05  0.05  0.004 0.05  0.05  0.05  0.05 ]	[-0.093  0.02   0.02  -0.026  0.02   0.02   0.02   0.02 ]	0.74	1.67	1.76	0.42	0.02	0.05	0.01	0.11	0.82	0.37	0.2		0.4970559580397699	0.108	False	0.483
1	['Pt', 'Pd', 'Au', 'Ru', 'Rh', 'Ir', 'Re', 'Os']	1	[0.051 0.62  0.055 0.05  0.055 0.055 0.055 0.055]	[ 0.064 -0.183  0.021  0.016  0.021  0.021  0.021  0.021]	0.74	1.67	1.76	0.42	0.02	0.05	0.01	0.11	0.82	0.37	0.2		0.21402650657436023	0.2	False	0.548
2	['Pt', 'Pd', 'Au', 'Ru', 'Rh', 'Ir', 'Re', 'Os']	1	[0.168 0.031 0.645 0.031 0.029 0.031 0.031 0.031]	[ 0.138  0.001 -0.145  0.001 -0.001  0.001  0.001  0.001]	0.74	1.67	1.76	0.42	0.02	0.05	0.01	0.11	0.82	0.37	0.2		0.35163551540419136	0.2	False	0.457
3	['Pt', 'Pd', 'Au', 'Ru', 'Rh', 'Ir', 'Re', 'Os']	1	[0.166 0.032 0.032 0.644 0.032 0.032 0.032 0.032]	[ 0.136  0.002  0.002 -0.146  0.002  0.002  0.002  0.002]	0.74	1.67	1.76	0.42	0.02	0.05	0.01	0.11	0.82	0.37	0.2		0.17094157337471858	0.2	False	0.759
4	['Pt', 'Pd', 'Au', 'Ru', 'Rh', 'Ir', 'Re', 'Os']	1	[0.114 0.    0.    0.002 0.884 0.    0.    0.   ]	[ 0.112 -0.042 -0.042 -0.034  0.132 -0.042 -0.042 -0.042]	0.74	1.67	1.76	0.42	0.02	0.05	0.01	0.11	0.82	0.37	0.2		0.31077036401804065	0.199	False	1.0
5	['Pt', 'Pd', 'Au', 'Ru', 'Rh', 'Ir', 'Re', 'Os']	1	[0.168 0.032 0.032 0.028 0.032 0.646 0.032 0.032]	[ 0.138  0.002  0.002 -0.002  0.002 -0.144  0.002  0.002]	0.74	1.67	1.76	0.42	0.02	0.05	0.01	0.11	0.82	0.37	0.2		0.3249542808691481	0.2	False	0.76
6	['Pt', 'Pd', 'Au', 'Ru', 'Rh', 'Ir', 'Re', 'Os']	1	[0.168 0.032 0.032 0.028 0.032 0.032 0.646 0.032]	[ 0.138  0.002  0.002 -0.002  0.002  0.002 -0.144  0.002]	0.74	1.67	1.76	0.42	0.02	0.05	0.01	0.11	0.82	0.37	0.2		0.306174225822619	0.2	False	0.76
7	['Pt', 'Pd', 'Au', 'Ru', 'Rh', 'Ir', 'Re', 'Os']	1	[0.168 0.032 0.032 0.028 0.032 0.032 0.032 0.646]	[ 0.138  0.002  0.002 -0.002  0.002  0.002  0.002 -0.144]	0.74	1.67	1.76	0.42	0.02	0.05	0.01	0.11	0.82	0.37	0.2		0.3684198073283309	0.2	False	0.674
0	['Pt', 'Pd', 'Au', 'Ru', 'Rh', 'Ir', 'Re', 'Os']	2	[0.648 0.055 0.055 0.052 0.055 0.055 0.055 0.023]	[-0.055  0.007  0.007  0.048  0.007  0.007  0.007 -0.029]	0.74	1.67	1.76	0.42	0.02	0.05	0.01	0.11	0.82	0.37	0.2		0.5096755147801708	0.08	False	0.452
1	['Pt', 'Pd', 'Au', 'Ru', 'Rh', 'Ir', 'Re', 'Os']	2	[0.194 0.481 0.052 0.063 0.052 0.051 0.052 0.051]	[ 0.143 -0.139 -0.003  0.013 -0.003 -0.004 -0.003 -0.004]	0.74	1.67	1.76	0.42	0.02	0.05	0.01	0.11	0.82	0.37	0.2		0.4890213922878256	0.2	False	0.392
2	['Pt', 'Pd', 'Au', 'Ru', 'Rh', 'Ir', 'Re', 'Os']	2	[0.303 0.035 0.498 0.021 0.034 0.035 0.035 0.035]	[ 0.135  0.004 -0.147 -0.01   0.005  0.004  0.004  0.004]	0.74	1.67	1.76	0.42	0.02	0.05	0.01	0.11	0.82	0.37	0.2		0.5993885601278717	0.2	False	0.31
3	['Pt', 'Pd', 'Au', 'Ru', 'Rh', 'Ir', 'Re', 'Os']	2	[0.295 0.029 0.037 0.492 0.037 0.037 0.037 0.037]	[ 0.129 -0.003  0.005 -0.152  0.005  0.005  0.005  0.005]	0.74	1.67	1.76	0.42	0.02	0.05	0.01	0.11	0.82	0.37	0.2		0.3014808911969673	0.2	False	0.609
4	['Pt', 'Pd', 'Au', 'Ru', 'Rh', 'Ir', 'Re', 'Os']	2	[0.229 0.013 0.013 0.004 0.722 0.002 0.013 0.003]	[ 0.115  0.013  0.013  0.002 -0.162  0.002  0.013  0.003]	0.74	1.67	1.76	0.42	0.02	0.05	0.01	0.11	0.82	0.37	0.2		0.3125619245754998	0.2	False	0.827
5	['Pt', 'Pd', 'Au', 'Ru', 'Rh', 'Ir', 'Re', 'Os']	2	[0.235 0.004 0.007 0.002 0.    0.751 0.    0.   ]	[ 0.08  -0.028 -0.032 -0.019 -0.052  0.154 -0.052 -0.052]	0.74	1.67	1.76	0.42	0.02	0.05	0.01	0.11	0.82	0.37	0.2		0.34992175672487696	0.2	False	0.857
6	['Pt', 'Pd', 'Au', 'Ru', 'Rh', 'Ir', 'Re', 'Os']	2	[0.303 0.038 0.038 0.018 0.029 0.038 0.5   0.038]	[ 0.135  0.006  0.006 -0.01  -0.003  0.006 -0.146  0.006]	0.74	1.67	1.76	0.42	0.02	0.05	0.01	0.11	0.82	0.37	0.2		0.3327086432179017	0.199	False	0.61
7	['Pt', 'Pd', 'Au', 'Ru', 'Rh', 'Ir', 'Re', 'Os']	2	[0.035 0.075 0.075 0.057 0.075 0.075 0.075 0.536]	[-0.133  0.043  0.043  0.029  0.043  0.043  0.043 -0.11 ]	0.74	1.67	1.76	0.42	0.02	0.05	0.01	0.11	0.82	0.37	0.2		0.32273375693501494	0.2	False	0.625
0	['Pt', 'Pd', 'Au', 'Ru', 'Rh', 'Ir', 'Re', 'Os']	3	[0.524 0.051 0.211 0.042 0.049 0.049 0.049 0.023]	[-0.124 -0.004  0.156 -0.01  -0.006 -0.006 -0.006  0.   ]	0.74	1.67	1.76	0.42	0.02	0.05	0.01	0.11	0.82	0.37	0.2		0.6749476875434886	0.2	False	0.304
1	['Pt', 'Pd', 'Au', 'Ru', 'Rh', 'Ir', 'Re', 'Os']	3	[0.239 0.337 0.182 0.047 0.046 0.045 0.055 0.045]	[ 0.045 -0.144  0.13  -0.016 -0.006 -0.006  0.003 -0.006]	0.74	1.67	1.76	0.42	0.02	0.05	0.01	0.11	0.82	0.37	0.2		0.7393383181220945	0.2	False	0.215
2	['Pt', 'Pd', 'Au', 'Ru', 'Rh', 'Ir', 'Re', 'Os']	3	[0.407 0.034 0.407 0.017 0.033 0.029 0.034 0.034]	[ 0.101 -0.006 -0.097  0.029 -0.006 -0.011 -0.006 -0.006]	0.74	1.67	1.76	0.42	0.02	0.05	0.01	0.11	0.82	0.37	0.2		0.728981878006286	0.144	False	0.263
3	['Pt', 'Pd', 'Au', 'Ru', 'Rh', 'Ir', 'Re', 'Os']	3	[0.281 0.035 0.173 0.347 0.041 0.041 0.041 0.041]	[-0.014  0.006  0.136 -0.145  0.004  0.004  0.004  0.004]	0.74	1.67	1.76	0.42	0.02	0.05	0.01	0.11	0.82	0.37	0.2		0.4100840362337156	0.2	False	0.443
4	['Pt', 'Pd', 'Au', 'Ru', 'Rh', 'Ir', 'Re', 'Os']	3	[0.255 0.019 0.124 0.005 0.558 0.009 0.019 0.01 ]	[ 0.026  0.006  0.111  0.001 -0.164  0.007  0.006  0.007]	0.74	1.67	1.76	0.42	0.02	0.05	0.01	0.11	0.82	0.37	0.2		0.3315171759658538	0.2	False	0.643
5	['Pt', 'Pd', 'Au', 'Ru', 'Rh', 'Ir', 'Re', 'Os']	3	[0.26  0.001 0.127 0.003 0.005 0.593 0.005 0.005]	[ 0.024  0.004  0.119  0.     0.004 -0.159  0.004  0.004]	0.74	1.67	1.76	0.42	0.02	0.05	0.01	0.11	0.82	0.37	0.2		0.31504471645038723	0.2	False	0.679
6	['Pt', 'Pd', 'Au', 'Ru', 'Rh', 'Ir', 'Re', 'Os']	3	[0.317 0.038 0.173 0.014 0.03  0.038 0.353 0.038]	[ 0.014  0.     0.135 -0.004  0.001 -0.    -0.147 -0.   ]	0.74	1.67	1.76	0.42	0.02	0.05	0.01	0.11	0.82	0.37	0.2		0.425278468586396	0.2	False	0.439
7	['Pt', 'Pd', 'Au', 'Ru', 'Rh', 'Ir', 'Re', 'Os']	3	[0.128 0.059 0.193 0.039 0.058 0.059 0.059 0.409]	[ 0.093 -0.016  0.118 -0.018 -0.017 -0.016 -0.016 -0.127]	0.74	1.67	1.76	0.42	0.02	0.05	0.01	0.11	0.82	0.37	0.2		0.4318590376879593	0.2	False	0.452
0	['Pt', 'Pd', 'Au', 'Ru', 'Rh', 'Ir', 'Re', 'Os']	4	[0.646 0.083 0.2   0.012 0.017 0.007 0.023 0.008]	[ 0.128  0.114 -0.023 -0.045 -0.047 -0.058 -0.04  -0.028]	0.74	1.67	1.76	0.42	0.02	0.05	0.01	0.11	0.82	0.37	0.2		0.682010138295694	0.2	False	0.367
1	['Pt', 'Pd', 'Au', 'Ru', 'Rh', 'Ir', 'Re', 'Os']	4	[0.278 0.241 0.286 0.03  0.044 0.014 0.061 0.043]	[ 0.039 -0.096  0.104 -0.017 -0.002 -0.031  0.006 -0.002]	0.74	1.67	1.76	0.42	0.02	0.05	0.01	0.11	0.82	0.37	0.2		0.8792004923514263	0.151	False	0.124
2	['Pt', 'Pd', 'Au', 'Ru', 'Rh', 'Ir', 'Re', 'Os']	4	[0.347 0.179 0.285 0.035 0.039 0.029 0.043 0.039]	[-0.06   0.145 -0.122  0.018  0.006 -0.     0.009  0.005]	0.74	1.67	1.76	0.42	0.02	0.05	0.01	0.11	0.82	0.37	0.2		0.8919037282524724	0.2	False	0.12
3	['Pt', 'Pd', 'Au', 'Ru', 'Rh', 'Ir', 'Re', 'Os']	4	[0.264 0.167 0.199 0.2   0.04  0.04  0.05  0.04 ]	[-0.017  0.132  0.026 -0.147 -0.001 -0.001  0.009 -0.001]	0.74	1.67	1.76	0.42	0.02	0.05	0.01	0.11	0.82	0.37	0.2		0.6447778990154427	0.2	False	0.272
4	['Pt', 'Pd', 'Au', 'Ru', 'Rh', 'Ir', 'Re', 'Os']	4	[0.259 0.123 0.156 0.019 0.392 0.019 0.006 0.024]	[ 0.004  0.104  0.032  0.014 -0.166  0.01  -0.013  0.014]	0.74	1.67	1.76	0.42	0.02	0.05	0.01	0.11	0.82	0.37	0.2		0.4314877905203809	0.2	False	0.453
5	['Pt', 'Pd', 'Au', 'Ru', 'Rh', 'Ir', 'Re', 'Os']	4	[0.251 0.117 0.13  0.018 0.019 0.433 0.022 0.006]	[-0.01   0.115  0.002  0.014  0.013 -0.161  0.016  0.008]	0.74	1.67	1.76	0.42	0.02	0.05	0.01	0.11	0.82	0.37	0.2		0.2979092997978895	0.2	False	0.504
6	['Pt', 'Pd', 'Au', 'Ru', 'Rh', 'Ir', 'Re', 'Os']	4	[0.287 0.167 0.198 0.026 0.038 0.036 0.206 0.042]	[-0.03   0.129  0.025  0.012  0.008 -0.002 -0.147  0.004]	0.74	1.67	1.76	0.42	0.02	0.05	0.01	0.11	0.82	0.37	0.2		0.6420168316825872	0.2	False	0.265
7	['Pt', 'Pd', 'Au', 'Ru', 'Rh', 'Ir', 'Re', 'Os']	4	[0.184 0.168 0.206 0.039 0.052 0.047 0.056 0.252]	[ 0.056  0.109  0.013  0.    -0.006 -0.012 -0.003 -0.157]	0.74	1.67	1.76	0.42	0.02	0.05	0.01	0.11	0.82	0.37	0.2		0.6350174346475335	0.2	False	0.275
0	['Pt', 'Pd', 'Au', 'Ru', 'Rh', 'Ir', 'Re', 'Os']	5	[0.478 0.175 0.256 0.015 0.021 0.002 0.027 0.022]	[-0.168  0.092  0.056  0.003  0.004 -0.005  0.004  0.014]	0.74	1.67	1.76	0.42	0.02	0.05	0.01	0.11	0.82	0.37	0.2		0.9347168804719448	0.2	False	0.177
1	['Pt', 'Pd', 'Au', 'Ru', 'Rh', 'Ir', 'Re', 'Os']	5	[0.404 0.101 0.346 0.025 0.037 0.007 0.039 0.038]	[ 0.126 -0.14   0.06  -0.005 -0.007 -0.007 -0.022 -0.005]	0.74	1.67	1.76	0.42	0.02	0.05	0.01	0.11	0.82	0.37	0.2		0.8590127850227647	0.199	False	0.186
2	['Pt', 'Pd', 'Au', 'Ru', 'Rh', 'Ir', 'Re', 'Os']	5	[0.367 0.288 0.187 0.032 0.038 0.001 0.044 0.038]	[ 0.02   0.109 -0.098 -0.003 -0.001 -0.028  0.001 -0.001]	0.74	1.67	1.76	0.42	0.02	0.05	0.01	0.11	0.82	0.37	0.2		0.9420212425672962	0.151	False	0.151
3	['Pt', 'Pd', 'Au', 'Ru', 'Rh', 'Ir', 'Re', 'Os']	5	[0.325 0.213 0.274 0.032 0.039 0.024 0.053 0.039]	[ 0.061  0.046  0.075 -0.168 -0.001 -0.016  0.003 -0.001]	0.74	1.67	1.76	0.42	0.02	0.05	0.01	0.11	0.82	0.37	0.2		0.9028899531930032	0.2	False	0.111
4	['Pt', 'Pd', 'Au', 'Ru', 'Rh', 'Ir', 'Re', 'Os']	5	[0.301 0.165 0.22  0.027 0.213 0.021 0.02  0.033]	[ 0.042  0.042  0.064  0.008 -0.179  0.002  0.014  0.009]	0.74	1.67	1.76	0.42	0.02	0.05	0.01	0.11	0.82	0.37	0.2		0.6563220242098533	0.2	False	0.26
5	['Pt', 'Pd', 'Au', 'Ru', 'Rh', 'Ir', 'Re', 'Os']	5	[0.319 0.129 0.182 0.023 0.027 0.255 0.03  0.032]	[ 0.068  0.012  0.052  0.005  0.008 -0.178  0.008  0.026]	0.74	1.67	1.76	0.42	0.02	0.05	0.01	0.11	0.82	0.37	0.2		0.46717814077035547	0.2	False	0.318
6	['Pt', 'Pd', 'Au', 'Ru', 'Rh', 'Ir', 'Re', 'Os']	5	[0.331 0.216 0.279 0.035 0.035 0.024 0.036 0.043]	[ 0.044  0.049  0.081  0.009 -0.003 -0.012 -0.17   0.001]	0.74	1.67	1.76	0.42	0.02	0.05	0.01	0.11	0.82	0.37	0.2		0.9267622140138809	0.2	False	0.098
7	['Pt', 'Pd', 'Au', 'Ru', 'Rh', 'Ir', 'Re', 'Os']	5	[0.293 0.199 0.258 0.035 0.044 0.029 0.049 0.097]	[ 0.109  0.031  0.052 -0.004 -0.008 -0.018 -0.007 -0.155]	0.74	1.67	1.76	0.42	0.02	0.05	0.01	0.11	0.82	0.37	0.2		0.8705024806579285	0.2	False	0.118
0	['Pt', 'Pd', 'Au', 'Ru', 'Rh', 'Ir', 'Re', 'Os']	6	[0.332 0.302 0.215 0.025 0.035 0.006 0.041 0.038]	[-0.146  0.127 -0.041  0.01   0.014  0.006  0.014  0.016]	0.74	1.67	1.76	0.42	0.02	0.05	0.01	0.11	0.82	0.37	0.2		0.9443040571431567	0.2	False	0.133
1	['Pt', 'Pd', 'Au', 'Ru', 'Rh', 'Ir', 'Re', 'Os']	6	[0.349 0.255 0.231 0.027 0.038 0.012 0.047 0.038]	[-0.055  0.154 -0.115  0.002  0.001  0.005  0.008  0.   ]	0.74	1.67	1.76	0.42	0.02	0.05	0.01	0.11	0.82	0.37	0.2		0.9446398462596219	0.2	False	0.115
2	['Pt', 'Pd', 'Au', 'Ru', 'Rh', 'Ir', 'Re', 'Os']	6	[0.349 0.347 0.229 0.013 0.002 0.052 0.001 0.002]	[-0.018  0.071  0.051  0.011 -0.053  0.043 -0.051 -0.053]	0.74	1.67	1.76	0.42	0.02	0.05	0.01	0.11	0.82	0.37	0.2		0.9146638574033465	0.135	False	0.164
3	['Pt', 'Pd', 'Au', 'Ru', 'Rh', 'Ir', 'Re', 'Os']	6	[0.393 0.319 0.178 0.051 0.016 0.005 0.022 0.016]	[ 0.064  0.107 -0.122  0.063 -0.039  0.013 -0.048 -0.039]	0.74	1.67	1.76	0.42	0.02	0.05	0.01	0.11	0.82	0.37	0.2		0.9464106433015682	0.2	False	0.179
4	['Pt', 'Pd', 'Au', 'Ru', 'Rh', 'Ir', 'Re', 'Os']	6	[0.288 0.199 0.13  0.007 0.328 0.029 0.012 0.005]	[-0.032  0.029 -0.133  0.     0.136  0.032 -0.027 -0.005]	0.74	1.67	1.76	0.42	0.02	0.05	0.01	0.11	0.82	0.37	0.2		0.5079056225766437	0.2	False	0.391
5	['Pt', 'Pd', 'Au', 'Ru', 'Rh', 'Ir', 'Re', 'Os']	6	[0.385 0.073 0.218 0.049 0.057 0.089 0.062 0.063]	[ 0.066 -0.056  0.036  0.026  0.03  -0.166  0.032  0.031]	0.74	1.67	1.76	0.42	0.02	0.05	0.01	0.11	0.82	0.37	0.2		0.6511225404527201	0.2	False	0.241
6	['Pt', 'Pd', 'Au', 'Ru', 'Rh', 'Ir', 'Re', 'Os']	6	[0.459 0.127 0.193 0.055 0.065 0.009 0.029 0.061]	[ 0.127 -0.097 -0.094  0.015  0.026 -0.042  0.052  0.013]	0.74	1.67	1.76	0.42	0.02	0.05	0.01	0.11	0.82	0.37	0.2		0.8185489244647659	0.2	False	0.219
7	['Pt', 'Pd', 'Au', 'Ru', 'Rh', 'Ir', 'Re', 'Os']	6	[0.362 0.257 0.158 0.005 0.004 0.035 0.004 0.179]	[ 0.066  0.054 -0.117  0.012 -0.072  0.047 -0.07   0.08 ]	0.74	1.67	1.76	0.42	0.02	0.05	0.01	0.11	0.82	0.37	0.2		0.9328610256122691	0.2	False	0.167
0	['Pt', 'Pd', 'Au', 'Ru', 'Rh', 'Ir', 'Re', 'Os']	7	[0.347 0.441 0.108 0.077 0.012 0.001 0.006 0.001]	[ 0.007  0.133 -0.116  0.045  0.036 -0.013 -0.043 -0.048]	0.74	1.67	1.76	0.42	0.02	0.05	0.01	0.11	0.82	0.37	0.2		0.7963020157153715	0.198	False	0.299
1	['Pt', 'Pd', 'Au', 'Ru', 'Rh', 'Ir', 'Re', 'Os']	7	[0.39  0.402 0.119 0.056 0.002 0.005 0.02  0.002]	[ 0.041  0.147 -0.112  0.029 -0.036 -0.007 -0.027 -0.036]	0.74	1.67	1.76	0.42	0.02	0.05	0.01	0.11	0.82	0.37	0.2		0.851148425961155	0.2	False	0.266
2	['Pt', 'Pd', 'Au', 'Ru', 'Rh', 'Ir', 'Re', 'Os']	7	[0.417 0.272 0.117 0.073 0.01  0.05  0.038 0.02 ]	[ 0.061 -0.093 -0.132  0.052 -0.004  0.082  0.027  0.007]	0.74	1.67	1.76	0.42	0.02	0.05	0.01	0.11	0.82	0.37	0.2		0.8259896990922277	0.2	False	0.233
3	['Pt', 'Pd', 'Au', 'Ru', 'Rh', 'Ir', 'Re', 'Os']	7	[0.453 0.409 0.09  0.015 0.018 0.009 0.005 0.   ]	[ 0.054  0.086 -0.106 -0.05   0.018 -0.007  0.004  0.001]	0.74	1.67	1.76	0.42	0.02	0.05	0.01	0.11	0.82	0.37	0.2		0.8056137346119537	0.157	False	0.301
4	['Pt', 'Pd', 'Au', 'Ru', 'Rh', 'Ir', 'Re', 'Os']	7	[0.342 0.252 0.166 0.035 0.149 0.019 0.015 0.02 ]	[ 0.054  0.053  0.036  0.028 -0.179 -0.01   0.003  0.015]	0.74	1.67	1.76	0.42	0.02	0.05	0.01	0.11	0.82	0.37	0.2		0.7773683309812709	0.2	False	0.22
5	['Pt', 'Pd', 'Au', 'Ru', 'Rh', 'Ir', 'Re', 'Os']	7	[0.406 0.232 0.196 0.051 0.026 0.015 0.038 0.034]	[-0.001  0.147 -0.047 -0.022 -0.057  0.084 -0.049 -0.055]	0.74	1.67	1.76	0.42	0.02	0.05	0.01	0.11	0.82	0.37	0.2		0.9310673372544578	0.2	False	0.154
6	['Pt', 'Pd', 'Au', 'Ru', 'Rh', 'Ir', 'Re', 'Os']	7	[0.359 0.283 0.195 0.027 0.006 0.009 0.022 0.094]	[-0.102  0.155  0.001 -0.03  -0.061  0.014 -0.009  0.032]	0.74	1.67	1.76	0.42	0.02	0.05	0.01	0.11	0.82	0.37	0.2		0.9921332273689616	0.2	False	0.116
7	['Pt', 'Pd', 'Au', 'Ru', 'Rh', 'Ir', 'Re', 'Os']	7	[0.416 0.338 0.125 0.043 0.021 0.042 0.001 0.015]	[ 0.054  0.081 -0.034  0.038  0.018  0.007  0.003 -0.166]	0.74	1.67	1.76	0.42	0.02	0.05	0.01	0.11	0.82	0.37	0.2		0.8576761971445679	0.2	False	0.232
0	['Pt', 'Pd', 'Au', 'Ru', 'Rh', 'Ir', 'Re', 'Os']	8	[0.351 0.294 0.204 0.026 0.002 0.009 0.029 0.079]	[ 0.004 -0.147  0.096 -0.051 -0.01   0.008  0.023  0.078]	0.74	1.67	1.76	0.42	0.02	0.05	0.01	0.11	0.82	0.37	0.2		0.9909333561720344	0.201	False	0.115
1	['Pt', 'Pd', 'Au', 'Ru', 'Rh', 'Ir', 'Re', 'Os']	8	[0.356 0.259 0.218 0.021 0.014 0.01  0.031 0.087]	[-0.034 -0.143  0.099 -0.035  0.012  0.005  0.011  0.085]	0.74	1.67	1.76	0.42	0.02	0.05	0.01	0.11	0.82	0.37	0.2		0.9924221456196669	0.2	False	0.093
2	['Pt', 'Pd', 'Au', 'Ru', 'Rh', 'Ir', 'Re', 'Os']	8	[0.477 0.218 0.168 0.011 0.014 0.022 0.002 0.084]	[ 0.051 -0.101  0.039  0.072 -0.073  0.052 -0.097  0.056]	0.74	1.67	1.76	0.42	0.02	0.05	0.01	0.11	0.82	0.37	0.2		0.9222148615503565	0.2	False	0.189
3	['Pt', 'Pd', 'Au', 'Ru', 'Rh', 'Ir', 'Re', 'Os']	8	[0.367 0.289 0.194 0.024 0.01  0.005 0.029 0.081]	[-0.086 -0.12   0.104  0.009 -0.008 -0.004  0.024  0.081]	0.74	1.67	1.76	0.42	0.02	0.05	0.01	0.11	0.82	0.37	0.2		0.9907568222170642	0.2	False	0.122
4	['Pt', 'Pd', 'Au', 'Ru', 'Rh', 'Ir', 'Re', 'Os']	8	[0.368 0.288 0.195 0.026 0.027 0.    0.014 0.079]	[-0.013 -0.    -0.009 -0.058  0.169 -0.07  -0.047  0.029]	0.74	1.67	1.76	0.42	0.02	0.05	0.01	0.11	0.82	0.37	0.2		0.9922114497538717	0.2	False	0.122
5	['Pt', 'Pd', 'Au', 'Ru', 'Rh', 'Ir', 'Re', 'Os']	8	[0.437 0.336 0.127 0.006 0.039 0.    0.004 0.048]	[ 0.013  0.122 -0.136  0.022  0.04  -0.063  0.017 -0.013]	0.74	1.67	1.76	0.42	0.02	0.05	0.01	0.11	0.82	0.37	0.2		0.9055941189240198	0.2	False	0.222
6	['Pt', 'Pd', 'Au', 'Ru', 'Rh', 'Ir', 'Re', 'Os']	8	[0.374 0.345 0.138 0.01  0.041 0.024 0.002 0.059]	[ 0.03   0.098 -0.073  0.014  0.047 -0.071 -0.003 -0.042]	0.74	1.67	1.76	0.42	0.02	0.05	0.01	0.11	0.82	0.37	0.2		0.8951880058640418	0.158	False	0.2
7	['Pt', 'Pd', 'Au', 'Ru', 'Rh', 'Ir', 'Re', 'Os']	8	[0.346 0.257 0.204 0.008 0.003 0.007 0.022 0.152]	[-0.075 -0.086  0.074 -0.04   0.018 -0.04   0.016  0.133]	0.74	1.67	1.76	0.42	0.02	0.05	0.01	0.11	0.82	0.37	0.2		0.9948570461478103	0.2	False	0.112
0	['Pt', 'Pd', 'Au', 'Ru', 'Rh', 'Ir', 'Re', 'Os']	9	[0.33  0.163 0.243 0.026 0.004 0.    0.019 0.209]	[-0.026 -0.139  0.036  0.041 -0.009 -0.017 -0.015  0.129]	0.74	1.67	1.76	0.42	0.02	0.05	0.01	0.11	0.82	0.37	0.2		0.9309920900724507	0.2	False	0.155
1	['Pt', 'Pd', 'Au', 'Ru', 'Rh', 'Ir', 'Re', 'Os']	9	[0.371 0.129 0.239 0.031 0.    0.011 0.002 0.213]	[ 0.014 -0.137  0.02   0.041  0.001 -0.031 -0.036  0.129]	0.74	1.67	1.76	0.42	0.02	0.05	0.01	0.11	0.82	0.37	0.2		0.9036695533267765	0.2	False	0.181
2	['Pt', 'Pd', 'Au', 'Ru', 'Rh', 'Ir', 'Re', 'Os']	9	[0.593 0.174 0.125 0.03  0.023 0.007 0.009 0.034]	[ 0.164 -0.052 -0.051 -0.042  0.034  0.027 -0.02  -0.061]	0.74	1.67	1.76	0.42	0.02	0.05	0.01	0.11	0.82	0.37	0.2		0.7510971018439153	0.2	False	0.318
3	['Pt', 'Pd', 'Au', 'Ru', 'Rh', 'Ir', 'Re', 'Os']	9	[0.289 0.176 0.249 0.052 0.013 0.    0.013 0.208]	[-0.082 -0.117  0.052  0.025  0.016  0.001 -0.019  0.125]	0.74	1.67	1.76	0.42	0.02	0.05	0.01	0.11	0.82	0.37	0.2		0.9031721960321406	0.2	False	0.163
4	['Pt', 'Pd', 'Au', 'Ru', 'Rh', 'Ir', 'Re', 'Os']	9	[0.33  0.232 0.242 0.017 0.117 0.021 0.014 0.028]	[-0.074 -0.098  0.038  0.02   0.095 -0.058 -0.024  0.101]	0.74	1.67	1.76	0.42	0.02	0.05	0.01	0.11	0.82	0.37	0.2		0.8556624916697237	0.2	False	0.155
5	['Pt', 'Pd', 'Au', 'Ru', 'Rh', 'Ir', 'Re', 'Os']	9	[0.334 0.225 0.204 0.042 0.006 0.007 0.049 0.13 ]	[-0.103 -0.111  0.077  0.036 -0.033  0.005  0.045  0.082]	0.74	1.67	1.76	0.42	0.02	0.05	0.01	0.11	0.82	0.37	0.2		0.9547765994409327	0.2	False	0.123
6	['Pt', 'Pd', 'Au', 'Ru', 'Rh', 'Ir', 'Re', 'Os']	9	[0.335 0.229 0.219 0.005 0.    0.023 0.021 0.161]	[-0.06  -0.144  0.072 -0.016  0.022  0.026  0.004  0.095]	0.74	1.67	1.76	0.42	0.02	0.05	0.01	0.11	0.82	0.37	0.2		0.9710198707459226	0.2	False	0.109
7	['Pt', 'Pd', 'Au', 'Ru', 'Rh', 'Ir', 'Re', 'Os']	9	[0.281 0.178 0.249 0.023 0.003 0.015 0.017 0.232]	[-0.07  -0.085  0.047  0.023 -0.008  0.015 -0.006  0.084]	0.74	1.67	1.76	0.42	0.02	0.05	0.01	0.11	0.82	0.37	0.2		0.8822111234844077	0.149	False	0.176
0	['Pt', 'Pd', 'Au', 'Ru', 'Rh', 'Ir', 'Re', 'Os']	10	[0.343 0.026 0.201 0.019 0.001 0.031 0.031 0.344]	[ 0.012 -0.138 -0.043 -0.008  0.004  0.03   0.011  0.134]	0.74	1.67	1.76	0.42	0.02	0.05	0.01	0.11	0.82	0.37	0.2		0.6367863747224527	0.2	False	0.349
1	['Pt', 'Pd', 'Au', 'Ru', 'Rh', 'Ir', 'Re', 'Os']	10	[0.328 0.287 0.211 0.008 0.011 0.009 0.032 0.109]	[-0.043  0.158 -0.028 -0.023  0.011 -0.002  0.03  -0.104]	0.74	1.67	1.76	0.42	0.02	0.05	0.01	0.11	0.82	0.37	0.2		0.983076068725935	0.2	False	0.106
2	['Pt', 'Pd', 'Au', 'Ru', 'Rh', 'Ir', 'Re', 'Os']	10	[0.423 0.24  0.183 0.014 0.027 0.019 0.    0.089]	[-0.17   0.066  0.058 -0.016  0.004  0.012 -0.009  0.055]	0.74	1.67	1.76	0.42	0.02	0.05	0.01	0.11	0.82	0.37	0.2		0.9635350102743552	0.2	False	0.143
3	['Pt', 'Pd', 'Au', 'Ru', 'Rh', 'Ir', 'Re', 'Os']	10	[0.362 0.282 0.185 0.023 0.013 0.016 0.019 0.096]	[ 0.064  0.098 -0.078  0.058 -0.012  0.005 -0.006 -0.128]	0.74	1.67	1.76	0.42	0.02	0.05	0.01	0.11	0.82	0.37	0.2		0.9752908196538121	0.2	False	0.125
4	['Pt', 'Pd', 'Au', 'Ru', 'Rh', 'Ir', 'Re', 'Os']	10	[0.336 0.243 0.208 0.015 0.001 0.006 0.012 0.182]	[-0.033 -0.027 -0.079 -0.042  0.095 -0.011 -0.042  0.139]	0.74	1.67	1.76	0.42	0.02	0.05	0.01	0.11	0.82	0.37	0.2		0.985312905476009	0.201	False	0.126
5	['Pt', 'Pd', 'Au', 'Ru', 'Rh', 'Ir', 'Re', 'Os']	10	[0.266 0.181 0.153 0.003 0.013 0.049 0.039 0.292]	[-0.08  -0.056 -0.063  0.028  0.005  0.032 -0.021  0.155]	0.74	1.67	1.76	0.42	0.02	0.05	0.01	0.11	0.82	0.37	0.2		0.7372826527195724	0.2	False	0.273
6	['Pt', 'Pd', 'Au', 'Ru', 'Rh', 'Ir', 'Re', 'Os']	10	[0.328 0.232 0.236 0.021 0.025 0.012 0.013 0.125]	[-0.007  0.003  0.017  0.016  0.025 -0.011 -0.008 -0.036]	0.74	1.67	1.76	0.42	0.02	0.05	0.01	0.11	0.82	0.37	0.2		0.9793047204117442	0.052	False	0.083
7	['Pt', 'Pd', 'Au', 'Ru', 'Rh', 'Ir', 'Re', 'Os']	10	[0.373 0.284 0.191 0.006 0.002 0.016 0.021 0.106]	[ 0.086  0.101 -0.065  0.021 -0.002 -0.005 -0.002 -0.133]	0.74	1.67	1.76	0.42	0.02	0.05	0.01	0.11	0.82	0.37	0.2		0.9922807335439097	0.2	False	0.12
0	['Pt', 'Pd', 'Au', 'Ru', 'Rh', 'Ir', 'Re', 'Os']	11	[0.375 0.088 0.211 0.03  0.02  0.038 0.045 0.19 ]	[ 0.031  0.093  0.007  0.008  0.017  0.004  0.011 -0.172]	0.74	1.67	1.76	0.42	0.02	0.05	0.01	0.11	0.82	0.37	0.2		0.7872290090534091	0.2	False	0.218
1	['Pt', 'Pd', 'Au', 'Ru', 'Rh', 'Ir', 'Re', 'Os']	11	[0.435 0.342 0.167 0.    0.002 0.016 0.031 0.003]	[ 0.09   0.03  -0.085 -0.025 -0.044 -0.026 -0.035  0.094]	0.74	1.67	1.76	0.42	0.02	0.05	0.01	0.11	0.82	0.37	0.2		0.9131225878428955	0.171	False	0.21
2	['Pt', 'Pd', 'Au', 'Ru', 'Rh', 'Ir', 'Re', 'Os']	11	[0.265 0.334 0.213 0.009 0.004 0.012 0.019 0.14 ]	[-0.172  0.086  0.021  0.01   0.02  -0.017  0.009  0.042]	0.74	1.67	1.76	0.42	0.02	0.05	0.01	0.11	0.82	0.37	0.2		0.9166527622595475	0.2	False	0.155
3	['Pt', 'Pd', 'Au', 'Ru', 'Rh', 'Ir', 'Re', 'Os']	11	[0.381 0.32  0.101 0.02  0.028 0.001 0.003 0.143]	[ 0.023  0.049 -0.116 -0.07   0.034  0.01   0.008  0.061]	0.74	1.67	1.76	0.42	0.02	0.05	0.01	0.11	0.82	0.37	0.2		0.9015158869261426	0.163	False	0.22
4	['Pt', 'Pd', 'Au', 'Ru', 'Rh', 'Ir', 'Re', 'Os']	11	[0.401 0.335 0.142 0.008 0.063 0.004 0.006 0.046]	[ 0.061  0.089 -0.07   0.017  0.058 -0.006 -0.01  -0.14 ]	0.74	1.67	1.76	0.42	0.02	0.05	0.01	0.11	0.82	0.37	0.2		0.9060659718191331	0.2	False	0.204
5	['Pt', 'Pd', 'Au', 'Ru', 'Rh', 'Ir', 'Re', 'Os']	11	[0.346 0.255 0.189 0.027 0.004 0.011 0.028 0.135]	[ 0.08   0.074  0.036  0.024 -0.009 -0.038 -0.011 -0.157]	0.74	1.67	1.76	0.42	0.02	0.05	0.01	0.11	0.82	0.37	0.2		0.9747601111237894	0.2	False	0.123
6	['Pt', 'Pd', 'Au', 'Ru', 'Rh', 'Ir', 'Re', 'Os']	11	[0.368 0.319 0.264 0.    0.022 0.003 0.016 0.002]	[ 0.041  0.096  0.027 -0.002  0.035 -0.008 -0.027 -0.162]	0.74	1.67	1.76	0.42	0.02	0.05	0.01	0.11	0.82	0.37	0.2		0.9907101104897904	0.2	False	0.129
7	['Pt', 'Pd', 'Au', 'Ru', 'Rh', 'Ir', 'Re', 'Os']	11	[0.388 0.318 0.168 0.013 0.003 0.009 0.015 0.084]	[ 0.013  0.033 -0.027  0.005 -0.009  0.02  -0.009 -0.026]	0.74	1.67	1.76	0.42	0.02	0.05	0.01	0.11	0.82	0.37	0.2		0.9763685883850444	0.057	False	0.156
0	['Pt', 'Pd', 'Au', 'Ru', 'Rh', 'Ir', 'Re', 'Os']	12	[0.367 0.247 0.227 0.018 0.016 0.017 0.031 0.074]	[-0.008  0.159  0.016 -0.012 -0.004 -0.021 -0.014 -0.116]	0.74	1.67	1.76	0.42	0.02	0.05	0.01	0.11	0.82	0.37	0.2		0.9859747348623933	0.2	False	0.09
1	['Pt', 'Pd', 'Au', 'Ru', 'Rh', 'Ir', 'Re', 'Os']	12	[0.356 0.273 0.113 0.02  0.037 0.011 0.027 0.159]	[-0.079 -0.069 -0.054  0.02   0.035 -0.005 -0.004  0.156]	0.74	1.67	1.76	0.42	0.02	0.05	0.01	0.11	0.82	0.37	0.2		0.8834264691051799	0.2	False	0.204
2	['Pt', 'Pd', 'Au', 'Ru', 'Rh', 'Ir', 'Re', 'Os']	12	[0.41  0.281 0.23  0.005 0.038 0.004 0.007 0.02 ]	[ 0.145 -0.053  0.017 -0.004  0.034 -0.008 -0.012 -0.12 ]	0.74	1.67	1.76	0.42	0.02	0.05	0.01	0.11	0.82	0.37	0.2		0.9876850066281229	0.2	False	0.132
3	['Pt', 'Pd', 'Au', 'Ru', 'Rh', 'Ir', 'Re', 'Os']	12	[0.362 0.305 0.248 0.022 0.012 0.002 0.027 0.021]	[-0.024 -0.02   0.144  0.032 -0.021 -0.004  0.02  -0.128]	0.74	1.67	1.76	0.42	0.02	0.05	0.01	0.11	0.82	0.37	0.2		0.9985845898851373	0.2	False	0.116
4	['Pt', 'Pd', 'Au', 'Ru', 'Rh', 'Ir', 'Re', 'Os']	12	[0.345 0.304 0.307 0.019 0.006 0.002 0.022 0.   ]	[-0.093 -0.065  0.154 -0.018  0.044 -0.029 -0.013  0.02 ]	0.74	1.67	1.76	0.42	0.02	0.05	0.01	0.11	0.82	0.37	0.2		0.997404647379156	0.2	False	0.118
5	['Pt', 'Pd', 'Au', 'Ru', 'Rh', 'Ir', 'Re', 'Os']	12	[0.382 0.327 0.255 0.002 0.004 0.007 0.004 0.016]	[ 0.001  0.048  0.04  -0.084 -0.045 -0.027 -0.076  0.143]	0.74	1.67	1.76	0.42	0.02	0.05	0.01	0.11	0.82	0.37	0.2		1.0087363993926157	0.2	False	0.127
6	['Pt', 'Pd', 'Au', 'Ru', 'Rh', 'Ir', 'Re', 'Os']	12	[0.378 0.321 0.151 0.036 0.01  0.003 0.006 0.085]	[ 0.014  0.006 -0.111  0.029 -0.009  0.004 -0.021  0.088]	0.74	1.67	1.76	0.42	0.02	0.05	0.01	0.11	0.82	0.37	0.2		0.9610421741852004	0.147	False	0.172
7	['Pt', 'Pd', 'Au', 'Ru', 'Rh', 'Ir', 'Re', 'Os']	12	[0.295 0.24  0.325 0.024 0.006 0.007 0.005 0.095]	[-0.095 -0.08   0.155  0.009  0.001  0.012 -0.012  0.009]	0.74	1.67	1.76	0.42	0.02	0.05	0.01	0.11	0.82	0.37	0.2		0.9885868472861297	0.2	False	0.067
0	['Pt', 'Pd', 'Au', 'Ru', 'Rh', 'Ir', 'Re', 'Os']	13	[0.348 0.399 0.231 0.003 0.004 0.    0.003 0.008]	[-0.056  0.158 -0.027 -0.075 -0.024 -0.026 -0.013  0.063]	0.74	1.67	1.76	0.42	0.02	0.05	0.01	0.11	0.82	0.37	0.2		0.9429933856388664	0.2	False	0.188
1	['Pt', 'Pd', 'Au', 'Ru', 'Rh', 'Ir', 'Re', 'Os']	13	[0.351 0.278 0.267 0.001 0.055 0.002 0.002 0.038]	[-0.007  0.003  0.152 -0.021  0.016  0.01  -0.027 -0.124]	0.74	1.67	1.76	0.42	0.02	0.05	0.01	0.11	0.82	0.37	0.2		0.9933124191063616	0.2	False	0.094
2	['Pt', 'Pd', 'Au', 'Ru', 'Rh', 'Ir', 'Re', 'Os']	13	[0.409 0.288 0.232 0.003 0.    0.013 0.    0.05 ]	[ 0.022  0.036  0.027 -0.053  0.002 -0.086 -0.053  0.104]	0.74	1.67	1.76	0.42	0.02	0.05	0.01	0.11	0.82	0.37	0.2		1.0211529831421975	0.163	False	0.111
3	['Pt', 'Pd', 'Au', 'Ru', 'Rh', 'Ir', 'Re', 'Os']	13	[0.329 0.279 0.314 0.004 0.008 0.011 0.009 0.047]	[-0.032 -0.02   0.135 -0.023 -0.037 -0.082 -0.035  0.095]	0.74	1.67	1.76	0.42	0.02	0.05	0.01	0.11	0.82	0.37	0.2		1.012489661491982	0.196	False	0.068
4	['Pt', 'Pd', 'Au', 'Ru', 'Rh', 'Ir', 'Re', 'Os']	13	[0.344 0.294 0.304 0.024 0.002 0.009 0.009 0.019]	[-0.011 -0.029 -0.015  0.055 -0.031 -0.036  0.037  0.029]	0.74	1.67	1.76	0.42	0.02	0.05	0.01	0.11	0.82	0.37	0.2		1.0101073965326084	0.093	False	0.096
5	['Pt', 'Pd', 'Au', 'Ru', 'Rh', 'Ir', 'Re', 'Os']	13	[0.323 0.307 0.23  0.012 0.018 0.005 0.049 0.052]	[-0.106 -0.033 -0.042  0.023  0.018  0.005  0.063  0.072]	0.74	1.67	1.76	0.42	0.02	0.05	0.01	0.11	0.82	0.37	0.2		0.9639281551391949	0.155	False	0.119
6	['Pt', 'Pd', 'Au', 'Ru', 'Rh', 'Ir', 'Re', 'Os']	13	[0.357 0.275 0.311 0.021 0.007 0.002 0.004 0.01 ]	[-0.031 -0.057  0.16   0.043  0.004 -0.01  -0.021 -0.088]	0.74	1.67	1.76	0.42	0.02	0.05	0.01	0.11	0.82	0.37	0.2		1.0157156335039987	0.2	False	0.097
7	['Pt', 'Pd', 'Au', 'Ru', 'Rh', 'Ir', 'Re', 'Os']	13	[0.403 0.323 0.196 0.017 0.003 0.004 0.006 0.043]	[ 0.104  0.079 -0.137  0.03  -0.005 -0.009 -0.005 -0.058]	0.74	1.67	1.76	0.42	0.02	0.05	0.01	0.11	0.82	0.37	0.2		0.9937700828729854	0.2	False	0.15
0	['Pt', 'Pd', 'Au', 'Ru', 'Rh', 'Ir', 'Re', 'Os']	14	[0.387 0.25  0.197 0.006 0.008 0.006 0.01  0.129]	[ 0.039 -0.15  -0.035  0.005  0.008  0.005  0.006  0.121]	0.74	1.67	1.76	0.42	0.02	0.05	0.01	0.11	0.82	0.37	0.2		1.0052704207105276	0.2	False	0.114
1	['Pt', 'Pd', 'Au', 'Ru', 'Rh', 'Ir', 'Re', 'Os']	14	[0.429 0.22  0.251 0.    0.07  0.002 0.007 0.017]	[ 0.13  -0.111 -0.037 -0.026  0.018 -0.022 -0.015  0.063]	0.74	1.67	1.76	0.42	0.02	0.05	0.01	0.11	0.82	0.37	0.2		0.9506991363656483	0.191	False	0.146
2	['Pt', 'Pd', 'Au', 'Ru', 'Rh', 'Ir', 'Re', 'Os']	14	[0.39  0.267 0.193 0.008 0.039 0.015 0.002 0.08 ]	[-0.012 -0.016 -0.049  0.019 -0.069  0.046  0.004  0.078]	0.74	1.67	1.76	0.42	0.02	0.05	0.01	0.11	0.82	0.37	0.2		0.975194594524333	0.127	False	0.125
3	['Pt', 'Pd', 'Au', 'Ru', 'Rh', 'Ir', 'Re', 'Os']	14	[0.456 0.256 0.22  0.003 0.024 0.012 0.002 0.028]	[ 0.147 -0.02  -0.099  0.005  0.024  0.02   0.009 -0.086]	0.74	1.67	1.76	0.42	0.02	0.05	0.01	0.11	0.82	0.37	0.2		0.9736386671173016	0.2	False	0.154
4	['Pt', 'Pd', 'Au', 'Ru', 'Rh', 'Ir', 'Re', 'Os']	14	[0.457 0.259 0.164 0.006 0.027 0.006 0.001 0.086]	[ 0.115 -0.034 -0.141 -0.017  0.022 -0.    -0.014  0.069]	0.74	1.67	1.76	0.42	0.02	0.05	0.01	0.11	0.82	0.37	0.2		0.9542335480131994	0.2	False	0.176
5	['Pt', 'Pd', 'Au', 'Ru', 'Rh', 'Ir', 'Re', 'Os']	14	[0.455 0.26  0.213 0.009 0.003 0.003 0.04  0.014]	[ 0.15  -0.071 -0.034 -0.024 -0.003 -0.036  0.077 -0.06 ]	0.74	1.67	1.76	0.42	0.02	0.05	0.01	0.11	0.82	0.37	0.2		0.9651586769900391	0.2	False	0.167
6	['Pt', 'Pd', 'Au', 'Ru', 'Rh', 'Ir', 'Re', 'Os']	14	[0.438 0.245 0.252 0.007 0.    0.001 0.03  0.014]	[ 0.087 -0.03  -0.061 -0.031  0.002  0.001  0.027  0.006]	0.74	1.67	1.76	0.42	0.02	0.05	0.01	0.11	0.82	0.37	0.2		0.9980040900867846	0.118	False	0.136
7	['Pt', 'Pd', 'Au', 'Ru', 'Rh', 'Ir', 'Re', 'Os']	14	[0.404 0.191 0.181 0.012 0.006 0.013 0.005 0.182]	[-0.003 -0.138 -0.019  0.021  0.002  0.005 -0.005  0.137]	0.74	1.67	1.76	0.42	0.02	0.05	0.01	0.11	0.82	0.37	0.2		0.9442322045224576	0.196	False	0.166
0	['Pt', 'Pd', 'Au', 'Ru', 'Rh', 'Ir', 'Re', 'Os']	15	[0.42  0.165 0.192 0.    0.01  0.012 0.01  0.186]	[ 0.033 -0.085 -0.005 -0.006  0.002  0.006  0.     0.057]	0.74	1.67	1.76	0.42	0.02	0.05	0.01	0.11	0.82	0.37	0.2		0.9252066925978566	0.108	False	0.178
1	['Pt', 'Pd', 'Au', 'Ru', 'Rh', 'Ir', 'Re', 'Os']	15	[0.361 0.258 0.189 0.006 0.01  0.003 0.005 0.164]	[-0.089  0.024 -0.083 -0.014  0.064 -0.023 -0.019  0.139]	0.74	1.67	1.76	0.42	0.02	0.05	0.01	0.11	0.82	0.37	0.2		0.9933079801474829	0.2	False	0.13
2	['Pt', 'Pd', 'Au', 'Ru', 'Rh', 'Ir', 'Re', 'Os']	15	[0.36  0.215 0.169 0.027 0.114 0.007 0.01  0.09 ]	[-0.013 -0.041 -0.005 -0.067  0.17  -0.04  -0.042  0.038]	0.74	1.67	1.76	0.42	0.02	0.05	0.01	0.11	0.82	0.37	0.2		0.8565770503353798	0.2	False	0.18
3	['Pt', 'Pd', 'Au', 'Ru', 'Rh', 'Ir', 'Re', 'Os']	15	[0.295 0.28  0.258 0.003 0.006 0.01  0.022 0.13 ]	[-0.169  0.017  0.032 -0.002  0.021 -0.009  0.013  0.096]	0.74	1.67	1.76	0.42	0.02	0.05	0.01	0.11	0.82	0.37	0.2		0.9876131231967333	0.2	False	0.085
4	['Pt', 'Pd', 'Au', 'Ru', 'Rh', 'Ir', 'Re', 'Os']	15	[0.313 0.279 0.291 0.006 0.022 0.006 0.007 0.083]	[-0.152  0.014  0.123 -0.006  0.037 -0.006 -0.    -0.009]	0.74	1.67	1.76	0.42	0.02	0.05	0.01	0.11	0.82	0.37	0.2		1.0094238069112353	0.2	False	0.056
5	['Pt', 'Pd', 'Au', 'Ru', 'Rh', 'Ir', 'Re', 'Os']	15	[0.323 0.293 0.219 0.016 0.007 0.002 0.003 0.133]	[-0.152  0.027 -0.002  0.01  -0.023 -0.012  0.032  0.12 ]	0.74	1.67	1.76	0.42	0.02	0.05	0.01	0.11	0.82	0.37	0.2		1.0064512944205126	0.2	False	0.103
6	['Pt', 'Pd', 'Au', 'Ru', 'Rh', 'Ir', 'Re', 'Os']	15	[0.313 0.277 0.211 0.006 0.006 0.001 0.026 0.146]	[-0.135  0.027 -0.048 -0.008  0.    -0.008  0.043  0.13 ]	0.74	1.67	1.76	0.42	0.02	0.05	0.01	0.11	0.82	0.37	0.2		0.983767299648918	0.2	False	0.114
7	['Pt', 'Pd', 'Au', 'Ru', 'Rh', 'Ir', 'Re', 'Os']	15	[0.303 0.32  0.244 0.    0.    0.005 0.027 0.092]	[-0.107  0.124  0.058  0.006 -0.012  0.011  0.017 -0.096]	0.74	1.67	1.76	0.42	0.02	0.05	0.01	0.11	0.82	0.37	0.2		0.9870659612100054	0.2	False	0.105
0	['Pt', 'Pd', 'Au', 'Ru', 'Rh', 'Ir', 'Re', 'Os']	16	[0.354 0.311 0.122 0.017 0.033 0.035 0.025 0.098]	[-0.066  0.146 -0.07   0.017  0.023  0.023  0.015 -0.088]	0.74	1.67	1.76	0.42	0.02	0.05	0.01	0.11	0.82	0.37	0.2		0.8716679991152043	0.2	False	0.197
1	['Pt', 'Pd', 'Au', 'Ru', 'Rh', 'Ir', 'Re', 'Os']	16	[0.379 0.271 0.283 0.012 0.041 0.005 0.007 0.   ]	[ 0.017  0.012  0.095  0.011  0.03   0.001  0.005 -0.171]	0.74	1.67	1.76	0.42	0.02	0.05	0.01	0.11	0.82	0.37	0.2		0.9877876386725608	0.2	False	0.116
2	['Pt', 'Pd', 'Au', 'Ru', 'Rh', 'Ir', 'Re', 'Os']	16	[0.348 0.288 0.277 0.021 0.003 0.008 0.    0.045]	[-0.018  0.072  0.109  0.036 -0.136 -0.013  0.001 -0.052]	0.74	1.67	1.76	0.42	0.02	0.05	0.01	0.11	0.82	0.37	0.2		1.0260706697286337	0.2	False	0.074
3	['Pt', 'Pd', 'Au', 'Ru', 'Rh', 'Ir', 'Re', 'Os']	16	[0.295 0.286 0.381 0.003 0.024 0.007 0.006 0.002]	[-0.047 -0.039  0.118 -0.043 -0.023 -0.073 -0.015  0.12 ]	0.74	1.67	1.76	0.42	0.02	0.05	0.01	0.11	0.82	0.37	0.2		0.9342094694357306	0.2	False	0.145
4	['Pt', 'Pd', 'Au', 'Ru', 'Rh', 'Ir', 'Re', 'Os']	16	[0.307 0.231 0.405 0.001 0.004 0.017 0.015 0.027]	[-0.027 -0.074  0.108 -0.031 -0.051 -0.008 -0.011  0.094]	0.74	1.67	1.76	0.42	0.02	0.05	0.01	0.11	0.82	0.37	0.2		0.9316261894687683	0.175	False	0.138
5	['Pt', 'Pd', 'Au', 'Ru', 'Rh', 'Ir', 'Re', 'Os']	16	[0.307 0.312 0.328 0.022 0.003 0.001 0.003 0.018]	[-0.062 -0.017  0.097 -0.034 -0.04  -0.045 -0.041  0.141]	0.74	1.67	1.76	0.42	0.02	0.05	0.01	0.11	0.82	0.37	0.2		0.9862900673038342	0.2	False	0.117
6	['Pt', 'Pd', 'Au', 'Ru', 'Rh', 'Ir', 'Re', 'Os']	16	[0.322 0.263 0.354 0.01  0.017 0.005 0.003 0.01 ]	[ 0.003 -0.02   0.138 -0.002  0.005 -0.002  0.022 -0.143]	0.74	1.67	1.76	0.42	0.02	0.05	0.01	0.11	0.82	0.37	0.2		0.9768283726115936	0.201	False	0.111
7	['Pt', 'Pd', 'Au', 'Ru', 'Rh', 'Ir', 'Re', 'Os']	16	[0.35  0.222 0.294 0.007 0.023 0.007 0.022 0.067]	[ 0.042 -0.108  0.045  0.001  0.017 -0.004  0.038 -0.032]	0.74	1.67	1.76	0.42	0.02	0.05	0.01	0.11	0.82	0.37	0.2		1.0014959832446522	0.135	False	0.055
0	['Pt', 'Pd', 'Au', 'Ru', 'Rh', 'Ir', 'Re', 'Os']	17	[0.326 0.298 0.277 0.006 0.006 0.021 0.039 0.02 ]	[-0.045 -0.029  0.154 -0.042  0.022  0.038  0.001 -0.099]	0.74	1.67	1.76	0.42	0.02	0.05	0.01	0.11	0.82	0.37	0.2		0.9641853489621737	0.2	False	0.109
1	['Pt', 'Pd', 'Au', 'Ru', 'Rh', 'Ir', 'Re', 'Os']	17	[0.289 0.319 0.33  0.011 0.005 0.005 0.011 0.03 ]	[-0.092  0.047  0.046 -0.003 -0.038 -0.002  0.013  0.029]	0.74	1.67	1.76	0.42	0.02	0.05	0.01	0.11	0.82	0.37	0.2		0.9670753869370095	0.123	False	0.121
2	['Pt', 'Pd', 'Au', 'Ru', 'Rh', 'Ir', 'Re', 'Os']	17	[0.288 0.292 0.302 0.013 0.072 0.007 0.01  0.007]	[-0.039  0.037  0.062 -0.012  0.088 -0.021 -0.033 -0.083]	0.74	1.67	1.76	0.42	0.02	0.05	0.01	0.11	0.82	0.37	0.2		0.9027337352195477	0.151	False	0.141
3	['Pt', 'Pd', 'Au', 'Ru', 'Rh', 'Ir', 'Re', 'Os']	17	[0.354 0.256 0.248 0.002 0.014 0.007 0.007 0.119]	[ 0.056 -0.037 -0.145 -0.012  0.028  0.004 -0.011  0.117]	0.74	1.67	1.76	0.42	0.02	0.05	0.01	0.11	0.82	0.37	0.2		1.0291209811813486	0.2	False	0.058
4	['Pt', 'Pd', 'Au', 'Ru', 'Rh', 'Ir', 'Re', 'Os']	17	[0.362 0.304 0.237 0.015 0.018 0.006 0.002 0.061]	[ 0.055  0.073 -0.171  0.013  0.014 -0.028  0.009  0.034]	0.74	1.67	1.76	0.42	0.02	0.05	0.01	0.11	0.82	0.37	0.2		1.0181057154315725	0.2	False	0.096
5	['Pt', 'Pd', 'Au', 'Ru', 'Rh', 'Ir', 'Re', 'Os']	17	[0.432 0.281 0.212 0.006 0.002 0.008 0.003 0.048]	[ 0.144 -0.024 -0.116 -0.004 -0.022 -0.012 -0.027  0.061]	0.74	1.67	1.76	0.42	0.02	0.05	0.01	0.11	0.82	0.37	0.2		1.0056150880067942	0.2	False	0.135
6	['Pt', 'Pd', 'Au', 'Ru', 'Rh', 'Ir', 'Re', 'Os']	17	[0.417 0.3   0.21  0.015 0.013 0.012 0.01  0.009]	[ 0.103  0.042 -0.149  0.008  0.026 -0.028 -0.018  0.016]	0.74	1.67	1.76	0.42	0.02	0.05	0.01	0.11	0.82	0.37	0.2		0.9717013699627981	0.192	False	0.155
7	['Pt', 'Pd', 'Au', 'Ru', 'Rh', 'Ir', 'Re', 'Os']	17	[0.377 0.276 0.298 0.021 0.    0.001 0.004 0.014]	[ 0.01   0.047 -0.021 -0.008  0.002 -0.041 -0.064  0.076]	0.74	1.67	1.76	0.42	0.02	0.05	0.01	0.11	0.82	0.37	0.2		1.0306259064874286	0.12	False	0.096
0	['Pt', 'Pd', 'Au', 'Ru', 'Rh', 'Ir', 'Re', 'Os']	18	[0.427 0.173 0.276 0.011 0.002 0.005 0.035 0.065]	[ 0.106 -0.143 -0.006 -0.037 -0.029  0.004  0.062  0.044]	0.74	1.67	1.76	0.42	0.02	0.05	0.01	0.11	0.82	0.37	0.2		0.9815844591697336	0.2	False	0.123
1	['Pt', 'Pd', 'Au', 'Ru', 'Rh', 'Ir', 'Re', 'Os']	18	[0.445 0.233 0.245 0.009 0.033 0.003 0.    0.032]	[ 0.152 -0.09  -0.089 -0.006  0.024  0.003  0.007 -0.002]	0.74	1.67	1.76	0.42	0.02	0.05	0.01	0.11	0.82	0.37	0.2		0.989943000439512	0.2	False	0.135
2	['Pt', 'Pd', 'Au', 'Ru', 'Rh', 'Ir', 'Re', 'Os']	18	[0.418 0.262 0.269 0.003 0.032 0.008 0.    0.001]	[ 0.143 -0.055 -0.058 -0.041  0.094 -0.031 -0.013 -0.039]	0.74	1.67	1.76	0.42	0.02	0.05	0.01	0.11	0.82	0.37	0.2		0.9918803789006787	0.2	False	0.129
3	['Pt', 'Pd', 'Au', 'Ru', 'Rh', 'Ir', 'Re', 'Os']	18	[0.466 0.247 0.259 0.016 0.006 0.002 0.002 0.007]	[ 0.097 -0.044 -0.021 -0.017 -0.043 -0.039 -0.045  0.111]	0.74	1.67	1.76	0.42	0.02	0.05	0.01	0.11	0.82	0.37	0.2		0.9943328808108829	0.173	False	0.155
4	['Pt', 'Pd', 'Au', 'Ru', 'Rh', 'Ir', 'Re', 'Os']	18	[0.436 0.288 0.233 0.016 0.015 0.011 0.001 0.004]	[ 0.089 -0.052 -0.033 -0.025  0.012 -0.011 -0.033  0.054]	0.74	1.67	1.76	0.42	0.02	0.05	0.01	0.11	0.82	0.37	0.2		0.9846442852767532	0.129	False	0.152
5	['Pt', 'Pd', 'Au', 'Ru', 'Rh', 'Ir', 'Re', 'Os']	18	[0.33  0.303 0.343 0.001 0.003 0.004 0.004 0.006]	[-0.129  0.015  0.141 -0.026 -0.018 -0.004 -0.022  0.043]	0.74	1.67	1.76	0.42	0.02	0.05	0.01	0.11	0.82	0.37	0.2		0.9960073513608603	0.2	False	0.118
6	['Pt', 'Pd', 'Au', 'Ru', 'Rh', 'Ir', 'Re', 'Os']	18	[0.326 0.239 0.36  0.011 0.014 0.021 0.011 0.007]	[-0.1   -0.068  0.156 -0.008 -0.009  0.022  0.012 -0.005]	0.74	1.67	1.76	0.42	0.02	0.05	0.01	0.11	0.82	0.37	0.2		0.948810139368629	0.2	False	0.118
7	['Pt', 'Pd', 'Au', 'Ru', 'Rh', 'Ir', 'Re', 'Os']	18	[0.366 0.283 0.256 0.011 0.013 0.008 0.025 0.027]	[ 0.001  0.025 -0.041 -0.048 -0.024  0.016  0.038  0.033]	0.74	1.67	1.76	0.42	0.02	0.05	0.01	0.11	0.82	0.37	0.2		1.0020521578838304	0.089	False	0.098
0	['Pt', 'Pd', 'Au', 'Ru', 'Rh', 'Ir', 'Re', 'Os']	19	[0.356 0.327 0.179 0.012 0.003 0.007 0.018 0.095]	[-0.074  0.152 -0.1    0.017 -0.002 -0.001 -0.02   0.027]	0.74	1.67	1.76	0.42	0.02	0.05	0.01	0.11	0.82	0.37	0.2		0.9782812670534857	0.2	False	0.145
1	['Pt', 'Pd', 'Au', 'Ru', 'Rh', 'Ir', 'Re', 'Os']	19	[0.597 0.113 0.233 0.016 0.016 0.002 0.017 0.006]	[ 0.151 -0.123 -0.014  0.018 -0.019  0.001  0.015 -0.028]	0.74	1.67	1.76	0.42	0.02	0.05	0.01	0.11	0.82	0.37	0.2		0.7755687110972761	0.2	False	0.306
2	['Pt', 'Pd', 'Au', 'Ru', 'Rh', 'Ir', 'Re', 'Os']	19	[0.311 0.312 0.213 0.012 0.004 0.018 0.031 0.092]	[-0.109  0.049 -0.058  0.008 -0.03   0.02   0.03   0.09 ]	0.74	1.67	1.76	0.42	0.02	0.05	0.01	0.11	0.82	0.37	0.2		0.9594677410857742	0.167	False	0.12
3	['Pt', 'Pd', 'Au', 'Ru', 'Rh', 'Ir', 'Re', 'Os']	19	[0.324 0.273 0.246 0.011 0.001 0.001 0.006 0.141]	[-0.146  0.023 -0.016  0.02  -0.011 -0.004  0.001  0.132]	0.74	1.67	1.76	0.42	0.02	0.05	0.01	0.11	0.82	0.37	0.2		1.0248839877915907	0.2	False	0.077
4	['Pt', 'Pd', 'Au', 'Ru', 'Rh', 'Ir', 'Re', 'Os']	19	[0.295 0.275 0.268 0.005 0.005 0.004 0.014 0.136]	[-0.148 -0.019  0.029  0.013 -0.016  0.007  0.007  0.127]	0.74	1.67	1.76	0.42	0.02	0.05	0.01	0.11	0.82	0.37	0.2		1.000097336455395	0.2	False	0.079
5	['Pt', 'Pd', 'Au', 'Ru', 'Rh', 'Ir', 'Re', 'Os']	19	[0.397 0.315 0.171 0.001 0.006 0.003 0.021 0.08 ]	[ 0.067  0.012 -0.172  0.     0.003 -0.001  0.017  0.074]	0.74	1.67	1.76	0.42	0.02	0.05	0.01	0.11	0.82	0.37	0.2		0.9805964966939309	0.2	False	0.155
6	['Pt', 'Pd', 'Au', 'Ru', 'Rh', 'Ir', 'Re', 'Os']	19	[0.385 0.328 0.202 0.008 0.003 0.018 0.007 0.033]	[ 0.053  0.084 -0.169 -0.01   0.007  0.027 -0.011  0.02 ]	0.74	1.67	1.76	0.42	0.02	0.05	0.01	0.11	0.82	0.37	0.2		0.9746308063164366	0.2	False	0.148
7	['Pt', 'Pd', 'Au', 'Ru', 'Rh', 'Ir', 'Re', 'Os']	19	[0.382 0.276 0.295 0.    0.025 0.008 0.001 0.003]	[ 0.021 -0.007  0.049  0.008  0.035 -0.028 -0.042 -0.036]	0.74	1.67	1.76	0.42	0.02	0.05	0.01	0.11	0.82	0.37	0.2		1.0043276179014244	0.089	False	0.109
0	['Pt', 'Pd', 'Au', 'Ru', 'Rh', 'Ir', 'Re', 'Os']	20	[0.31  0.239 0.313 0.026 0.021 0.01  0.074 0.003]	[-0.046 -0.088  0.134  0.014  0.018  0.003  0.056 -0.092]	0.74	1.67	1.76	0.42	0.02	0.05	0.01	0.11	0.82	0.37	0.2		0.9072114192506264	0.2	False	0.134
1	['Pt', 'Pd', 'Au', 'Ru', 'Rh', 'Ir', 'Re', 'Os']	20	[0.43  0.208 0.254 0.014 0.022 0.004 0.012 0.057]	[-0.167  0.095  0.021 -0.002  0.006  0.002 -0.005  0.051]	0.74	1.67	1.76	0.42	0.02	0.05	0.01	0.11	0.82	0.37	0.2		0.9977776978173838	0.2	False	0.114
2	['Pt', 'Pd', 'Au', 'Ru', 'Rh', 'Ir', 'Re', 'Os']	20	[0.302 0.208 0.326 0.005 0.006 0.001 0.038 0.105]	[-0.019 -0.134  0.129 -0.032 -0.007  0.     0.056  0.008]	0.74	1.67	1.76	0.42	0.02	0.05	0.01	0.11	0.82	0.37	0.2		0.9739833074606985	0.198	False	0.079
3	['Pt', 'Pd', 'Au', 'Ru', 'Rh', 'Ir', 'Re', 'Os']	20	[0.287 0.274 0.228 0.003 0.019 0.013 0.012 0.165]	[-0.04  -0.001 -0.021  0.011  0.016  0.01   0.004  0.022]	0.74	1.67	1.76	0.42	0.02	0.05	0.01	0.11	0.82	0.37	0.2		0.9532026754320049	0.055	False	0.121
4	['Pt', 'Pd', 'Au', 'Ru', 'Rh', 'Ir', 'Re', 'Os']	20	[0.38  0.316 0.217 0.006 0.004 0.005 0.008 0.068]	[ 0.084  0.038 -0.057  0.004 -0.005 -0.003  0.014 -0.075]	0.74	1.67	1.76	0.42	0.02	0.05	0.01	0.11	0.82	0.37	0.2		1.0182442739718498	0.133	False	0.115
5	['Pt', 'Pd', 'Au', 'Ru', 'Rh', 'Ir', 'Re', 'Os']	20	[0.351 0.324 0.007 0.059 0.039 0.041 0.026 0.149]	[-0.046  0.009 -0.164  0.058  0.033  0.038  0.005  0.069]	0.74	1.67	1.76	0.42	0.02	0.05	0.01	0.11	0.82	0.37	0.2		0.7154210945367305	0.199	False	0.318
6	['Pt', 'Pd', 'Au', 'Ru', 'Rh', 'Ir', 'Re', 'Os']	20	[0.29  0.23  0.306 0.004 0.006 0.009 0.01  0.125]	[-0.1   -0.103  0.103 -0.007 -0.014  0.02   0.009  0.091]	0.74	1.67	1.76	0.42	0.02	0.05	0.01	0.11	0.82	0.37	0.2		0.980544703627833	0.2	False	0.07
7	['Pt', 'Pd', 'Au', 'Ru', 'Rh', 'Ir', 'Re', 'Os']	20	[0.287 0.256 0.247 0.02  0.015 0.017 0.002 0.148]	[-0.109 -0.028 -0.058  0.015  0.028  0.012 -0.012  0.15 ]	0.74	1.67	1.76	0.42	0.02	0.05	0.01	0.11	0.82	0.37	0.2		0.9601866804245918	0.2	False	0.1
0	['Pt', 'Pd', 'Au', 'Ru', 'Rh', 'Ir', 'Re', 'Os']	21	[0.401 0.277 0.208 0.    0.002 0.    0.008 0.1  ]	[ 0.074  0.016 -0.14  -0.    -0.052 -0.039  0.061  0.081]	0.74	1.67	1.76	0.42	0.02	0.05	0.01	0.11	0.82	0.37	0.2		1.0285979249446653	0.199	False	0.109
1	['Pt', 'Pd', 'Au', 'Ru', 'Rh', 'Ir', 'Re', 'Os']	21	[0.307 0.362 0.247 0.001 0.001 0.003 0.003 0.077]	[-0.123  0.154 -0.007 -0.013 -0.021 -0.001 -0.009  0.02 ]	0.74	1.67	1.76	0.42	0.02	0.05	0.01	0.11	0.82	0.37	0.2		0.9803057814159672	0.2	False	0.133
2	['Pt', 'Pd', 'Au', 'Ru', 'Rh', 'Ir', 'Re', 'Os']	21	[0.373 0.287 0.188 0.    0.008 0.001 0.014 0.122]	[ 0.071  0.08  -0.162 -0.008 -0.017 -0.017  0.041  0.011]	0.74	1.67	1.76	0.42	0.02	0.05	0.01	0.11	0.82	0.37	0.2		1.004865785755685	0.2	False	0.123
3	['Pt', 'Pd', 'Au', 'Ru', 'Rh', 'Ir', 'Re', 'Os']	21	[0.198 0.342 0.293 0.036 0.036 0.036 0.039 0.021]	[-0.089  0.068  0.065  0.033  0.017  0.023  0.027 -0.144]	0.74	1.67	1.76	0.42	0.02	0.05	0.01	0.11	0.82	0.37	0.2		0.735525345212074	0.2	False	0.208
4	['Pt', 'Pd', 'Au', 'Ru', 'Rh', 'Ir', 'Re', 'Os']	21	[0.441 0.324 0.213 0.001 0.012 0.007 0.003 0.004]	[ 0.062 -0.01  -0.027 -0.035 -0.006 -0.029 -0.028  0.073]	0.74	1.67	1.76	0.42	0.02	0.05	0.01	0.11	0.82	0.37	0.2		0.9705293115796167	0.114	False	0.175
5	['Pt', 'Pd', 'Au', 'Ru', 'Rh', 'Ir', 'Re', 'Os']	21	[0.369 0.319 0.18  0.02  0.019 0.014 0.008 0.066]	[ 0.018 -0.005  0.173 -0.039 -0.02  -0.027 -0.018 -0.083]	0.74	1.67	1.76	0.42	0.02	0.05	0.01	0.11	0.82	0.37	0.2		0.9660892000945858	0.2	False	0.147
6	['Pt', 'Pd', 'Au', 'Ru', 'Rh', 'Ir', 'Re', 'Os']	21	[0.395 0.303 0.268 0.003 0.001 0.005 0.001 0.007]	[ 0.089  0.05  -0.087 -0.041 -0.036 -0.061 -0.033  0.119]	0.74	1.67	1.76	0.42	0.02	0.05	0.01	0.11	0.82	0.37	0.2		1.0176032627457776	0.2	False	0.121
7	['Pt', 'Pd', 'Au', 'Ru', 'Rh', 'Ir', 'Re', 'Os']	21	[0.403 0.306 0.252 0.002 0.022 0.007 0.    0.002]	[ 0.113  0.046  0.001 -0.022  0.003  0.018 -0.003 -0.156]	0.74	1.67	1.76	0.42	0.02	0.05	0.01	0.11	0.82	0.37	0.2		0.9960619914549909	0.2	False	0.136
0	['Pt', 'Pd', 'Au', 'Ru', 'Rh', 'Ir', 'Re', 'Os']	22	[0.426 0.266 0.117 0.019 0.026 0.014 0.023 0.104]	[ 0.037 -0.004 -0.094 -0.019  0.027  0.014  0.026  0.013]	0.74	1.67	1.76	0.42	0.02	0.05	0.01	0.11	0.82	0.37	0.2		0.9012927786704383	0.111	False	0.203
1	['Pt', 'Pd', 'Au', 'Ru', 'Rh', 'Ir', 'Re', 'Os']	22	[0.17  0.257 0.271 0.045 0.049 0.04  0.05  0.118]	[-0.137 -0.105  0.024  0.044  0.048  0.037  0.047  0.041]	0.74	1.67	1.76	0.42	0.02	0.05	0.01	0.11	0.82	0.37	0.2		0.6888637735436061	0.2	False	0.205
2	['Pt', 'Pd', 'Au', 'Ru', 'Rh', 'Ir', 'Re', 'Os']	22	[0.412 0.295 0.239 0.004 0.002 0.011 0.007 0.024]	[ 0.025 -0.019  0.041 -0.037 -0.026 -0.064 -0.079  0.158]	0.74	1.67	1.76	0.42	0.02	0.05	0.01	0.11	0.82	0.37	0.2		1.009471038930824	0.2	False	0.125
3	['Pt', 'Pd', 'Au', 'Ru', 'Rh', 'Ir', 'Re', 'Os']	22	[0.357 0.272 0.239 0.064 0.    0.002 0.002 0.063]	[ 0.152 -0.079 -0.063  0.02  -0.045  0.029 -0.046  0.034]	0.74	1.67	1.76	0.42	0.02	0.05	0.01	0.11	0.82	0.37	0.2		1.0221596566346685	0.2	False	0.099
4	['Pt', 'Pd', 'Au', 'Ru', 'Rh', 'Ir', 'Re', 'Os']	22	[0.361 0.251 0.208 0.002 0.007 0.002 0.009 0.165]	[-0.082 -0.075 -0.005 -0.005  0.015  0.006 -0.017  0.164]	0.74	1.67	1.76	0.42	0.02	0.05	0.01	0.11	0.82	0.37	0.2		1.0078457647804726	0.2	False	0.114
5	['Pt', 'Pd', 'Au', 'Ru', 'Rh', 'Ir', 'Re', 'Os']	22	[0.383 0.242 0.311 0.026 0.012 0.004 0.004 0.014]	[ 0.015 -0.084  0.143  0.037  0.024 -0.011 -0.026 -0.098]	0.74	1.67	1.76	0.42	0.02	0.05	0.01	0.11	0.82	0.37	0.2		1.014227952678785	0.2	False	0.098
6	['Pt', 'Pd', 'Au', 'Ru', 'Rh', 'Ir', 'Re', 'Os']	22	[0.433 0.272 0.141 0.    0.002 0.015 0.004 0.117]	[ 0.078 -0.003 -0.117 -0.023 -0.015 -0.04  -0.014  0.133]	0.74	1.67	1.76	0.42	0.02	0.05	0.01	0.11	0.82	0.37	0.2		0.9473459590597595	0.2	False	0.182
7	['Pt', 'Pd', 'Au', 'Ru', 'Rh', 'Ir', 'Re', 'Os']	22	[0.438 0.22  0.211 0.001 0.047 0.014 0.004 0.06 ]	[ 0.037 -0.096 -0.046 -0.005  0.059 -0.014  0.003  0.062]	0.74	1.67	1.76	0.42	0.02	0.05	0.01	0.11	0.82	0.37	0.2		0.9544201718250098	0.142	False	0.143
0	['Pt', 'Pd', 'Au', 'Ru', 'Rh', 'Ir', 'Re', 'Os']	23	[0.35  0.277 0.284 0.024 0.008 0.001 0.003 0.048]	[-0.094 -0.004  0.159 -0.01   0.017 -0.     0.005 -0.073]	0.74	1.67	1.76	0.42	0.02	0.05	0.01	0.11	0.82	0.37	0.2		1.033557307477299	0.2	False	0.066
1	['Pt', 'Pd', 'Au', 'Ru', 'Rh', 'Ir', 'Re', 'Os']	23	[0.353 0.225 0.259 0.045 0.021 0.012 0.018 0.067]	[ 0.183 -0.032 -0.012 -0.    -0.028 -0.028 -0.032 -0.051]	0.74	1.67	1.76	0.42	0.02	0.05	0.01	0.11	0.82	0.37	0.2		0.9853007759330854	0.2	False	0.08
2	['Pt', 'Pd', 'Au', 'Ru', 'Rh', 'Ir', 'Re', 'Os']	23	[0.28  0.229 0.275 0.037 0.008 0.015 0.026 0.121]	[-0.142 -0.07   0.04   0.037 -0.013  0.018  0.024  0.106]	0.74	1.67	1.76	0.42	0.02	0.05	0.01	0.11	0.82	0.37	0.2		0.9425460488329165	0.201	False	0.093
3	['Pt', 'Pd', 'Au', 'Ru', 'Rh', 'Ir', 'Re', 'Os']	23	[0.485 0.206 0.244 0.027 0.    0.03  0.003 0.005]	[ 0.128 -0.115 -0.026  0.069 -0.043  0.003 -0.046  0.029]	0.74	1.67	1.76	0.42	0.02	0.05	0.01	0.11	0.82	0.37	0.2		0.9302748073383866	0.2	False	0.184
4	['Pt', 'Pd', 'Au', 'Ru', 'Rh', 'Ir', 'Re', 'Os']	23	[0.372 0.205 0.291 0.086 0.008 0.023 0.007 0.012]	[ 0.011 -0.046  0.083  0.084  0.001  0.021 -0.002 -0.153]	0.74	1.67	1.76	0.42	0.02	0.05	0.01	0.11	0.82	0.37	0.2		0.9448884332534819	0.2	False	0.136
5	['Pt', 'Pd', 'Au', 'Ru', 'Rh', 'Ir', 'Re', 'Os']	23	[0.389 0.237 0.318 0.03  0.01  0.    0.003 0.008]	[ 0.011 -0.009  0.012  0.075 -0.053 -0.016 -0.011 -0.011]	0.74	1.67	1.76	0.42	0.02	0.05	0.01	0.11	0.82	0.37	0.2		1.0142843405178867	0.096	False	0.107
6	['Pt', 'Pd', 'Au', 'Ru', 'Rh', 'Ir', 'Re', 'Os']	23	[0.361 0.285 0.283 0.03  0.001 0.013 0.004 0.01 ]	[-0.078  0.009  0.141  0.026 -0.005  0.019  0.001 -0.114]	0.74	1.67	1.76	0.42	0.02	0.05	0.01	0.11	0.82	0.37	0.2		1.0047151789989939	0.2	False	0.104
7	['Pt', 'Pd', 'Au', 'Ru', 'Rh', 'Ir', 'Re', 'Os']	23	[0.325 0.307 0.145 0.086 0.017 0.068 0.009 0.037]	[-0.127  0.078 -0.079  0.076  0.049  0.044 -0.006 -0.035]	0.74	1.67	1.76	0.42	0.02	0.05	0.01	0.11	0.82	0.37	0.2		0.8119090254685278	0.2	False	0.21
0	['Pt', 'Pd', 'Au', 'Ru', 'Rh', 'Ir', 'Re', 'Os']	24	[0.275 0.279 0.415 0.004 0.018 0.002 0.    0.003]	[-0.09  -0.01   0.123 -0.033 -0.002 -0.01  -0.016  0.039]	0.74	1.67	1.76	0.42	0.02	0.05	0.01	0.11	0.82	0.37	0.2		0.901296155629951	0.162	False	0.172
1	['Pt', 'Pd', 'Au', 'Ru', 'Rh', 'Ir', 'Re', 'Os']	24	[0.509 0.187 0.28  0.001 0.013 0.006 0.002 0.001]	[ 0.158 -0.056  0.009  0.03  -0.056 -0.     0.003 -0.087]	0.74	1.67	1.76	0.42	0.02	0.05	0.01	0.11	0.82	0.37	0.2		0.9326936234278167	0.2	False	0.199
2	['Pt', 'Pd', 'Au', 'Ru', 'Rh', 'Ir', 'Re', 'Os']	24	[0.369 0.31  0.292 0.001 0.003 0.    0.013 0.001]	[ 0.075  0.064 -0.03  -0.11  -0.057 -0.044 -0.006  0.109]	0.74	1.67	1.76	0.42	0.02	0.05	0.01	0.11	0.82	0.37	0.2		1.0135157607413627	0.2	False	0.118
3	['Pt', 'Pd', 'Au', 'Ru', 'Rh', 'Ir', 'Re', 'Os']	24	[0.333 0.258 0.271 0.013 0.001 0.004 0.006 0.112]	[-0.161  0.046  0.02  -0.021 -0.009  0.025 -0.001  0.101]	0.74	1.67	1.76	0.42	0.02	0.05	0.01	0.11	0.82	0.37	0.2		1.0352735534013169	0.2	False	0.039
4	['Pt', 'Pd', 'Au', 'Ru', 'Rh', 'Ir', 'Re', 'Os']	24	[0.363 0.362 0.257 0.007 0.    0.006 0.001 0.007]	[-0.042  0.154 -0.071  0.074 -0.047 -0.016 -0.038 -0.014]	0.74	1.67	1.76	0.42	0.02	0.05	0.01	0.11	0.82	0.37	0.2		0.9856466129101797	0.2	False	0.153
5	['Pt', 'Pd', 'Au', 'Ru', 'Rh', 'Ir', 'Re', 'Os']	24	[0.301 0.298 0.247 0.041 0.023 0.008 0.01  0.065]	[-0.091  0.067 -0.073  0.014  0.027  0.003 -0.01   0.063]	0.74	1.67	1.76	0.42	0.02	0.05	0.01	0.11	0.82	0.37	0.2		0.9660572604041631	0.153	False	0.105
6	['Pt', 'Pd', 'Au', 'Ru', 'Rh', 'Ir', 'Re', 'Os']	24	[0.323 0.289 0.357 0.004 0.001 0.    0.    0.014]	[-0.053 -0.     0.088  0.031 -0.021  0.006 -0.006 -0.045]	0.74	1.67	1.76	0.42	0.02	0.05	0.01	0.11	0.82	0.37	0.2		0.9986819071055795	0.118	False	0.114
7	['Pt', 'Pd', 'Au', 'Ru', 'Rh', 'Ir', 'Re', 'Os']	24	[0.34  0.285 0.311 0.016 0.018 0.008 0.002 0.016]	[-0.004 -0.043  0.155 -0.093 -0.019  0.058 -0.012 -0.042]	0.74	1.67	1.76	0.42	0.02	0.05	0.01	0.11	0.82	0.37	0.2		1.000269387846091	0.2	False	0.096
0	['Pt', 'Pd', 'Au', 'Ru', 'Rh', 'Ir', 'Re', 'Os']	25	[0.336 0.262 0.267 0.011 0.001 0.    0.002 0.12 ]	[ 0.056 -0.022 -0.153  0.002  0.014 -0.007 -0.003  0.112]	0.74	1.67	1.76	0.42	0.02	0.05	0.01	0.11	0.82	0.37	0.2		1.0429491230800647	0.2	False	0.044
1	['Pt', 'Pd', 'Au', 'Ru', 'Rh', 'Ir', 'Re', 'Os']	25	[0.353 0.237 0.253 0.022 0.01  0.006 0.009 0.107]	[-0.159  0.048 -0.03   0.018  0.017 -0.003  0.004  0.104]	0.74	1.67	1.76	0.42	0.02	0.05	0.01	0.11	0.82	0.37	0.2		1.0227348113549428	0.2	False	0.056
2	['Pt', 'Pd', 'Au', 'Ru', 'Rh', 'Ir', 'Re', 'Os']	25	[0.331 0.249 0.224 0.001 0.01  0.004 0.002 0.168]	[-0.039 -0.063 -0.07  -0.002  0.007 -0.01   0.004  0.172]	0.74	1.67	1.76	0.42	0.02	0.05	0.01	0.11	0.82	0.37	0.2		0.9998794099664807	0.2	False	0.104
3	['Pt', 'Pd', 'Au', 'Ru', 'Rh', 'Ir', 'Re', 'Os']	25	[0.215 0.284 0.275 0.021 0.001 0.011 0.004 0.185]	[-0.121  0.026  0.004  0.027 -0.004  0.007 -0.013  0.074]	0.74	1.67	1.76	0.42	0.02	0.05	0.01	0.11	0.82	0.37	0.2		0.8727708194396628	0.148	False	0.167
4	['Pt', 'Pd', 'Au', 'Ru', 'Rh', 'Ir', 'Re', 'Os']	25	[0.326 0.262 0.201 0.028 0.018 0.002 0.004 0.163]	[-0.036 -0.099 -0.055  0.023  0.014  0.001 -0.006  0.159]	0.74	1.67	1.76	0.42	0.02	0.05	0.01	0.11	0.82	0.37	0.2		0.9810664673218101	0.2	False	0.125
5	['Pt', 'Pd', 'Au', 'Ru', 'Rh', 'Ir', 'Re', 'Os']	25	[0.415 0.205 0.147 0.11  0.003 0.003 0.    0.11 ]	[ 0.106 -0.105 -0.112  0.06   0.015  0.    -0.001  0.036]	0.74	1.67	1.76	0.42	0.02	0.05	0.01	0.11	0.82	0.37	0.2		0.9198721304550779	0.2	False	0.205
6	['Pt', 'Pd', 'Au', 'Ru', 'Rh', 'Ir', 'Re', 'Os']	25	[0.385 0.263 0.196 0.019 0.003 0.01  0.001 0.11 ]	[ 0.063 -0.025 -0.16   0.016  0.003  0.007 -0.001  0.097]	0.74	1.67	1.76	0.42	0.02	0.05	0.01	0.11	0.82	0.37	0.2		1.0083551052687871	0.2	False	0.113
7	['Pt', 'Pd', 'Au', 'Ru', 'Rh', 'Ir', 'Re', 'Os']	25	[0.352 0.162 0.281 0.024 0.03  0.005 0.023 0.122]	[ 0.018 -0.136 -0.03   0.034  0.042 -0.017 -0.037  0.125]	0.74	1.67	1.76	0.42	0.02	0.05	0.01	0.11	0.82	0.37	0.2		0.9520428504390692	0.2	False	0.103
0	['Pt', 'Pd', 'Au', 'Ru', 'Rh', 'Ir', 'Re', 'Os']	26	[0.375 0.249 0.158 0.001 0.008 0.006 0.001 0.199]	[ 0.039 -0.013 -0.109 -0.01   0.007  0.004  0.     0.079]	0.74	1.67	1.76	0.42	0.02	0.05	0.01	0.11	0.82	0.37	0.2		0.9526344731464602	0.142	False	0.175
1	['Pt', 'Pd', 'Au', 'Ru', 'Rh', 'Ir', 'Re', 'Os']	26	[0.209 0.31  0.261 0.001 0.002 0.009 0.    0.205]	[-0.147  0.071  0.006 -0.026 -0.015  0.01   0.006  0.096]	0.74	1.67	1.76	0.42	0.02	0.05	0.01	0.11	0.82	0.37	0.2		0.8544612318089779	0.193	False	0.19
2	['Pt', 'Pd', 'Au', 'Ru', 'Rh', 'Ir', 'Re', 'Os']	26	[0.341 0.282 0.316 0.028 0.015 0.001 0.005 0.   ]	[ 0.009  0.032  0.092  0.026  0.018  0.    -0.007 -0.171]	0.74	1.67	1.76	0.42	0.02	0.05	0.01	0.11	0.82	0.37	0.2		0.9945575249859584	0.2	False	0.111
3	['Pt', 'Pd', 'Au', 'Ru', 'Rh', 'Ir', 'Re', 'Os']	26	[0.379 0.245 0.259 0.023 0.001 0.004 0.003 0.082]	[ 0.162 -0.043 -0.02  -0.001 -0.002  0.01   0.002 -0.107]	0.74	1.67	1.76	0.42	0.02	0.05	0.01	0.11	0.82	0.37	0.2		1.0429239232083871	0.2	False	0.059
4	['Pt', 'Pd', 'Au', 'Ru', 'Rh', 'Ir', 'Re', 'Os']	26	[0.397 0.231 0.3   0.008 0.022 0.006 0.006 0.033]	[ 0.071 -0.038  0.101  0.026  0.028 -0.022 -0.024 -0.144]	0.74	1.67	1.76	0.42	0.02	0.05	0.01	0.11	0.82	0.37	0.2		1.0164349477107337	0.2	False	0.088
5	['Pt', 'Pd', 'Au', 'Ru', 'Rh', 'Ir', 'Re', 'Os']	26	[0.401 0.304 0.044 0.    0.06  0.039 0.051 0.094]	[-0.014  0.099 -0.103 -0.11   0.057  0.036  0.051 -0.016]	0.74	1.67	1.76	0.42	0.02	0.05	0.01	0.11	0.82	0.37	0.2		0.7548924279739135	0.2	False	0.281
6	['Pt', 'Pd', 'Au', 'Ru', 'Rh', 'Ir', 'Re', 'Os']	26	[0.335 0.292 0.33  0.01  0.009 0.002 0.002 0.007]	[-0.056  0.028  0.14   0.021 -0.015  0.005 -0.01  -0.112]	0.74	1.67	1.76	0.42	0.02	0.05	0.01	0.11	0.82	0.37	0.2		1.0013321094381664	0.192	False	0.108
7	['Pt', 'Pd', 'Au', 'Ru', 'Rh', 'Ir', 'Re', 'Os']	26	[0.354 0.316 0.252 0.002 0.    0.002 0.027 0.045]	[-0.009  0.159 -0.043 -0.043  0.016 -0.015  0.032 -0.097]	0.74	1.67	1.76	0.42	0.02	0.05	0.01	0.11	0.82	0.37	0.2		1.0162674901531883	0.2	False	0.102
0	['Pt', 'Pd', 'Au', 'Ru', 'Rh', 'Ir', 'Re', 'Os']	27	[0.351 0.254 0.303 0.019 0.003 0.    0.001 0.066]	[-0.027  0.002  0.142  0.015  0.007  0.003 -0.003 -0.137]	0.74	1.67	1.76	0.42	0.02	0.05	0.01	0.11	0.82	0.37	0.2		1.0448858297376789	0.2	False	0.039
1	['Pt', 'Pd', 'Au', 'Ru', 'Rh', 'Ir', 'Re', 'Os']	27	[0.363 0.243 0.264 0.017 0.001 0.005 0.007 0.098]	[ 0.154 -0.067  0.003  0.016 -0.001 -0.004  0.007 -0.107]	0.74	1.67	1.76	0.42	0.02	0.05	0.01	0.11	0.82	0.37	0.2		1.040717065531202	0.2	False	0.043
2	['Pt', 'Pd', 'Au', 'Ru', 'Rh', 'Ir', 'Re', 'Os']	27	[0.408 0.235 0.198 0.001 0.015 0.002 0.005 0.124]	[ 0.066 -0.052 -0.125 -0.033  0.021 -0.004  0.002  0.125]	0.74	1.67	1.76	0.42	0.02	0.05	0.01	0.11	0.82	0.37	0.2		1.0017148076357576	0.2	False	0.122
3	['Pt', 'Pd', 'Au', 'Ru', 'Rh', 'Ir', 'Re', 'Os']	27	[0.487 0.221 0.262 0.003 0.003 0.004 0.002 0.016]	[ 0.104 -0.03  -0.003  0.02  -0.003 -0.006 -0.011 -0.073]	0.74	1.67	1.76	0.42	0.02	0.05	0.01	0.11	0.82	0.37	0.2		0.9774319347770593	0.133	False	0.168
4	['Pt', 'Pd', 'Au', 'Ru', 'Rh', 'Ir', 'Re', 'Os']	27	[0.446 0.103 0.217 0.072 0.008 0.014 0.016 0.128]	[ 0.044 -0.134 -0.089  0.059  0.023  0.003  0.005  0.09 ]	0.74	1.67	1.76	0.42	0.02	0.05	0.01	0.11	0.82	0.37	0.2		0.8593857111205347	0.2	False	0.21
5	['Pt', 'Pd', 'Au', 'Ru', 'Rh', 'Ir', 'Re', 'Os']	27	[0.381 0.27  0.229 0.001 0.023 0.012 0.019 0.058]	[-0.02  -0.034  0.185  0.001 -0.037 -0.027 -0.032 -0.036]	0.74	1.67	1.76	0.42	0.02	0.05	0.01	0.11	0.82	0.37	0.2		1.0001780158860671	0.2	False	0.096
6	['Pt', 'Pd', 'Au', 'Ru', 'Rh', 'Ir', 'Re', 'Os']	27	[0.376 0.154 0.379 0.032 0.03  0.002 0.012 0.002]	[ 0.069 -0.159  0.079 -0.035  0.042 -0.023  0.016  0.01 ]	0.74	1.67	1.76	0.42	0.02	0.05	0.01	0.11	0.82	0.37	0.2		0.9083187344486603	0.2	False	0.167
7	['Pt', 'Pd', 'Au', 'Ru', 'Rh', 'Ir', 'Re', 'Os']	27	[0.413 0.211 0.316 0.018 0.001 0.001 0.034 0.005]	[ 0.061 -0.114  0.066  0.015 -0.01  -0.009  0.051 -0.061]	0.74	1.67	1.76	0.42	0.02	0.05	0.01	0.11	0.82	0.37	0.2		0.9938602281746101	0.166	False	0.127
0	['Pt', 'Pd', 'Au', 'Ru', 'Rh', 'Ir', 'Re', 'Os']	28	[0.341 0.228 0.384 0.004 0.005 0.001 0.004 0.03 ]	[-0.014 -0.034  0.096 -0.048 -0.034 -0.03  -0.035  0.098]	0.74	1.67	1.76	0.42	0.02	0.05	0.01	0.11	0.82	0.37	0.2		0.990970602938487	0.16	False	0.112
1	['Pt', 'Pd', 'Au', 'Ru', 'Rh', 'Ir', 'Re', 'Os']	28	[0.283 0.23  0.381 0.039 0.019 0.005 0.013 0.033]	[-0.118 -0.042  0.105 -0.002 -0.007 -0.027 -0.02   0.111]	0.74	1.67	1.76	0.42	0.02	0.05	0.01	0.11	0.82	0.37	0.2		0.915454603814313	0.2	False	0.134
2	['Pt', 'Pd', 'Au', 'Ru', 'Rh', 'Ir', 'Re', 'Os']	28	[0.313 0.287 0.334 0.016 0.001 0.002 0.005 0.03 ]	[-0.1    0.048  0.133  0.011  0.011 -0.008  0.004 -0.099]	0.74	1.67	1.76	0.42	0.02	0.05	0.01	0.11	0.82	0.37	0.2		1.0006864659358414	0.2	False	0.095
3	['Pt', 'Pd', 'Au', 'Ru', 'Rh', 'Ir', 'Re', 'Os']	28	[0.311 0.265 0.301 0.026 0.    0.009 0.004 0.086]	[-0.178  0.042  0.037  0.021  0.001  0.003  0.003  0.068]	0.74	1.67	1.76	0.42	0.02	0.05	0.01	0.11	0.82	0.37	0.2		1.0141348370048087	0.2	False	0.052
4	['Pt', 'Pd', 'Au', 'Ru', 'Rh', 'Ir', 'Re', 'Os']	28	[0.349 0.256 0.236 0.09  0.003 0.006 0.002 0.062]	[-0.108  0.148  0.011  0.01   0.     0.009  0.008 -0.077]	0.74	1.67	1.76	0.42	0.02	0.05	0.01	0.11	0.82	0.37	0.2		0.9961240374653149	0.2	False	0.117
5	['Pt', 'Pd', 'Au', 'Ru', 'Rh', 'Ir', 'Re', 'Os']	28	[0.314 0.281 0.363 0.001 0.012 0.005 0.003 0.014]	[-0.083  0.007  0.15  -0.019  0.025  0.005  0.012 -0.097]	0.74	1.67	1.76	0.42	0.02	0.05	0.01	0.11	0.82	0.37	0.2		0.9776913433236356	0.2	False	0.117
6	['Pt', 'Pd', 'Au', 'Ru', 'Rh', 'Ir', 'Re', 'Os']	28	[0.378 0.286 0.256 0.007 0.005 0.001 0.001 0.05 ]	[-0.014  0.126 -0.148  0.022  0.006 -0.019 -0.008  0.036]	0.74	1.67	1.76	0.42	0.02	0.05	0.01	0.11	0.82	0.37	0.2		1.039539181027488	0.2	False	0.081
7	['Pt', 'Pd', 'Au', 'Ru', 'Rh', 'Ir', 'Re', 'Os']	28	[0.254 0.305 0.291 0.002 0.011 0.018 0.06  0.059]	[-0.16   0.097 -0.024 -0.02   0.009  0.014  0.028  0.056]	0.74	1.67	1.76	0.42	0.02	0.05	0.01	0.11	0.82	0.37	0.2		0.895469660280056	0.2	False	0.134
0	['Pt', 'Pd', 'Au', 'Ru', 'Rh', 'Ir', 'Re', 'Os']	29	[0.368 0.285 0.217 0.008 0.001 0.002 0.007 0.112]	[ 0.028  0.058 -0.168 -0.013  0.003  0.001  0.008  0.084]	0.74	1.67	1.76	0.42	0.02	0.05	0.01	0.11	0.82	0.37	0.2		1.031850747166643	0.2	False	0.093
1	['Pt', 'Pd', 'Au', 'Ru', 'Rh', 'Ir', 'Re', 'Os']	29	[0.377 0.26  0.242 0.003 0.    0.001 0.001 0.12 ]	[ 0.08   0.013 -0.166  0.018  0.    -0.014 -0.005  0.073]	0.74	1.67	1.76	0.42	0.02	0.05	0.01	0.11	0.82	0.37	0.2		1.0498344718712422	0.2	False	0.068
2	['Pt', 'Pd', 'Au', 'Ru', 'Rh', 'Ir', 'Re', 'Os']	29	[0.443 0.269 0.186 0.014 0.029 0.006 0.007 0.034]	[ 0.129 -0.019 -0.149 -0.003  0.027  0.003  0.009  0.003]	0.74	1.67	1.76	0.42	0.02	0.05	0.01	0.11	0.82	0.37	0.2		0.958147342582014	0.2	False	0.166
3	['Pt', 'Pd', 'Au', 'Ru', 'Rh', 'Ir', 'Re', 'Os']	29	[0.205 0.356 0.205 0.012 0.06  0.024 0.038 0.101]	[-0.106  0.091 -0.096 -0.014  0.06   0.015  0.034  0.015]	0.74	1.67	1.76	0.42	0.02	0.05	0.01	0.11	0.82	0.37	0.2		0.7466541200234433	0.185	False	0.217
4	['Pt', 'Pd', 'Au', 'Ru', 'Rh', 'Ir', 'Re', 'Os']	29	[0.326 0.342 0.215 0.048 0.    0.009 0.012 0.051]	[-0.039  0.099 -0.036  0.141 -0.041 -0.044 -0.057 -0.024]	0.74	1.67	1.76	0.42	0.02	0.05	0.01	0.11	0.82	0.37	0.2		0.9670497356479464	0.2	False	0.146
5	['Pt', 'Pd', 'Au', 'Ru', 'Rh', 'Ir', 'Re', 'Os']	29	[0.44  0.299 0.215 0.011 0.005 0.017 0.003 0.002]	[ 0.131  0.022 -0.146  0.014 -0.021  0.019  0.001 -0.02 ]	0.74	1.67	1.76	0.42	0.02	0.05	0.01	0.11	0.82	0.37	0.2		0.9676108210694023	0.2	False	0.167
6	['Pt', 'Pd', 'Au', 'Ru', 'Rh', 'Ir', 'Re', 'Os']	29	[0.358 0.36  0.159 0.008 0.004 0.009 0.016 0.071]	[-0.019  0.078 -0.098  0.003 -0.008  0.007  0.013  0.023]	0.74	1.67	1.76	0.42	0.02	0.05	0.01	0.11	0.82	0.37	0.2		0.9375671883286583	0.129	False	0.182
7	['Pt', 'Pd', 'Au', 'Ru', 'Rh', 'Ir', 'Re', 'Os']	29	[0.364 0.233 0.204 0.004 0.016 0.026 0.129 0.023]	[ 0.119 -0.084 -0.1   -0.012  0.015  0.032  0.073 -0.044]	0.74	1.67	1.76	0.42	0.02	0.05	0.01	0.11	0.82	0.37	0.2		0.8500816684291146	0.2	False	0.182
0	['Pt', 'Pd', 'Au', 'Ru', 'Rh', 'Ir', 'Re', 'Os']	30	[0.375 0.215 0.287 0.    0.005 0.001 0.007 0.11 ]	[ 0.006 -0.073  0.071  0.002 -0.01  -0.002  0.01  -0.003]	0.74	1.67	1.76	0.42	0.02	0.05	0.01	0.11	0.82	0.37	0.2		1.0401495886620347	0.104	False	0.047
1	['Pt', 'Pd', 'Au', 'Ru', 'Rh', 'Ir', 'Re', 'Os']	30	[0.449 0.251 0.121 0.002 0.001 0.008 0.001 0.172]	[ 0.073 -0.009 -0.121 -0.001 -0.002  0.006  0.     0.053]	0.74	1.67	1.76	0.42	0.02	0.05	0.01	0.11	0.82	0.37	0.2		0.9165222341286483	0.151	False	0.217
2	['Pt', 'Pd', 'Au', 'Ru', 'Rh', 'Ir', 'Re', 'Os']	30	[0.358 0.29  0.088 0.023 0.015 0.024 0.017 0.175]	[-0.093  0.014 -0.106  0.002  0.033  0.011  0.003  0.136]	0.74	1.67	1.76	0.42	0.02	0.05	0.01	0.11	0.82	0.37	0.2		0.8568920613181508	0.2	False	0.232
3	['Pt', 'Pd', 'Au', 'Ru', 'Rh', 'Ir', 'Re', 'Os']	30	[0.37  0.268 0.234 0.002 0.009 0.004 0.007 0.107]	[ 0.165 -0.088  0.029 -0.01  -0.051 -0.02  -0.031  0.006]	0.74	1.67	1.76	0.42	0.02	0.05	0.01	0.11	0.82	0.37	0.2		1.0352180684583174	0.2	False	0.073
4	['Pt', 'Pd', 'Au', 'Ru', 'Rh', 'Ir', 'Re', 'Os']	30	[0.23  0.268 0.274 0.026 0.002 0.001 0.009 0.195]	[-0.101 -0.079  0.055 -0.026 -0.007  0.002  0.014  0.141]	0.74	1.67	1.76	0.42	0.02	0.05	0.01	0.11	0.82	0.37	0.2		0.9012532116159271	0.2	False	0.159
5	['Pt', 'Pd', 'Au', 'Ru', 'Rh', 'Ir', 'Re', 'Os']	30	[0.367 0.19  0.276 0.008 0.001 0.014 0.005 0.132]	[-0.079 -0.115  0.058 -0.007  0.     0.022 -0.008  0.129]	0.74	1.67	1.76	0.42	0.02	0.05	0.01	0.11	0.82	0.37	0.2		1.0043240776186095	0.2	False	0.076
6	['Pt', 'Pd', 'Au', 'Ru', 'Rh', 'Ir', 'Re', 'Os']	30	[0.381 0.212 0.277 0.004 0.    0.002 0.01  0.1  ]	[ 0.018 -0.158  0.116 -0.007 -0.008 -0.002  0.016  0.024]	0.74	1.67	1.76	0.42	0.02	0.05	0.01	0.11	0.82	0.37	0.2		1.0356911348346418	0.2	False	0.055
7	['Pt', 'Pd', 'Au', 'Ru', 'Rh', 'Ir', 'Re', 'Os']	30	[0.318 0.266 0.282 0.014 0.002 0.004 0.025 0.089]	[-0.092  0.002  0.055 -0.026 -0.054 -0.064  0.138  0.041]	0.74	1.67	1.76	0.42	0.02	0.05	0.01	0.11	0.82	0.37	0.2		1.0167855458622734	0.2	False	0.051
