ID	Elements	Generation	Position	Velocity	F_damp	F_b_best	F_h_best	F_g_best	F_b_worst	F_h_worst	F_g_worst	mut_prob	flip_prob	mut_rate	v_max	v_min	Activity	Velocity_mag	Flag	Distance
0	['Pt', 'Pd', 'Au', 'Ru', 'Rh', 'Ir', 'Re', 'Os']	0	[0.79 0.03 0.03 0.03 0.03 0.03 0.03 0.03]	[-0.187  0.027  0.027  0.027  0.027  0.027  0.027  0.027]	0.43	0.02	0.07	1.18	1.97	1.09	0.22	0.11	0.13	0.04	0.2		0.4429187652207028	0.2	False	0.569
1	['Pt', 'Pd', 'Au', 'Ru', 'Rh', 'Ir', 'Re', 'Os']	0	[0.03 0.79 0.03 0.03 0.03 0.03 0.03 0.03]	[ 0.027 -0.187  0.027  0.027  0.027  0.027  0.027  0.027]	0.43	0.02	0.07	1.18	1.97	1.09	0.22	0.11	0.13	0.04	0.2		0.20560014505118765	0.2	False	0.689
2	['Pt', 'Pd', 'Au', 'Ru', 'Rh', 'Ir', 'Re', 'Os']	0	[0.03 0.03 0.79 0.03 0.03 0.03 0.03 0.03]	[ 0.027  0.027 -0.187  0.027  0.027  0.027  0.027  0.027]	0.43	0.02	0.07	1.18	1.97	1.09	0.22	0.11	0.13	0.04	0.2		0.2149894158498778	0.2	False	0.632
3	['Pt', 'Pd', 'Au', 'Ru', 'Rh', 'Ir', 'Re', 'Os']	0	[0.03 0.03 0.03 0.79 0.03 0.03 0.03 0.03]	[ 0.027  0.027  0.027 -0.187  0.027  0.027  0.027  0.027]	0.43	0.02	0.07	1.18	1.97	1.09	0.22	0.11	0.13	0.04	0.2		0.12265296114671781	0.2	False	0.925
4	['Pt', 'Pd', 'Au', 'Ru', 'Rh', 'Ir', 'Re', 'Os']	0	[0.03 0.03 0.03 0.03 0.79 0.03 0.03 0.03]	[ 0.027  0.027  0.027  0.027 -0.187  0.027  0.027  0.027]	0.43	0.02	0.07	1.18	1.97	1.09	0.22	0.11	0.13	0.04	0.2		0.2961943697576309	0.2	False	0.925
5	['Pt', 'Pd', 'Au', 'Ru', 'Rh', 'Ir', 'Re', 'Os']	0	[0.03 0.03 0.03 0.03 0.03 0.79 0.03 0.03]	[ 0.027  0.027  0.027  0.027  0.027 -0.187  0.027  0.027]	0.43	0.02	0.07	1.18	1.97	1.09	0.22	0.11	0.13	0.04	0.2		0.3414716944973704	0.2	False	0.925
6	['Pt', 'Pd', 'Au', 'Ru', 'Rh', 'Ir', 'Re', 'Os']	0	[0.03 0.03 0.03 0.03 0.03 0.03 0.79 0.03]	[ 0.027  0.027  0.027  0.027  0.027  0.027 -0.187  0.027]	0.43	0.02	0.07	1.18	1.97	1.09	0.22	0.11	0.13	0.04	0.2		0.3145140039050876	0.2	False	0.925
7	['Pt', 'Pd', 'Au', 'Ru', 'Rh', 'Ir', 'Re', 'Os']	0	[0.03 0.03 0.03 0.03 0.03 0.03 0.03 0.79]	[ 0.027  0.027  0.027  0.027  0.027  0.027  0.027 -0.187]	0.43	0.02	0.07	1.18	1.97	1.09	0.22	0.11	0.13	0.04	0.2		0.32838217395326336	0.2	False	0.839
0	['Pt', 'Pd', 'Au', 'Ru', 'Rh', 'Ir', 'Re', 'Os']	1	[0.889 0.    0.    0.113 0.    0.    0.    0.   ]	[ 0.116 -0.041 -0.041  0.128 -0.041 -0.041 -0.041 -0.041]	0.43	0.02	0.07	1.18	1.97	1.09	0.22	0.11	0.13	0.04	0.2		0.38965628272014036	0.2	False	0.682
1	['Pt', 'Pd', 'Au', 'Ru', 'Rh', 'Ir', 'Re', 'Os']	1	[0.137 0.752 0.    0.113 0.    0.    0.    0.   ]	[ 0.121 -0.048 -0.039  0.124 -0.039 -0.039 -0.039 -0.039]	0.43	0.02	0.07	1.18	1.97	1.09	0.22	0.11	0.13	0.04	0.2		0.30534496762090846	0.2	False	0.64
2	['Pt', 'Pd', 'Au', 'Ru', 'Rh', 'Ir', 'Re', 'Os']	1	[0.137 0.    0.752 0.113 0.    0.    0.    0.   ]	[ 0.121 -0.039 -0.048  0.124 -0.039 -0.039 -0.039 -0.039]	0.43	0.02	0.07	1.18	1.97	1.09	0.22	0.11	0.13	0.04	0.2		0.28435785161840876	0.2	False	0.579
3	['Pt', 'Pd', 'Au', 'Ru', 'Rh', 'Ir', 'Re', 'Os']	1	[0.166 0.032 0.032 0.644 0.032 0.032 0.032 0.032]	[ 0.136  0.002  0.002 -0.146  0.002  0.002  0.002  0.002]	0.43	0.02	0.07	1.18	1.97	1.09	0.22	0.11	0.13	0.04	0.2		0.17094157337471805	0.2	False	0.759
4	['Pt', 'Pd', 'Au', 'Ru', 'Rh', 'Ir', 'Re', 'Os']	1	[0.137 0.    0.    0.113 0.752 0.    0.    0.   ]	[ 0.121 -0.039 -0.039  0.124 -0.048 -0.039 -0.039 -0.039]	0.43	0.02	0.07	1.18	1.97	1.09	0.22	0.11	0.13	0.04	0.2		0.2998657091594889	0.2	False	0.887
5	['Pt', 'Pd', 'Au', 'Ru', 'Rh', 'Ir', 'Re', 'Os']	1	[0.137 0.    0.    0.113 0.    0.752 0.    0.   ]	[ 0.121 -0.039 -0.039  0.124 -0.039 -0.048 -0.039 -0.039]	0.43	0.02	0.07	1.18	1.97	1.09	0.22	0.11	0.13	0.04	0.2		0.3376637341410425	0.2	False	0.887
6	['Pt', 'Pd', 'Au', 'Ru', 'Rh', 'Ir', 'Re', 'Os']	1	[0.137 0.    0.    0.113 0.    0.    0.752 0.   ]	[ 0.121 -0.039 -0.039  0.124 -0.039 -0.039 -0.048 -0.039]	0.43	0.02	0.07	1.18	1.97	1.09	0.22	0.11	0.13	0.04	0.2		0.3164206579954691	0.2	False	0.887
7	['Pt', 'Pd', 'Au', 'Ru', 'Rh', 'Ir', 'Re', 'Os']	1	[0.137 0.    0.    0.113 0.    0.    0.    0.752]	[ 0.121 -0.039 -0.039  0.124 -0.039 -0.039 -0.039 -0.048]	0.43	0.02	0.07	1.18	1.97	1.09	0.22	0.11	0.13	0.04	0.2		0.33713181074621296	0.2	False	0.797
0	['Pt', 'Pd', 'Au', 'Ru', 'Rh', 'Ir', 'Re', 'Os']	2	[0.756 0.041 0.041 0.002 0.041 0.041 0.041 0.041]	[-0.133  0.041  0.041 -0.111  0.041  0.041  0.041  0.041]	0.43	0.02	0.07	1.18	1.97	1.09	0.22	0.11	0.13	0.04	0.2		0.46468152283787556	0.2	False	0.533
1	['Pt', 'Pd', 'Au', 'Ru', 'Rh', 'Ir', 'Re', 'Os']	2	[0.284 0.718 0.    0.    0.    0.    0.    0.   ]	[ 0.16  -0.026 -0.003 -0.117 -0.003 -0.003 -0.003 -0.003]	0.43	0.02	0.07	1.18	1.97	1.09	0.22	0.11	0.13	0.04	0.2		0.423178062323604	0.2	False	0.569
2	['Pt', 'Pd', 'Au', 'Ru', 'Rh', 'Ir', 'Re', 'Os']	2	[0.286 0.    0.719 0.    0.    0.    0.    0.   ]	[ 0.161 -0.004 -0.026 -0.116 -0.004 -0.004 -0.004 -0.004]	0.43	0.02	0.07	1.18	1.97	1.09	0.22	0.11	0.13	0.04	0.2		0.42998863415636407	0.2	False	0.502
3	['Pt', 'Pd', 'Au', 'Ru', 'Rh', 'Ir', 'Re', 'Os']	2	[0.26  0.    0.    0.741 0.    0.    0.    0.   ]	[ 0.12  -0.041 -0.041  0.126 -0.041 -0.041 -0.041 -0.041]	0.43	0.02	0.07	1.18	1.97	1.09	0.22	0.11	0.13	0.04	0.2		0.2018205818492164	0.2	False	0.848
4	['Pt', 'Pd', 'Au', 'Ru', 'Rh', 'Ir', 'Re', 'Os']	2	[0.284 0.    0.    0.    0.718 0.    0.    0.   ]	[ 0.16  -0.003 -0.003 -0.117 -0.026 -0.003 -0.003 -0.003]	0.43	0.02	0.07	1.18	1.97	1.09	0.22	0.11	0.13	0.04	0.2		0.317404042462553	0.2	False	0.826
5	['Pt', 'Pd', 'Au', 'Ru', 'Rh', 'Ir', 'Re', 'Os']	2	[0.264 0.    0.    0.004 0.    0.733 0.    0.   ]	[ 0.132 -0.041 -0.041  0.113 -0.041 -0.042 -0.041 -0.041]	0.43	0.02	0.07	1.18	1.97	1.09	0.22	0.11	0.13	0.04	0.2		0.3496477390068876	0.2	False	0.841
6	['Pt', 'Pd', 'Au', 'Ru', 'Rh', 'Ir', 'Re', 'Os']	2	[0.276 0.    0.    0.001 0.    0.    0.728 0.   ]	[ 0.157 -0.004 -0.004 -0.124 -0.004 -0.004 -0.012 -0.004]	0.43	0.02	0.07	1.18	1.97	1.09	0.22	0.11	0.13	0.04	0.2		0.32448674539283345	0.2	False	0.835
7	['Pt', 'Pd', 'Au', 'Ru', 'Rh', 'Ir', 'Re', 'Os']	2	[0.281 0.    0.    0.002 0.    0.    0.004 0.715]	[ 0.157 -0.    -0.    -0.12  -0.    -0.    -0.006 -0.029]	0.43	0.02	0.07	1.18	1.97	1.09	0.22	0.11	0.13	0.04	0.2		0.3685493364679415	0.2	False	0.732
0	['Pt', 'Pd', 'Au', 'Ru', 'Rh', 'Ir', 'Re', 'Os']	3	[0.76  0.01  0.01  0.183 0.01  0.01  0.01  0.01 ]	[ 0.013 -0.033 -0.033  0.183 -0.033 -0.033 -0.033 -0.033]	0.43	0.02	0.07	1.18	1.97	1.09	0.22	0.11	0.13	0.04	0.2		0.4279691861237507	0.2	False	0.593
1	['Pt', 'Pd', 'Au', 'Ru', 'Rh', 'Ir', 'Re', 'Os']	3	[0.333 0.608 0.    0.065 0.    0.    0.    0.   ]	[ 0.134 -0.05  -0.039  0.109 -0.039 -0.039 -0.039 -0.039]	0.43	0.02	0.07	1.18	1.97	1.09	0.22	0.11	0.13	0.04	0.2		0.5453824362901657	0.199	False	0.482
2	['Pt', 'Pd', 'Au', 'Ru', 'Rh', 'Ir', 'Re', 'Os']	3	[0.332 0.    0.607 0.066 0.    0.    0.    0.   ]	[ 0.132 -0.039 -0.05   0.112 -0.039 -0.039 -0.039 -0.039]	0.43	0.02	0.07	1.18	1.97	1.09	0.22	0.11	0.13	0.04	0.2		0.5356864711108726	0.2	False	0.414
3	['Pt', 'Pd', 'Au', 'Ru', 'Rh', 'Ir', 'Re', 'Os']	3	[0.402 0.    0.    0.601 0.    0.    0.    0.   ]	[ 0.148 -0.002 -0.002 -0.135 -0.002 -0.002 -0.002 -0.002]	0.43	0.02	0.07	1.18	1.97	1.09	0.22	0.11	0.13	0.04	0.2		0.30208925884630505	0.2	False	0.726
4	['Pt', 'Pd', 'Au', 'Ru', 'Rh', 'Ir', 'Re', 'Os']	3	[0.33  0.    0.    0.066 0.606 0.    0.    0.   ]	[ 0.132 -0.039 -0.039  0.112 -0.05  -0.039 -0.039 -0.039]	0.43	0.02	0.07	1.18	1.97	1.09	0.22	0.11	0.13	0.04	0.2		0.3120585334969817	0.2	False	0.731
5	['Pt', 'Pd', 'Au', 'Ru', 'Rh', 'Ir', 'Re', 'Os']	3	[0.288 0.    0.    0.084 0.    0.631 0.    0.   ]	[ 0.109 -0.041 -0.041  0.135 -0.041 -0.041 -0.041 -0.041]	0.43	0.02	0.07	1.18	1.97	1.09	0.22	0.11	0.13	0.04	0.2		0.32906826464941136	0.2	False	0.756
6	['Pt', 'Pd', 'Au', 'Ru', 'Rh', 'Ir', 'Re', 'Os']	3	[0.321 0.    0.    0.066 0.    0.    0.619 0.   ]	[ 0.131 -0.039 -0.039  0.113 -0.039 -0.039 -0.047 -0.039]	0.43	0.02	0.07	1.18	1.97	1.09	0.22	0.11	0.13	0.04	0.2		0.3255654060456006	0.2	False	0.742
7	['Pt', 'Pd', 'Au', 'Ru', 'Rh', 'Ir', 'Re', 'Os']	3	[0.33  0.    0.    0.066 0.    0.    0.001 0.605]	[ 0.132 -0.038 -0.038  0.112 -0.038 -0.038 -0.041 -0.051]	0.43	0.02	0.07	1.18	1.97	1.09	0.22	0.11	0.13	0.04	0.2		0.39937596006841025	0.2	False	0.642
0	['Pt', 'Pd', 'Au', 'Ru', 'Rh', 'Ir', 'Re', 'Os']	4	[0.712 0.169 0.01  0.072 0.01  0.01  0.01  0.01 ]	[-0.048  0.159  0.    -0.111  0.     0.     0.     0.   ]	0.43	0.02	0.07	1.18	1.97	1.09	0.22	0.11	0.13	0.04	0.2		0.5382995880473155	0.2	False	0.485
1	['Pt', 'Pd', 'Au', 'Ru', 'Rh', 'Ir', 'Re', 'Os']	4	[0.387 0.615 0.    0.003 0.    0.    0.    0.   ]	[ 0.113  0.043 -0.053  0.108 -0.053 -0.053 -0.053 -0.053]	0.43	0.02	0.07	1.18	1.97	1.09	0.22	0.11	0.13	0.04	0.2		0.5528558718824195	0.2	False	0.484
2	['Pt', 'Pd', 'Au', 'Ru', 'Rh', 'Ir', 'Re', 'Os']	4	[0.402 0.076 0.509 0.013 0.001 0.001 0.001 0.001]	[ 0.082  0.09  -0.122  0.079 -0.032 -0.032 -0.032 -0.032]	0.43	0.02	0.07	1.18	1.97	1.09	0.22	0.11	0.13	0.04	0.2		0.763123363429024	0.2	False	0.294
3	['Pt', 'Pd', 'Au', 'Ru', 'Rh', 'Ir', 'Re', 'Os']	4	[0.504 0.059 0.    0.441 0.    0.    0.    0.   ]	[ 0.117  0.053 -0.003 -0.153 -0.003 -0.003 -0.003 -0.003]	0.43	0.02	0.07	1.18	1.97	1.09	0.22	0.11	0.13	0.04	0.2		0.4358587987888546	0.2	False	0.596
4	['Pt', 'Pd', 'Au', 'Ru', 'Rh', 'Ir', 'Re', 'Os']	4	[0.399 0.076 0.001 0.013 0.509 0.001 0.001 0.001]	[ 0.081  0.09  -0.032  0.08  -0.121 -0.032 -0.032 -0.032]	0.43	0.02	0.07	1.18	1.97	1.09	0.22	0.11	0.13	0.04	0.2		0.3553170387070601	0.2	False	0.625
5	['Pt', 'Pd', 'Au', 'Ru', 'Rh', 'Ir', 'Re', 'Os']	4	[0.258 0.109 0.002 0.03  0.002 0.597 0.002 0.002]	[-0.038  0.128 -0.041  0.116 -0.041 -0.043 -0.041 -0.041]	0.43	0.02	0.07	1.18	1.97	1.09	0.22	0.11	0.13	0.04	0.2		0.32800817979535757	0.2	False	0.696
6	['Pt', 'Pd', 'Au', 'Ru', 'Rh', 'Ir', 'Re', 'Os']	4	[0.387 0.075 0.001 0.013 0.001 0.001 0.523 0.001]	[ 0.08   0.091 -0.033  0.081 -0.033 -0.033 -0.12  -0.033]	0.43	0.02	0.07	1.18	1.97	1.09	0.22	0.11	0.13	0.04	0.2		0.36076991973053346	0.2	False	0.636
7	['Pt', 'Pd', 'Au', 'Ru', 'Rh', 'Ir', 'Re', 'Os']	4	[0.402 0.077 0.    0.011 0.    0.    0.004 0.507]	[ 0.084  0.09  -0.031  0.076 -0.031 -0.031 -0.032 -0.124]	0.43	0.02	0.07	1.18	1.97	1.09	0.22	0.11	0.13	0.04	0.2		0.49154628346715623	0.2	False	0.537
0	['Pt', 'Pd', 'Au', 'Ru', 'Rh', 'Ir', 'Re', 'Os']	5	[0.635 0.187 0.08  0.004 0.003 0.089 0.002 0.003]	[-0.058  0.047  0.105 -0.101 -0.032  0.101 -0.03  -0.032]	0.43	0.02	0.07	1.18	1.97	1.09	0.22	0.11	0.13	0.04	0.2		0.6229474646783496	0.2	False	0.389
1	['Pt', 'Pd', 'Au', 'Ru', 'Rh', 'Ir', 'Re', 'Os']	5	[0.442 0.485 0.    0.01  0.005 0.052 0.005 0.005]	[ 0.122 -0.111  0.043 -0.019 -0.038  0.079 -0.038 -0.038]	0.43	0.02	0.07	1.18	1.97	1.09	0.22	0.11	0.13	0.04	0.2		0.6374414936523349	0.2	False	0.407
2	['Pt', 'Pd', 'Au', 'Ru', 'Rh', 'Ir', 'Re', 'Os']	5	[0.477 0.009 0.434 0.002 0.006 0.063 0.006 0.006]	[ 0.147 -0.039 -0.05  -0.021 -0.043  0.091 -0.043 -0.043]	0.43	0.02	0.07	1.18	1.97	1.09	0.22	0.11	0.13	0.04	0.2		0.6838968043715785	0.2	False	0.324
3	['Pt', 'Pd', 'Au', 'Ru', 'Rh', 'Ir', 'Re', 'Os']	5	[0.595 0.019 0.017 0.292 0.008 0.056 0.008 0.008]	[ 0.119 -0.021  0.04  -0.138 -0.019  0.058 -0.019 -0.019]	0.43	0.02	0.07	1.18	1.97	1.09	0.22	0.11	0.13	0.04	0.2		0.44363374320092513	0.2	False	0.539
4	['Pt', 'Pd', 'Au', 'Ru', 'Rh', 'Ir', 'Re', 'Os']	5	[0.477 0.034 0.019 0.008 0.375 0.067 0.011 0.011]	[ 0.114 -0.026  0.044 -0.013 -0.132  0.071 -0.029 -0.029]	0.43	0.02	0.07	1.18	1.97	1.09	0.22	0.11	0.13	0.04	0.2		0.36485056444520614	0.2	False	0.543
5	['Pt', 'Pd', 'Au', 'Ru', 'Rh', 'Ir', 'Re', 'Os']	5	[0.3   0.111 0.131 0.002 0.001 0.454 0.001 0.001]	[ 0.042  0.002  0.129 -0.033  0.002 -0.144  0.002  0.002]	0.43	0.02	0.07	1.18	1.97	1.09	0.22	0.11	0.13	0.04	0.2		0.3293711789799509	0.2	False	0.516
6	['Pt', 'Pd', 'Au', 'Ru', 'Rh', 'Ir', 'Re', 'Os']	5	[0.461 0.033 0.022 0.007 0.012 0.07  0.39  0.012]	[ 0.11  -0.025  0.048 -0.014 -0.031  0.074 -0.132 -0.031]	0.43	0.02	0.07	1.18	1.97	1.09	0.22	0.11	0.13	0.04	0.2		0.3745350930109123	0.2	False	0.549
7	['Pt', 'Pd', 'Au', 'Ru', 'Rh', 'Ir', 'Re', 'Os']	5	[0.27  0.11  0.102 0.002 0.005 0.072 0.01  0.433]	[-0.134  0.037  0.108 -0.011  0.008  0.057  0.009 -0.074]	0.43	0.02	0.07	1.18	1.97	1.09	0.22	0.11	0.13	0.04	0.2		0.5615376837478284	0.2	False	0.426
0	['Pt', 'Pd', 'Au', 'Ru', 'Rh', 'Ir', 'Re', 'Os']	6	[0.524 0.214 0.174 0.059 0.007 0.011 0.006 0.007]	[-0.091  0.055  0.125  0.067 -0.027 -0.082 -0.02  -0.027]	0.43	0.02	0.07	1.18	1.97	1.09	0.22	0.11	0.13	0.04	0.2		0.8697674617152618	0.2	False	0.245
1	['Pt', 'Pd', 'Au', 'Ru', 'Rh', 'Ir', 'Re', 'Os']	6	[0.575 0.374 0.044 0.007 0.001 0.002 0.001 0.001]	[ 0.134 -0.135  0.036 -0.001 -0.022  0.032 -0.022 -0.022]	0.43	0.02	0.07	1.18	1.97	1.09	0.22	0.11	0.13	0.04	0.2		0.7088860891553579	0.2	False	0.376
2	['Pt', 'Pd', 'Au', 'Ru', 'Rh', 'Ir', 'Re', 'Os']	6	[0.299 0.049 0.449 0.014 0.051 0.041 0.05  0.05 ]	[-0.178  0.04   0.015  0.012  0.045 -0.022  0.044  0.044]	0.43	0.02	0.07	1.18	1.97	1.09	0.22	0.11	0.13	0.04	0.2		0.6282370549913263	0.2	False	0.273
3	['Pt', 'Pd', 'Au', 'Ru', 'Rh', 'Ir', 'Re', 'Os']	6	[0.736 0.013 0.066 0.167 0.003 0.014 0.003 0.003]	[ 0.141 -0.006  0.049 -0.125 -0.005 -0.042 -0.005 -0.005]	0.43	0.02	0.07	1.18	1.97	1.09	0.22	0.11	0.13	0.04	0.2		0.4694840455445407	0.199	False	0.545
4	['Pt', 'Pd', 'Au', 'Ru', 'Rh', 'Ir', 'Re', 'Os']	6	[0.616 0.023 0.073 0.018 0.259 0.011 0.001 0.001]	[ 0.139 -0.012  0.054  0.02  -0.117 -0.057 -0.014 -0.014]	0.43	0.02	0.07	1.18	1.97	1.09	0.22	0.11	0.13	0.04	0.2		0.43989677021072465	0.2	False	0.501
5	['Pt', 'Pd', 'Au', 'Ru', 'Rh', 'Ir', 'Re', 'Os']	6	[0.329 0.086 0.244 0.028 0.005 0.299 0.005 0.005]	[ 0.04  -0.015  0.124  0.03  -0.011 -0.146 -0.011 -0.011]	0.43	0.02	0.07	1.18	1.97	1.09	0.22	0.11	0.13	0.04	0.2		0.4173905042377223	0.2	False	0.36
6	['Pt', 'Pd', 'Au', 'Ru', 'Rh', 'Ir', 'Re', 'Os']	6	[0.598 0.02  0.079 0.02  0.001 0.013 0.274 0.001]	[ 0.138 -0.013  0.057  0.021 -0.014 -0.057 -0.117 -0.014]	0.43	0.02	0.07	1.18	1.97	1.09	0.22	0.11	0.13	0.04	0.2		0.4663563486652551	0.2	False	0.499
7	['Pt', 'Pd', 'Au', 'Ru', 'Rh', 'Ir', 'Re', 'Os']	6	[0.351 0.117 0.194 0.028 0.003 0.004 0.004 0.302]	[ 0.087  0.012  0.098  0.025 -0.003 -0.074 -0.018 -0.128]	0.43	0.02	0.07	1.18	1.97	1.09	0.22	0.11	0.13	0.04	0.2		0.8040342246617602	0.2	False	0.266
0	['Pt', 'Pd', 'Au', 'Ru', 'Rh', 'Ir', 'Re', 'Os']	7	[0.401 0.32  0.221 0.007 0.002 0.049 0.003 0.002]	[-0.116  0.121  0.06  -0.064 -0.019  0.056 -0.019 -0.019]	0.43	0.02	0.07	1.18	1.97	1.09	0.22	0.11	0.13	0.04	0.2		0.9393026135059344	0.2	False	0.161
1	['Pt', 'Pd', 'Au', 'Ru', 'Rh', 'Ir', 'Re', 'Os']	7	[0.714 0.255 0.007 0.006 0.002 0.017 0.002 0.002]	[ 0.161 -0.112 -0.025 -0.002 -0.015  0.021 -0.015 -0.015]	0.43	0.02	0.07	1.18	1.97	1.09	0.22	0.11	0.13	0.04	0.2		0.5546119090772785	0.2	False	0.478
2	['Pt', 'Pd', 'Au', 'Ru', 'Rh', 'Ir', 'Re', 'Os']	7	[0.428 0.081 0.316 0.01  0.053 0.009 0.052 0.052]	[ 0.122  0.02  -0.152  0.008 -0.011  0.035 -0.011 -0.011]	0.43	0.02	0.07	1.18	1.97	1.09	0.22	0.11	0.13	0.04	0.2		0.8216501766162168	0.2	False	0.207
3	['Pt', 'Pd', 'Au', 'Ru', 'Rh', 'Ir', 'Re', 'Os']	7	[0.881 0.012 0.058 0.036 0.002 0.012 0.002 0.002]	[ 0.146 -0.002 -0.01  -0.134 -0.006  0.02  -0.006 -0.006]	0.43	0.02	0.07	1.18	1.97	1.09	0.22	0.11	0.13	0.04	0.2		0.4154112968971413	0.2	False	0.639
4	['Pt', 'Pd', 'Au', 'Ru', 'Rh', 'Ir', 'Re', 'Os']	7	[0.684 0.02  0.001 0.011 0.274 0.006 0.003 0.003]	[ 0.131 -0.087 -0.102 -0.003  0.057  0.035 -0.015 -0.015]	0.43	0.02	0.07	1.18	1.97	1.09	0.22	0.11	0.13	0.04	0.2		0.39297129854697654	0.2	False	0.582
5	['Pt', 'Pd', 'Au', 'Ru', 'Rh', 'Ir', 'Re', 'Os']	7	[0.408 0.107 0.327 0.008 0.005 0.138 0.004 0.005]	[ 0.079  0.021  0.083 -0.02  -0.    -0.161 -0.001 -0.   ]	0.43	0.02	0.07	1.18	1.97	1.09	0.22	0.11	0.13	0.04	0.2		0.7226491854500319	0.2	False	0.23
6	['Pt', 'Pd', 'Au', 'Ru', 'Rh', 'Ir', 'Re', 'Os']	7	[0.742 0.021 0.073 0.004 0.001 0.019 0.147 0.001]	[ 0.147  0.002 -0.005 -0.029 -0.006  0.026 -0.129 -0.006]	0.43	0.02	0.07	1.18	1.97	1.09	0.22	0.11	0.13	0.04	0.2		0.4644728215141145	0.2	False	0.538
7	['Pt', 'Pd', 'Au', 'Ru', 'Rh', 'Ir', 'Re', 'Os']	7	[0.454 0.138 0.212 0.002 0.005 0.038 0.007 0.148]	[ 0.113  0.029  0.026 -0.034 -0.009  0.036 -0.009 -0.151]	0.43	0.02	0.07	1.18	1.97	1.09	0.22	0.11	0.13	0.04	0.2		0.892374535139528	0.2	False	0.187
0	['Pt', 'Pd', 'Au', 'Ru', 'Rh', 'Ir', 'Re', 'Os']	8	[0.239 0.404 0.271 0.018 0.01  0.037 0.012 0.013]	[-0.157  0.098  0.063  0.026  0.014 -0.001 -0.021 -0.021]	0.43	0.02	0.07	1.18	1.97	1.09	0.22	0.11	0.13	0.04	0.2		0.7972529777916726	0.2	False	0.215
1	['Pt', 'Pd', 'Au', 'Ru', 'Rh', 'Ir', 'Re', 'Os']	8	[0.839 0.122 0.001 0.001 0.023 0.004 0.008 0.007]	[ 0.147 -0.129  0.005  0.007  0.026 -0.022 -0.017 -0.016]	0.43	0.02	0.07	1.18	1.97	1.09	0.22	0.11	0.13	0.04	0.2		0.44054020135470334	0.2	False	0.595
2	['Pt', 'Pd', 'Au', 'Ru', 'Rh', 'Ir', 'Re', 'Os']	8	[0.529 0.159 0.179 0.028 0.002 0.004 0.049 0.049]	[ 0.101  0.078 -0.139  0.03  -0.057 -0.006 -0.004 -0.004]	0.43	0.02	0.07	1.18	1.97	1.09	0.22	0.11	0.13	0.04	0.2		0.8470015633424544	0.2	False	0.247
3	['Pt', 'Pd', 'Au', 'Ru', 'Rh', 'Ir', 'Re', 'Os']	8	[0.906 0.015 0.004 0.057 0.014 0.009 0.    0.001]	[-0.146  0.014  0.013  0.133  0.016 -0.012 -0.009 -0.008]	0.43	0.02	0.07	1.18	1.97	1.09	0.22	0.11	0.13	0.04	0.2		0.3898881322029492	0.2	False	0.682
4	['Pt', 'Pd', 'Au', 'Ru', 'Rh', 'Ir', 'Re', 'Os']	8	[0.806 0.049 0.013 0.011 0.122 0.001 0.    0.   ]	[ 0.12   0.026  0.009  0.015 -0.157 -0.008 -0.002 -0.002]	0.43	0.02	0.07	1.18	1.97	1.09	0.22	0.11	0.13	0.04	0.2		0.4211359844067957	0.2	False	0.596
5	['Pt', 'Pd', 'Au', 'Ru', 'Rh', 'Ir', 'Re', 'Os']	8	[0.396 0.134 0.435 0.004 0.02  0.    0.008 0.006]	[-0.004  0.036  0.12   0.014  0.024 -0.151 -0.019 -0.019]	0.43	0.02	0.07	1.18	1.97	1.09	0.22	0.11	0.13	0.04	0.2		0.8827284364921748	0.2	False	0.208
6	['Pt', 'Pd', 'Au', 'Ru', 'Rh', 'Ir', 'Re', 'Os']	8	[0.848 0.034 0.086 0.004 0.024 0.    0.004 0.008]	[ 0.115  0.019  0.019  0.008  0.021 -0.014 -0.158 -0.011]	0.43	0.02	0.07	1.18	1.97	1.09	0.22	0.11	0.13	0.04	0.2		0.4469556702150869	0.2	False	0.591
7	['Pt', 'Pd', 'Au', 'Ru', 'Rh', 'Ir', 'Re', 'Os']	8	[0.501 0.179 0.258 0.006 0.018 0.02  0.012 0.012]	[ 0.031  0.021  0.029 -0.041 -0.022 -0.071 -0.094  0.148]	0.43	0.02	0.07	1.18	1.97	1.09	0.22	0.11	0.13	0.04	0.2		0.912768530637353	0.2	False	0.196
0	['Pt', 'Pd', 'Au', 'Ru', 'Rh', 'Ir', 'Re', 'Os']	9	[0.082 0.502 0.337 0.016 0.006 0.042 0.008 0.009]	[-0.162  0.095  0.063  0.026 -0.008  0.001 -0.008 -0.008]	0.43	0.02	0.07	1.18	1.97	1.09	0.22	0.11	0.13	0.04	0.2		0.4323803979080305	0.2	False	0.384
1	['Pt', 'Pd', 'Au', 'Ru', 'Rh', 'Ir', 'Re', 'Os']	9	[0.97  0.001 0.007 0.023 0.    0.    0.001 0.003]	[ 0.134  0.101 -0.016 -0.005 -0.051 -0.05  -0.056 -0.056]	0.43	0.02	0.07	1.18	1.97	1.09	0.22	0.11	0.13	0.04	0.2		0.37380475740177993	0.2	False	0.736
2	['Pt', 'Pd', 'Au', 'Ru', 'Rh', 'Ir', 'Re', 'Os']	9	[0.609 0.253 0.027 0.    0.01  0.002 0.05  0.049]	[ 0.074  0.089 -0.161  0.021  0.002 -0.013 -0.006 -0.007]	0.43	0.02	0.07	1.18	1.97	1.09	0.22	0.11	0.13	0.04	0.2		0.6689569320819295	0.2	False	0.383
3	['Pt', 'Pd', 'Au', 'Ru', 'Rh', 'Ir', 'Re', 'Os']	9	[0.915 0.001 0.012 0.075 0.001 0.    0.001 0.001]	[-0.133  0.021  0.009  0.146 -0.017 -0.013 -0.006 -0.006]	0.43	0.02	0.07	1.18	1.97	1.09	0.22	0.11	0.13	0.04	0.2		0.3876755869000509	0.2	False	0.693
4	['Pt', 'Pd', 'Au', 'Ru', 'Rh', 'Ir', 'Re', 'Os']	9	[0.901 0.067 0.013 0.004 0.007 0.009 0.    0.   ]	[ 0.099 -0.005 -0.029 -0.028  0.136 -0.062 -0.055 -0.055]	0.43	0.02	0.07	1.18	1.97	1.09	0.22	0.11	0.13	0.04	0.2		0.4064138091686509	0.2	False	0.655
5	['Pt', 'Pd', 'Au', 'Ru', 'Rh', 'Ir', 'Re', 'Os']	9	[0.288 0.097 0.483 0.016 0.002 0.088 0.01  0.014]	[-0.078  0.01   0.114 -0.012 -0.047  0.115 -0.051 -0.052]	0.43	0.02	0.07	1.18	1.97	1.09	0.22	0.11	0.13	0.04	0.2		0.6344237236665676	0.2	False	0.276
6	['Pt', 'Pd', 'Au', 'Ru', 'Rh', 'Ir', 'Re', 'Os']	9	[0.861 0.013 0.021 0.005 0.004 0.007 0.089 0.007]	[ 0.091 -0.012 -0.011 -0.025 -0.061 -0.056  0.14  -0.065]	0.43	0.02	0.07	1.18	1.97	1.09	0.22	0.11	0.13	0.04	0.2		0.4061950073350319	0.2	False	0.642
7	['Pt', 'Pd', 'Au', 'Ru', 'Rh', 'Ir', 'Re', 'Os']	9	[0.462 0.161 0.246 0.012 0.005 0.003 0.017 0.099]	[ 0.005  0.033  0.041 -0.023 -0.07  -0.063 -0.074  0.15 ]	0.43	0.02	0.07	1.18	1.97	1.09	0.22	0.11	0.13	0.04	0.2		0.9637826684771105	0.2	False	0.154
0	['Pt', 'Pd', 'Au', 'Ru', 'Rh', 'Ir', 'Re', 'Os']	10	[0.056 0.554 0.37  0.002 0.006 0.007 0.003 0.006]	[ 0.148  0.062  0.037 -0.026 -0.06  -0.054 -0.059 -0.048]	0.43	0.02	0.07	1.18	1.97	1.09	0.22	0.11	0.13	0.04	0.2		0.3802825090856568	0.2	False	0.439
1	['Pt', 'Pd', 'Au', 'Ru', 'Rh', 'Ir', 'Re', 'Os']	10	[0.833 0.151 0.014 0.002 0.002 0.002 0.001 0.001]	[-0.149  0.129  0.022 -0.022  0.006  0.006  0.005  0.001]	0.43	0.02	0.07	1.18	1.97	1.09	0.22	0.11	0.13	0.04	0.2		0.4585166935767099	0.2	False	0.579
2	['Pt', 'Pd', 'Au', 'Ru', 'Rh', 'Ir', 'Re', 'Os']	10	[0.622 0.261 0.08  0.004 0.005 0.016 0.    0.012]	[ 0.062  0.056  0.137 -0.027 -0.057 -0.054 -0.043 -0.074]	0.43	0.02	0.07	1.18	1.97	1.09	0.22	0.11	0.13	0.04	0.2		0.7071486512792002	0.2	False	0.361
3	['Pt', 'Pd', 'Au', 'Ru', 'Rh', 'Ir', 'Re', 'Os']	10	[0.918 0.007 0.007 0.069 0.002 0.    0.001 0.   ]	[-0.138  0.003  0.015  0.143 -0.005 -0.005 -0.007 -0.007]	0.43	0.02	0.07	1.18	1.97	1.09	0.22	0.11	0.13	0.04	0.2		0.38684915447390356	0.2	False	0.694
4	['Pt', 'Pd', 'Au', 'Ru', 'Rh', 'Ir', 'Re', 'Os']	10	[0.871 0.004 0.022 0.004 0.089 0.002 0.007 0.001]	[-0.143  0.015  0.013  0.013  0.135 -0.019 -0.005 -0.009]	0.43	0.02	0.07	1.18	1.97	1.09	0.22	0.11	0.13	0.04	0.2		0.39596848667439194	0.2	False	0.653
5	['Pt', 'Pd', 'Au', 'Ru', 'Rh', 'Ir', 'Re', 'Os']	10	[0.225 0.106 0.625 0.    0.009 0.018 0.001 0.016]	[-0.097 -0.015  0.137 -0.01  -0.041  0.088 -0.038 -0.023]	0.43	0.02	0.07	1.18	1.97	1.09	0.22	0.11	0.13	0.04	0.2		0.5220827221611535	0.2	False	0.387
6	['Pt', 'Pd', 'Au', 'Ru', 'Rh', 'Ir', 'Re', 'Os']	10	[0.952 0.004 0.007 0.006 0.001 0.008 0.024 0.004]	[ 0.116 -0.038 -0.023 -0.025 -0.049 -0.05   0.125 -0.056]	0.43	0.02	0.07	1.18	1.97	1.09	0.22	0.11	0.13	0.04	0.2		0.3777926010236543	0.2	False	0.72
7	['Pt', 'Pd', 'Au', 'Ru', 'Rh', 'Ir', 'Re', 'Os']	10	[0.472 0.182 0.3   0.011 0.007 0.002 0.    0.029]	[ 0.     0.016  0.064 -0.03  -0.059 -0.057 -0.08   0.147]	0.43	0.02	0.07	1.18	1.97	1.09	0.22	0.11	0.13	0.04	0.2		0.9801306145485469	0.2	False	0.157
0	['Pt', 'Pd', 'Au', 'Ru', 'Rh', 'Ir', 'Re', 'Os']	11	[0.003 0.562 0.416 0.002 0.009 0.004 0.008 0.001]	[ 0.098  0.049  0.105  0.004 -0.068 -0.062 -0.051 -0.075]	0.43	0.02	0.07	1.18	1.97	1.09	0.22	0.11	0.13	0.04	0.2		0.29905472873071165	0.2	False	0.491
1	['Pt', 'Pd', 'Au', 'Ru', 'Rh', 'Ir', 'Re', 'Os']	11	[0.95  0.001 0.031 0.014 0.    0.001 0.005 0.003]	[ 0.13  -0.148  0.027  0.017 -0.006 -0.009 -0.001 -0.009]	0.43	0.02	0.07	1.18	1.97	1.09	0.22	0.11	0.13	0.04	0.2		0.3838942260146303	0.2	False	0.71
2	['Pt', 'Pd', 'Au', 'Ru', 'Rh', 'Ir', 'Re', 'Os']	11	[0.672 0.3   0.01  0.012 0.    0.001 0.005 0.   ]	[ 0.082  0.067  0.115 -0.022 -0.05  -0.076 -0.044 -0.072]	0.43	0.02	0.07	1.18	1.97	1.09	0.22	0.11	0.13	0.04	0.2		0.6010454986290045	0.2	False	0.448
3	['Pt', 'Pd', 'Au', 'Ru', 'Rh', 'Ir', 'Re', 'Os']	11	[0.912 0.003 0.009 0.074 0.002 0.001 0.001 0.002]	[-0.141  0.005  0.02   0.14  -0.006 -0.005 -0.003 -0.008]	0.43	0.02	0.07	1.18	1.97	1.09	0.22	0.11	0.13	0.04	0.2		0.38811569657227585	0.2	False	0.69
4	['Pt', 'Pd', 'Au', 'Ru', 'Rh', 'Ir', 'Re', 'Os']	11	[0.947 0.009 0.009 0.01  0.019 0.005 0.    0.001]	[-0.148  0.005  0.025  0.009  0.132 -0.007 -0.006 -0.011]	0.43	0.02	0.07	1.18	1.97	1.09	0.22	0.11	0.13	0.04	0.2		0.3797551157177593	0.201	False	0.714
5	['Pt', 'Pd', 'Au', 'Ru', 'Rh', 'Ir', 'Re', 'Os']	11	[0.118 0.07  0.728 0.013 0.006 0.055 0.011 0.001]	[-0.095 -0.015  0.143 -0.012 -0.037  0.081 -0.032 -0.033]	0.43	0.02	0.07	1.18	1.97	1.09	0.22	0.11	0.13	0.04	0.2		0.29346241134964524	0.2	False	0.532
6	['Pt', 'Pd', 'Au', 'Ru', 'Rh', 'Ir', 'Re', 'Os']	11	[0.859 0.003 0.01  0.001 0.001 0.005 0.124 0.004]	[-0.148  0.005  0.02   0.012 -0.002 -0.016  0.132 -0.004]	0.43	0.02	0.07	1.18	1.97	1.09	0.22	0.11	0.13	0.04	0.2		0.397329332770318	0.201	False	0.655
7	['Pt', 'Pd', 'Au', 'Ru', 'Rh', 'Ir', 'Re', 'Os']	11	[0.435 0.155 0.316 0.001 0.016 0.005 0.004 0.073]	[-0.006  0.009  0.072 -0.042 -0.064 -0.061 -0.056  0.147]	0.43	0.02	0.07	1.18	1.97	1.09	0.22	0.11	0.13	0.04	0.2		0.9771678560765447	0.2	False	0.132
0	['Pt', 'Pd', 'Au', 'Ru', 'Rh', 'Ir', 'Re', 'Os']	12	[0.11  0.578 0.269 0.022 0.007 0.009 0.002 0.008]	[ 0.132  0.034 -0.14   0.028 -0.016  0.002 -0.014 -0.027]	0.43	0.02	0.07	1.18	1.97	1.09	0.22	0.11	0.13	0.04	0.2		0.4290163374604613	0.2	False	0.419
1	['Pt', 'Pd', 'Au', 'Ru', 'Rh', 'Ir', 'Re', 'Os']	12	[0.85  0.133 0.002 0.    0.007 0.011 0.    0.001]	[-0.157  0.118 -0.017 -0.002  0.018  0.022  0.007  0.011]	0.43	0.02	0.07	1.18	1.97	1.09	0.22	0.11	0.13	0.04	0.2		0.43821551199652925	0.2	False	0.602
2	['Pt', 'Pd', 'Au', 'Ru', 'Rh', 'Ir', 'Re', 'Os']	12	[0.69  0.242 0.056 0.    0.003 0.005 0.004 0.   ]	[ 0.11   0.011  0.125 -0.039 -0.053 -0.046 -0.053 -0.055]	0.43	0.02	0.07	1.18	1.97	1.09	0.22	0.11	0.13	0.04	0.2		0.6157337957181039	0.2	False	0.43
3	['Pt', 'Pd', 'Au', 'Ru', 'Rh', 'Ir', 'Re', 'Os']	12	[0.904 0.007 0.03  0.048 0.001 0.008 0.004 0.002]	[-0.162  0.006  0.033  0.112  0.004  0.008  0.005 -0.003]	0.43	0.02	0.07	1.18	1.97	1.09	0.22	0.11	0.13	0.04	0.2		0.39750446407684	0.2	False	0.671
4	['Pt', 'Pd', 'Au', 'Ru', 'Rh', 'Ir', 'Re', 'Os']	12	[0.852 0.011 0.025 0.001 0.107 0.    0.002 0.003]	[-0.166  0.006  0.031  0.013  0.105  0.006  0.004  0.   ]	0.43	0.02	0.07	1.18	1.97	1.09	0.22	0.11	0.13	0.04	0.2		0.4023087471276574	0.2	False	0.637
5	['Pt', 'Pd', 'Au', 'Ru', 'Rh', 'Ir', 'Re', 'Os']	12	[0.239 0.095 0.593 0.039 0.007 0.022 0.008 0.001]	[ 0.132  0.033 -0.132  0.046 -0.011 -0.027 -0.029 -0.012]	0.43	0.02	0.07	1.18	1.97	1.09	0.22	0.11	0.13	0.04	0.2		0.5403133037345291	0.2	False	0.366
6	['Pt', 'Pd', 'Au', 'Ru', 'Rh', 'Ir', 'Re', 'Os']	12	[0.957 0.    0.023 0.011 0.    0.001 0.011 0.004]	[-0.151  0.034  0.065  0.045  0.031  0.036 -0.083  0.023]	0.43	0.02	0.07	1.18	1.97	1.09	0.22	0.11	0.13	0.04	0.2		0.3800388056044802	0.2	False	0.719
7	['Pt', 'Pd', 'Au', 'Ru', 'Rh', 'Ir', 'Re', 'Os']	12	[0.516 0.145 0.284 0.015 0.004 0.001 0.007 0.032]	[ 0.115 -0.007 -0.037 -0.029 -0.072 -0.043 -0.05   0.122]	0.43	0.02	0.07	1.18	1.97	1.09	0.22	0.11	0.13	0.04	0.2		0.9178004500805241	0.2	False	0.209
0	['Pt', 'Pd', 'Au', 'Ru', 'Rh', 'Ir', 'Re', 'Os']	13	[0.001 0.714 0.248 0.03  0.01  0.    0.    0.001]	[-0.123  0.147 -0.018  0.046 -0.026 -0.018 -0.002 -0.006]	0.43	0.02	0.07	1.18	1.97	1.09	0.22	0.11	0.13	0.04	0.2		0.20664193189250013	0.2	False	0.592
1	['Pt', 'Pd', 'Au', 'Ru', 'Rh', 'Ir', 'Re', 'Os']	13	[0.969 0.    0.011 0.017 0.    0.001 0.003 0.002]	[ 0.135 -0.143  0.024  0.023 -0.017 -0.017 -0.002 -0.003]	0.43	0.02	0.07	1.18	1.97	1.09	0.22	0.11	0.13	0.04	0.2		0.37461560693961476	0.2	False	0.734
2	['Pt', 'Pd', 'Au', 'Ru', 'Rh', 'Ir', 'Re', 'Os']	13	[0.72  0.237 0.011 0.025 0.    0.003 0.002 0.002]	[ 0.096  0.047  0.118 -0.027 -0.058 -0.058 -0.056 -0.061]	0.43	0.02	0.07	1.18	1.97	1.09	0.22	0.11	0.13	0.04	0.2		0.5555933913537258	0.199	False	0.48
3	['Pt', 'Pd', 'Au', 'Ru', 'Rh', 'Ir', 'Re', 'Os']	13	[0.904 0.018 0.003 0.073 0.002 0.001 0.001 0.003]	[-0.136  0.005  0.024  0.143 -0.006 -0.017 -0.005 -0.009]	0.43	0.02	0.07	1.18	1.97	1.09	0.22	0.11	0.13	0.04	0.2		0.39210131362610806	0.2	False	0.681
4	['Pt', 'Pd', 'Au', 'Ru', 'Rh', 'Ir', 'Re', 'Os']	13	[0.943 0.002 0.027 0.003 0.012 0.    0.002 0.012]	[ 0.108 -0.033 -0.01  -0.028  0.13  -0.052 -0.051 -0.065]	0.43	0.02	0.07	1.18	1.97	1.09	0.22	0.11	0.13	0.04	0.2		0.38511222615066015	0.2	False	0.704
5	['Pt', 'Pd', 'Au', 'Ru', 'Rh', 'Ir', 'Re', 'Os']	13	[0.24  0.183 0.541 0.001 0.008 0.001 0.01  0.02 ]	[ 0.012  0.153 -0.074  0.039 -0.055  0.021 -0.021 -0.076]	0.43	0.02	0.07	1.18	1.97	1.09	0.22	0.11	0.13	0.04	0.2		0.7055427508663097	0.2	False	0.285
6	['Pt', 'Pd', 'Au', 'Ru', 'Rh', 'Ir', 'Re', 'Os']	13	[0.847 0.009 0.012 0.001 0.002 0.002 0.133 0.001]	[-0.141  0.004  0.022  0.006 -0.008 -0.007  0.139 -0.014]	0.43	0.02	0.07	1.18	1.97	1.09	0.22	0.11	0.13	0.04	0.2		0.4019008235561535	0.2	False	0.645
7	['Pt', 'Pd', 'Au', 'Ru', 'Rh', 'Ir', 'Re', 'Os']	13	[0.499 0.114 0.296 0.001 0.006 0.001 0.011 0.077]	[ 0.018 -0.002  0.061 -0.042 -0.062 -0.062 -0.062  0.151]	0.43	0.02	0.07	1.18	1.97	1.09	0.22	0.11	0.13	0.04	0.2		0.9100409123321207	0.2	False	0.203
0	['Pt', 'Pd', 'Au', 'Ru', 'Rh', 'Ir', 'Re', 'Os']	14	[0.139 0.581 0.268 0.013 0.001 0.001 0.002 0.001]	[ 0.135 -0.14   0.015  0.034 -0.018 -0.01  -0.011 -0.005]	0.43	0.02	0.07	1.18	1.97	1.09	0.22	0.11	0.13	0.04	0.2		0.4813626612087479	0.2	False	0.406
1	['Pt', 'Pd', 'Au', 'Ru', 'Rh', 'Ir', 'Re', 'Os']	14	[0.838 0.16  0.    0.001 0.001 0.001 0.    0.002]	[-0.149  0.134 -0.    -0.009  0.008  0.008  0.008  0.002]	0.43	0.02	0.07	1.18	1.97	1.09	0.22	0.11	0.13	0.04	0.2		0.45129391088403614	0.201	False	0.588
2	['Pt', 'Pd', 'Au', 'Ru', 'Rh', 'Ir', 'Re', 'Os']	14	[0.801 0.144 0.047 0.001 0.002 0.001 0.001 0.003]	[ 0.148 -0.051  0.089 -0.059 -0.03  -0.031 -0.031 -0.035]	0.43	0.02	0.07	1.18	1.97	1.09	0.22	0.11	0.13	0.04	0.2		0.494757150814706	0.2	False	0.537
3	['Pt', 'Pd', 'Au', 'Ru', 'Rh', 'Ir', 'Re', 'Os']	14	[0.914 0.029 0.006 0.047 0.002 0.004 0.003 0.001]	[-0.163  0.04   0.003  0.109  0.003  0.004  0.003 -0.002]	0.43	0.02	0.07	1.18	1.97	1.09	0.22	0.11	0.13	0.04	0.2		0.3925426752391395	0.2	False	0.682
4	['Pt', 'Pd', 'Au', 'Ru', 'Rh', 'Ir', 'Re', 'Os']	14	[0.849 0.013 0.001 0.011 0.108 0.001 0.002 0.014]	[-0.166  0.025 -0.012  0.021  0.106  0.01   0.009  0.006]	0.43	0.02	0.07	1.18	1.97	1.09	0.22	0.11	0.13	0.04	0.2		0.39630386739755985	0.2	False	0.643
5	['Pt', 'Pd', 'Au', 'Ru', 'Rh', 'Ir', 'Re', 'Os']	14	[0.392 0.103 0.459 0.028 0.012 0.001 0.006 0.003]	[ 0.165 -0.073 -0.075  0.027 -0.022  0.005 -0.019 -0.008]	0.43	0.02	0.07	1.18	1.97	1.09	0.22	0.11	0.13	0.04	0.2		0.8263137441276422	0.2	False	0.243
6	['Pt', 'Pd', 'Au', 'Ru', 'Rh', 'Ir', 'Re', 'Os']	14	[0.956 0.024 0.005 0.001 0.002 0.002 0.013 0.004]	[-0.154  0.073  0.03   0.043  0.029  0.029 -0.077  0.027]	0.43	0.02	0.07	1.18	1.97	1.09	0.22	0.11	0.13	0.04	0.2		0.38002389285072036	0.2	False	0.717
7	['Pt', 'Pd', 'Au', 'Ru', 'Rh', 'Ir', 'Re', 'Os']	14	[0.604 0.042 0.321 0.004 0.009 0.001 0.006 0.018]	[ 0.123 -0.092  0.025 -0.018 -0.039 -0.039 -0.056  0.096]	0.43	0.02	0.07	1.18	1.97	1.09	0.22	0.11	0.13	0.04	0.2		0.7374482242398501	0.2	False	0.339
0	['Pt', 'Pd', 'Au', 'Ru', 'Rh', 'Ir', 'Re', 'Os']	15	[0.051 0.501 0.404 0.037 0.003 0.008 0.001 0.   ]	[-0.076 -0.068  0.161  0.052 -0.014 -0.021 -0.016 -0.016]	0.43	0.02	0.07	1.18	1.97	1.09	0.22	0.11	0.13	0.04	0.2		0.39484757411677446	0.2	False	0.418
1	['Pt', 'Pd', 'Au', 'Ru', 'Rh', 'Ir', 'Re', 'Os']	15	[0.958 0.007 0.016 0.011 0.    0.001 0.005 0.006]	[ 0.133 -0.146  0.027  0.015 -0.008 -0.007 -0.005 -0.011]	0.43	0.02	0.07	1.18	1.97	1.09	0.22	0.11	0.13	0.04	0.2		0.3796610207846463	0.2	False	0.72
2	['Pt', 'Pd', 'Au', 'Ru', 'Rh', 'Ir', 'Re', 'Os']	15	[0.852 0.102 0.013 0.024 0.    0.004 0.001 0.005]	[ 0.128  0.002  0.109 -0.025 -0.054 -0.052 -0.05  -0.058]	0.43	0.02	0.07	1.18	1.97	1.09	0.22	0.11	0.13	0.04	0.2		0.4371958547454703	0.2	False	0.605
3	['Pt', 'Pd', 'Au', 'Ru', 'Rh', 'Ir', 'Re', 'Os']	15	[0.905 0.001 0.007 0.088 0.    0.002 0.001 0.   ]	[-0.138  0.007  0.019  0.142 -0.008 -0.007 -0.006 -0.009]	0.43	0.02	0.07	1.18	1.97	1.09	0.22	0.11	0.13	0.04	0.2		0.388476184345943	0.2	False	0.688
4	['Pt', 'Pd', 'Au', 'Ru', 'Rh', 'Ir', 'Re', 'Os']	15	[0.951 0.006 0.012 0.002 0.023 0.003 0.003 0.002]	[ 0.108 -0.035 -0.011 -0.032  0.131 -0.051 -0.049 -0.061]	0.43	0.02	0.07	1.18	1.97	1.09	0.22	0.11	0.13	0.04	0.2		0.37881425690079273	0.2	False	0.717
5	['Pt', 'Pd', 'Au', 'Ru', 'Rh', 'Ir', 'Re', 'Os']	15	[0.439 0.182 0.327 0.001 0.01  0.034 0.004 0.006]	[ 0.065  0.102 -0.144  0.032 -0.04   0.03  -0.019 -0.026]	0.43	0.02	0.07	1.18	1.97	1.09	0.22	0.11	0.13	0.04	0.2		0.9447868784908624	0.2	False	0.153
6	['Pt', 'Pd', 'Au', 'Ru', 'Rh', 'Ir', 'Re', 'Os']	15	[0.85  0.001 0.003 0.014 0.003 0.001 0.132 0.004]	[-0.142  0.008  0.02   0.007 -0.009 -0.008  0.139 -0.015]	0.43	0.02	0.07	1.18	1.97	1.09	0.22	0.11	0.13	0.04	0.2		0.3963278412196118	0.2	False	0.653
7	['Pt', 'Pd', 'Au', 'Ru', 'Rh', 'Ir', 'Re', 'Os']	15	[0.581 0.022 0.322 0.003 0.001 0.005 0.    0.071]	[ 0.04  -0.039  0.072 -0.035 -0.073 -0.054 -0.052  0.14 ]	0.43	0.02	0.07	1.18	1.97	1.09	0.22	0.11	0.13	0.04	0.2		0.7438930788236449	0.2	False	0.327
0	['Pt', 'Pd', 'Au', 'Ru', 'Rh', 'Ir', 'Re', 'Os']	16	[0.02  0.429 0.55  0.001 0.002 0.001 0.001 0.001]	[ 0.065 -0.077  0.156 -0.057 -0.016 -0.026 -0.023 -0.022]	0.43	0.02	0.07	1.18	1.97	1.09	0.22	0.11	0.13	0.04	0.2		0.3740881192437167	0.2	False	0.462
1	['Pt', 'Pd', 'Au', 'Ru', 'Rh', 'Ir', 'Re', 'Os']	16	[0.841 0.134 0.02  0.003 0.003 0.002 0.001 0.   ]	[-0.151  0.127  0.026  0.012  0.001 -0.002 -0.002 -0.011]	0.43	0.02	0.07	1.18	1.97	1.09	0.22	0.11	0.13	0.04	0.2		0.45275600886747847	0.2	False	0.586
2	['Pt', 'Pd', 'Au', 'Ru', 'Rh', 'Ir', 'Re', 'Os']	16	[0.897 0.043 0.048 0.005 0.007 0.    0.001 0.   ]	[ 0.127  0.001  0.107 -0.074 -0.034 -0.037 -0.036 -0.054]	0.43	0.02	0.07	1.18	1.97	1.09	0.22	0.11	0.13	0.04	0.2		0.41466374537263073	0.2	False	0.645
3	['Pt', 'Pd', 'Au', 'Ru', 'Rh', 'Ir', 'Re', 'Os']	16	[0.932 0.004 0.012 0.051 0.002 0.    0.002 0.   ]	[-0.141  0.004  0.02   0.139 -0.003 -0.006 -0.005 -0.008]	0.43	0.02	0.07	1.18	1.97	1.09	0.22	0.11	0.13	0.04	0.2		0.38418478628858294	0.199	False	0.703
4	['Pt', 'Pd', 'Au', 'Ru', 'Rh', 'Ir', 'Re', 'Os']	16	[0.856 0.006 0.012 0.001 0.119 0.001 0.001 0.005]	[-0.151  0.003  0.019  0.011  0.13  -0.003 -0.003 -0.006]	0.43	0.02	0.07	1.18	1.97	1.09	0.22	0.11	0.13	0.04	0.2		0.3938275964749822	0.2	False	0.649
5	['Pt', 'Pd', 'Au', 'Ru', 'Rh', 'Ir', 'Re', 'Os']	16	[0.48  0.29  0.176 0.037 0.009 0.002 0.002 0.004]	[ 0.051  0.119 -0.145  0.034 -0.023 -0.023 -0.005 -0.008]	0.43	0.02	0.07	1.18	1.97	1.09	0.22	0.11	0.13	0.04	0.2		0.9326590674160051	0.2	False	0.211
6	['Pt', 'Pd', 'Au', 'Ru', 'Rh', 'Ir', 'Re', 'Os']	16	[0.973 0.002 0.03  0.    0.    0.    0.004 0.001]	[ 0.119 -0.039 -0.005 -0.034 -0.051 -0.054  0.12  -0.056]	0.43	0.02	0.07	1.18	1.97	1.09	0.22	0.11	0.13	0.04	0.2		0.3776959849692215	0.2	False	0.73
7	['Pt', 'Pd', 'Au', 'Ru', 'Rh', 'Ir', 'Re', 'Os']	16	[0.587 0.009 0.361 0.009 0.004 0.005 0.001 0.028]	[ 0.035 -0.044  0.082 -0.036 -0.056 -0.06  -0.059  0.137]	0.43	0.02	0.07	1.18	1.97	1.09	0.22	0.11	0.13	0.04	0.2		0.7158837715981048	0.2	False	0.351
0	['Pt', 'Pd', 'Au', 'Ru', 'Rh', 'Ir', 'Re', 'Os']	17	[0.106 0.263 0.603 0.027 0.001 0.003 0.001 0.   ]	[ 0.1   -0.156  0.066  0.03  -0.009 -0.011 -0.01  -0.01 ]	0.43	0.02	0.07	1.18	1.97	1.09	0.22	0.11	0.13	0.04	0.2		0.4720741008183983	0.2	False	0.403
1	['Pt', 'Pd', 'Au', 'Ru', 'Rh', 'Ir', 'Re', 'Os']	17	[0.983 0.011 0.001 0.006 0.    0.    0.002 0.   ]	[-0.148 -0.089  0.016  0.055  0.041  0.043  0.043  0.04 ]	0.43	0.02	0.07	1.18	1.97	1.09	0.22	0.11	0.13	0.04	0.2		0.3710382119738576	0.2	False	0.746
2	['Pt', 'Pd', 'Au', 'Ru', 'Rh', 'Ir', 'Re', 'Os']	17	[0.911 0.013 0.071 0.002 0.003 0.001 0.001 0.001]	[-0.159 -0.013  0.118  0.02   0.006  0.009  0.009  0.008]	0.43	0.02	0.07	1.18	1.97	1.09	0.22	0.11	0.13	0.04	0.2		0.4091635325219965	0.2	False	0.658
3	['Pt', 'Pd', 'Au', 'Ru', 'Rh', 'Ir', 'Re', 'Os']	17	[0.876 0.021 0.01  0.076 0.003 0.007 0.004 0.004]	[-0.165  0.02   0.019  0.11   0.004  0.005  0.005  0.003]	0.43	0.02	0.07	1.18	1.97	1.09	0.22	0.11	0.13	0.04	0.2		0.4030768694801608	0.2	False	0.654
4	['Pt', 'Pd', 'Au', 'Ru', 'Rh', 'Ir', 'Re', 'Os']	17	[0.958 0.012 0.003 0.012 0.012 0.    0.    0.003]	[-0.155  0.05   0.049  0.045 -0.079  0.032  0.032  0.025]	0.43	0.02	0.07	1.18	1.97	1.09	0.22	0.11	0.13	0.04	0.2		0.37698793293639077	0.2	False	0.724
5	['Pt', 'Pd', 'Au', 'Ru', 'Rh', 'Ir', 'Re', 'Os']	17	[0.613 0.314 0.03  0.023 0.005 0.009 0.002 0.003]	[ 0.133  0.024 -0.146 -0.014 -0.004  0.008 -0.001 -0.001]	0.43	0.02	0.07	1.18	1.97	1.09	0.22	0.11	0.13	0.04	0.2		0.6697012750935513	0.2	False	0.395
6	['Pt', 'Pd', 'Au', 'Ru', 'Rh', 'Ir', 'Re', 'Os']	17	[0.815 0.023 0.013 0.019 0.007 0.007 0.124 0.003]	[-0.166  0.025 -0.012  0.02   0.01   0.01   0.105  0.008]	0.43	0.02	0.07	1.18	1.97	1.09	0.22	0.11	0.13	0.04	0.2		0.4163966523007544	0.2	False	0.613
7	['Pt', 'Pd', 'Au', 'Ru', 'Rh', 'Ir', 'Re', 'Os']	17	[0.644 0.012 0.311 0.002 0.002 0.    0.002 0.031]	[ 0.136 -0.029 -0.009 -0.038 -0.054 -0.054 -0.053  0.102]	0.43	0.02	0.07	1.18	1.97	1.09	0.22	0.11	0.13	0.04	0.2		0.6782515389151912	0.2	False	0.385
0	['Pt', 'Pd', 'Au', 'Ru', 'Rh', 'Ir', 'Re', 'Os']	18	[0.074 0.154 0.766 0.003 0.002 0.002 0.    0.002]	[-0.032 -0.109  0.163 -0.024  0.002 -0.001  0.001  0.002]	0.43	0.02	0.07	1.18	1.97	1.09	0.22	0.11	0.13	0.04	0.2		0.31278523870869634	0.2	False	0.559
1	['Pt', 'Pd', 'Au', 'Ru', 'Rh', 'Ir', 'Re', 'Os']	18	[0.827 0.149 0.019 0.002 0.    0.002 0.    0.004]	[-0.149  0.131  0.024  0.011 -0.004 -0.003 -0.003 -0.007]	0.43	0.02	0.07	1.18	1.97	1.09	0.22	0.11	0.13	0.04	0.2		0.4648126314435612	0.2	False	0.571
2	['Pt', 'Pd', 'Au', 'Ru', 'Rh', 'Ir', 'Re', 'Os']	18	[0.765 0.073 0.03  0.007 0.032 0.029 0.029 0.034]	[-0.173  0.047  0.081 -0.012  0.014  0.013  0.013  0.018]	0.43	0.02	0.07	1.18	1.97	1.09	0.22	0.11	0.13	0.04	0.2		0.4738382826132662	0.2	False	0.533
3	['Pt', 'Pd', 'Au', 'Ru', 'Rh', 'Ir', 'Re', 'Os']	18	[0.944 0.007 0.    0.05  0.    0.    0.    0.   ]	[ 0.097 -0.028 -0.008  0.14  -0.045 -0.058 -0.044 -0.054]	0.43	0.02	0.07	1.18	1.97	1.09	0.22	0.11	0.13	0.04	0.2		0.378983001946126	0.2	False	0.717
4	['Pt', 'Pd', 'Au', 'Ru', 'Rh', 'Ir', 'Re', 'Os']	18	[0.853 0.004 0.001 0.    0.139 0.    0.    0.004]	[-0.141  0.006  0.02   0.005  0.139 -0.007 -0.007 -0.013]	0.43	0.02	0.07	1.18	1.97	1.09	0.22	0.11	0.13	0.04	0.2		0.38763486942436004	0.2	False	0.657
5	['Pt', 'Pd', 'Au', 'Ru', 'Rh', 'Ir', 'Re', 'Os']	18	[0.605 0.323 0.063 0.002 0.002 0.001 0.001 0.001]	[ 0.051  0.072  0.134 -0.078 -0.052 -0.036 -0.047 -0.046]	0.43	0.02	0.07	1.18	1.97	1.09	0.22	0.11	0.13	0.04	0.2		0.7116880951284359	0.2	False	0.369
6	['Pt', 'Pd', 'Au', 'Ru', 'Rh', 'Ir', 'Re', 'Os']	18	[0.923 0.029 0.035 0.002 0.    0.001 0.016 0.003]	[ 0.102 -0.026 -0.006 -0.026 -0.06  -0.061  0.133 -0.057]	0.43	0.02	0.07	1.18	1.97	1.09	0.22	0.11	0.13	0.04	0.2		0.39823094843307	0.2	False	0.676
7	['Pt', 'Pd', 'Au', 'Ru', 'Rh', 'Ir', 'Re', 'Os']	18	[0.627 0.008 0.305 0.01  0.001 0.006 0.001 0.047]	[ 0.051 -0.048  0.067 -0.035 -0.059 -0.057 -0.057  0.139]	0.43	0.02	0.07	1.18	1.97	1.09	0.22	0.11	0.13	0.04	0.2		0.6868609239905714	0.2	False	0.372
0	['Pt', 'Pd', 'Au', 'Ru', 'Rh', 'Ir', 'Re', 'Os']	19	[0.145 0.003 0.835 0.017 0.    0.    0.002 0.001]	[ 0.084 -0.159  0.082  0.024 -0.007 -0.011 -0.008 -0.007]	0.43	0.02	0.07	1.18	1.97	1.09	0.22	0.11	0.13	0.04	0.2		0.2922072768899796	0.2	False	0.632
1	['Pt', 'Pd', 'Au', 'Ru', 'Rh', 'Ir', 'Re', 'Os']	19	[0.969 0.026 0.    0.004 0.002 0.    0.    0.002]	[ 0.158 -0.117  0.023 -0.001 -0.014 -0.014 -0.013 -0.022]	0.43	0.02	0.07	1.18	1.97	1.09	0.22	0.11	0.13	0.04	0.2		0.3761817859898941	0.2	False	0.73
2	['Pt', 'Pd', 'Au', 'Ru', 'Rh', 'Ir', 'Re', 'Os']	19	[0.853 0.034 0.091 0.012 0.003 0.002 0.002 0.002]	[ 0.121 -0.032  0.122 -0.028 -0.046 -0.047 -0.047 -0.044]	0.43	0.02	0.07	1.18	1.97	1.09	0.22	0.11	0.13	0.04	0.2		0.4480804518937659	0.2	False	0.594
3	['Pt', 'Pd', 'Au', 'Ru', 'Rh', 'Ir', 'Re', 'Os']	19	[0.859 0.006 0.046 0.071 0.004 0.006 0.006 0.003]	[-0.164  0.001  0.037  0.107  0.005  0.006  0.006  0.004]	0.43	0.02	0.07	1.18	1.97	1.09	0.22	0.11	0.13	0.04	0.2		0.41723051803359446	0.2	False	0.631
4	['Pt', 'Pd', 'Au', 'Ru', 'Rh', 'Ir', 'Re', 'Os']	19	[0.948 0.    0.029 0.    0.018 0.001 0.001 0.005]	[-0.154  0.027  0.071  0.046 -0.077  0.032  0.032  0.023]	0.43	0.02	0.07	1.18	1.97	1.09	0.22	0.11	0.13	0.04	0.2		0.3829870734582183	0.2	False	0.709
5	['Pt', 'Pd', 'Au', 'Ru', 'Rh', 'Ir', 'Re', 'Os']	19	[0.654 0.296 0.027 0.013 0.001 0.    0.005 0.001]	[ 0.106  0.009  0.128 -0.034 -0.059 -0.043 -0.052 -0.055]	0.43	0.02	0.07	1.18	1.97	1.09	0.22	0.11	0.13	0.04	0.2		0.6328776717218741	0.2	False	0.423
6	['Pt', 'Pd', 'Au', 'Ru', 'Rh', 'Ir', 'Re', 'Os']	19	[0.873 0.02  0.003 0.006 0.002 0.002 0.101 0.002]	[-0.16   0.011 -0.026  0.024  0.014  0.014  0.112  0.012]	0.43	0.02	0.07	1.18	1.97	1.09	0.22	0.11	0.13	0.04	0.2		0.39745788055291986	0.201	False	0.659
7	['Pt', 'Pd', 'Au', 'Ru', 'Rh', 'Ir', 'Re', 'Os']	19	[0.717 0.001 0.248 0.005 0.    0.    0.    0.032]	[ 0.141 -0.051 -0.04  -0.026 -0.041 -0.042 -0.041  0.101]	0.43	0.02	0.07	1.18	1.97	1.09	0.22	0.11	0.13	0.04	0.2		0.5924591620034454	0.2	False	0.452
0	['Pt', 'Pd', 'Au', 'Ru', 'Rh', 'Ir', 'Re', 'Os']	20	[0.121 0.073 0.798 0.003 0.002 0.002 0.002 0.002]	[ 0.066  0.14   0.049 -0.028 -0.055 -0.058 -0.06  -0.055]	0.43	0.02	0.07	1.18	1.97	1.09	0.22	0.11	0.13	0.04	0.2		0.3084818955401721	0.2	False	0.584
1	['Pt', 'Pd', 'Au', 'Ru', 'Rh', 'Ir', 'Re', 'Os']	20	[0.821 0.087 0.055 0.018 0.005 0.007 0.009 0.002]	[-0.171  0.093  0.042  0.017  0.005  0.005  0.006  0.003]	0.43	0.02	0.07	1.18	1.97	1.09	0.22	0.11	0.13	0.04	0.2		0.4666516443619278	0.2	False	0.564
2	['Pt', 'Pd', 'Au', 'Ru', 'Rh', 'Ir', 'Re', 'Os']	20	[0.965 0.015 0.019 0.    0.001 0.    0.    0.   ]	[-0.153  0.011  0.128  0.012  0.001  0.002  0.002 -0.001]	0.43	0.02	0.07	1.18	1.97	1.09	0.22	0.11	0.13	0.04	0.2		0.37949663769092346	0.2	False	0.723
3	['Pt', 'Pd', 'Au', 'Ru', 'Rh', 'Ir', 'Re', 'Os']	20	[0.957 0.    0.004 0.037 0.001 0.    0.    0.   ]	[-0.148  0.024 -0.03   0.129  0.006  0.006  0.006  0.008]	0.43	0.02	0.07	1.18	1.97	1.09	0.22	0.11	0.13	0.04	0.2		0.3757468782305698	0.2	False	0.728
4	['Pt', 'Pd', 'Au', 'Ru', 'Rh', 'Ir', 'Re', 'Os']	20	[0.857 0.008 0.006 0.013 0.116 0.001 0.001 0.001]	[-0.163  0.011  0.035  0.012  0.11  -0.    -0.    -0.003]	0.43	0.02	0.07	1.18	1.97	1.09	0.22	0.11	0.13	0.04	0.2		0.39194136573436866	0.2	False	0.652
5	['Pt', 'Pd', 'Au', 'Ru', 'Rh', 'Ir', 'Re', 'Os']	20	[0.678 0.251 0.055 0.    0.    0.008 0.    0.003]	[ 0.101  0.013  0.131 -0.036 -0.052 -0.043 -0.059 -0.055]	0.43	0.02	0.07	1.18	1.97	1.09	0.22	0.11	0.13	0.04	0.2		0.628666107185845	0.2	False	0.421
6	['Pt', 'Pd', 'Au', 'Ru', 'Rh', 'Ir', 'Re', 'Os']	20	[0.939 0.022 0.045 0.    0.    0.    0.    0.003]	[-0.167  0.013  0.046  0.014  0.001  0.001  0.1   -0.006]	0.43	0.02	0.07	1.18	1.97	1.09	0.22	0.11	0.13	0.04	0.2		0.39454228130658464	0.2	False	0.688
7	['Pt', 'Pd', 'Au', 'Ru', 'Rh', 'Ir', 'Re', 'Os']	20	[0.797 0.003 0.159 0.007 0.    0.002 0.002 0.034]	[ 0.143 -0.034 -0.061 -0.024 -0.041 -0.04  -0.04   0.096]	0.43	0.02	0.07	1.18	1.97	1.09	0.22	0.11	0.13	0.04	0.2		0.49966955911947486	0.2	False	0.534
0	['Pt', 'Pd', 'Au', 'Ru', 'Rh', 'Ir', 'Re', 'Os']	21	[0.151 0.019 0.808 0.021 0.002 0.002 0.    0.   ]	[ 0.076  0.131  0.049 -0.021 -0.057 -0.059 -0.058 -0.062]	0.43	0.02	0.07	1.18	1.97	1.09	0.22	0.11	0.13	0.04	0.2		0.30319138400631324	0.2	False	0.601
1	['Pt', 'Pd', 'Au', 'Ru', 'Rh', 'Ir', 'Re', 'Os']	21	[0.982 0.01  0.01  0.001 0.    0.001 0.    0.001]	[ 0.153  0.08  -0.068 -0.043 -0.031 -0.031 -0.031 -0.029]	0.43	0.02	0.07	1.18	1.97	1.09	0.22	0.11	0.13	0.04	0.2		0.37283469478009945	0.2	False	0.742
2	['Pt', 'Pd', 'Au', 'Ru', 'Rh', 'Ir', 'Re', 'Os']	21	[0.84  0.013 0.132 0.01  0.    0.001 0.001 0.002]	[-0.154  0.006  0.127  0.013  0.002  0.003  0.003 -0.   ]	0.43	0.02	0.07	1.18	1.97	1.09	0.22	0.11	0.13	0.04	0.2		0.46348235114014513	0.2	False	0.578
3	['Pt', 'Pd', 'Au', 'Ru', 'Rh', 'Ir', 'Re', 'Os']	21	[0.846 0.005 0.045 0.094 0.002 0.003 0.004 0.   ]	[-0.163  0.005  0.039  0.11   0.002  0.002  0.003  0.   ]	0.43	0.02	0.07	1.18	1.97	1.09	0.22	0.11	0.13	0.04	0.2		0.4205357438867726	0.201	False	0.624
4	['Pt', 'Pd', 'Au', 'Ru', 'Rh', 'Ir', 'Re', 'Os']	21	[0.958 0.004 0.036 0.002 0.001 0.001 0.001 0.002]	[-0.15   0.034  0.071  0.041 -0.083  0.03   0.03   0.028]	0.43	0.02	0.07	1.18	1.97	1.09	0.22	0.11	0.13	0.04	0.2		0.38327819215410497	0.2	False	0.714
5	['Pt', 'Pd', 'Au', 'Ru', 'Rh', 'Ir', 'Re', 'Os']	21	[0.728 0.212 0.034 0.015 0.    0.001 0.    0.002]	[ 0.111 -0.002  0.128 -0.035 -0.053 -0.044 -0.05  -0.054]	0.43	0.02	0.07	1.18	1.97	1.09	0.22	0.11	0.13	0.04	0.2		0.5615703271221504	0.2	False	0.474
6	['Pt', 'Pd', 'Au', 'Ru', 'Rh', 'Ir', 'Re', 'Os']	21	[0.854 0.016 0.003 0.004 0.001 0.001 0.125 0.005]	[-0.156  0.017 -0.028  0.023  0.012  0.012  0.117  0.005]	0.43	0.02	0.07	1.18	1.97	1.09	0.22	0.11	0.13	0.04	0.2		0.400196969824844	0.2	False	0.649
7	['Pt', 'Pd', 'Au', 'Ru', 'Rh', 'Ir', 'Re', 'Os']	21	[0.892 0.001 0.069 0.004 0.001 0.002 0.002 0.033]	[ 0.148 -0.036 -0.069 -0.023 -0.036 -0.036 -0.036  0.088]	0.43	0.02	0.07	1.18	1.97	1.09	0.22	0.11	0.13	0.04	0.2		0.4155704527352627	0.2	False	0.643
0	['Pt', 'Pd', 'Au', 'Ru', 'Rh', 'Ir', 'Re', 'Os']	22	[0.148 0.057 0.786 0.002 0.002 0.002 0.002 0.004]	[ 0.075  0.133  0.05  -0.025 -0.054 -0.058 -0.057 -0.062]	0.43	0.02	0.07	1.18	1.97	1.09	0.22	0.11	0.13	0.04	0.2		0.3245388990328402	0.2	False	0.569
1	['Pt', 'Pd', 'Au', 'Ru', 'Rh', 'Ir', 'Re', 'Os']	22	[0.803 0.107 0.041 0.025 0.008 0.008 0.009 0.004]	[-0.172  0.092  0.041  0.019  0.005  0.006  0.006  0.003]	0.43	0.02	0.07	1.18	1.97	1.09	0.22	0.11	0.13	0.04	0.2		0.47662917031203167	0.2	False	0.55
2	['Pt', 'Pd', 'Au', 'Ru', 'Rh', 'Ir', 'Re', 'Os']	22	[0.978 0.015 0.    0.002 0.    0.    0.    0.001]	[ 0.142  0.006 -0.139  0.009 -0.003 -0.002 -0.002 -0.009]	0.43	0.02	0.07	1.18	1.97	1.09	0.22	0.11	0.13	0.04	0.2		0.3726228520180936	0.2	False	0.741
3	['Pt', 'Pd', 'Au', 'Ru', 'Rh', 'Ir', 'Re', 'Os']	22	[0.98  0.001 0.004 0.012 0.    0.    0.    0.   ]	[-0.152  0.017 -0.031  0.122  0.011  0.011  0.011  0.009]	0.43	0.02	0.07	1.18	1.97	1.09	0.22	0.11	0.13	0.04	0.2		0.37096840841415535	0.199	False	0.746
4	['Pt', 'Pd', 'Au', 'Ru', 'Rh', 'Ir', 'Re', 'Os']	22	[0.842 0.009 0.001 0.011 0.137 0.001 0.001 0.001]	[-0.155  0.018 -0.029  0.022  0.119  0.01   0.01   0.005]	0.43	0.02	0.07	1.18	1.97	1.09	0.22	0.11	0.13	0.04	0.2		0.39107043042823225	0.2	False	0.647
5	['Pt', 'Pd', 'Au', 'Ru', 'Rh', 'Ir', 'Re', 'Os']	22	[0.772 0.16  0.048 0.002 0.001 0.006 0.003 0.   ]	[ 0.114 -0.002  0.124 -0.066 -0.045 -0.036 -0.043 -0.046]	0.43	0.02	0.07	1.18	1.97	1.09	0.22	0.11	0.13	0.04	0.2		0.5192194855315311	0.2	False	0.51
6	['Pt', 'Pd', 'Au', 'Ru', 'Rh', 'Ir', 'Re', 'Os']	22	[0.953 0.006 0.036 0.004 0.004 0.002 0.    0.003]	[-0.149  0.038  0.075  0.042  0.027  0.028 -0.083  0.022]	0.43	0.02	0.07	1.18	1.97	1.09	0.22	0.11	0.13	0.04	0.2		0.38486257609399804	0.2	False	0.709
7	['Pt', 'Pd', 'Au', 'Ru', 'Rh', 'Ir', 'Re', 'Os']	22	[0.909 0.001 0.015 0.003 0.    0.002 0.    0.075]	[-0.159  0.014 -0.03   0.026  0.013  0.01   0.014  0.112]	0.43	0.02	0.07	1.18	1.97	1.09	0.22	0.11	0.13	0.04	0.2		0.3958525231876881	0.2	False	0.676
0	['Pt', 'Pd', 'Au', 'Ru', 'Rh', 'Ir', 'Re', 'Os']	23	[0.165 0.025 0.781 0.028 0.001 0.002 0.    0.003]	[ 0.078  0.131  0.048 -0.022 -0.057 -0.059 -0.058 -0.062]	0.43	0.02	0.07	1.18	1.97	1.09	0.22	0.11	0.13	0.04	0.2		0.3205036682564287	0.2	False	0.571
1	['Pt', 'Pd', 'Au', 'Ru', 'Rh', 'Ir', 'Re', 'Os']	23	[0.971 0.008 0.    0.011 0.004 0.004 0.005 0.002]	[ 0.168 -0.099 -0.041 -0.014 -0.004 -0.004 -0.004 -0.002]	0.43	0.02	0.07	1.18	1.97	1.09	0.22	0.11	0.13	0.04	0.2		0.37279698222275315	0.2	False	0.738
2	['Pt', 'Pd', 'Au', 'Ru', 'Rh', 'Ir', 'Re', 'Os']	23	[0.823 0.011 0.156 0.002 0.    0.    0.    0.004]	[-0.152  0.006  0.129  0.011  0.002  0.002  0.002 -0.   ]	0.43	0.02	0.07	1.18	1.97	1.09	0.22	0.11	0.13	0.04	0.2		0.48216164676455875	0.2	False	0.557
3	['Pt', 'Pd', 'Au', 'Ru', 'Rh', 'Ir', 'Re', 'Os']	23	[0.817 0.006 0.042 0.127 0.002 0.002 0.002 0.   ]	[-0.162  0.006  0.037  0.111  0.002  0.002  0.002  0.   ]	0.43	0.02	0.07	1.18	1.97	1.09	0.22	0.11	0.13	0.04	0.2		0.428458491974639	0.2	False	0.609
4	['Pt', 'Pd', 'Au', 'Ru', 'Rh', 'Ir', 'Re', 'Os']	23	[0.959 0.007 0.028 0.001 0.005 0.001 0.001 0.   ]	[-0.15   0.034  0.073  0.04  -0.082  0.029  0.029  0.027]	0.43	0.02	0.07	1.18	1.97	1.09	0.22	0.11	0.13	0.04	0.2		0.3814571277654022	0.2	False	0.717
5	['Pt', 'Pd', 'Au', 'Ru', 'Rh', 'Ir', 'Re', 'Os']	23	[0.832 0.106 0.035 0.015 0.002 0.001 0.    0.   ]	[ 0.123 -0.018  0.119 -0.031 -0.048 -0.04  -0.054 -0.051]	0.43	0.02	0.07	1.18	1.97	1.09	0.22	0.11	0.13	0.04	0.2		0.45818778124426096	0.2	False	0.578
6	['Pt', 'Pd', 'Au', 'Ru', 'Rh', 'Ir', 'Re', 'Os']	23	[0.848 0.01  0.    0.009 0.001 0.001 0.139 0.001]	[-0.154  0.017 -0.027  0.023  0.005  0.012  0.12   0.006]	0.43	0.02	0.07	1.18	1.97	1.09	0.22	0.11	0.13	0.04	0.2		0.39738211173641863	0.2	False	0.652
7	['Pt', 'Pd', 'Au', 'Ru', 'Rh', 'Ir', 'Re', 'Os']	23	[0.9   0.01  0.032 0.016 0.005 0.002 0.006 0.034]	[-0.166 -0.006  0.024  0.019  0.007  0.007  0.008  0.106]	0.43	0.02	0.07	1.18	1.97	1.09	0.22	0.11	0.13	0.04	0.2		0.40321849597616716	0.2	False	0.661
0	['Pt', 'Pd', 'Au', 'Ru', 'Rh', 'Ir', 'Re', 'Os']	24	[0.173 0.06  0.765 0.003 0.001 0.    0.001 0.   ]	[ 0.079  0.13   0.05  -0.081 -0.041 -0.044 -0.044 -0.049]	0.43	0.02	0.07	1.18	1.97	1.09	0.22	0.11	0.13	0.04	0.2		0.35348917072862807	0.2	False	0.542
1	['Pt', 'Pd', 'Au', 'Ru', 'Rh', 'Ir', 'Re', 'Os']	24	[0.821 0.117 0.053 0.009 0.001 0.001 0.002 0.001]	[-0.166  0.102  0.044  0.021 -0.001 -0.001 -0.001  0.002]	0.43	0.02	0.07	1.18	1.97	1.09	0.22	0.11	0.13	0.04	0.2		0.47671608745022653	0.2	False	0.557
2	['Pt', 'Pd', 'Au', 'Ru', 'Rh', 'Ir', 'Re', 'Os']	24	[0.96  0.009 0.013 0.007 0.    0.001 0.001 0.003]	[ 0.144  0.004 -0.138  0.01  -0.004 -0.003 -0.003 -0.01 ]	0.43	0.02	0.07	1.18	1.97	1.09	0.22	0.11	0.13	0.04	0.2		0.378791007463127	0.2	False	0.723
3	['Pt', 'Pd', 'Au', 'Ru', 'Rh', 'Ir', 'Re', 'Os']	24	[0.86  0.    0.007 0.127 0.    0.    0.    0.   ]	[ 0.149 -0.073  0.023  0.069 -0.041 -0.041 -0.041 -0.045]	0.43	0.02	0.07	1.18	1.97	1.09	0.22	0.11	0.13	0.04	0.2		0.3993409072645668	0.2	False	0.659
4	['Pt', 'Pd', 'Au', 'Ru', 'Rh', 'Ir', 'Re', 'Os']	24	[0.84  0.012 0.    0.014 0.133 0.    0.    0.002]	[-0.164  0.008  0.03   0.014  0.11   0.001  0.001 -0.001]	0.43	0.02	0.07	1.18	1.97	1.09	0.22	0.11	0.13	0.04	0.2		0.39288567846474554	0.201	False	0.644
5	['Pt', 'Pd', 'Au', 'Ru', 'Rh', 'Ir', 'Re', 'Os']	24	[0.892 0.04  0.044 0.002 0.002 0.006 0.002 0.002]	[ 0.127 -0.021  0.115 -0.061 -0.046 -0.033 -0.039 -0.043]	0.43	0.02	0.07	1.18	1.97	1.09	0.22	0.11	0.13	0.04	0.2		0.41478351353227705	0.2	False	0.643
6	['Pt', 'Pd', 'Au', 'Ru', 'Rh', 'Ir', 'Re', 'Os']	24	[0.956 0.001 0.032 0.005 0.    0.    0.011 0.003]	[-0.15   0.036  0.072  0.042  0.029  0.029 -0.083  0.026]	0.43	0.02	0.07	1.18	1.97	1.09	0.22	0.11	0.13	0.04	0.2		0.3824203948858874	0.2	False	0.715
7	['Pt', 'Pd', 'Au', 'Ru', 'Rh', 'Ir', 'Re', 'Os']	24	[0.907 0.008 0.003 0.    0.    0.001 0.002 0.084]	[-0.159  0.014  0.039 -0.013 -0.001  0.008 -0.001  0.112]	0.43	0.02	0.07	1.18	1.97	1.09	0.22	0.11	0.13	0.04	0.2		0.3950406983068994	0.2	False	0.676
0	['Pt', 'Pd', 'Au', 'Ru', 'Rh', 'Ir', 'Re', 'Os']	25	[0.193 0.02  0.756 0.026 0.003 0.001 0.001 0.003]	[ 0.082  0.13   0.043 -0.018 -0.057 -0.059 -0.059 -0.062]	0.43	0.02	0.07	1.18	1.97	1.09	0.22	0.11	0.13	0.04	0.2		0.3475995031071528	0.2	False	0.544
1	['Pt', 'Pd', 'Au', 'Ru', 'Rh', 'Ir', 'Re', 'Os']	25	[0.982 0.01  0.008 0.001 0.    0.    0.    0.002]	[ 0.162 -0.108 -0.045  0.008 -0.004 -0.004 -0.003 -0.006]	0.43	0.02	0.07	1.18	1.97	1.09	0.22	0.11	0.13	0.04	0.2		0.3725649035735968	0.2	False	0.743
2	['Pt', 'Pd', 'Au', 'Ru', 'Rh', 'Ir', 'Re', 'Os']	25	[0.846 0.003 0.139 0.002 0.    0.001 0.001 0.002]	[-0.151  0.006  0.13   0.012  0.003  0.003  0.003 -0.003]	0.43	0.02	0.07	1.18	1.97	1.09	0.22	0.11	0.13	0.04	0.2		0.4586614459193835	0.2	False	0.585
3	['Pt', 'Pd', 'Au', 'Ru', 'Rh', 'Ir', 'Re', 'Os']	25	[0.957 0.002 0.028 0.003 0.    0.002 0.001 0.001]	[-0.146  0.031  0.07  -0.09   0.032  0.035  0.036  0.033]	0.43	0.02	0.07	1.18	1.97	1.09	0.22	0.11	0.13	0.04	0.2		0.38149632101616987	0.2	False	0.717
4	['Pt', 'Pd', 'Au', 'Ru', 'Rh', 'Ir', 'Re', 'Os']	25	[0.965 0.003 0.027 0.002 0.001 0.    0.    0.004]	[-0.149  0.037  0.072  0.041 -0.085  0.031  0.031  0.023]	0.43	0.02	0.07	1.18	1.97	1.09	0.22	0.11	0.13	0.04	0.2		0.3795248502629142	0.2	False	0.723
5	['Pt', 'Pd', 'Au', 'Ru', 'Rh', 'Ir', 'Re', 'Os']	25	[0.902 0.004 0.067 0.012 0.002 0.001 0.    0.002]	[-0.152  0.005  0.128  0.015 -0.003  0.007  0.002 -0.   ]	0.43	0.02	0.07	1.18	1.97	1.09	0.22	0.11	0.13	0.04	0.2		0.4095070371473714	0.2	False	0.655
6	['Pt', 'Pd', 'Au', 'Ru', 'Rh', 'Ir', 'Re', 'Os']	25	[0.849 0.008 0.001 0.011 0.003 0.004 0.132 0.001]	[-0.155  0.014 -0.026  0.02   0.009  0.01   0.121  0.005]	0.43	0.02	0.07	1.18	1.97	1.09	0.22	0.11	0.13	0.04	0.2		0.3971827744452782	0.201	False	0.651
7	['Pt', 'Pd', 'Au', 'Ru', 'Rh', 'Ir', 'Re', 'Os']	25	[0.903 0.014 0.044 0.02  0.003 0.002 0.    0.02 ]	[-0.168  0.007  0.038  0.016  0.003  0.003  0.003  0.1  ]	0.43	0.02	0.07	1.18	1.97	1.09	0.22	0.11	0.13	0.04	0.2		0.4059830885816497	0.2	False	0.659
0	['Pt', 'Pd', 'Au', 'Ru', 'Rh', 'Ir', 'Re', 'Os']	26	[0.202 0.063 0.733 0.002 0.    0.    0.    0.   ]	[ 0.083  0.133  0.04  -0.026 -0.055 -0.057 -0.057 -0.062]	0.43	0.02	0.07	1.18	1.97	1.09	0.22	0.11	0.13	0.04	0.2		0.39595628018221063	0.201	False	0.504
1	['Pt', 'Pd', 'Au', 'Ru', 'Rh', 'Ir', 'Re', 'Os']	26	[0.806 0.114 0.039 0.022 0.006 0.006 0.006 0.004]	[-0.169  0.099  0.038  0.018  0.005  0.005  0.005  0.002]	0.43	0.02	0.07	1.18	1.97	1.09	0.22	0.11	0.13	0.04	0.2		0.4769044683272295	0.201	False	0.552
2	['Pt', 'Pd', 'Au', 'Ru', 'Rh', 'Ir', 'Re', 'Os']	26	[0.982 0.    0.001 0.006 0.    0.001 0.    0.003]	[ 0.144  0.003 -0.138  0.01  -0.004 -0.004 -0.003 -0.01 ]	0.43	0.02	0.07	1.18	1.97	1.09	0.22	0.11	0.13	0.04	0.2		0.3700029096156974	0.2	False	0.749
3	['Pt', 'Pd', 'Au', 'Ru', 'Rh', 'Ir', 'Re', 'Os']	26	[0.846 0.001 0.001 0.143 0.001 0.    0.    0.001]	[-0.156  0.008  0.029  0.121  0.001  0.001  0.001 -0.003]	0.43	0.02	0.07	1.18	1.97	1.09	0.22	0.11	0.13	0.04	0.2		0.4005643955572856	0.2	False	0.654
4	['Pt', 'Pd', 'Au', 'Ru', 'Rh', 'Ir', 'Re', 'Os']	26	[0.835 0.009 0.002 0.013 0.141 0.    0.    0.001]	[-0.163  0.009  0.03   0.014  0.112  0.002  0.002 -0.004]	0.43	0.02	0.07	1.18	1.97	1.09	0.22	0.11	0.13	0.04	0.2		0.39248453908838066	0.2	False	0.642
5	['Pt', 'Pd', 'Au', 'Ru', 'Rh', 'Ir', 'Re', 'Os']	26	[0.918 0.    0.069 0.    0.    0.    0.    0.001]	[-0.151 -0.003  0.131  0.013  0.001  0.007  0.001  0.003]	0.43	0.02	0.07	1.18	1.97	1.09	0.22	0.11	0.13	0.04	0.2		0.40334932683175484	0.2	False	0.67
6	['Pt', 'Pd', 'Au', 'Ru', 'Rh', 'Ir', 'Re', 'Os']	26	[0.96  0.001 0.032 0.006 0.001 0.003 0.006 0.   ]	[-0.149  0.038  0.072  0.044  0.029  0.021 -0.084  0.028]	0.43	0.02	0.07	1.18	1.97	1.09	0.22	0.11	0.13	0.04	0.2		0.3810385405985257	0.2	False	0.718
7	['Pt', 'Pd', 'Au', 'Ru', 'Rh', 'Ir', 'Re', 'Os']	26	[0.895 0.003 0.006 0.002 0.    0.    0.001 0.097]	[-0.153  0.022 -0.024 -0.007  0.012  0.012  0.013  0.123]	0.43	0.02	0.07	1.18	1.97	1.09	0.22	0.11	0.13	0.04	0.2		0.3990809006348267	0.2	False	0.667
0	['Pt', 'Pd', 'Au', 'Ru', 'Rh', 'Ir', 'Re', 'Os']	27	[0.139 0.009 0.831 0.016 0.003 0.    0.001 0.001]	[-0.05   0.095  0.144 -0.015 -0.041 -0.044 -0.042 -0.047]	0.43	0.02	0.07	1.18	1.97	1.09	0.22	0.11	0.13	0.04	0.2		0.2906415271206442	0.2	False	0.628
1	['Pt', 'Pd', 'Au', 'Ru', 'Rh', 'Ir', 'Re', 'Os']	27	[0.92  0.011 0.069 0.    0.001 0.    0.    0.001]	[ 0.115  0.12   0.008 -0.026 -0.063 -0.046 -0.046 -0.06 ]	0.43	0.02	0.07	1.18	1.97	1.09	0.22	0.11	0.13	0.04	0.2		0.40498434367609226	0.2	False	0.667
2	['Pt', 'Pd', 'Au', 'Ru', 'Rh', 'Ir', 'Re', 'Os']	27	[0.817 0.007 0.151 0.01  0.    0.001 0.    0.006]	[-0.156  0.013  0.123  0.018  0.003  0.003  0.004 -0.006]	0.43	0.02	0.07	1.18	1.97	1.09	0.22	0.11	0.13	0.04	0.2		0.4823399140248441	0.2	False	0.555
3	['Pt', 'Pd', 'Au', 'Ru', 'Rh', 'Ir', 'Re', 'Os']	27	[0.961 0.007 0.023 0.    0.    0.    0.    0.003]	[ 0.105 -0.034 -0.014  0.135 -0.048 -0.047 -0.047 -0.051]	0.43	0.02	0.07	1.18	1.97	1.09	0.22	0.11	0.13	0.04	0.2		0.38041230596884573	0.2	False	0.72
4	['Pt', 'Pd', 'Au', 'Ru', 'Rh', 'Ir', 'Re', 'Os']	27	[0.952 0.017 0.025 0.    0.003 0.001 0.001 0.003]	[ 0.111 -0.034 -0.014 -0.032  0.13  -0.052 -0.052 -0.057]	0.43	0.02	0.07	1.18	1.97	1.09	0.22	0.11	0.13	0.04	0.2		0.38467603593945054	0.2	False	0.708
5	['Pt', 'Pd', 'Au', 'Ru', 'Rh', 'Ir', 'Re', 'Os']	27	[0.896 0.001 0.058 0.021 0.005 0.006 0.    0.   ]	[-0.157  0.008  0.12   0.022 -0.003  0.011 -0.    -0.   ]	0.43	0.02	0.07	1.18	1.97	1.09	0.22	0.11	0.13	0.04	0.2		0.4073852064096056	0.2	False	0.655
6	['Pt', 'Pd', 'Au', 'Ru', 'Rh', 'Ir', 'Re', 'Os']	27	[0.84  0.007 0.018 0.007 0.001 0.001 0.133 0.001]	[-0.142  0.003  0.023  0.006 -0.009 -0.008  0.137 -0.01 ]	0.43	0.02	0.07	1.18	1.97	1.09	0.22	0.11	0.13	0.04	0.2		0.40566003682268975	0.199	False	0.637
7	['Pt', 'Pd', 'Au', 'Ru', 'Rh', 'Ir', 'Re', 'Os']	27	[0.939 0.001 0.014 0.006 0.004 0.002 0.004 0.033]	[-0.149  0.006  0.019  0.012 -0.007 -0.006 -0.006  0.13 ]	0.43	0.02	0.07	1.18	1.97	1.09	0.22	0.11	0.13	0.04	0.2		0.38447413031909344	0.2	False	0.704
0	['Pt', 'Pd', 'Au', 'Ru', 'Rh', 'Ir', 'Re', 'Os']	28	[0.116 0.065 0.805 0.008 0.003 0.    0.001 0.003]	[ 0.062  0.137  0.058 -0.025 -0.058 -0.056 -0.056 -0.062]	0.43	0.02	0.07	1.18	1.97	1.09	0.22	0.11	0.13	0.04	0.2		0.30041765529804754	0.2	False	0.595
1	['Pt', 'Pd', 'Au', 'Ru', 'Rh', 'Ir', 'Re', 'Os']	28	[0.869 0.053 0.019 0.027 0.009 0.01  0.01  0.005]	[-0.161  0.07  -0.065  0.042  0.029  0.029  0.029  0.026]	0.43	0.02	0.07	1.18	1.97	1.09	0.22	0.11	0.13	0.04	0.2		0.417465072555543	0.2	False	0.63
2	['Pt', 'Pd', 'Au', 'Ru', 'Rh', 'Ir', 'Re', 'Os']	28	[0.96  0.013 0.014 0.002 0.001 0.001 0.    0.001]	[ 0.143  0.005 -0.139  0.009 -0.003 -0.003 -0.002 -0.009]	0.43	0.02	0.07	1.18	1.97	1.09	0.22	0.11	0.13	0.04	0.2		0.37949278895559657	0.2	False	0.721
3	['Pt', 'Pd', 'Au', 'Ru', 'Rh', 'Ir', 'Re', 'Os']	28	[0.834 0.007 0.01  0.135 0.001 0.    0.    0.005]	[-0.163  0.008  0.037  0.111  0.004  0.005  0.005 -0.005]	0.43	0.02	0.07	1.18	1.97	1.09	0.22	0.11	0.13	0.04	0.2		0.41051961147001703	0.2	False	0.636
4	['Pt', 'Pd', 'Au', 'Ru', 'Rh', 'Ir', 'Re', 'Os']	28	[0.844 0.    0.028 0.031 0.063 0.014 0.014 0.008]	[-0.18   0.015  0.047  0.023  0.067  0.01   0.01   0.007]	0.43	0.02	0.07	1.18	1.97	1.09	0.22	0.11	0.13	0.04	0.2		0.40693114675431186	0.2	False	0.628
5	['Pt', 'Pd', 'Au', 'Ru', 'Rh', 'Ir', 'Re', 'Os']	28	[0.914 0.    0.068 0.002 0.002 0.001 0.001 0.001]	[-0.145  0.009  0.137 -0.008  0.003 -0.003  0.004  0.004]	0.43	0.02	0.07	1.18	1.97	1.09	0.22	0.11	0.13	0.04	0.2		0.40427625845759174	0.2	False	0.667
6	['Pt', 'Pd', 'Au', 'Ru', 'Rh', 'Ir', 'Re', 'Os']	28	[0.972 0.001 0.014 0.005 0.001 0.001 0.011 0.004]	[-0.151  0.037  0.071  0.042  0.028  0.028 -0.082  0.026]	0.43	0.02	0.07	1.18	1.97	1.09	0.22	0.11	0.13	0.04	0.2		0.37459684668940263	0.2	False	0.735
7	['Pt', 'Pd', 'Au', 'Ru', 'Rh', 'Ir', 'Re', 'Os']	28	[0.863 0.008 0.032 0.009 0.002 0.    0.001 0.087]	[-0.166  0.009  0.04   0.014 -0.006  0.003  0.003  0.102]	0.43	0.02	0.07	1.18	1.97	1.09	0.22	0.11	0.13	0.04	0.2		0.42016510132167195	0.2	False	0.628
0	['Pt', 'Pd', 'Au', 'Ru', 'Rh', 'Ir', 'Re', 'Os']	29	[0.138 0.025 0.811 0.022 0.001 0.002 0.    0.001]	[ 0.074  0.133  0.052 -0.023 -0.057 -0.058 -0.058 -0.062]	0.43	0.02	0.07	1.18	1.97	1.09	0.22	0.11	0.13	0.04	0.2		0.29675249818169513	0.2	False	0.606
1	['Pt', 'Pd', 'Au', 'Ru', 'Rh', 'Ir', 'Re', 'Os']	29	[0.936 0.043 0.016 0.001 0.    0.001 0.003 0.002]	[-0.162  0.106  0.051 -0.008  0.002  0.002  0.007  0.004]	0.43	0.02	0.07	1.18	1.97	1.09	0.22	0.11	0.13	0.04	0.2		0.3918257816076589	0.2	False	0.69
2	['Pt', 'Pd', 'Au', 'Ru', 'Rh', 'Ir', 'Re', 'Os']	29	[0.844 0.005 0.136 0.001 0.    0.    0.001 0.003]	[-0.152  0.005  0.129  0.012  0.002  0.002  0.002 -0.   ]	0.43	0.02	0.07	1.18	1.97	1.09	0.22	0.11	0.13	0.04	0.2		0.45976964730607206	0.2	False	0.583
3	['Pt', 'Pd', 'Au', 'Ru', 'Rh', 'Ir', 'Re', 'Os']	29	[0.969 0.005 0.016 0.    0.    0.001 0.001 0.   ]	[ 0.15  -0.007  0.029 -0.127 -0.011 -0.01  -0.01  -0.016]	0.43	0.02	0.07	1.18	1.97	1.09	0.22	0.11	0.13	0.04	0.2		0.37640129150729246	0.2	False	0.731
4	['Pt', 'Pd', 'Au', 'Ru', 'Rh', 'Ir', 'Re', 'Os']	29	[0.959 0.001 0.009 0.003 0.027 0.001 0.001 0.001]	[-0.158  0.005  0.044  0.01   0.114 -0.005 -0.005 -0.003]	0.43	0.02	0.07	1.18	1.97	1.09	0.22	0.11	0.13	0.04	0.2		0.37527689711882417	0.2	False	0.727
5	['Pt', 'Pd', 'Au', 'Ru', 'Rh', 'Ir', 'Re', 'Os']	29	[0.908 0.001 0.071 0.007 0.    0.    0.001 0.002]	[-0.152  0.     0.129  0.013 -0.001  0.007  0.001  0.002]	0.43	0.02	0.07	1.18	1.97	1.09	0.22	0.11	0.13	0.04	0.2		0.40786725029224913	0.2	False	0.66
6	['Pt', 'Pd', 'Au', 'Ru', 'Rh', 'Ir', 'Re', 'Os']	29	[0.828 0.006 0.028 0.01  0.001 0.001 0.128 0.006]	[-0.163  0.005  0.035  0.012 -0.001 -0.001  0.11   0.001]	0.43	0.02	0.07	1.18	1.97	1.09	0.22	0.11	0.13	0.04	0.2		0.413928039475871	0.2	False	0.622
7	['Pt', 'Pd', 'Au', 'Ru', 'Rh', 'Ir', 'Re', 'Os']	29	[0.959 0.012 0.006 0.004 0.002 0.002 0.    0.017]	[-0.167  0.007  0.038  0.014  0.002  0.003  0.003  0.102]	0.43	0.02	0.07	1.18	1.97	1.09	0.22	0.11	0.13	0.04	0.2		0.3786042287194269	0.2	False	0.722
0	['Pt', 'Pd', 'Au', 'Ru', 'Rh', 'Ir', 'Re', 'Os']	30	[0.139 0.055 0.798 0.    0.    0.001 0.003 0.004]	[ 0.072  0.133  0.054 -0.025 -0.055 -0.058 -0.058 -0.063]	0.43	0.02	0.07	1.18	1.97	1.09	0.22	0.11	0.13	0.04	0.2		0.3151514320357217	0.2	False	0.583
1	['Pt', 'Pd', 'Au', 'Ru', 'Rh', 'Ir', 'Re', 'Os']	30	[0.864 0.067 0.032 0.023 0.007 0.005 0.002 0.   ]	[-0.17   0.095  0.041  0.019  0.005  0.005  0.004 -0.002]	0.43	0.02	0.07	1.18	1.97	1.09	0.22	0.11	0.13	0.04	0.2		0.4287109300692687	0.2	False	0.617
2	['Pt', 'Pd', 'Au', 'Ru', 'Rh', 'Ir', 'Re', 'Os']	30	[0.979 0.    0.002 0.006 0.    0.001 0.001 0.001]	[ 0.144  0.002 -0.137  0.01  -0.004 -0.003 -0.004 -0.01 ]	0.43	0.02	0.07	1.18	1.97	1.09	0.22	0.11	0.13	0.04	0.2		0.3707419531924622	0.2	False	0.746
3	['Pt', 'Pd', 'Au', 'Ru', 'Rh', 'Ir', 'Re', 'Os']	30	[0.828 0.005 0.016 0.142 0.001 0.    0.    0.002]	[-0.16   0.007  0.033  0.115  0.002  0.002  0.002 -0.   ]	0.43	0.02	0.07	1.18	1.97	1.09	0.22	0.11	0.13	0.04	0.2		0.4131441703534008	0.2	False	0.632
4	['Pt', 'Pd', 'Au', 'Ru', 'Rh', 'Ir', 'Re', 'Os']	30	[0.839 0.007 0.037 0.015 0.097 0.002 0.002 0.001]	[-0.166  0.007  0.038  0.015  0.103  0.003  0.003 -0.   ]	0.43	0.02	0.07	1.18	1.97	1.09	0.22	0.11	0.13	0.04	0.2		0.4101374006482393	0.2	False	0.622
5	['Pt', 'Pd', 'Au', 'Ru', 'Rh', 'Ir', 'Re', 'Os']	30	[0.916 0.002 0.068 0.    0.001 0.001 0.001 0.   ]	[-0.152  0.003  0.13   0.013 -0.001  0.007  0.001  0.001]	0.43	0.02	0.07	1.18	1.97	1.09	0.22	0.11	0.13	0.04	0.2		0.40401005858780736	0.2	False	0.668
6	['Pt', 'Pd', 'Au', 'Ru', 'Rh', 'Ir', 'Re', 'Os']	30	[0.981 0.005 0.006 0.002 0.001 0.001 0.013 0.002]	[ 0.152 -0.007  0.025  0.    -0.013 -0.013 -0.125 -0.02 ]	0.43	0.02	0.07	1.18	1.97	1.09	0.22	0.11	0.13	0.04	0.2		0.37142992298832894	0.2	False	0.745
7	['Pt', 'Pd', 'Au', 'Ru', 'Rh', 'Ir', 'Re', 'Os']	30	[0.833 0.015 0.035 0.008 0.002 0.002 0.002 0.105]	[-0.167  0.008  0.037  0.014  0.001  0.001  0.002  0.102]	0.43	0.02	0.07	1.18	1.97	1.09	0.22	0.11	0.13	0.04	0.2		0.4369552224342067	0.2	False	0.599
