ID	Elements	Generation	Position	Velocity	F_damp	F_b_best	F_h_best	F_g_best	F_b_worst	F_h_worst	F_g_worst	mut_prob	flip_prob	mut_rate	v_max	Activity	Distance	v_min
0	['Ag', 'Ir', 'Pd', 'Pt', 'Ru']	0	[0.8  0.05 0.05 0.05 0.05]	[-0.179  0.045  0.045  0.045  0.045]	0.74	1.67	1.76	0.42	0.02	0.05	0.01	0.11	0.82	0.37	0.2	0.027012725749533062	1.03	0.071
1	['Ag', 'Ir', 'Pd', 'Pt', 'Ru']	0	[0.05 0.8  0.05 0.05 0.05]	[ 0.045 -0.179  0.045  0.045  0.045]	0.74	1.67	1.76	0.42	0.02	0.05	0.01	0.11	0.82	0.37	0.2	0.007287080786378375	1.1	0.071
2	['Ag', 'Ir', 'Pd', 'Pt', 'Ru']	0	[0.05 0.05 0.8  0.05 0.05]	[ 0.045  0.045 -0.179  0.045  0.045]	0.74	1.67	1.76	0.42	0.02	0.05	0.01	0.11	0.82	0.37	0.2	0.1416984889241232	0.1	0.071
3	['Ag', 'Ir', 'Pd', 'Pt', 'Ru']	0	[0.05 0.05 0.05 0.8  0.05]	[ 0.045  0.045  0.045 -0.179  0.045]	0.74	1.67	1.76	0.42	0.02	0.05	0.01	0.11	0.82	0.37	0.2	0.031007911986536824	1.1	0.071
4	['Ag', 'Ir', 'Pd', 'Pt', 'Ru']	0	[0.05 0.05 0.05 0.05 0.8 ]	[ 0.045  0.045  0.045  0.045 -0.179]	0.74	1.67	1.76	0.42	0.02	0.05	0.01	0.11	0.82	0.37	0.2	0.015787588371734072	1.03	0.071
0	['Ag', 'Ir', 'Pd', 'Pt', 'Ru']	1	[0.659 0.051 0.191 0.05  0.049]	[-0.141  0.001  0.141 -0.    -0.001]	0.74	1.67	1.76	0.42	0.02	0.05	0.01	0.11	0.82	0.37	0.2	0.06587884161309242	0.831	0.071
1	['Ag', 'Ir', 'Pd', 'Pt', 'Ru']	1	[0.053 0.654 0.187 0.053 0.053]	[ 0.003 -0.145  0.137  0.003  0.003]	0.74	1.67	1.76	0.42	0.02	0.05	0.01	0.11	0.82	0.37	0.2	0.011707358436888268	0.9	0.071
2	['Ag', 'Ir', 'Pd', 'Pt', 'Ru']	1	[0.083 0.038 0.713 0.083 0.083]	[ 0.033 -0.012 -0.088  0.033  0.033]	0.74	1.67	1.76	0.42	0.02	0.05	0.01	0.11	0.82	0.37	0.2	0.12789949781802756	0.128	0.071
3	['Ag', 'Ir', 'Pd', 'Pt', 'Ru']	1	[0.053 0.049 0.189 0.656 0.053]	[ 0.003 -0.001  0.139 -0.144  0.003]	0.74	1.67	1.76	0.42	0.02	0.05	0.01	0.11	0.82	0.37	0.2	0.02494949105038038	0.9	0.071
4	['Ag', 'Ir', 'Pd', 'Pt', 'Ru']	1	[0.052 0.051 0.189 0.052 0.656]	[ 0.002  0.001  0.139  0.002 -0.144]	0.74	1.67	1.76	0.42	0.02	0.05	0.01	0.11	0.82	0.37	0.2	0.03820212765396528	0.831	0.071
0	['Ag', 'Ir', 'Pd', 'Pt', 'Ru']	2	[0.515 0.045 0.329 0.056 0.055]	[-0.144 -0.006  0.138  0.006  0.006]	0.74	1.67	1.76	0.42	0.02	0.05	0.01	0.11	0.82	0.37	0.2	0.09232128191661593	0.633	0.071
1	['Ag', 'Ir', 'Pd', 'Pt', 'Ru']	2	[0.059 0.503 0.32  0.059 0.059]	[ 0.006 -0.149  0.133  0.006  0.006]	0.74	1.67	1.76	0.42	0.02	0.05	0.01	0.11	0.82	0.37	0.2	0.022676432436597064	0.7	0.071
2	['Ag', 'Ir', 'Pd', 'Pt', 'Ru']	2	[0.072 0.048 0.736 0.072 0.072]	[ 0.028  0.063 -0.149  0.028  0.028]	0.74	1.67	1.76	0.42	0.02	0.05	0.01	0.11	0.82	0.37	0.2	0.13004598016369742	0.115	0.071
3	['Ag', 'Ir', 'Pd', 'Pt', 'Ru']	2	[0.059 0.042 0.327 0.513 0.059]	[ 0.006 -0.007  0.138 -0.144  0.006]	0.74	1.67	1.76	0.42	0.02	0.05	0.01	0.11	0.82	0.37	0.2	0.038161909467417064	0.701	0.071
4	['Ag', 'Ir', 'Pd', 'Pt', 'Ru']	2	[0.058 0.045 0.328 0.058 0.511]	[ 0.006 -0.006  0.139  0.006 -0.144]	0.74	1.67	1.76	0.42	0.02	0.05	0.01	0.11	0.82	0.37	0.2	0.04727611551498113	0.632	0.071
0	['Ag', 'Ir', 'Pd', 'Pt', 'Ru']	3	[0.371 0.041 0.469 0.06  0.059]	[-0.144 -0.004  0.139  0.004  0.004]	0.74	1.67	1.76	0.42	0.02	0.05	0.01	0.11	0.82	0.37	0.2	0.10586845805301023	0.436	0.071
1	['Ag', 'Ir', 'Pd', 'Pt', 'Ru']	3	[0.062 0.357 0.457 0.062 0.062]	[ 0.003 -0.146  0.137  0.003  0.003]	0.74	1.67	1.76	0.42	0.02	0.05	0.01	0.11	0.82	0.37	0.2	0.045259632290995555	0.502	0.071
2	['Ag', 'Ir', 'Pd', 'Pt', 'Ru']	3	[0.048 0.069 0.787 0.048 0.048]	[-0.024  0.021  0.052 -0.024 -0.024]	0.74	1.67	1.76	0.42	0.02	0.05	0.01	0.11	0.82	0.37	0.2	0.1354045775505415	0.112	0.071
3	['Ag', 'Ir', 'Pd', 'Pt', 'Ru']	3	[0.057 0.04  0.468 0.371 0.064]	[-0.002 -0.002  0.141 -0.142  0.005]	0.74	1.67	1.76	0.42	0.02	0.05	0.01	0.11	0.82	0.37	0.2	0.06322416517985369	0.503	0.071
4	['Ag', 'Ir', 'Pd', 'Pt', 'Ru']	3	[0.062 0.041 0.467 0.062 0.368]	[ 0.004 -0.004  0.14   0.004 -0.143]	0.74	1.67	1.76	0.42	0.02	0.05	0.01	0.11	0.82	0.37	0.2	0.06899405112030174	0.436	0.071
0	['Ag', 'Ir', 'Pd', 'Pt', 'Ru']	4	[0.231 0.046 0.612 0.056 0.055]	[-0.14   0.005  0.143 -0.004 -0.004]	0.74	1.67	1.76	0.42	0.02	0.05	0.01	0.11	0.82	0.37	0.2	0.1204897195539466	0.245	0.071
1	['Ag', 'Ir', 'Pd', 'Pt', 'Ru']	4	[0.057 0.223 0.606 0.057 0.057]	[-0.005 -0.134  0.148 -0.005 -0.005]	0.74	1.67	1.76	0.42	0.02	0.05	0.01	0.11	0.82	0.37	0.2	0.0841808929582409	0.307	0.071
2	['Ag', 'Ir', 'Pd', 'Pt', 'Ru']	4	[0.203 0.186 0.205 0.203 0.203]	[ 0.155  0.162 -0.626  0.155  0.155]	0.74	1.67	1.76	0.42	0.02	0.05	0.01	0.11	0.82	0.37	0.2	0.030550655097191265	0.672	0.071
3	['Ag', 'Ir', 'Pd', 'Pt', 'Ru']	4	[0.053 0.045 0.611 0.232 0.059]	[-0.004  0.005  0.143 -0.139 -0.005]	0.74	1.67	1.76	0.42	0.02	0.05	0.01	0.11	0.82	0.37	0.2	0.09222397779197049	0.309	0.071
4	['Ag', 'Ir', 'Pd', 'Pt', 'Ru']	4	[0.057 0.046 0.611 0.057 0.229]	[-0.005  0.005  0.144 -0.005 -0.139]	0.74	1.67	1.76	0.42	0.02	0.05	0.01	0.11	0.82	0.37	0.2	0.1035014873449193	0.244	0.071
0	['Ag', 'Ir', 'Pd', 'Pt', 'Ru']	5	[0.102 0.04  0.764 0.047 0.047]	[-0.129 -0.006  0.152 -0.009 -0.008]	0.74	1.67	1.76	0.42	0.02	0.05	0.01	0.11	0.82	0.37	0.2	0.13746372749723862	0.089	0.071
1	['Ag', 'Ir', 'Pd', 'Pt', 'Ru']	5	[0.031 0.084 0.699 0.098 0.088]	[ 0.057 -0.172  0.08   0.023  0.012]	0.74	1.67	1.76	0.42	0.02	0.05	0.01	0.11	0.82	0.37	0.2	0.11235309267493528	0.178	0.071
2	['Ag', 'Ir', 'Pd', 'Pt', 'Ru']	5	[0.182 0.133 0.382 0.145 0.158]	[-0.021 -0.053  0.177 -0.058 -0.045]	0.74	1.67	1.76	0.42	0.02	0.05	0.01	0.11	0.82	0.37	0.2	0.061637464144671895	0.473	0.071
3	['Ag', 'Ir', 'Pd', 'Pt', 'Ru']	5	[0.149 0.046 0.682 0.072 0.051]	[ 0.096  0.001  0.071 -0.16  -0.008]	0.74	1.67	1.76	0.42	0.02	0.05	0.01	0.11	0.82	0.37	0.2	0.12793290482668704	0.161	0.071
4	['Ag', 'Ir', 'Pd', 'Pt', 'Ru']	5	[0.152 0.043 0.684 0.052 0.069]	[ 0.095 -0.003  0.073 -0.005 -0.16 ]	0.74	1.67	1.76	0.42	0.02	0.05	0.01	0.11	0.82	0.37	0.2	0.13088668495073882	0.147	0.071
0	['Ag', 'Ir', 'Pd', 'Pt', 'Ru']	6	[0.082 0.076 0.67  0.086 0.086]	[ 0.138  0.    -0.144  0.003  0.003]	0.74	1.67	1.76	0.42	0.02	0.05	0.01	0.11	0.82	0.37	0.2	0.11520024503945715	0.175	0.071
1	['Ag', 'Ir', 'Pd', 'Pt', 'Ru']	6	[0.107 0.046 0.759 0.046 0.042]	[ 0.084  0.121 -0.121 -0.044 -0.038]	0.74	1.67	1.76	0.42	0.02	0.05	0.01	0.11	0.82	0.37	0.2	0.1380273946574061	0.097	0.071
2	['Ag', 'Ir', 'Pd', 'Pt', 'Ru']	6	[0.12  0.15  0.551 0.085 0.094]	[-0.062  0.017  0.168 -0.06  -0.064]	0.74	1.67	1.76	0.42	0.02	0.05	0.01	0.11	0.82	0.37	0.2	0.09057245713836473	0.304	0.071
3	['Ag', 'Ir', 'Pd', 'Pt', 'Ru']	6	[0.112 0.053 0.738 0.063 0.034]	[-0.019  0.026 -0.143  0.135  0.001]	0.74	1.67	1.76	0.42	0.02	0.05	0.01	0.11	0.82	0.37	0.2	0.13353064884020288	0.123	0.071
4	['Ag', 'Ir', 'Pd', 'Pt', 'Ru']	6	[0.12  0.039 0.731 0.047 0.063]	[-0.015  0.014 -0.146  0.013  0.135]	0.74	1.67	1.76	0.42	0.02	0.05	0.01	0.11	0.82	0.37	0.2	0.13538604234729618	0.101	0.071
0	['Ag', 'Ir', 'Pd', 'Pt', 'Ru']	7	[0.16  0.016 0.79  0.019 0.015]	[ 0.165 -0.012 -0.108 -0.021 -0.026]	0.74	1.67	1.76	0.42	0.02	0.05	0.01	0.11	0.82	0.37	0.2	0.14416668374581468	0.107	0.071
1	['Ag', 'Ir', 'Pd', 'Pt', 'Ru']	7	[0.132 0.096 0.701 0.069 0.002]	[ 0.009  0.037 -0.082  0.007  0.029]	0.74	1.67	1.76	0.42	0.02	0.05	0.01	0.11	0.82	0.37	0.2	0.1188319700460091	0.185	0.071
2	['Ag', 'Ir', 'Pd', 'Pt', 'Ru']	7	[0.083 0.083 0.728 0.052 0.054]	[-0.037 -0.067  0.177 -0.033 -0.04 ]	0.74	1.67	1.76	0.42	0.02	0.05	0.01	0.11	0.82	0.37	0.2	0.12667644591701918	0.131	0.071
3	['Ag', 'Ir', 'Pd', 'Pt', 'Ru']	7	[0.058 0.041 0.743 0.111 0.047]	[-0.054 -0.012  0.005  0.048  0.013]	0.74	1.67	1.76	0.42	0.02	0.05	0.01	0.11	0.82	0.37	0.2	0.12612719029359895	0.148	0.071
4	['Ag', 'Ir', 'Pd', 'Pt', 'Ru']	7	[0.059 0.053 0.73  0.054 0.104]	[-0.061  0.014 -0.     0.007  0.041]	0.74	1.67	1.76	0.42	0.02	0.05	0.01	0.11	0.82	0.37	0.2	0.12877585117836865	0.111	0.071
0	['Ag', 'Ir', 'Pd', 'Pt', 'Ru']	8	[0.265 0.    0.73  0.004 0.001]	[ 0.1    0.005 -0.072 -0.036  0.003]	0.74	1.67	1.76	0.42	0.02	0.05	0.01	0.11	0.82	0.37	0.2	0.1415428017347319	0.205	0.071
1	['Ag', 'Ir', 'Pd', 'Pt', 'Ru']	8	[0.143 0.042 0.759 0.    0.056]	[-0.015  0.103 -0.162  0.045  0.03 ]	0.74	1.67	1.76	0.42	0.02	0.05	0.01	0.11	0.82	0.37	0.2	0.14681682767375848	0.085	0.071
2	['Ag', 'Ir', 'Pd', 'Pt', 'Ru']	8	[0.225 0.015 0.609 0.08  0.071]	[ 0.142 -0.068 -0.119  0.028  0.017]	0.74	1.67	1.76	0.42	0.02	0.05	0.01	0.11	0.82	0.37	0.2	0.12202135327453667	0.244	0.071
3	['Ag', 'Ir', 'Pd', 'Pt', 'Ru']	8	[0.164 0.034 0.772 0.02  0.01 ]	[ 0.094 -0.116 -0.048  0.116 -0.046]	0.74	1.67	1.76	0.42	0.02	0.05	0.01	0.11	0.82	0.37	0.2	0.13833063768704476	0.121	0.071
4	['Ag', 'Ir', 'Pd', 'Pt', 'Ru']	8	[0.186 0.    0.79  0.01  0.014]	[ 0.116 -0.067 -0.092 -0.058  0.101]	0.74	1.67	1.76	0.42	0.02	0.05	0.01	0.11	0.82	0.37	0.2	0.14801545606672067	0.122	0.071
0	['Ag', 'Ir', 'Pd', 'Pt', 'Ru']	9	[0.128 0.035 0.755 0.03  0.052]	[-0.133  0.069 -0.081  0.058  0.087]	0.74	1.67	1.76	0.42	0.02	0.05	0.01	0.11	0.82	0.37	0.2	0.1438486190843551	0.085	0.071
1	['Ag', 'Ir', 'Pd', 'Pt', 'Ru']	9	[0.216 0.002 0.728 0.041 0.013]	[ 0.061 -0.075 -0.06   0.024  0.049]	0.74	1.67	1.76	0.42	0.02	0.05	0.01	0.11	0.82	0.37	0.2	0.1353232599160193	0.167	0.071
2	['Ag', 'Ir', 'Pd', 'Pt', 'Ru']	9	[0.151 0.005 0.784 0.03  0.03 ]	[-0.074 -0.01   0.174 -0.05  -0.041]	0.74	1.67	1.76	0.42	0.02	0.05	0.01	0.11	0.82	0.37	0.2	0.14554394749076946	0.093	0.071
3	['Ag', 'Ir', 'Pd', 'Pt', 'Ru']	9	[0.129 0.108 0.647 0.04  0.076]	[-0.02   0.121 -0.137 -0.033  0.07 ]	0.74	1.67	1.76	0.42	0.02	0.05	0.01	0.11	0.82	0.37	0.2	0.11467144781639381	0.195	0.071
4	['Ag', 'Ir', 'Pd', 'Pt', 'Ru']	9	[0.226 0.04  0.704 0.008 0.022]	[ 0.064  0.023 -0.114  0.007  0.019]	0.74	1.67	1.76	0.42	0.02	0.05	0.01	0.11	0.82	0.37	0.2	0.13500821685750913	0.181	0.071
0	['Ag', 'Ir', 'Pd', 'Pt', 'Ru']	10	[0.15  0.105 0.674 0.064 0.007]	[ 0.022  0.07  -0.08   0.034 -0.045]	0.74	1.67	1.76	0.42	0.02	0.05	0.01	0.11	0.82	0.37	0.2	0.11903507712744485	0.205	0.071
1	['Ag', 'Ir', 'Pd', 'Pt', 'Ru']	10	[0.091 0.016 0.755 0.028 0.11 ]	[-0.117  0.026 -0.091  0.073  0.109]	0.74	1.67	1.76	0.42	0.02	0.05	0.01	0.11	0.82	0.37	0.2	0.14465297367594038	0.057	0.071
2	['Ag', 'Ir', 'Pd', 'Pt', 'Ru']	10	[0.156 0.075 0.634 0.072 0.063]	[-0.024  0.042 -0.144  0.066  0.06 ]	0.74	1.67	1.76	0.42	0.02	0.05	0.01	0.11	0.82	0.37	0.2	0.11590460175909056	0.207	0.071
3	['Ag', 'Ir', 'Pd', 'Pt', 'Ru']	10	[0.091 0.133 0.737 0.027 0.012]	[-0.155 -0.027  0.104  0.013  0.065]	0.74	1.67	1.76	0.42	0.02	0.05	0.01	0.11	0.82	0.37	0.2	0.12417881993050972	0.174	0.071
4	['Ag', 'Ir', 'Pd', 'Pt', 'Ru']	10	[0.139 0.072 0.722 0.042 0.025]	[-0.069  0.117 -0.132  0.058  0.026]	0.74	1.67	1.76	0.42	0.02	0.05	0.01	0.11	0.82	0.37	0.2	0.12936709701924945	0.142	0.071
0	['Ag', 'Ir', 'Pd', 'Pt', 'Ru']	11	[0.033 0.163 0.748 0.053 0.003]	[-0.16   0.047  0.064  0.084 -0.036]	0.74	1.67	1.76	0.42	0.02	0.05	0.01	0.11	0.82	0.37	0.2	0.1159130920994064	0.214	0.071
1	['Ag', 'Ir', 'Pd', 'Pt', 'Ru']	11	[0.122 0.038 0.768 0.017 0.055]	[ 0.031  0.022  0.013 -0.011 -0.055]	0.74	1.67	1.76	0.42	0.02	0.05	0.01	0.11	0.82	0.37	0.2	0.14541015861632312	0.073	0.071
2	['Ag', 'Ir', 'Pd', 'Pt', 'Ru']	11	[0.116 0.009 0.791 0.032 0.052]	[-0.004  0.13  -0.15  -0.004  0.027]	0.74	1.67	1.76	0.42	0.02	0.05	0.01	0.11	0.82	0.37	0.2	0.15000135627348468	0.061	0.071
3	['Ag', 'Ir', 'Pd', 'Pt', 'Ru']	11	[0.099 0.039 0.77  0.01  0.082]	[-0.02   0.141 -0.123 -0.047  0.048]	0.74	1.67	1.76	0.42	0.02	0.05	0.01	0.11	0.82	0.37	0.2	0.14434361508773005	0.053	0.071
4	['Ag', 'Ir', 'Pd', 'Pt', 'Ru']	11	[0.007 0.158 0.731 0.068 0.036]	[-0.164  0.087 -0.     0.076  0.001]	0.74	1.67	1.76	0.42	0.02	0.05	0.01	0.11	0.82	0.37	0.2	0.10858395250713909	0.217	0.071
0	['Ag', 'Ir', 'Pd', 'Pt', 'Ru']	12	[0.119 0.013 0.781 0.048 0.039]	[ 0.045  0.142 -0.121 -0.056 -0.01 ]	0.74	1.67	1.76	0.42	0.02	0.05	0.01	0.11	0.82	0.37	0.2	0.14456381656576134	0.083	0.071
1	['Ag', 'Ir', 'Pd', 'Pt', 'Ru']	12	[0.281 0.393 0.095 0.078 0.153]	[ 0.205  0.307 -0.57  -0.09   0.147]	0.74	1.67	1.76	0.42	0.02	0.05	0.01	0.11	0.82	0.37	0.2	0.013224429765994843	0.833	0.071
2	['Ag', 'Ir', 'Pd', 'Pt', 'Ru']	12	[0.121 0.081 0.697 0.029 0.072]	[ 0.005  0.072 -0.093 -0.003  0.02 ]	0.74	1.67	1.76	0.42	0.02	0.05	0.01	0.11	0.82	0.37	0.2	0.12674821105926312	0.139	0.071
3	['Ag', 'Ir', 'Pd', 'Pt', 'Ru']	12	[0.127 0.064 0.747 0.007 0.055]	[ 0.028  0.025 -0.024 -0.003 -0.027]	0.74	1.67	1.76	0.42	0.02	0.05	0.01	0.11	0.82	0.37	0.2	0.14013277108628935	0.099	0.071
4	['Ag', 'Ir', 'Pd', 'Pt', 'Ru']	12	[0.121 0.012 0.801 0.035 0.031]	[ 0.114 -0.146  0.069 -0.033 -0.005]	0.74	1.67	1.76	0.42	0.02	0.05	0.01	0.11	0.82	0.37	0.2	0.15052971709568988	0.081	0.071
0	['Ag', 'Ir', 'Pd', 'Pt', 'Ru']	13	[0.123 0.075 0.778 0.021 0.003]	[-0.014  0.057 -0.023  0.052 -0.073]	0.74	1.67	1.76	0.42	0.02	0.05	0.01	0.11	0.82	0.37	0.2	0.13710162553834848	0.128	0.071
1	['Ag', 'Ir', 'Pd', 'Pt', 'Ru']	13	[0.249 0.3   0.266 0.056 0.129]	[-0.032 -0.092  0.171 -0.022 -0.024]	0.74	1.67	1.76	0.42	0.02	0.05	0.01	0.11	0.82	0.37	0.2	0.03555768484489339	0.634	0.071
2	['Ag', 'Ir', 'Pd', 'Pt', 'Ru']	13	[0.137 0.057 0.73  0.044 0.032]	[ 0.023  0.132 -0.142  0.022 -0.035]	0.74	1.67	1.76	0.42	0.02	0.05	0.01	0.11	0.82	0.37	0.2	0.13372066520724163	0.127	0.071
3	['Ag', 'Ir', 'Pd', 'Pt', 'Ru']	13	[0.037 0.586 0.138 0.162 0.077]	[-0.122  0.431 -0.517  0.123  0.084]	0.74	1.67	1.76	0.42	0.02	0.05	0.01	0.11	0.82	0.37	0.2	0.020293988159811743	0.901	0.071
4	['Ag', 'Ir', 'Pd', 'Pt', 'Ru']	13	[0.192 0.178 0.629 0.    0.001]	[ 0.069  0.126 -0.121 -0.038 -0.036]	0.74	1.67	1.76	0.42	0.02	0.05	0.01	0.11	0.82	0.37	0.2	0.11079164784945846	0.281	0.071
0	['Ag', 'Ir', 'Pd', 'Pt', 'Ru']	14	[0.09  0.06  0.745 0.096 0.009]	[-0.058  0.101 -0.086  0.059 -0.016]	0.74	1.67	1.76	0.42	0.02	0.05	0.01	0.11	0.82	0.37	0.2	0.12539035249106945	0.156	0.071
1	['Ag', 'Ir', 'Pd', 'Pt', 'Ru']	14	[0.211 0.214 0.438 0.041 0.096]	[-0.038 -0.086  0.173 -0.015 -0.033]	0.74	1.67	1.76	0.42	0.02	0.05	0.01	0.11	0.82	0.37	0.2	0.0689364522674327	0.437	0.071
2	['Ag', 'Ir', 'Pd', 'Pt', 'Ru']	14	[0.12  0.079 0.698 0.048 0.055]	[-0.025  0.015 -0.142  0.08   0.073]	0.74	1.67	1.76	0.42	0.02	0.05	0.01	0.11	0.82	0.37	0.2	0.12672675858709345	0.146	0.071
3	['Ag', 'Ir', 'Pd', 'Pt', 'Ru']	14	[0.032 0.465 0.294 0.133 0.076]	[-0.005 -0.121  0.156 -0.029 -0.001]	0.74	1.67	1.76	0.42	0.02	0.05	0.01	0.11	0.82	0.37	0.2	0.02280912214148491	0.704	0.071
4	['Ag', 'Ir', 'Pd', 'Pt', 'Ru']	14	[0.14  0.06  0.78  0.012 0.008]	[-0.051 -0.117  0.153  0.007  0.008]	0.74	1.67	1.76	0.42	0.02	0.05	0.01	0.11	0.82	0.37	0.2	0.13900854091036663	0.119	0.071
0	['Ag', 'Ir', 'Pd', 'Pt', 'Ru']	15	[0.196 0.052 0.656 0.024 0.072]	[ 0.083 -0.052 -0.148  0.085  0.032]	0.74	1.67	1.76	0.42	0.02	0.05	0.01	0.11	0.82	0.37	0.2	0.12827682559890793	0.184	0.071
1	['Ag', 'Ir', 'Pd', 'Pt', 'Ru']	15	[0.176 0.126 0.61  0.024 0.064]	[-0.035 -0.088  0.172 -0.017 -0.032]	0.74	1.67	1.76	0.42	0.02	0.05	0.01	0.11	0.82	0.37	0.2	0.11038849880544246	0.244	0.071
2	['Ag', 'Ir', 'Pd', 'Pt', 'Ru']	15	[0.139 0.064 0.726 0.033 0.038]	[ 0.027  0.135 -0.145 -0.008 -0.01 ]	0.74	1.67	1.76	0.42	0.02	0.05	0.01	0.11	0.82	0.37	0.2	0.13443532453523047	0.127	0.071
3	['Ag', 'Ir', 'Pd', 'Pt', 'Ru']	15	[0.041 0.321 0.426 0.162 0.05 ]	[ 0.009 -0.144  0.133  0.029 -0.026]	0.74	1.67	1.76	0.42	0.02	0.05	0.01	0.11	0.82	0.37	0.2	0.04360103861903508	0.525	0.071
4	['Ag', 'Ir', 'Pd', 'Pt', 'Ru']	15	[0.16  0.057 0.656 0.045 0.082]	[ 0.003  0.082 -0.169  0.018  0.066]	0.74	1.67	1.76	0.42	0.02	0.05	0.01	0.11	0.82	0.37	0.2	0.12600900172559656	0.173	0.071
0	['Ag', 'Ir', 'Pd', 'Pt', 'Ru']	16	[0.131 0.027 0.771 0.017 0.054]	[-0.016  0.048 -0.167  0.077  0.059]	0.74	1.67	1.76	0.42	0.02	0.05	0.01	0.11	0.82	0.37	0.2	0.14882710045129843	0.07	0.071
1	['Ag', 'Ir', 'Pd', 'Pt', 'Ru']	16	[0.137 0.03  0.779 0.014 0.04 ]	[-0.039 -0.096  0.169 -0.01  -0.024]	0.74	1.67	1.76	0.42	0.02	0.05	0.01	0.11	0.82	0.37	0.2	0.14732254249015164	0.081	0.071
2	['Ag', 'Ir', 'Pd', 'Pt', 'Ru']	16	[0.106 0.084 0.786 0.005 0.019]	[-0.033  0.02   0.061 -0.028 -0.019]	0.74	1.67	1.76	0.42	0.02	0.05	0.01	0.11	0.82	0.37	0.2	0.1402336710790555	0.118	0.071
3	['Ag', 'Ir', 'Pd', 'Pt', 'Ru']	16	[0.035 0.39  0.526 0.043 0.006]	[ 0.051  0.064  0.096 -0.137 -0.073]	0.74	1.67	1.76	0.42	0.02	0.05	0.01	0.11	0.82	0.37	0.2	0.05086429163015613	0.492	0.071
4	['Ag', 'Ir', 'Pd', 'Pt', 'Ru']	16	[0.058 0.003 0.793 0.008 0.138]	[-0.162  0.016  0.113  0.011  0.022]	0.74	1.67	1.76	0.42	0.02	0.05	0.01	0.11	0.82	0.37	0.2	0.16235991184148935	0.058	0.071
0	['Ag', 'Ir', 'Pd', 'Pt', 'Ru']	17	[0.161 0.05  0.633 0.024 0.132]	[ 0.038  0.055 -0.161 -0.026  0.095]	0.74	1.67	1.76	0.42	0.02	0.05	0.01	0.11	0.82	0.37	0.2	0.12363032206885705	0.189	0.071
1	['Ag', 'Ir', 'Pd', 'Pt', 'Ru']	17	[0.044 0.101 0.69  0.011 0.154]	[-0.098  0.095 -0.097 -0.008  0.109]	0.74	1.67	1.76	0.42	0.02	0.05	0.01	0.11	0.82	0.37	0.2	0.11480627054829111	0.169	0.071
2	['Ag', 'Ir', 'Pd', 'Pt', 'Ru']	17	[0.046 0.068 0.745 0.004 0.137]	[-0.094  0.11  -0.089 -0.029  0.102]	0.74	1.67	1.76	0.42	0.02	0.05	0.01	0.11	0.82	0.37	0.2	0.13401861247910654	0.109	0.071
3	['Ag', 'Ir', 'Pd', 'Pt', 'Ru']	17	[0.056 0.237 0.645 0.017 0.045]	[ 0.021 -0.153  0.118 -0.026  0.039]	0.74	1.67	1.76	0.42	0.02	0.05	0.01	0.11	0.82	0.37	0.2	0.09008414603489762	0.292	0.071
4	['Ag', 'Ir', 'Pd', 'Pt', 'Ru']	17	[0.104 0.049 0.646 0.033 0.168]	[ 0.109  0.017 -0.128 -0.002  0.003]	0.74	1.67	1.76	0.42	0.02	0.05	0.01	0.11	0.82	0.37	0.2	0.11893452467952736	0.178	0.071
0	['Ag', 'Ir', 'Pd', 'Pt', 'Ru']	18	[0.219 0.024 0.699 0.047 0.011]	[ 0.062 -0.001  0.072  0.038 -0.172]	0.74	1.67	1.76	0.42	0.02	0.05	0.01	0.11	0.82	0.37	0.2	0.12987875343064662	0.187	0.071
1	['Ag', 'Ir', 'Pd', 'Pt', 'Ru']	18	[0.112 0.017 0.768 0.016 0.087]	[ 0.07   0.119 -0.127  0.006 -0.067]	0.74	1.67	1.76	0.42	0.02	0.05	0.01	0.11	0.82	0.37	0.2	0.14844980009228628	0.043	0.071
2	['Ag', 'Ir', 'Pd', 'Pt', 'Ru']	18	[0.123 0.023 0.71  0.052 0.092]	[ 0.077 -0.045 -0.035  0.048 -0.045]	0.74	1.67	1.76	0.42	0.02	0.05	0.01	0.11	0.82	0.37	0.2	0.13603000164147314	0.109	0.071
3	['Ag', 'Ir', 'Pd', 'Pt', 'Ru']	18	[0.113 0.085 0.606 0.044 0.152]	[ 0.057 -0.152 -0.04   0.027  0.107]	0.74	1.67	1.76	0.42	0.02	0.05	0.01	0.11	0.82	0.37	0.2	0.10846288702782807	0.223	0.071
4	['Ag', 'Ir', 'Pd', 'Pt', 'Ru']	18	[0.008 0.023 0.782 0.026 0.161]	[-0.072  0.115 -0.132  0.044  0.044]	0.74	1.67	1.76	0.42	0.02	0.05	0.01	0.11	0.82	0.37	0.2	0.14492572782912316	0.117	0.071
0	['Ag', 'Ir', 'Pd', 'Pt', 'Ru']	19	[0.118 0.05  0.733 0.049 0.05 ]	[-0.082  0.07  -0.129  0.042  0.099]	0.74	1.67	1.76	0.42	0.02	0.05	0.01	0.11	0.82	0.37	0.2	0.1333929256715929	0.111	0.071
1	['Ag', 'Ir', 'Pd', 'Pt', 'Ru']	19	[0.143 0.072 0.713 0.015 0.057]	[ 0.031  0.055 -0.054 -0.001 -0.03 ]	0.74	1.67	1.76	0.42	0.02	0.05	0.01	0.11	0.82	0.37	0.2	0.1320541562827463	0.129	0.071
2	['Ag', 'Ir', 'Pd', 'Pt', 'Ru']	19	[0.145 0.076 0.7   0.025 0.054]	[ 0.025  0.086 -0.154  0.081 -0.038]	0.74	1.67	1.76	0.42	0.02	0.05	0.01	0.11	0.82	0.37	0.2	0.12894587167465646	0.143	0.071
3	['Ag', 'Ir', 'Pd', 'Pt', 'Ru']	19	[0.206 0.052 0.448 0.102 0.192]	[ 0.093 -0.033 -0.159  0.058  0.04 ]	0.74	1.67	1.76	0.42	0.02	0.05	0.01	0.11	0.82	0.37	0.2	0.08230086482037358	0.396	0.071
4	['Ag', 'Ir', 'Pd', 'Pt', 'Ru']	19	[0.167 0.038 0.734 0.009 0.052]	[ 0.159  0.015 -0.047 -0.017 -0.109]	0.74	1.67	1.76	0.42	0.02	0.05	0.01	0.11	0.82	0.37	0.2	0.1433197122821393	0.113	0.071
0	['Ag', 'Ir', 'Pd', 'Pt', 'Ru']	20	[0.082 0.017 0.723 0.056 0.122]	[-0.051 -0.101 -0.019  0.085  0.085]	0.74	1.67	1.76	0.42	0.02	0.05	0.01	0.11	0.82	0.37	0.2	0.13940199841684378	0.101	0.071
1	['Ag', 'Ir', 'Pd', 'Pt', 'Ru']	20	[0.108 0.087 0.714 0.009 0.082]	[-0.028  0.132 -0.144  0.008  0.032]	0.74	1.67	1.76	0.42	0.02	0.05	0.01	0.11	0.82	0.37	0.2	0.13296136997587343	0.124	0.071
2	['Ag', 'Ir', 'Pd', 'Pt', 'Ru']	20	[0.111 0.08  0.728 0.043 0.038]	[-0.023  0.138 -0.14   0.029 -0.005]	0.74	1.67	1.76	0.42	0.02	0.05	0.01	0.11	0.82	0.37	0.2	0.13118217346281533	0.132	0.071
3	['Ag', 'Ir', 'Pd', 'Pt', 'Ru']	20	[0.168 0.034 0.623 0.051 0.124]	[-0.038 -0.018  0.176 -0.051 -0.068]	0.74	1.67	1.76	0.42	0.02	0.05	0.01	0.11	0.82	0.37	0.2	0.12243864472281929	0.201	0.071
4	['Ag', 'Ir', 'Pd', 'Pt', 'Ru']	20	[0.142 0.002 0.694 0.144 0.018]	[ 0.033 -0.011 -0.123  0.143 -0.042]	0.74	1.67	1.76	0.42	0.02	0.05	0.01	0.11	0.82	0.37	0.2	0.11963130192750844	0.201	0.071
0	['Ag', 'Ir', 'Pd', 'Pt', 'Ru']	21	[0.057 0.081 0.732 0.01  0.12 ]	[ 0.008  0.096 -0.098 -0.037  0.031]	0.74	1.67	1.76	0.42	0.02	0.05	0.01	0.11	0.82	0.37	0.2	0.12851378349245987	0.116	0.071
1	['Ag', 'Ir', 'Pd', 'Pt', 'Ru']	21	[0.046 0.04  0.66  0.076 0.178]	[-0.113  0.093 -0.102  0.044  0.079]	0.74	1.67	1.76	0.42	0.02	0.05	0.01	0.11	0.82	0.37	0.2	0.11203825689521085	0.19	0.071
2	['Ag', 'Ir', 'Pd', 'Pt', 'Ru']	21	[0.046 0.028 0.702 0.041 0.183]	[-0.108  0.074 -0.063 -0.036  0.132]	0.74	1.67	1.76	0.42	0.02	0.05	0.01	0.11	0.82	0.37	0.2	0.12495730785146228	0.148	0.071
3	['Ag', 'Ir', 'Pd', 'Pt', 'Ru']	21	[0.146 0.113 0.458 0.097 0.186]	[-0.022  0.079 -0.165  0.046  0.062]	0.74	1.67	1.76	0.42	0.02	0.05	0.01	0.11	0.82	0.37	0.2	0.07510339563702753	0.386	0.071
4	['Ag', 'Ir', 'Pd', 'Pt', 'Ru']	21	[0.022 0.036 0.67  0.206 0.066]	[ 0.133 -0.055 -0.132  0.041  0.013]	0.74	1.67	1.76	0.42	0.02	0.05	0.01	0.11	0.82	0.37	0.2	0.10401836618834351	0.261	0.071
0	['Ag', 'Ir', 'Pd', 'Pt', 'Ru']	22	[0.101 0.004 0.713 0.039 0.143]	[ 0.044  0.096 -0.119 -0.01  -0.01 ]	0.74	1.67	1.76	0.42	0.02	0.05	0.01	0.11	0.82	0.37	0.2	0.13926323226211393	0.105	0.071
1	['Ag', 'Ir', 'Pd', 'Pt', 'Ru']	22	[0.085 0.084 0.52  0.016 0.295]	[ 0.039  0.044 -0.139 -0.06   0.117]	0.74	1.67	1.76	0.42	0.02	0.05	0.01	0.11	0.82	0.37	0.2	0.08122712185619482	0.352	0.071
2	['Ag', 'Ir', 'Pd', 'Pt', 'Ru']	22	[0.049 0.052 0.799 0.085 0.015]	[ 0.003  0.024  0.097  0.044 -0.168]	0.74	1.67	1.76	0.42	0.02	0.05	0.01	0.11	0.82	0.37	0.2	0.13345649394081371	0.141	0.071
3	['Ag', 'Ir', 'Pd', 'Pt', 'Ru']	22	[0.091 0.083 0.636 0.047 0.143]	[-0.055 -0.03   0.178 -0.05  -0.043]	0.74	1.67	1.76	0.42	0.02	0.05	0.01	0.11	0.82	0.37	0.2	0.11154377675673952	0.195	0.071
4	['Ag', 'Ir', 'Pd', 'Pt', 'Ru']	22	[0.076 0.026 0.74  0.036 0.122]	[ 0.054 -0.01   0.071 -0.17   0.056]	0.74	1.67	1.76	0.42	0.02	0.05	0.01	0.11	0.82	0.37	0.2	0.14155715324509982	0.081	0.071
0	['Ag', 'Ir', 'Pd', 'Pt', 'Ru']	23	[0.141 0.147 0.672 0.023 0.017]	[ 0.04   0.143 -0.041 -0.016 -0.126]	0.74	1.67	1.76	0.42	0.02	0.05	0.01	0.11	0.82	0.37	0.2	0.11666741476323524	0.217	0.071
1	['Ag', 'Ir', 'Pd', 'Pt', 'Ru']	23	[0.094 0.039 0.676 0.013 0.178]	[ 0.009 -0.045  0.155 -0.003 -0.117]	0.74	1.67	1.76	0.42	0.02	0.05	0.01	0.11	0.82	0.37	0.2	0.12844823236459962	0.152	0.071
2	['Ag', 'Ir', 'Pd', 'Pt', 'Ru']	23	[0.122 0.02  0.761 0.009 0.088]	[ 0.049  0.013 -0.175  0.065  0.047]	0.74	1.67	1.76	0.42	0.02	0.05	0.01	0.11	0.82	0.37	0.2	0.14908725366910347	0.051	0.071
3	['Ag', 'Ir', 'Pd', 'Pt', 'Ru']	23	[0.078 0.02  0.788 0.015 0.099]	[ 0.083  0.002 -0.171  0.052  0.033]	0.74	1.67	1.76	0.42	0.02	0.05	0.01	0.11	0.82	0.37	0.2	0.15146046389492376	0.035	0.071
4	['Ag', 'Ir', 'Pd', 'Pt', 'Ru']	23	[0.025 0.037 0.683 0.147 0.108]	[-0.036  0.027 -0.133  0.141  0.001]	0.74	1.67	1.76	0.42	0.02	0.05	0.01	0.11	0.82	0.37	0.2	0.11150420359917033	0.206	0.071
0	['Ag', 'Ir', 'Pd', 'Pt', 'Ru']	24	[0.098 0.024 0.791 0.012 0.075]	[ 0.01  -0.091 -0.104  0.049  0.136]	0.74	1.67	1.76	0.42	0.02	0.05	0.01	0.11	0.82	0.37	0.2	0.15148800697555895	0.038	0.071
1	['Ag', 'Ir', 'Pd', 'Pt', 'Ru']	24	[0.082 0.073 0.78  0.015 0.05 ]	[ 0.038  0.093 -0.112  0.082 -0.101]	0.74	1.67	1.76	0.42	0.02	0.05	0.01	0.11	0.82	0.37	0.2	0.14031409492519498	0.094	0.071
2	['Ag', 'Ir', 'Pd', 'Pt', 'Ru']	24	[0.044 0.008 0.761 0.091 0.096]	[-0.087  0.017 -0.007  0.077  0.001]	0.74	1.67	1.76	0.42	0.02	0.05	0.01	0.11	0.82	0.37	0.2	0.13960493052766856	0.114	0.071
3	['Ag', 'Ir', 'Pd', 'Pt', 'Ru']	24	[0.098 0.102 0.697 0.009 0.094]	[ 0.018  0.084 -0.092 -0.002 -0.008]	0.74	1.67	1.76	0.42	0.02	0.05	0.01	0.11	0.82	0.37	0.2	0.1279391091062791	0.145	0.071
4	['Ag', 'Ir', 'Pd', 'Pt', 'Ru']	24	[0.073 0.005 0.799 0.003 0.12 ]	[ 0.037 -0.044 -0.132  0.139  0.001]	0.74	1.67	1.76	0.42	0.02	0.05	0.01	0.11	0.82	0.37	0.2	0.1614971681233717	0.034	0.071
0	['Ag', 'Ir', 'Pd', 'Pt', 'Ru']	25	[0.005 0.082 0.703 0.013 0.197]	[ 0.061  0.023 -0.157 -0.029  0.102]	0.74	1.67	1.76	0.42	0.02	0.05	0.01	0.11	0.82	0.37	0.2	0.11504483222987276	0.186	0.071
1	['Ag', 'Ir', 'Pd', 'Pt', 'Ru']	25	[0.082 0.081 0.711 0.004 0.122]	[-0.028  0.127 -0.126 -0.044  0.071]	0.74	1.67	1.76	0.42	0.02	0.05	0.01	0.11	0.82	0.37	0.2	0.12916498932376724	0.124	0.071
2	['Ag', 'Ir', 'Pd', 'Pt', 'Ru']	25	[0.115 0.    0.706 0.095 0.084]	[ 0.052 -0.03  -0.127  0.138 -0.034]	0.74	1.67	1.76	0.42	0.02	0.05	0.01	0.11	0.82	0.37	0.2	0.13197700020021452	0.135	0.071
3	['Ag', 'Ir', 'Pd', 'Pt', 'Ru']	25	[0.066 0.051 0.747 0.009 0.127]	[-0.032  0.137 -0.138 -0.     0.033]	0.74	1.67	1.76	0.42	0.02	0.05	0.01	0.11	0.82	0.37	0.2	0.13673936359866462	0.086	0.071
4	['Ag', 'Ir', 'Pd', 'Pt', 'Ru']	25	[0.045 0.046 0.694 0.091 0.124]	[-0.026  0.032 -0.108  0.095  0.007]	0.74	1.67	1.76	0.42	0.02	0.05	0.01	0.11	0.82	0.37	0.2	0.11780917747861358	0.159	0.071
0	['Ag', 'Ir', 'Pd', 'Pt', 'Ru']	26	[0.136 0.01  0.769 0.001 0.084]	[ 0.125 -0.078  0.063  0.008 -0.119]	0.74	1.67	1.76	0.42	0.02	0.05	0.01	0.11	0.82	0.37	0.2	0.15509190616457713	0.051	0.071
1	['Ag', 'Ir', 'Pd', 'Pt', 'Ru']	26	[0.08  0.053 0.749 0.003 0.115]	[ 0.002  0.12  -0.12   0.003 -0.003]	0.74	1.67	1.76	0.42	0.02	0.05	0.01	0.11	0.82	0.37	0.2	0.13976806050275328	0.078	0.071
2	['Ag', 'Ir', 'Pd', 'Pt', 'Ru']	26	[0.086 0.038 0.717 0.044 0.115]	[-0.03   0.025 -0.149  0.124  0.03 ]	0.74	1.67	1.76	0.42	0.02	0.05	0.01	0.11	0.82	0.37	0.2	0.13102054776719999	0.103	0.071
3	['Ag', 'Ir', 'Pd', 'Pt', 'Ru']	26	[0.063 0.061 0.753 0.015 0.108]	[-0.003  0.01   0.007  0.006 -0.019]	0.74	1.67	1.76	0.42	0.02	0.05	0.01	0.11	0.82	0.37	0.2	0.13546146605805615	0.087	0.071
4	['Ag', 'Ir', 'Pd', 'Pt', 'Ru']	26	[0.063 0.    0.747 0.062 0.128]	[ 0.026 -0.039 -0.137  0.137  0.012]	0.74	1.67	1.76	0.42	0.02	0.05	0.01	0.11	0.82	0.37	0.2	0.14255277841603176	0.094	0.071
0	['Ag', 'Ir', 'Pd', 'Pt', 'Ru']	27	[0.18  0.086 0.722 0.    0.012]	[ 0.054  0.075 -0.077  0.009 -0.062]	0.74	1.67	1.76	0.42	0.02	0.05	0.01	0.11	0.82	0.37	0.2	0.13174108728768233	0.166	0.071
1	['Ag', 'Ir', 'Pd', 'Pt', 'Ru']	27	[0.172 0.1   0.707 0.005 0.016]	[ 0.072  0.007 -0.127 -0.064  0.112]	0.74	1.67	1.76	0.42	0.02	0.05	0.01	0.11	0.82	0.37	0.2	0.129778646233695	0.176	0.071
2	['Ag', 'Ir', 'Pd', 'Pt', 'Ru']	27	[0.058 0.063 0.716 0.112 0.051]	[-0.015  0.11  -0.13   0.09  -0.055]	0.74	1.67	1.76	0.42	0.02	0.05	0.01	0.11	0.82	0.37	0.2	0.1188117032273108	0.167	0.071
3	['Ag', 'Ir', 'Pd', 'Pt', 'Ru']	27	[0.267 0.461 0.225 0.001 0.046]	[ 0.249  0.373 -0.531 -0.087 -0.004]	0.74	1.67	1.76	0.42	0.02	0.05	0.01	0.11	0.82	0.37	0.2	0.027149348068508567	0.758	0.071
4	['Ag', 'Ir', 'Pd', 'Pt', 'Ru']	27	[0.164 0.015 0.651 0.042 0.128]	[ 0.112 -0.048 -0.133  0.081 -0.013]	0.74	1.67	1.76	0.42	0.02	0.05	0.01	0.11	0.82	0.37	0.2	0.13214868943414337	0.17	0.071
0	['Ag', 'Ir', 'Pd', 'Pt', 'Ru']	28	[0.177 0.051 0.652 0.011 0.109]	[-0.034  0.111 -0.121 -0.052  0.096]	0.74	1.67	1.76	0.42	0.02	0.05	0.01	0.11	0.82	0.37	0.2	0.12854888438627535	0.175	0.071
1	['Ag', 'Ir', 'Pd', 'Pt', 'Ru']	28	[0.123 0.024 0.692 0.005 0.156]	[-0.104  0.089 -0.064 -0.045  0.123]	0.74	1.67	1.76	0.42	0.02	0.05	0.01	0.11	0.82	0.37	0.2	0.1367764710966704	0.126	0.071
2	['Ag', 'Ir', 'Pd', 'Pt', 'Ru']	28	[0.18  0.008 0.702 0.002 0.108]	[ 0.102 -0.003 -0.153  0.074 -0.02 ]	0.74	1.67	1.76	0.42	0.02	0.05	0.01	0.11	0.82	0.37	0.2	0.1504141686478835	0.127	0.071
3	['Ag', 'Ir', 'Pd', 'Pt', 'Ru']	28	[0.231 0.328 0.366 0.004 0.071]	[-0.036 -0.133  0.142  0.003  0.025]	0.74	1.67	1.76	0.42	0.02	0.05	0.01	0.11	0.82	0.37	0.2	0.0519692677925469	0.56	0.071
4	['Ag', 'Ir', 'Pd', 'Pt', 'Ru']	28	[0.137 0.028 0.495 0.122 0.218]	[-0.027  0.013 -0.157  0.08   0.09 ]	0.74	1.67	1.76	0.42	0.02	0.05	0.01	0.11	0.82	0.37	0.2	0.08610082983928113	0.352	0.071
0	['Ag', 'Ir', 'Pd', 'Pt', 'Ru']	29	[0.078 0.    0.765 0.035 0.122]	[-0.065  0.087 -0.144  0.07   0.052]	0.74	1.67	1.76	0.42	0.02	0.05	0.01	0.11	0.82	0.37	0.2	0.15240734266435088	0.058	0.071
1	['Ag', 'Ir', 'Pd', 'Pt', 'Ru']	29	[0.    0.023 0.726 0.05  0.201]	[-0.082  0.064 -0.132  0.063  0.086]	0.74	1.67	1.76	0.42	0.02	0.05	0.01	0.11	0.82	0.37	0.2	0.12598046374715313	0.169	0.071
2	['Ag', 'Ir', 'Pd', 'Pt', 'Ru']	29	[0.133 0.032 0.728 0.026 0.081]	[-0.053  0.027  0.029  0.027 -0.03 ]	0.74	1.67	1.76	0.42	0.02	0.05	0.01	0.11	0.82	0.37	0.2	0.14164213390604058	0.091	0.071
3	['Ag', 'Ir', 'Pd', 'Pt', 'Ru']	29	[0.26  0.257 0.231 0.084 0.168]	[ 0.029 -0.071 -0.135  0.08   0.097]	0.74	1.67	1.76	0.42	0.02	0.05	0.01	0.11	0.82	0.37	0.2	0.03346653215261454	0.654	0.071
4	['Ag', 'Ir', 'Pd', 'Pt', 'Ru']	29	[0.115 0.008 0.67  0.047 0.16 ]	[-0.022 -0.02   0.174 -0.075 -0.058]	0.74	1.67	1.76	0.42	0.02	0.05	0.01	0.11	0.82	0.37	0.2	0.12991433118775678	0.152	0.071
0	['Ag', 'Ir', 'Pd', 'Pt', 'Ru']	30	[0.089 0.055 0.717 0.043 0.096]	[ 0.011  0.055 -0.048  0.008 -0.026]	0.74	1.67	1.76	0.42	0.02	0.05	0.01	0.11	0.82	0.37	0.2	0.13041967792752152	0.109	0.071
1	['Ag', 'Ir', 'Pd', 'Pt', 'Ru']	30	[0.131 0.001 0.781 0.023 0.064]	[ 0.131 -0.022  0.054 -0.027 -0.137]	0.74	1.67	1.76	0.42	0.02	0.05	0.01	0.11	0.82	0.37	0.2	0.1535834047321385	0.056	0.071
2	['Ag', 'Ir', 'Pd', 'Pt', 'Ru']	30	[0.029 0.091 0.721 0.003 0.156]	[-0.084  0.108 -0.11  -0.01   0.096]	0.74	1.67	1.76	0.42	0.02	0.05	0.01	0.11	0.82	0.37	0.2	0.12103853967194521	0.151	0.071
3	['Ag', 'Ir', 'Pd', 'Pt', 'Ru']	30	[0.197 0.165 0.396 0.064 0.178]	[-0.063 -0.092  0.165 -0.02   0.01 ]	0.74	1.67	1.76	0.42	0.02	0.05	0.01	0.11	0.82	0.37	0.2	0.06091815214655735	0.458	0.071
4	['Ag', 'Ir', 'Pd', 'Pt', 'Ru']	30	[0.14  0.082 0.494 0.087 0.197]	[ 0.025  0.074 -0.176  0.04   0.037]	0.74	1.67	1.76	0.42	0.02	0.05	0.01	0.11	0.82	0.37	0.2	0.08411412932705097	0.345	0.071
