ID	Elements	Generation	Position	Velocity	F_damp	F_b_best	F_h_best	F_g_best	F_b_worst	F_h_worst	F_g_worst	mut_prob	flip_prob	mut_rate	v_max	Activity	Distance	v_min
0	['Ag', 'Ir', 'Pd', 'Pt', 'Ru']	0	[0.8  0.05 0.05 0.05 0.05]	[-0.179  0.045  0.045  0.045  0.045]	0.63	1.11	1.0	1.76	0.08	0.11	0.02	0.13	0.54	0.19	0.2	0.027012725749533062	1.03	0.071
1	['Ag', 'Ir', 'Pd', 'Pt', 'Ru']	0	[0.05 0.8  0.05 0.05 0.05]	[ 0.045 -0.179  0.045  0.045  0.045]	0.63	1.11	1.0	1.76	0.08	0.11	0.02	0.13	0.54	0.19	0.2	0.007287080786378375	1.1	0.071
2	['Ag', 'Ir', 'Pd', 'Pt', 'Ru']	0	[0.05 0.05 0.8  0.05 0.05]	[ 0.045  0.045 -0.179  0.045  0.045]	0.63	1.11	1.0	1.76	0.08	0.11	0.02	0.13	0.54	0.19	0.2	0.1416984889241232	0.1	0.071
3	['Ag', 'Ir', 'Pd', 'Pt', 'Ru']	0	[0.05 0.05 0.05 0.8  0.05]	[ 0.045  0.045  0.045 -0.179  0.045]	0.63	1.11	1.0	1.76	0.08	0.11	0.02	0.13	0.54	0.19	0.2	0.031007911986536824	1.1	0.071
4	['Ag', 'Ir', 'Pd', 'Pt', 'Ru']	0	[0.05 0.05 0.05 0.05 0.8 ]	[ 0.045  0.045  0.045  0.045 -0.179]	0.63	1.11	1.0	1.76	0.08	0.11	0.02	0.13	0.54	0.19	0.2	0.015787588371734072	1.03	0.071
0	['Ag', 'Ir', 'Pd', 'Pt', 'Ru']	1	[0.659 0.045 0.192 0.052 0.052]	[-0.141 -0.005  0.142  0.002  0.002]	0.63	1.11	1.0	1.76	0.08	0.11	0.02	0.13	0.54	0.19	0.2	0.06749064850572002	0.83	0.071
1	['Ag', 'Ir', 'Pd', 'Pt', 'Ru']	1	[0.052 0.655 0.189 0.052 0.052]	[ 0.002 -0.144  0.139  0.002  0.002]	0.63	1.11	1.0	1.76	0.08	0.11	0.02	0.13	0.54	0.19	0.2	0.01185368903703259	0.9	0.071
2	['Ag', 'Ir', 'Pd', 'Pt', 'Ru']	1	[0.068 0.019 0.777 0.068 0.068]	[ 0.001  0.06  -0.061  0.001  0.001]	0.63	1.11	1.0	1.76	0.08	0.11	0.02	0.13	0.54	0.19	0.2	0.14164516373060074	0.087	0.071
3	['Ag', 'Ir', 'Pd', 'Pt', 'Ru']	1	[0.05  0.044 0.194 0.662 0.05 ]	[ 0.    -0.006  0.144 -0.138  0.   ]	0.63	1.11	1.0	1.76	0.08	0.11	0.02	0.13	0.54	0.19	0.2	0.024362305119944055	0.901	0.071
4	['Ag', 'Ir', 'Pd', 'Pt', 'Ru']	1	[0.089 0.081 0.072 0.089 0.669]	[ 0.031  0.022  0.088  0.031 -0.172]	0.63	1.11	1.0	1.76	0.08	0.11	0.02	0.13	0.54	0.19	0.2	0.01792119261837474	0.932	0.071
0	['Ag', 'Ir', 'Pd', 'Pt', 'Ru']	2	[0.521 0.037 0.336 0.053 0.053]	[-0.138 -0.008  0.144  0.001  0.001]	0.63	1.11	1.0	1.76	0.08	0.11	0.02	0.13	0.54	0.19	0.2	0.09642262682586898	0.632	0.071
1	['Ag', 'Ir', 'Pd', 'Pt', 'Ru']	2	[0.052 0.511 0.329 0.054 0.054]	[-0.    -0.143  0.14   0.002  0.002]	0.63	1.11	1.0	1.76	0.08	0.11	0.02	0.13	0.54	0.19	0.2	0.021364202850320455	0.7	0.071
2	['Ag', 'Ir', 'Pd', 'Pt', 'Ru']	2	[0.04  0.067 0.73  0.03  0.133]	[ 0.057 -0.003 -0.119  0.05   0.015]	0.63	1.11	1.0	1.76	0.08	0.11	0.02	0.13	0.54	0.19	0.2	0.12912377322620713	0.122	0.071
3	['Ag', 'Ir', 'Pd', 'Pt', 'Ru']	2	[0.051 0.035 0.338 0.525 0.051]	[ 0.001 -0.009  0.144 -0.138  0.001]	0.63	1.11	1.0	1.76	0.08	0.11	0.02	0.13	0.54	0.19	0.2	0.03874679636434319	0.704	0.071
4	['Ag', 'Ir', 'Pd', 'Pt', 'Ru']	2	[0.084 0.068 0.224 0.084 0.54 ]	[-0.005 -0.013  0.152 -0.005 -0.129]	0.63	1.11	1.0	1.76	0.08	0.11	0.02	0.13	0.54	0.19	0.2	0.03453413258939876	0.733	0.071
0	['Ag', 'Ir', 'Pd', 'Pt', 'Ru']	3	[0.378 0.035 0.476 0.05  0.061]	[-0.143 -0.002  0.14  -0.003  0.008]	0.63	1.11	1.0	1.76	0.08	0.11	0.02	0.13	0.54	0.19	0.2	0.10905545181757037	0.433	0.071
1	['Ag', 'Ir', 'Pd', 'Pt', 'Ru']	3	[0.05  0.368 0.469 0.051 0.062]	[-0.002 -0.143  0.14  -0.003  0.008]	0.63	1.11	1.0	1.76	0.08	0.11	0.02	0.13	0.54	0.19	0.2	0.04439478162676874	0.502	0.071
2	['Ag', 'Ir', 'Pd', 'Pt', 'Ru']	3	[0.098 0.024 0.755 0.102 0.021]	[ 0.003  0.037 -0.164  0.018  0.107]	0.63	1.11	1.0	1.76	0.08	0.11	0.02	0.13	0.54	0.19	0.2	0.1305034205308529	0.139	0.071
3	['Ag', 'Ir', 'Pd', 'Pt', 'Ru']	3	[0.122 0.102 0.237 0.408 0.131]	[ 0.071  0.067 -0.101 -0.117  0.08 ]	0.63	1.11	1.0	1.76	0.08	0.11	0.02	0.13	0.54	0.19	0.2	0.03606478261531859	0.704	0.071
4	['Ag', 'Ir', 'Pd', 'Pt', 'Ru']	3	[0.071 0.055 0.383 0.07  0.421]	[-0.013 -0.013  0.159 -0.014 -0.118]	0.63	1.11	1.0	1.76	0.08	0.11	0.02	0.13	0.54	0.19	0.2	0.054778474532620636	0.535	0.071
0	['Ag', 'Ir', 'Pd', 'Pt', 'Ru']	4	[0.241 0.034 0.621 0.052 0.052]	[-0.137 -0.001  0.146  0.002 -0.009]	0.63	1.11	1.0	1.76	0.08	0.11	0.02	0.13	0.54	0.19	0.2	0.12348047643296002	0.241	0.071
1	['Ag', 'Ir', 'Pd', 'Pt', 'Ru']	4	[0.055 0.228 0.612 0.052 0.053]	[ 0.005 -0.14   0.142  0.001 -0.009]	0.63	1.11	1.0	1.76	0.08	0.11	0.02	0.13	0.54	0.19	0.2	0.08391907241642059	0.307	0.071
2	['Ag', 'Ir', 'Pd', 'Pt', 'Ru']	4	[0.073 0.005 0.749 0.13  0.043]	[ 0.166 -0.096 -0.057 -0.001 -0.012]	0.63	1.11	1.0	1.76	0.08	0.11	0.02	0.13	0.54	0.19	0.2	0.12912388321175125	0.153	0.071
3	['Ag', 'Ir', 'Pd', 'Pt', 'Ru']	4	[0.195 0.17  0.078 0.369 0.188]	[ 0.073  0.068 -0.159 -0.04   0.057]	0.63	1.11	1.0	1.76	0.08	0.11	0.02	0.13	0.54	0.19	0.2	0.02457543576868147	0.839	0.071
4	['Ag', 'Ir', 'Pd', 'Pt', 'Ru']	4	[0.006 0.013 0.466 0.002 0.513]	[-0.174  0.023  0.06   0.019  0.072]	0.63	1.11	1.0	1.76	0.08	0.11	0.02	0.13	0.54	0.19	0.2	0.07817622453606203	0.54	0.071
0	['Ag', 'Ir', 'Pd', 'Pt', 'Ru']	5	[0.106 0.03  0.77  0.046 0.048]	[-0.135 -0.004  0.148 -0.006 -0.004]	0.63	1.11	1.0	1.76	0.08	0.11	0.02	0.13	0.54	0.19	0.2	0.13946566494682003	0.082	0.071
1	['Ag', 'Ir', 'Pd', 'Pt', 'Ru']	5	[0.055 0.086 0.752 0.061 0.046]	[-0.    -0.142  0.141  0.009 -0.007]	0.63	1.11	1.0	1.76	0.08	0.11	0.02	0.13	0.54	0.19	0.2	0.12486003352264408	0.136	0.071
2	['Ag', 'Ir', 'Pd', 'Pt', 'Ru']	5	[0.154 0.087 0.664 0.001 0.094]	[ 0.081  0.082 -0.086 -0.129  0.051]	0.63	1.11	1.0	1.76	0.08	0.11	0.02	0.13	0.54	0.19	0.2	0.12553324533238375	0.17	0.071
3	['Ag', 'Ir', 'Pd', 'Pt', 'Ru']	5	[0.197 0.17  0.1   0.345 0.188]	[-0.032 -0.035  0.176 -0.075 -0.035]	0.63	1.11	1.0	1.76	0.08	0.11	0.02	0.13	0.54	0.19	0.2	0.0252443904533341	0.809	0.071
4	['Ag', 'Ir', 'Pd', 'Pt', 'Ru']	5	[0.007 0.018 0.591 0.025 0.359]	[ 0.001  0.005  0.126  0.023 -0.154]	0.63	1.11	1.0	1.76	0.08	0.11	0.02	0.13	0.54	0.19	0.2	0.09495141316883335	0.347	0.071
0	['Ag', 'Ir', 'Pd', 'Pt', 'Ru']	6	[0.197 0.051 0.656 0.057 0.039]	[ 0.057  0.029 -0.178  0.051  0.04 ]	0.63	1.11	1.0	1.76	0.08	0.11	0.02	0.13	0.54	0.19	0.2	0.12446329782289853	0.199	0.071
1	['Ag', 'Ir', 'Pd', 'Pt', 'Ru']	6	[0.095 0.094 0.679 0.063 0.069]	[ 0.02   0.138 -0.142 -0.018  0.003]	0.63	1.11	1.0	1.76	0.08	0.11	0.02	0.13	0.54	0.19	0.2	0.11808105158806646	0.169	0.071
2	['Ag', 'Ir', 'Pd', 'Pt', 'Ru']	6	[0.074 0.058 0.771 0.036 0.061]	[-0.042  0.032 -0.143  0.126  0.027]	0.63	1.11	1.0	1.76	0.08	0.11	0.02	0.13	0.54	0.19	0.2	0.13700723877458093	0.088	0.071
3	['Ag', 'Ir', 'Pd', 'Pt', 'Ru']	6	[0.156 0.129 0.279 0.291 0.145]	[-0.041 -0.041  0.179 -0.054 -0.043]	0.63	1.11	1.0	1.76	0.08	0.11	0.02	0.13	0.54	0.19	0.2	0.04351056204929147	0.615	0.071
4	['Ag', 'Ir', 'Pd', 'Pt', 'Ru']	6	[0.032 0.024 0.711 0.032 0.201]	[ 0.025  0.006  0.12   0.007 -0.158]	0.63	1.11	1.0	1.76	0.08	0.11	0.02	0.13	0.54	0.19	0.2	0.1299371850270451	0.156	0.071
0	['Ag', 'Ir', 'Pd', 'Pt', 'Ru']	7	[0.056 0.044 0.796 0.046 0.058]	[-0.141 -0.007  0.14  -0.011  0.019]	0.63	1.11	1.0	1.76	0.08	0.11	0.02	0.13	0.54	0.19	0.2	0.1412437779865863	0.088	0.071
1	['Ag', 'Ir', 'Pd', 'Pt', 'Ru']	7	[0.064 0.073 0.745 0.053 0.065]	[ 0.02   0.037 -0.176  0.055  0.065]	0.63	1.11	1.0	1.76	0.08	0.11	0.02	0.13	0.54	0.19	0.2	0.13165341376889014	0.117	0.071
2	['Ag', 'Ir', 'Pd', 'Pt', 'Ru']	7	[0.063 0.01  0.748 0.111 0.068]	[ 0.103 -0.067 -0.09   0.063 -0.009]	0.63	1.11	1.0	1.76	0.08	0.11	0.02	0.13	0.54	0.19	0.2	0.1327849952177143	0.132	0.071
3	['Ag', 'Ir', 'Pd', 'Pt', 'Ru']	7	[0.113 0.145 0.443 0.196 0.103]	[-0.043  0.016  0.165 -0.095 -0.042]	0.63	1.11	1.0	1.76	0.08	0.11	0.02	0.13	0.54	0.19	0.2	0.06458050882708492	0.433	0.071
4	['Ag', 'Ir', 'Pd', 'Pt', 'Ru']	7	[0.078 0.034 0.763 0.059 0.066]	[ 0.094  0.05  -0.091  0.071 -0.124]	0.63	1.11	1.0	1.76	0.08	0.11	0.02	0.13	0.54	0.19	0.2	0.1362989649399465	0.087	0.071
0	['Ag', 'Ir', 'Pd', 'Pt', 'Ru']	8	[0.143 0.07  0.614 0.076 0.097]	[ 0.138 -0.003 -0.144  0.     0.009]	0.63	1.11	1.0	1.76	0.08	0.11	0.02	0.13	0.54	0.19	0.2	0.11251262405765954	0.217	0.071
1	['Ag', 'Ir', 'Pd', 'Pt', 'Ru']	8	[0.055 0.096 0.689 0.075 0.085]	[-0.019  0.132 -0.134  0.012  0.01 ]	0.63	1.11	1.0	1.76	0.08	0.11	0.02	0.13	0.54	0.19	0.2	0.11460957985100198	0.171	0.071
2	['Ag', 'Ir', 'Pd', 'Pt', 'Ru']	8	[0.09  0.089 0.707 0.063 0.051]	[-0.003  0.049 -0.133  0.133 -0.047]	0.63	1.11	1.0	1.76	0.08	0.11	0.02	0.13	0.54	0.19	0.2	0.12141127664520346	0.152	0.071
3	['Ag', 'Ir', 'Pd', 'Pt', 'Ru']	8	[0.083 0.104 0.618 0.117 0.078]	[-0.03  -0.041  0.175 -0.079 -0.025]	0.63	1.11	1.0	1.76	0.08	0.11	0.02	0.13	0.54	0.19	0.2	0.1014142058099482	0.242	0.071
4	['Ag', 'Ir', 'Pd', 'Pt', 'Ru']	8	[0.069 0.071 0.668 0.063 0.129]	[-0.021  0.025 -0.137 -0.008  0.142]	0.63	1.11	1.0	1.76	0.08	0.11	0.02	0.13	0.54	0.19	0.2	0.11497432397192968	0.168	0.071
0	['Ag', 'Ir', 'Pd', 'Pt', 'Ru']	9	[0.063 0.051 0.788 0.048 0.05 ]	[-0.08  -0.019  0.174 -0.028 -0.047]	0.63	1.11	1.0	1.76	0.08	0.11	0.02	0.13	0.54	0.19	0.2	0.13743341044472862	0.094	0.071
1	['Ag', 'Ir', 'Pd', 'Pt', 'Ru']	9	[0.06  0.019 0.757 0.024 0.14 ]	[-0.023  0.088 -0.162  0.07   0.027]	0.63	1.11	1.0	1.76	0.08	0.11	0.02	0.13	0.54	0.19	0.2	0.1465079306115186	0.077	0.071
2	['Ag', 'Ir', 'Pd', 'Pt', 'Ru']	9	[0.052 0.136 0.734 0.065 0.013]	[ 0.108  0.028 -0.159 -0.018  0.041]	0.63	1.11	1.0	1.76	0.08	0.11	0.02	0.13	0.54	0.19	0.2	0.11614422565174475	0.192	0.071
3	['Ag', 'Ir', 'Pd', 'Pt', 'Ru']	9	[0.062 0.059 0.792 0.036 0.051]	[-0.021 -0.045  0.174 -0.081 -0.027]	0.63	1.11	1.0	1.76	0.08	0.11	0.02	0.13	0.54	0.19	0.2	0.1410713996336147	0.093	0.071
4	['Ag', 'Ir', 'Pd', 'Pt', 'Ru']	9	[0.077 0.059 0.768 0.061 0.035]	[ 0.085  0.055 -0.144  0.07  -0.065]	0.63	1.11	1.0	1.76	0.08	0.11	0.02	0.13	0.54	0.19	0.2	0.1312925241131407	0.114	0.071
0	['Ag', 'Ir', 'Pd', 'Pt', 'Ru']	10	[0.045 0.068 0.724 0.031 0.132]	[ 0.074 -0.024 -0.163  0.037  0.076]	0.63	1.11	1.0	1.76	0.08	0.11	0.02	0.13	0.54	0.19	0.2	0.12903343031818554	0.124	0.071
1	['Ag', 'Ir', 'Pd', 'Pt', 'Ru']	10	[0.04  0.017 0.719 0.052 0.172]	[-0.029  0.024 -0.048  0.025  0.029]	0.63	1.11	1.0	1.76	0.08	0.11	0.02	0.13	0.54	0.19	0.2	0.13135655479816538	0.135	0.071
2	['Ag', 'Ir', 'Pd', 'Pt', 'Ru']	10	[0.079 0.001 0.751 0.019 0.15 ]	[ 0.027 -0.135  0.017 -0.046  0.137]	0.63	1.11	1.0	1.76	0.08	0.11	0.02	0.13	0.54	0.19	0.2	0.1528101086786115	0.076	0.071
3	['Ag', 'Ir', 'Pd', 'Pt', 'Ru']	10	[0.046 0.064 0.726 0.078 0.086]	[-0.142  0.029 -0.059  0.104  0.067]	0.63	1.11	1.0	1.76	0.08	0.11	0.02	0.13	0.54	0.19	0.2	0.12591960702979965	0.137	0.071
4	['Ag', 'Ir', 'Pd', 'Pt', 'Ru']	10	[0.068 0.034 0.712 0.002 0.184]	[-0.031  0.062 -0.083 -0.091  0.143]	0.63	1.11	1.0	1.76	0.08	0.11	0.02	0.13	0.54	0.19	0.2	0.13470771655789354	0.13	0.071
0	['Ag', 'Ir', 'Pd', 'Pt', 'Ru']	11	[0.053 0.096 0.735 0.017 0.099]	[ 0.032  0.146 -0.127 -0.038 -0.012]	0.63	1.11	1.0	1.76	0.08	0.11	0.02	0.13	0.54	0.19	0.2	0.12745014261567864	0.126	0.071
1	['Ag', 'Ir', 'Pd', 'Pt', 'Ru']	11	[0.097 0.076 0.703 0.022 0.102]	[ 0.069  0.07  -0.148  0.069 -0.06 ]	0.63	1.11	1.0	1.76	0.08	0.11	0.02	0.13	0.54	0.19	0.2	0.12989532748263288	0.125	0.071
2	['Ag', 'Ir', 'Pd', 'Pt', 'Ru']	11	[0.014 0.088 0.692 0.038 0.168]	[-0.075  0.103 -0.064 -0.043  0.079]	0.63	1.11	1.0	1.76	0.08	0.11	0.02	0.13	0.54	0.19	0.2	0.10981930784599343	0.181	0.071
3	['Ag', 'Ir', 'Pd', 'Pt', 'Ru']	11	[0.032 0.039 0.752 0.009 0.168]	[-0.043  0.069 -0.157  0.062  0.068]	0.63	1.11	1.0	1.76	0.08	0.11	0.02	0.13	0.54	0.19	0.2	0.13753531554154944	0.115	0.071
4	['Ag', 'Ir', 'Pd', 'Pt', 'Ru']	11	[0.101 0.045 0.742 0.046 0.066]	[ 0.056  0.093 -0.111  0.068 -0.106]	0.63	1.11	1.0	1.76	0.08	0.11	0.02	0.13	0.54	0.19	0.2	0.1347240260557427	0.093	0.071
0	['Ag', 'Ir', 'Pd', 'Pt', 'Ru']	12	[0.007 0.186 0.689 0.051 0.067]	[ 0.039  0.132 -0.112  0.028 -0.087]	0.63	1.11	1.0	1.76	0.08	0.11	0.02	0.13	0.54	0.19	0.2	0.09779625149197652	0.243	0.071
1	['Ag', 'Ir', 'Pd', 'Pt', 'Ru']	12	[0.016 0.071 0.76  0.001 0.152]	[-0.138  0.117  0.047 -0.061  0.036]	0.63	1.11	1.0	1.76	0.08	0.11	0.02	0.13	0.54	0.19	0.2	0.1331824170856866	0.128	0.071
2	['Ag', 'Ir', 'Pd', 'Pt', 'Ru']	12	[0.064 0.034 0.766 0.002 0.134]	[ 0.014  0.11   0.061 -0.035 -0.15 ]	0.63	1.11	1.0	1.76	0.08	0.11	0.02	0.13	0.54	0.19	0.2	0.14671279085218986	0.069	0.071
3	['Ag', 'Ir', 'Pd', 'Pt', 'Ru']	12	[0.121 0.017 0.761 0.04  0.061]	[ 0.089 -0.022  0.009  0.031 -0.107]	0.63	1.11	1.0	1.76	0.08	0.11	0.02	0.13	0.54	0.19	0.2	0.14390897541936118	0.073	0.071
4	['Ag', 'Ir', 'Pd', 'Pt', 'Ru']	12	[0.007 0.021 0.769 0.05  0.153]	[-0.134  0.045  0.016 -0.008  0.081]	0.63	1.11	1.0	1.76	0.08	0.11	0.02	0.13	0.54	0.19	0.2	0.1391606114930996	0.124	0.071
0	['Ag', 'Ir', 'Pd', 'Pt', 'Ru']	13	[0.054 0.011 0.766 0.069 0.1  ]	[ 0.047 -0.175  0.077  0.018  0.033]	0.63	1.11	1.0	1.76	0.08	0.11	0.02	0.13	0.54	0.19	0.2	0.14416868665846558	0.09	0.071
1	['Ag', 'Ir', 'Pd', 'Pt', 'Ru']	13	[0.059 0.096 0.704 0.025 0.116]	[ 0.054  0.139 -0.124 -0.036 -0.033]	0.63	1.11	1.0	1.76	0.08	0.11	0.02	0.13	0.54	0.19	0.2	0.1204128403519132	0.145	0.071
2	['Ag', 'Ir', 'Pd', 'Pt', 'Ru']	13	[0.112 0.028 0.776 0.006 0.078]	[ 0.044  0.044 -0.001 -0.008 -0.08 ]	0.63	1.11	1.0	1.76	0.08	0.11	0.02	0.13	0.54	0.19	0.2	0.14987066150178385	0.045	0.071
3	['Ag', 'Ir', 'Pd', 'Pt', 'Ru']	13	[0.16  0.04  0.702 0.001 0.097]	[ 0.025  0.006 -0.16   0.013  0.117]	0.63	1.11	1.0	1.76	0.08	0.11	0.02	0.13	0.54	0.19	0.2	0.1422395521339367	0.122	0.071
4	['Ag', 'Ir', 'Pd', 'Pt', 'Ru']	13	[0.077 0.008 0.738 0.062 0.115]	[ 0.07  -0.003 -0.1    0.085 -0.052]	0.63	1.11	1.0	1.76	0.08	0.11	0.02	0.13	0.54	0.19	0.2	0.1411982320339817	0.092	0.071
0	['Ag', 'Ir', 'Pd', 'Pt', 'Ru']	14	[0.07  0.109 0.675 0.015 0.131]	[ 0.007  0.073 -0.172  0.067  0.025]	0.63	1.11	1.0	1.76	0.08	0.11	0.02	0.13	0.54	0.19	0.2	0.1174429192687644	0.172	0.071
1	['Ag', 'Ir', 'Pd', 'Pt', 'Ru']	14	[0.083 0.05  0.751 0.023 0.093]	[ 0.034  0.132 -0.146 -0.004 -0.017]	0.63	1.11	1.0	1.76	0.08	0.11	0.02	0.13	0.54	0.19	0.2	0.13739870172603597	0.076	0.071
2	['Ag', 'Ir', 'Pd', 'Pt', 'Ru']	14	[0.034 0.048 0.71  0.008 0.2  ]	[-0.091  0.049 -0.078 -0.005  0.125]	0.63	1.11	1.0	1.76	0.08	0.11	0.02	0.13	0.54	0.19	0.2	0.12588506278466985	0.158	0.071
3	['Ag', 'Ir', 'Pd', 'Pt', 'Ru']	14	[0.023 0.046 0.766 0.009 0.156]	[-0.113  0.094 -0.101  0.034  0.086]	0.63	1.11	1.0	1.76	0.08	0.11	0.02	0.13	0.54	0.19	0.2	0.1391822181524892	0.111	0.071
4	['Ag', 'Ir', 'Pd', 'Pt', 'Ru']	14	[0.116 0.038 0.76  0.074 0.012]	[ 0.049  0.033  0.03   0.02  -0.132]	0.63	1.11	1.0	1.76	0.08	0.11	0.02	0.13	0.54	0.19	0.2	0.1357378457813246	0.129	0.071
0	['Ag', 'Ir', 'Pd', 'Pt', 'Ru']	15	[0.009 0.034 0.783 0.042 0.132]	[-0.131  0.112  0.087 -0.017 -0.051]	0.63	1.11	1.0	1.76	0.08	0.11	0.02	0.13	0.54	0.19	0.2	0.14235807091188707	0.112	0.071
1	['Ag', 'Ir', 'Pd', 'Pt', 'Ru']	15	[0.005 0.036 0.721 0.018 0.22 ]	[-0.103  0.066 -0.037 -0.065  0.139]	0.63	1.11	1.0	1.76	0.08	0.11	0.02	0.13	0.54	0.19	0.2	0.12536094283030239	0.177	0.071
2	['Ag', 'Ir', 'Pd', 'Pt', 'Ru']	15	[0.069 0.086 0.732 0.014 0.099]	[ 0.056  0.121 -0.123  0.027 -0.081]	0.63	1.11	1.0	1.76	0.08	0.11	0.02	0.13	0.54	0.19	0.2	0.12791855267738758	0.115	0.071
3	['Ag', 'Ir', 'Pd', 'Pt', 'Ru']	15	[0.137 0.028 0.726 0.015 0.094]	[ 0.108  0.049 -0.06  -0.011 -0.086]	0.63	1.11	1.0	1.76	0.08	0.11	0.02	0.13	0.54	0.19	0.2	0.1452252395359366	0.089	0.071
4	['Ag', 'Ir', 'Pd', 'Pt', 'Ru']	15	[0.038 0.006 0.786 0.003 0.167]	[-0.143 -0.003 -0.02   0.032  0.134]	0.63	1.11	1.0	1.76	0.08	0.11	0.02	0.13	0.54	0.19	0.2	0.156715679734211	0.093	0.071
0	['Ag', 'Ir', 'Pd', 'Pt', 'Ru']	16	[0.03  0.042 0.662 0.087 0.179]	[ 0.005  0.038 -0.137  0.077  0.016]	0.63	1.11	1.0	1.76	0.08	0.11	0.02	0.13	0.54	0.19	0.2	0.10951417564769361	0.199	0.071
1	['Ag', 'Ir', 'Pd', 'Pt', 'Ru']	16	[0.03  0.093 0.711 0.047 0.119]	[ 0.044  0.116 -0.124  0.048 -0.084]	0.63	1.11	1.0	1.76	0.08	0.11	0.02	0.13	0.54	0.19	0.2	0.12030765931858885	0.155	0.071
2	['Ag', 'Ir', 'Pd', 'Pt', 'Ru']	16	[0.005 0.054 0.754 0.027 0.16 ]	[-0.107  0.126  0.01  -0.093  0.064]	0.63	1.11	1.0	1.76	0.08	0.11	0.02	0.13	0.54	0.19	0.2	0.1341235952906622	0.136	0.071
3	['Ag', 'Ir', 'Pd', 'Pt', 'Ru']	16	[0.016 0.002 0.738 0.061 0.183]	[-0.101 -0.002 -0.096  0.083  0.117]	0.63	1.11	1.0	1.76	0.08	0.11	0.02	0.13	0.54	0.19	0.2	0.1327066144168717	0.147	0.071
4	['Ag', 'Ir', 'Pd', 'Pt', 'Ru']	16	[0.068 0.021 0.711 0.01  0.19 ]	[ 0.075  0.008 -0.091 -0.004  0.013]	0.63	1.11	1.0	1.76	0.08	0.11	0.02	0.13	0.54	0.19	0.2	0.13731958189773658	0.133	0.071
0	['Ag', 'Ir', 'Pd', 'Pt', 'Ru']	17	[0.008 0.066 0.776 0.038 0.112]	[ 0.001  0.048 -0.136  0.131 -0.044]	0.63	1.11	1.0	1.76	0.08	0.11	0.02	0.13	0.54	0.19	0.2	0.13476190081960374	0.122	0.071
1	['Ag', 'Ir', 'Pd', 'Pt', 'Ru']	17	[0.043 0.042 0.757 0.018 0.14 ]	[-0.07   0.169  0.014 -0.064 -0.049]	0.63	1.11	1.0	1.76	0.08	0.11	0.02	0.13	0.54	0.19	0.2	0.1406593543582054	0.094	0.071
2	['Ag', 'Ir', 'Pd', 'Pt', 'Ru']	17	[0.018 0.039 0.686 0.143 0.114]	[ 0.025 -0.017 -0.1    0.157 -0.065]	0.63	1.11	1.0	1.76	0.08	0.11	0.02	0.13	0.54	0.19	0.2	0.11061192548263121	0.205	0.071
3	['Ag', 'Ir', 'Pd', 'Pt', 'Ru']	17	[0.077 0.022 0.718 0.082 0.101]	[ 0.078 -0.053 -0.033  0.127 -0.119]	0.63	1.11	1.0	1.76	0.08	0.11	0.02	0.13	0.54	0.19	0.2	0.13102094138809298	0.12	0.071
4	['Ag', 'Ir', 'Pd', 'Pt', 'Ru']	17	[0.063 0.058 0.692 0.05  0.137]	[ 0.015  0.096 -0.152  0.078 -0.038]	0.63	1.11	1.0	1.76	0.08	0.11	0.02	0.13	0.54	0.19	0.2	0.12101797675481747	0.142	0.071
0	['Ag', 'Ir', 'Pd', 'Pt', 'Ru']	18	[0.031 0.097 0.711 0.011 0.15 ]	[ 0.01   0.143 -0.12  -0.063  0.03 ]	0.63	1.11	1.0	1.76	0.08	0.11	0.02	0.13	0.54	0.19	0.2	0.11844975776736458	0.157	0.071
1	['Ag', 'Ir', 'Pd', 'Pt', 'Ru']	18	[0.022 0.026 0.668 0.106 0.178]	[-0.029  0.054 -0.137  0.083  0.03 ]	0.63	1.11	1.0	1.76	0.08	0.11	0.02	0.13	0.54	0.19	0.2	0.11364629804856788	0.204	0.071
2	['Ag', 'Ir', 'Pd', 'Pt', 'Ru']	18	[0.063 0.005 0.78  0.004 0.148]	[-0.055 -0.068  0.047  0.155 -0.079]	0.63	1.11	1.0	1.76	0.08	0.11	0.02	0.13	0.54	0.19	0.2	0.15778496018282728	0.064	0.071
3	['Ag', 'Ir', 'Pd', 'Pt', 'Ru']	18	[0.071 0.003 0.719 0.08  0.127]	[-0.011  0.009 -0.15   0.129  0.023]	0.63	1.11	1.0	1.76	0.08	0.11	0.02	0.13	0.54	0.19	0.2	0.13366935723502085	0.121	0.071
4	['Ag', 'Ir', 'Pd', 'Pt', 'Ru']	18	[0.038 0.027 0.724 0.048 0.163]	[-0.029  0.079 -0.158  0.085  0.023]	0.63	1.11	1.0	1.76	0.08	0.11	0.02	0.13	0.54	0.19	0.2	0.131387226450896	0.129	0.071
0	['Ag', 'Ir', 'Pd', 'Pt', 'Ru']	19	[0.062 0.068 0.729 0.009 0.132]	[ 0.027  0.139 -0.139 -0.006 -0.022]	0.63	1.11	1.0	1.76	0.08	0.11	0.02	0.13	0.54	0.19	0.2	0.13113935308239572	0.111	0.071
1	['Ag', 'Ir', 'Pd', 'Pt', 'Ru']	19	[0.029 0.016 0.769 0.013 0.173]	[-0.076 -0.038  0.104  0.11  -0.099]	0.63	1.11	1.0	1.76	0.08	0.11	0.02	0.13	0.54	0.19	0.2	0.14640129245996883	0.108	0.071
2	['Ag', 'Ir', 'Pd', 'Pt', 'Ru']	19	[0.073 0.054 0.662 0.085 0.126]	[ 0.015  0.046 -0.109  0.066 -0.017]	0.63	1.11	1.0	1.76	0.08	0.11	0.02	0.13	0.54	0.19	0.2	0.11388876844721582	0.175	0.071
3	['Ag', 'Ir', 'Pd', 'Pt', 'Ru']	19	[0.059 0.022 0.727 0.086 0.106]	[ 0.006 -0.018 -0.133  0.148 -0.003]	0.63	1.11	1.0	1.76	0.08	0.11	0.02	0.13	0.54	0.19	0.2	0.12935832497747068	0.122	0.071
4	['Ag', 'Ir', 'Pd', 'Pt', 'Ru']	19	[0.086 0.028 0.69  0.082 0.114]	[ 0.047  0.047 -0.148  0.104 -0.05 ]	0.63	1.11	1.0	1.76	0.08	0.11	0.02	0.13	0.54	0.19	0.2	0.12364059213763735	0.141	0.071
0	['Ag', 'Ir', 'Pd', 'Pt', 'Ru']	20	[0.009 0.084 0.706 0.046 0.155]	[ 0.046  0.104 -0.163  0.014 -0.001]	0.63	1.11	1.0	1.76	0.08	0.11	0.02	0.13	0.54	0.19	0.2	0.11441706934844544	0.171	0.071
1	['Ag', 'Ir', 'Pd', 'Pt', 'Ru']	20	[0.066 0.133 0.664 0.062 0.075]	[ 0.043  0.112 -0.117  0.055 -0.093]	0.63	1.11	1.0	1.76	0.08	0.11	0.02	0.13	0.54	0.19	0.2	0.11031198742982871	0.204	0.071
2	['Ag', 'Ir', 'Pd', 'Pt', 'Ru']	20	[0.044 0.003 0.771 0.025 0.157]	[-0.028  0.054 -0.159  0.1    0.032]	0.63	1.11	1.0	1.76	0.08	0.11	0.02	0.13	0.54	0.19	0.2	0.15217136184761962	0.089	0.071
3	['Ag', 'Ir', 'Pd', 'Pt', 'Ru']	20	[0.048 0.019 0.744 0.054 0.135]	[-0.075 -0.083 -0.016  0.166  0.009]	0.63	1.11	1.0	1.76	0.08	0.11	0.02	0.13	0.54	0.19	0.2	0.13947808478482202	0.102	0.071
4	['Ag', 'Ir', 'Pd', 'Pt', 'Ru']	20	[0.037 0.012 0.744 0.044 0.163]	[-0.05   0.037 -0.146  0.112  0.048]	0.63	1.11	1.0	1.76	0.08	0.11	0.02	0.13	0.54	0.19	0.2	0.13895574936430544	0.115	0.071
0	['Ag', 'Ir', 'Pd', 'Pt', 'Ru']	21	[0.006 0.141 0.766 0.064 0.023]	[ 0.022  0.082 -0.102  0.104 -0.107]	0.63	1.11	1.0	1.76	0.08	0.11	0.02	0.13	0.54	0.19	0.2	0.11689232196112367	0.2	0.071
1	['Ag', 'Ir', 'Pd', 'Pt', 'Ru']	21	[0.058 0.01  0.777 0.019 0.136]	[-0.078  0.111  0.079 -0.124  0.011]	0.63	1.11	1.0	1.76	0.08	0.11	0.02	0.13	0.54	0.19	0.2	0.1528029708299034	0.064	0.071
2	['Ag', 'Ir', 'Pd', 'Pt', 'Ru']	21	[0.081 0.006 0.729 0.022 0.162]	[ 0.037  0.003 -0.042 -0.003  0.005]	0.63	1.11	1.0	1.76	0.08	0.11	0.02	0.13	0.54	0.19	0.2	0.14484902819369105	0.099	0.071
3	['Ag', 'Ir', 'Pd', 'Pt', 'Ru']	21	[0.082 0.096 0.67  0.032 0.12 ]	[ 0.036  0.078 -0.166  0.069 -0.017]	0.63	1.11	1.0	1.76	0.08	0.11	0.02	0.13	0.54	0.19	0.2	0.11677275746296034	0.167	0.071
4	['Ag', 'Ir', 'Pd', 'Pt', 'Ru']	21	[0.064 0.047 0.71  0.044 0.135]	[ 0.026  0.045 -0.116  0.075 -0.03 ]	0.63	1.11	1.0	1.76	0.08	0.11	0.02	0.13	0.54	0.19	0.2	0.1288230374502078	0.122	0.071
0	['Ag', 'Ir', 'Pd', 'Pt', 'Ru']	22	[0.048 0.014 0.777 0.032 0.129]	[-0.018  0.129 -0.061 -0.121  0.071]	0.63	1.11	1.0	1.76	0.08	0.11	0.02	0.13	0.54	0.19	0.2	0.15277248412876335	0.073	0.071
1	['Ag', 'Ir', 'Pd', 'Pt', 'Ru']	22	[0.021 0.03  0.629 0.14  0.18 ]	[-0.041  0.028 -0.139  0.11   0.04 ]	0.63	1.11	1.0	1.76	0.08	0.11	0.02	0.13	0.54	0.19	0.2	0.100890178708877	0.25	0.071
2	['Ag', 'Ir', 'Pd', 'Pt', 'Ru']	22	[0.201 0.234 0.075 0.353 0.137]	[ 0.148  0.095 -0.622  0.193  0.186]	0.63	1.11	1.0	1.76	0.08	0.11	0.02	0.13	0.54	0.19	0.2	0.024971721666471627	0.846	0.071
3	['Ag', 'Ir', 'Pd', 'Pt', 'Ru']	22	[0.079 0.037 0.763 0.002 0.119]	[ 0.002  0.121 -0.156  0.03   0.004]	0.63	1.11	1.0	1.76	0.08	0.11	0.02	0.13	0.54	0.19	0.2	0.1455014712198712	0.06	0.071
4	['Ag', 'Ir', 'Pd', 'Pt', 'Ru']	22	[0.147 0.006 0.567 0.049 0.231]	[ 0.067  0.033 -0.167 -0.013  0.08 ]	0.63	1.11	1.0	1.76	0.08	0.11	0.02	0.13	0.54	0.19	0.2	0.11059612632882831	0.276	0.071
0	['Ag', 'Ir', 'Pd', 'Pt', 'Ru']	23	[0.01  0.011 0.655 0.143 0.181]	[ 0.018 -0.02  -0.155  0.116  0.041]	0.63	1.11	1.0	1.76	0.08	0.11	0.02	0.13	0.54	0.19	0.2	0.10580074560338747	0.237	0.071
1	['Ag', 'Ir', 'Pd', 'Pt', 'Ru']	23	[0.039 0.012 0.78  0.024 0.145]	[ 0.007  0.026  0.143 -0.129 -0.047]	0.63	1.11	1.0	1.76	0.08	0.11	0.02	0.13	0.54	0.19	0.2	0.15190428129114733	0.083	0.071
2	['Ag', 'Ir', 'Pd', 'Pt', 'Ru']	23	[0.169 0.175 0.242 0.267 0.147]	[-0.032 -0.059  0.167 -0.086  0.01 ]	0.63	1.11	1.0	1.76	0.08	0.11	0.02	0.13	0.54	0.19	0.2	0.0361624930993592	0.648	0.071
3	['Ag', 'Ir', 'Pd', 'Pt', 'Ru']	23	[0.011 0.007 0.736 0.058 0.188]	[-0.069  0.041 -0.081  0.04   0.068]	0.63	1.11	1.0	1.76	0.08	0.11	0.02	0.13	0.54	0.19	0.2	0.13217433284873	0.152	0.071
4	['Ag', 'Ir', 'Pd', 'Pt', 'Ru']	23	[0.029 0.014 0.7   0.007 0.25 ]	[-0.15  -0.01   0.127  0.032  0.002]	0.63	1.11	1.0	1.76	0.08	0.11	0.02	0.13	0.54	0.19	0.2	0.1288038488488488	0.194	0.071
0	['Ag', 'Ir', 'Pd', 'Pt', 'Ru']	24	[0.036 0.008 0.796 0.012 0.148]	[ 0.098  0.086 -0.117 -0.093  0.027]	0.63	1.11	1.0	1.76	0.08	0.11	0.02	0.13	0.54	0.19	0.2	0.15604500389822376	0.081	0.071
1	['Ag', 'Ir', 'Pd', 'Pt', 'Ru']	24	[0.076 0.079 0.599 0.12  0.126]	[ 0.03   0.058 -0.159  0.097 -0.026]	0.63	1.11	1.0	1.76	0.08	0.11	0.02	0.13	0.54	0.19	0.2	0.09686851102620915	0.25	0.071
2	['Ag', 'Ir', 'Pd', 'Pt', 'Ru']	24	[0.098 0.083 0.396 0.308 0.115]	[-0.071 -0.092  0.154  0.041 -0.032]	0.63	1.11	1.0	1.76	0.08	0.11	0.02	0.13	0.54	0.19	0.2	0.058774409455144484	0.515	0.071
3	['Ag', 'Ir', 'Pd', 'Pt', 'Ru']	24	[0.072 0.01  0.714 0.096 0.108]	[ 0.066  0.007 -0.121  0.124 -0.076]	0.63	1.11	1.0	1.76	0.08	0.11	0.02	0.13	0.54	0.19	0.2	0.12903201430409872	0.133	0.071
4	['Ag', 'Ir', 'Pd', 'Pt', 'Ru']	24	[0.042 0.035 0.743 0.031 0.149]	[ 0.054  0.094 -0.127  0.067 -0.088]	0.63	1.11	1.0	1.76	0.08	0.11	0.02	0.13	0.54	0.19	0.2	0.13727969392332742	0.106	0.071
0	['Ag', 'Ir', 'Pd', 'Pt', 'Ru']	25	[0.028 0.013 0.733 0.097 0.129]	[ 0.006 -0.021 -0.072  0.097 -0.009]	0.63	1.11	1.0	1.76	0.08	0.11	0.02	0.13	0.54	0.19	0.2	0.1282971007816886	0.142	0.071
1	['Ag', 'Ir', 'Pd', 'Pt', 'Ru']	25	[0.149 0.064 0.46  0.083 0.244]	[ 0.073 -0.015 -0.139 -0.037  0.118]	0.63	1.11	1.0	1.76	0.08	0.11	0.02	0.13	0.54	0.19	0.2	0.07615632871954521	0.387	0.071
2	['Ag', 'Ir', 'Pd', 'Pt', 'Ru']	25	[0.016 0.012 0.518 0.386 0.068]	[-0.126  0.063  0.099  0.051 -0.087]	0.63	1.11	1.0	1.76	0.08	0.11	0.02	0.13	0.54	0.19	0.2	0.06652225265411363	0.487	0.071
3	['Ag', 'Ir', 'Pd', 'Pt', 'Ru']	25	[0.058 0.003 0.734 0.075 0.13 ]	[-0.015 -0.015 -0.136  0.143  0.023]	0.63	1.11	1.0	1.76	0.08	0.11	0.02	0.13	0.54	0.19	0.2	0.13824962675511862	0.112	0.071
4	['Ag', 'Ir', 'Pd', 'Pt', 'Ru']	25	[0.058 0.058 0.664 0.079 0.141]	[ 0.004  0.081 -0.156  0.092 -0.021]	0.63	1.11	1.0	1.76	0.08	0.11	0.02	0.13	0.54	0.19	0.2	0.11195918419224327	0.178	0.071
0	['Ag', 'Ir', 'Pd', 'Pt', 'Ru']	26	[0.018 0.025 0.708 0.067 0.182]	[-0.028  0.013 -0.147  0.127  0.035]	0.63	1.11	1.0	1.76	0.08	0.11	0.02	0.13	0.54	0.19	0.2	0.12101779209992118	0.164	0.071
1	['Ag', 'Ir', 'Pd', 'Pt', 'Ru']	26	[0.106 0.016 0.64  0.04  0.198]	[-0.043 -0.048  0.179 -0.043 -0.046]	0.63	1.11	1.0	1.76	0.08	0.11	0.02	0.13	0.54	0.19	0.2	0.11966806362349085	0.193	0.071
2	['Ag', 'Ir', 'Pd', 'Pt', 'Ru']	26	[0.025 0.009 0.642 0.23  0.094]	[ 0.009 -0.003  0.122 -0.156  0.026]	0.63	1.11	1.0	1.76	0.08	0.11	0.02	0.13	0.54	0.19	0.2	0.10138378554047042	0.289	0.071
3	['Ag', 'Ir', 'Pd', 'Pt', 'Ru']	26	[0.035 0.023 0.716 0.097 0.129]	[-0.009 -0.023 -0.131  0.148  0.015]	0.63	1.11	1.0	1.76	0.08	0.11	0.02	0.13	0.54	0.19	0.2	0.12476478213518136	0.149	0.071
4	['Ag', 'Ir', 'Pd', 'Pt', 'Ru']	26	[0.063 0.027 0.76  0.013 0.137]	[ 0.003  0.076 -0.162  0.088 -0.006]	0.63	1.11	1.0	1.76	0.08	0.11	0.02	0.13	0.54	0.19	0.2	0.14662637707896295	0.072	0.071
0	['Ag', 'Ir', 'Pd', 'Pt', 'Ru']	27	[0.066 0.027 0.717 0.057 0.133]	[ 0.047  0.045 -0.147  0.107 -0.051]	0.63	1.11	1.0	1.76	0.08	0.11	0.02	0.13	0.54	0.19	0.2	0.1322116226714054	0.115	0.071
1	['Ag', 'Ir', 'Pd', 'Pt', 'Ru']	27	[0.041 0.031 0.786 0.018 0.124]	[-0.019  0.074 -0.141  0.115 -0.029]	0.63	1.11	1.0	1.76	0.08	0.11	0.02	0.13	0.54	0.19	0.2	0.14576439325746132	0.074	0.071
2	['Ag', 'Ir', 'Pd', 'Pt', 'Ru']	27	[0.048 0.004 0.75  0.068 0.13 ]	[ 0.023 -0.005  0.109 -0.162  0.036]	0.63	1.11	1.0	1.76	0.08	0.11	0.02	0.13	0.54	0.19	0.2	0.14214728028371296	0.104	0.071
3	['Ag', 'Ir', 'Pd', 'Pt', 'Ru']	27	[0.058 0.024 0.743 0.058 0.117]	[ 0.036 -0.049 -0.128  0.141 -0.   ]	0.63	1.11	1.0	1.76	0.08	0.11	0.02	0.13	0.54	0.19	0.2	0.1388118446604401	0.096	0.071
4	['Ag', 'Ir', 'Pd', 'Pt', 'Ru']	27	[0.045 0.005 0.793 0.016 0.141]	[-0.014  0.037 -0.041  0.008  0.009]	0.63	1.11	1.0	1.76	0.08	0.11	0.02	0.13	0.54	0.19	0.2	0.15844458103612674	0.071	0.071
0	['Ag', 'Ir', 'Pd', 'Pt', 'Ru']	28	[0.045 0.057 0.699 0.03  0.169]	[ 0.098  0.066 -0.155 -0.037  0.027]	0.63	1.11	1.0	1.76	0.08	0.11	0.02	0.13	0.54	0.19	0.2	0.12246191701544587	0.149	0.071
1	['Ag', 'Ir', 'Pd', 'Pt', 'Ru']	28	[0.008 0.093 0.739 0.037 0.123]	[-0.055  0.112 -0.075  0.023 -0.005]	0.63	1.11	1.0	1.76	0.08	0.11	0.02	0.13	0.54	0.19	0.2	0.12042105052969544	0.151	0.071
2	['Ag', 'Ir', 'Pd', 'Pt', 'Ru']	28	[0.045 0.001 0.681 0.119 0.154]	[-0.01  -0.006 -0.142  0.14   0.018]	0.63	1.11	1.0	1.76	0.08	0.11	0.02	0.13	0.54	0.19	0.2	0.11962260842976774	0.185	0.071
3	['Ag', 'Ir', 'Pd', 'Pt', 'Ru']	28	[0.043 0.054 0.675 0.07  0.158]	[-0.022  0.049 -0.162  0.097  0.038]	0.63	1.11	1.0	1.76	0.08	0.11	0.02	0.13	0.54	0.19	0.2	0.11328669901028984	0.173	0.071
4	['Ag', 'Ir', 'Pd', 'Pt', 'Ru']	28	[0.2   0.085 0.085 0.106 0.524]	[ 0.119 -0.006 -0.543  0.004  0.425]	0.63	1.11	1.0	1.76	0.08	0.11	0.02	0.13	0.54	0.19	0.2	0.0161644969536087	0.848	0.071
0	['Ag', 'Ir', 'Pd', 'Pt', 'Ru']	29	[0.003 0.108 0.727 0.072 0.09 ]	[ 0.058  0.062 -0.141  0.09  -0.069]	0.63	1.11	1.0	1.76	0.08	0.11	0.02	0.13	0.54	0.19	0.2	0.11290411930284161	0.178	0.071
1	['Ag', 'Ir', 'Pd', 'Pt', 'Ru']	29	[0.045 0.15  0.725 0.074 0.006]	[-0.024  0.102 -0.102  0.108 -0.084]	0.63	1.11	1.0	1.76	0.08	0.11	0.02	0.13	0.54	0.19	0.2	0.11180807384740417	0.213	0.071
2	['Ag', 'Ir', 'Pd', 'Pt', 'Ru']	29	[0.045 0.016 0.766 0.028 0.145]	[-0.001  0.014 -0.142  0.139 -0.01 ]	0.63	1.11	1.0	1.76	0.08	0.11	0.02	0.13	0.54	0.19	0.2	0.14877587640779336	0.085	0.071
3	['Ag', 'Ir', 'Pd', 'Pt', 'Ru']	29	[0.057 0.018 0.745 0.048 0.132]	[ 0.036 -0.016 -0.146  0.131 -0.006]	0.63	1.11	1.0	1.76	0.08	0.11	0.02	0.13	0.54	0.19	0.2	0.13968167828124112	0.092	0.071
4	['Ag', 'Ir', 'Pd', 'Pt', 'Ru']	29	[0.162 0.065 0.257 0.082 0.434]	[-0.038 -0.02   0.172 -0.024 -0.089]	0.63	1.11	1.0	1.76	0.08	0.11	0.02	0.13	0.54	0.19	0.2	0.03768802574620368	0.649	0.071
0	['Ag', 'Ir', 'Pd', 'Pt', 'Ru']	30	[0.045 0.05  0.751 0.009 0.145]	[ 0.029  0.129 -0.121 -0.078  0.042]	0.63	1.11	1.0	1.76	0.08	0.11	0.02	0.13	0.54	0.19	0.2	0.1389928862546429	0.1	0.071
1	['Ag', 'Ir', 'Pd', 'Pt', 'Ru']	30	[0.041 0.006 0.799 0.036 0.118]	[-0.004 -0.144  0.073 -0.038  0.112]	0.63	1.11	1.0	1.76	0.08	0.11	0.02	0.13	0.54	0.19	0.2	0.15430965354643275	0.072	0.071
2	['Ag', 'Ir', 'Pd', 'Pt', 'Ru']	30	[0.056 0.073 0.71  0.039 0.122]	[ 0.016  0.079 -0.09   0.016 -0.021]	0.63	1.11	1.0	1.76	0.08	0.11	0.02	0.13	0.54	0.19	0.2	0.12272463460279859	0.132	0.071
3	['Ag', 'Ir', 'Pd', 'Pt', 'Ru']	30	[0.07  0.039 0.678 0.085 0.128]	[ 0.007  0.041 -0.141  0.102 -0.01 ]	0.63	1.11	1.0	1.76	0.08	0.11	0.02	0.13	0.54	0.19	0.2	0.1180589624465707	0.159	0.071
4	['Ag', 'Ir', 'Pd', 'Pt', 'Ru']	30	[0.211 0.142 0.104 0.158 0.385]	[ 0.049  0.077 -0.153  0.076 -0.049]	0.63	1.11	1.0	1.76	0.08	0.11	0.02	0.13	0.54	0.19	0.2	0.021158066163943744	0.789	0.071
