ID	Elements	Generation	Position	Velocity	F_damp	F_b_best	F_h_best	F_g_best	F_b_worst	F_h_worst	F_g_worst	mut_prob	flip_prob	mut_rate	v_max	Activity	Distance	v_min
0	['Ag', 'Ir', 'Pd', 'Pt', 'Ru']	0	[0.8  0.05 0.05 0.05 0.05]	[-0.179  0.045  0.045  0.045  0.045]	0.67	1.95	1.4	0.12	0.07	0.31	0.04	0.32	0.17	0.43	0.2	0.027012725749533062	1.03	0.071
1	['Ag', 'Ir', 'Pd', 'Pt', 'Ru']	0	[0.05 0.8  0.05 0.05 0.05]	[ 0.045 -0.179  0.045  0.045  0.045]	0.67	1.95	1.4	0.12	0.07	0.31	0.04	0.32	0.17	0.43	0.2	0.007287080786378375	1.1	0.071
2	['Ag', 'Ir', 'Pd', 'Pt', 'Ru']	0	[0.05 0.05 0.8  0.05 0.05]	[ 0.045  0.045 -0.179  0.045  0.045]	0.67	1.95	1.4	0.12	0.07	0.31	0.04	0.32	0.17	0.43	0.2	0.1416984889241232	0.1	0.071
3	['Ag', 'Ir', 'Pd', 'Pt', 'Ru']	0	[0.05 0.05 0.05 0.8  0.05]	[ 0.045  0.045  0.045 -0.179  0.045]	0.67	1.95	1.4	0.12	0.07	0.31	0.04	0.32	0.17	0.43	0.2	0.031007911986536824	1.1	0.071
4	['Ag', 'Ir', 'Pd', 'Pt', 'Ru']	0	[0.05 0.05 0.05 0.05 0.8 ]	[ 0.045  0.045  0.045  0.045 -0.179]	0.67	1.95	1.4	0.12	0.07	0.31	0.04	0.32	0.17	0.43	0.2	0.015787588371734072	1.03	0.071
0	['Ag', 'Ir', 'Pd', 'Pt', 'Ru']	1	[0.66 0.03 0.19 0.06 0.06]	[-0.141 -0.02   0.14   0.01   0.01 ]	0.67	1.95	1.4	0.12	0.07	0.31	0.04	0.32	0.17	0.43	0.2	0.06788961832600635	0.832	0.071
1	['Ag', 'Ir', 'Pd', 'Pt', 'Ru']	1	[0.062 0.642 0.17  0.063 0.063]	[ 0.012 -0.158  0.12   0.013  0.013]	0.67	1.95	1.4	0.12	0.07	0.31	0.04	0.32	0.17	0.43	0.2	0.01179792912480695	0.903	0.071
2	['Ag', 'Ir', 'Pd', 'Pt', 'Ru']	1	[0.052 0.164 0.66  0.062 0.062]	[-0.015  0.151 -0.13  -0.004 -0.004]	0.67	1.95	1.4	0.12	0.07	0.31	0.04	0.32	0.17	0.43	0.2	0.10166616468373543	0.233	0.071
3	['Ag', 'Ir', 'Pd', 'Pt', 'Ru']	1	[0.054 0.02  0.2   0.672 0.054]	[ 0.004 -0.03   0.15  -0.128  0.004]	0.67	1.95	1.4	0.12	0.07	0.31	0.04	0.32	0.17	0.43	0.2	0.022526695287152607	0.903	0.071
4	['Ag', 'Ir', 'Pd', 'Pt', 'Ru']	1	[0.054 0.02  0.2   0.054 0.672]	[ 0.004 -0.03   0.15   0.004 -0.128]	0.67	1.95	1.4	0.12	0.07	0.31	0.04	0.32	0.17	0.43	0.2	0.039558438600717775	0.832	0.071
0	['Ag', 'Ir', 'Pd', 'Pt', 'Ru']	2	[0.53  0.018 0.341 0.054 0.057]	[-0.13  -0.012  0.151 -0.006 -0.003]	0.67	1.95	1.4	0.12	0.07	0.31	0.04	0.32	0.17	0.43	0.2	0.10352264787557791	0.633	0.071
1	['Ag', 'Ir', 'Pd', 'Pt', 'Ru']	2	[0.057 0.507 0.318 0.06  0.058]	[-0.005 -0.134  0.148 -0.003 -0.005]	0.67	1.95	1.4	0.12	0.07	0.31	0.04	0.32	0.17	0.43	0.2	0.022371626073959216	0.705	0.071
2	['Ag', 'Ir', 'Pd', 'Pt', 'Ru']	2	[0.054 0.045 0.787 0.056 0.058]	[ 0.079 -0.089 -0.129  0.068  0.071]	0.67	1.95	1.4	0.12	0.07	0.31	0.04	0.32	0.17	0.43	0.2	0.13908478903190788	0.096	0.071
3	['Ag', 'Ir', 'Pd', 'Pt', 'Ru']	2	[0.066 0.037 0.316 0.512 0.069]	[ 0.012  0.017  0.116 -0.161  0.015]	0.67	1.95	1.4	0.12	0.07	0.31	0.04	0.32	0.17	0.43	0.2	0.0385876475877204	0.707	0.071
4	['Ag', 'Ir', 'Pd', 'Pt', 'Ru']	2	[0.059 0.018 0.09  0.061 0.772]	[ 0.074  0.065 -0.086  0.077 -0.13 ]	0.67	1.95	1.4	0.12	0.07	0.31	0.04	0.32	0.17	0.43	0.2	0.02317358082730633	0.981	0.071
0	['Ag', 'Ir', 'Pd', 'Pt', 'Ru']	3	[0.401 0.004 0.492 0.05  0.053]	[-0.136  0.013  0.145 -0.011 -0.011]	0.67	1.95	1.4	0.12	0.07	0.31	0.04	0.32	0.17	0.43	0.2	0.12158802426730483	0.436	0.071
1	['Ag', 'Ir', 'Pd', 'Pt', 'Ru']	3	[0.042 0.391 0.479 0.045 0.043]	[-0.015 -0.116  0.161 -0.015 -0.015]	0.67	1.95	1.4	0.12	0.07	0.31	0.04	0.32	0.17	0.43	0.2	0.04502002279507415	0.514	0.071
2	['Ag', 'Ir', 'Pd', 'Pt', 'Ru']	3	[0.096 0.163 0.645 0.045 0.051]	[ 0.032  0.143 -0.134 -0.022 -0.018]	0.67	1.95	1.4	0.12	0.07	0.31	0.04	0.32	0.17	0.43	0.2	0.10413525205424957	0.235	0.071
3	['Ag', 'Ir', 'Pd', 'Pt', 'Ru']	3	[0.056 0.012 0.476 0.396 0.06 ]	[-0.01  -0.025  0.16  -0.116 -0.009]	0.67	1.95	1.4	0.12	0.07	0.31	0.04	0.32	0.17	0.43	0.2	0.06488450201240281	0.515	0.071
4	['Ag', 'Ir', 'Pd', 'Pt', 'Ru']	3	[0.11  0.054 0.049 0.112 0.675]	[ 0.026  0.007  0.107  0.026 -0.165]	0.67	1.95	1.4	0.12	0.07	0.31	0.04	0.32	0.17	0.43	0.2	0.015929075347840754	0.954	0.071
0	['Ag', 'Ir', 'Pd', 'Pt', 'Ru']	4	[0.333 0.006 0.625 0.003 0.033]	[-0.094 -0.033  0.143 -0.077  0.061]	0.67	1.95	1.4	0.12	0.07	0.31	0.04	0.32	0.17	0.43	0.2	0.13455316987828123	0.299	0.071
1	['Ag', 'Ir', 'Pd', 'Pt', 'Ru']	4	[0.159 0.25  0.548 0.043 0.   ]	[ 0.117 -0.141  0.069 -0.002 -0.043]	0.67	1.95	1.4	0.12	0.07	0.31	0.04	0.32	0.17	0.43	0.2	0.08982543308126636	0.376	0.071
2	['Ag', 'Ir', 'Pd', 'Pt', 'Ru']	4	[0.215 0.031 0.719 0.033 0.002]	[ 0.102 -0.156  0.055 -0.033  0.033]	0.67	1.95	1.4	0.12	0.07	0.31	0.04	0.32	0.17	0.43	0.2	0.1321564962143028	0.177	0.071
3	['Ag', 'Ir', 'Pd', 'Pt', 'Ru']	4	[0.175 0.008 0.547 0.266 0.004]	[ 0.115  0.012  0.068 -0.135 -0.06 ]	0.67	1.95	1.4	0.12	0.07	0.31	0.04	0.32	0.17	0.43	0.2	0.0919239482100708	0.387	0.071
4	['Ag', 'Ir', 'Pd', 'Pt', 'Ru']	4	[0.16  0.031 0.183 0.088 0.538]	[ 0.05  -0.023  0.134 -0.024 -0.136]	0.67	1.95	1.4	0.12	0.07	0.31	0.04	0.32	0.17	0.43	0.2	0.029983518280367827	0.765	0.071
0	['Ag', 'Ir', 'Pd', 'Pt', 'Ru']	5	[0.243 0.004 0.751 0.    0.002]	[-0.026  0.058 -0.164  0.052  0.08 ]	0.67	1.95	1.4	0.12	0.07	0.31	0.04	0.32	0.17	0.43	0.2	0.1419386052006665	0.18	0.071
1	['Ag', 'Ir', 'Pd', 'Pt', 'Ru']	5	[0.227 0.088 0.637 0.019 0.029]	[ 0.072 -0.161  0.091 -0.021  0.018]	0.67	1.95	1.4	0.12	0.07	0.31	0.04	0.32	0.17	0.43	0.2	0.12233113939746765	0.236	0.071
2	['Ag', 'Ir', 'Pd', 'Pt', 'Ru']	5	[0.111 0.089 0.701 0.047 0.052]	[-0.083  0.079 -0.131  0.081  0.053]	0.67	1.95	1.4	0.12	0.07	0.31	0.04	0.32	0.17	0.43	0.2	0.1261277324689145	0.15	0.071
3	['Ag', 'Ir', 'Pd', 'Pt', 'Ru']	5	[0.232 0.022 0.616 0.096 0.034]	[ 0.07  -0.015  0.082 -0.165  0.028]	0.67	1.95	1.4	0.12	0.07	0.31	0.04	0.32	0.17	0.43	0.2	0.11934399716591804	0.256	0.071
4	['Ag', 'Ir', 'Pd', 'Pt', 'Ru']	5	[0.156 0.003 0.326 0.108 0.407]	[-0.017  0.021  0.133  0.009 -0.146]	0.67	1.95	1.4	0.12	0.07	0.31	0.04	0.32	0.17	0.43	0.2	0.051107094096006396	0.578	0.071
0	['Ag', 'Ir', 'Pd', 'Pt', 'Ru']	6	[0.199 0.002 0.704 0.005 0.09 ]	[-0.015  0.011 -0.093  0.011  0.085]	0.67	1.95	1.4	0.12	0.07	0.31	0.04	0.32	0.17	0.43	0.2	0.14854020162370862	0.138	0.071
1	['Ag', 'Ir', 'Pd', 'Pt', 'Ru']	6	[0.224 0.001 0.763 0.001 0.011]	[-0.081  0.059  0.148 -0.06  -0.065]	0.67	1.95	1.4	0.12	0.07	0.31	0.04	0.32	0.17	0.43	0.2	0.14473097067928797	0.157	0.071
2	['Ag', 'Ir', 'Pd', 'Pt', 'Ru']	6	[0.141 0.029 0.72  0.051 0.059]	[ 0.048 -0.049 -0.141  0.02   0.122]	0.67	1.95	1.4	0.12	0.07	0.31	0.04	0.32	0.17	0.43	0.2	0.1370064354164887	0.115	0.071
3	['Ag', 'Ir', 'Pd', 'Pt', 'Ru']	6	[0.23  0.012 0.729 0.027 0.002]	[-0.081 -0.095  0.113  0.101 -0.039]	0.67	1.95	1.4	0.12	0.07	0.31	0.04	0.32	0.17	0.43	0.2	0.1358687211111289	0.18	0.071
4	['Ag', 'Ir', 'Pd', 'Pt', 'Ru']	6	[0.181 0.    0.469 0.078 0.272]	[ 0.025 -0.003  0.143 -0.03  -0.135]	0.67	1.95	1.4	0.12	0.07	0.31	0.04	0.32	0.17	0.43	0.2	0.08726940117906343	0.39	0.071
0	['Ag', 'Ir', 'Pd', 'Pt', 'Ru']	7	[0.14  0.009 0.773 0.008 0.07 ]	[-0.062  0.003  0.073  0.006 -0.02 ]	0.67	1.95	1.4	0.12	0.07	0.31	0.04	0.32	0.17	0.43	0.2	0.15331034540807248	0.058	0.071
1	['Ag', 'Ir', 'Pd', 'Pt', 'Ru']	7	[0.169 0.087 0.614 0.098 0.032]	[-0.047  0.079 -0.152  0.087  0.033]	0.67	1.95	1.4	0.12	0.07	0.31	0.04	0.32	0.17	0.43	0.2	0.10915757944786934	0.247	0.071
2	['Ag', 'Ir', 'Pd', 'Pt', 'Ru']	7	[0.088 0.049 0.709 0.041 0.113]	[-0.055  0.063 -0.14   0.08   0.052]	0.67	1.95	1.4	0.12	0.07	0.31	0.04	0.32	0.17	0.43	0.2	0.12899401794941112	0.113	0.071
3	['Ag', 'Ir', 'Pd', 'Pt', 'Ru']	7	[0.174 0.13  0.667 0.008 0.021]	[-0.035  0.128 -0.142  0.005  0.044]	0.67	1.95	1.4	0.12	0.07	0.31	0.04	0.32	0.17	0.43	0.2	0.1228244332789683	0.215	0.071
4	['Ag', 'Ir', 'Pd', 'Pt', 'Ru']	7	[0.204 0.003 0.615 0.032 0.146]	[ 0.023  0.002  0.147 -0.045 -0.126]	0.67	1.95	1.4	0.12	0.07	0.31	0.04	0.32	0.17	0.43	0.2	0.13048889880192896	0.22	0.071
0	['Ag', 'Ir', 'Pd', 'Pt', 'Ru']	8	[0.09  0.102 0.626 0.073 0.109]	[-0.057  0.093 -0.146  0.071  0.039]	0.67	1.95	1.4	0.12	0.07	0.31	0.04	0.32	0.17	0.43	0.2	0.1067332329992704	0.215	0.071
1	['Ag', 'Ir', 'Pd', 'Pt', 'Ru']	8	[0.17  0.019 0.762 0.019 0.03 ]	[-0.035  0.072  0.128 -0.126 -0.039]	0.67	1.95	1.4	0.12	0.07	0.31	0.04	0.32	0.17	0.43	0.2	0.14209995411665197	0.109	0.071
2	['Ag', 'Ir', 'Pd', 'Pt', 'Ru']	8	[0.09  0.038 0.728 0.093 0.051]	[ 0.046  0.027 -0.143  0.119 -0.048]	0.67	1.95	1.4	0.12	0.07	0.31	0.04	0.32	0.17	0.43	0.2	0.12595913107642703	0.133	0.071
3	['Ag', 'Ir', 'Pd', 'Pt', 'Ru']	8	[0.179 0.018 0.769 0.003 0.031]	[-0.071  0.133  0.082 -0.08  -0.063]	0.67	1.95	1.4	0.12	0.07	0.31	0.04	0.32	0.17	0.43	0.2	0.1463795966253947	0.111	0.071
4	['Ag', 'Ir', 'Pd', 'Pt', 'Ru']	8	[0.193 0.02  0.758 0.003 0.026]	[-0.022 -0.     0.142  0.018 -0.138]	0.67	1.95	1.4	0.12	0.07	0.31	0.04	0.32	0.17	0.43	0.2	0.14439780571549474	0.128	0.071
0	['Ag', 'Ir', 'Pd', 'Pt', 'Ru']	9	[0.037 0.01  0.776 0.013 0.164]	[-0.053 -0.092  0.149 -0.06   0.055]	0.67	1.95	1.4	0.12	0.07	0.31	0.04	0.32	0.17	0.43	0.2	0.1503494901815377	0.094	0.071
1	['Ag', 'Ir', 'Pd', 'Pt', 'Ru']	9	[0.224 0.039 0.634 0.096 0.007]	[ 0.05   0.032 -0.175  0.072  0.021]	0.67	1.95	1.4	0.12	0.07	0.31	0.04	0.32	0.17	0.43	0.2	0.11726398390953013	0.25	0.071
2	['Ag', 'Ir', 'Pd', 'Pt', 'Ru']	9	[0.037 0.141 0.71  0.085 0.027]	[-0.031  0.146 -0.131  0.017 -0.   ]	0.67	1.95	1.4	0.12	0.07	0.31	0.04	0.32	0.17	0.43	0.2	0.10808311471718343	0.211	0.071
3	['Ag', 'Ir', 'Pd', 'Pt', 'Ru']	9	[0.16  0.04  0.611 0.156 0.033]	[-0.019  0.022 -0.159  0.105  0.051]	0.67	1.95	1.4	0.12	0.07	0.31	0.04	0.32	0.17	0.43	0.2	0.11055240658327234	0.264	0.071
4	['Ag', 'Ir', 'Pd', 'Pt', 'Ru']	9	[0.199 0.031 0.628 0.007 0.135]	[ 0.003  0.038 -0.161  0.005  0.113]	0.67	1.95	1.4	0.12	0.07	0.31	0.04	0.32	0.17	0.43	0.2	0.1293326061508674	0.204	0.071
0	['Ag', 'Ir', 'Pd', 'Pt', 'Ru']	10	[0.12  0.093 0.641 0.067 0.079]	[ 0.085  0.072 -0.131  0.058 -0.083]	0.67	1.95	1.4	0.12	0.07	0.31	0.04	0.32	0.17	0.43	0.2	0.11292760595393402	0.198	0.071
1	['Ag', 'Ir', 'Pd', 'Pt', 'Ru']	10	[0.153 0.027 0.751 0.01  0.059]	[-0.083  0.045  0.116 -0.125  0.047]	0.67	1.95	1.4	0.12	0.07	0.31	0.04	0.32	0.17	0.43	0.2	0.14480788240645776	0.088	0.071
2	['Ag', 'Ir', 'Pd', 'Pt', 'Ru']	10	[0.043 0.015 0.799 0.014 0.129]	[ 0.046 -0.099 -0.06  -0.038  0.152]	0.67	1.95	1.4	0.12	0.07	0.31	0.04	0.32	0.17	0.43	0.2	0.1566698482976789	0.067	0.071
3	['Ag', 'Ir', 'Pd', 'Pt', 'Ru']	10	[0.125 0.    0.747 0.034 0.094]	[-0.035 -0.04   0.136 -0.122  0.061]	0.67	1.95	1.4	0.12	0.07	0.31	0.04	0.32	0.17	0.43	0.2	0.1482421776295493	0.068	0.071
4	['Ag', 'Ir', 'Pd', 'Pt', 'Ru']	10	[0.116 0.002 0.798 0.003 0.081]	[-0.096  0.02   0.16  -0.016 -0.067]	0.67	1.95	1.4	0.12	0.07	0.31	0.04	0.32	0.17	0.43	0.2	0.16003901415785504	0.025	0.071
0	['Ag', 'Ir', 'Pd', 'Pt', 'Ru']	11	[0.136 0.005 0.793 0.009 0.057]	[ 0.044  0.129 -0.143 -0.034  0.004]	0.67	1.95	1.4	0.12	0.07	0.31	0.04	0.32	0.17	0.43	0.2	0.15647014374019	0.057	0.071
1	['Ag', 'Ir', 'Pd', 'Pt', 'Ru']	11	[0.098 0.067 0.639 0.094 0.102]	[-0.052  0.078 -0.151  0.079  0.047]	0.67	1.95	1.4	0.12	0.07	0.31	0.04	0.32	0.17	0.43	0.2	0.11116979951389794	0.198	0.071
2	['Ag', 'Ir', 'Pd', 'Pt', 'Ru']	11	[0.133 0.133 0.667 0.006 0.061]	[ 0.101  0.101 -0.118 -0.007 -0.077]	0.67	1.95	1.4	0.12	0.07	0.31	0.04	0.32	0.17	0.43	0.2	0.1203637165722024	0.195	0.071
3	['Ag', 'Ir', 'Pd', 'Pt', 'Ru']	11	[0.098 0.066 0.632 0.102 0.102]	[-0.018  0.05  -0.159  0.108  0.017]	0.67	1.95	1.4	0.12	0.07	0.31	0.04	0.32	0.17	0.43	0.2	0.10831948546236278	0.207	0.071
4	['Ag', 'Ir', 'Pd', 'Pt', 'Ru']	11	[0.139 0.106 0.604 0.089 0.062]	[-0.023  0.048 -0.161  0.038  0.099]	0.67	1.95	1.4	0.12	0.07	0.31	0.04	0.32	0.17	0.43	0.2	0.10482903139907006	0.246	0.071
0	['Ag', 'Ir', 'Pd', 'Pt', 'Ru']	12	[0.116 0.022 0.74  0.063 0.059]	[-0.02   0.017 -0.048  0.05   0.002]	0.67	1.95	1.4	0.12	0.07	0.31	0.04	0.32	0.17	0.43	0.2	0.13326820844728535	0.1	0.071
1	['Ag', 'Ir', 'Pd', 'Pt', 'Ru']	12	[0.136 0.01  0.789 0.004 0.061]	[ 0.013  0.049  0.131 -0.123 -0.071]	0.67	1.95	1.4	0.12	0.07	0.31	0.04	0.32	0.17	0.43	0.2	0.1565854544284767	0.055	0.071
2	['Ag', 'Ir', 'Pd', 'Pt', 'Ru']	12	[0.105 0.008 0.789 0.006 0.092]	[ 0.031 -0.096 -0.113  0.068  0.11 ]	0.67	1.95	1.4	0.12	0.07	0.31	0.04	0.32	0.17	0.43	0.2	0.15629765779180022	0.018	0.071
3	['Ag', 'Ir', 'Pd', 'Pt', 'Ru']	12	[0.247 0.022 0.544 0.031 0.156]	[ 0.149 -0.044 -0.089 -0.071  0.054]	0.67	1.95	1.4	0.12	0.07	0.31	0.04	0.32	0.17	0.43	0.2	0.11359329114642748	0.303	0.071
4	['Ag', 'Ir', 'Pd', 'Pt', 'Ru']	12	[0.121 0.022 0.769 0.016 0.072]	[-0.018 -0.084  0.165 -0.073  0.01 ]	0.67	1.95	1.4	0.12	0.07	0.31	0.04	0.32	0.17	0.43	0.2	0.14992308902909263	0.054	0.071
0	['Ag', 'Ir', 'Pd', 'Pt', 'Ru']	13	[0.19  0.073 0.591 0.006 0.14 ]	[ 0.074  0.051 -0.149 -0.057  0.081]	0.67	1.95	1.4	0.12	0.07	0.31	0.04	0.32	0.17	0.43	0.2	0.11446992204642042	0.242	0.071
1	['Ag', 'Ir', 'Pd', 'Pt', 'Ru']	13	[0.157 0.071 0.592 0.137 0.043]	[ 0.013  0.065 -0.155  0.105 -0.028]	0.67	1.95	1.4	0.12	0.07	0.31	0.04	0.32	0.17	0.43	0.2	0.1036196463650011	0.271	0.071
2	['Ag', 'Ir', 'Pd', 'Pt', 'Ru']	13	[0.003 0.117 0.694 0.039 0.147]	[-0.104  0.087 -0.082  0.039  0.061]	0.67	1.95	1.4	0.12	0.07	0.31	0.04	0.32	0.17	0.43	0.2	0.10698319045099537	0.195	0.071
3	['Ag', 'Ir', 'Pd', 'Pt', 'Ru']	13	[0.135 0.02  0.676 0.008 0.161]	[-0.147  0.012  0.134  0.013 -0.012]	0.67	1.95	1.4	0.12	0.07	0.31	0.04	0.32	0.17	0.43	0.2	0.13712481275934488	0.144	0.071
4	['Ag', 'Ir', 'Pd', 'Pt', 'Ru']	13	[0.12  0.132 0.631 0.061 0.056]	[-0.005  0.128 -0.146  0.044 -0.021]	0.67	1.95	1.4	0.12	0.07	0.31	0.04	0.32	0.17	0.43	0.2	0.10610995412362194	0.228	0.071
0	['Ag', 'Ir', 'Pd', 'Pt', 'Ru']	14	[0.116 0.01  0.752 0.014 0.108]	[-0.11   0.054  0.143 -0.022 -0.065]	0.67	1.95	1.4	0.12	0.07	0.31	0.04	0.32	0.17	0.43	0.2	0.1491115473714085	0.054	0.071
1	['Ag', 'Ir', 'Pd', 'Pt', 'Ru']	14	[0.139 0.001 0.729 0.027 0.104]	[-0.018 -0.07   0.138 -0.11   0.061]	0.67	1.95	1.4	0.12	0.07	0.31	0.04	0.32	0.17	0.43	0.2	0.14614239402267815	0.085	0.071
2	['Ag', 'Ir', 'Pd', 'Pt', 'Ru']	14	[0.078 0.001 0.76  0.021 0.14 ]	[ 0.041  0.122  0.015 -0.029 -0.149]	0.67	1.95	1.4	0.12	0.07	0.31	0.04	0.32	0.17	0.43	0.2	0.15372266635565637	0.064	0.071
3	['Ag', 'Ir', 'Pd', 'Pt', 'Ru']	14	[0.026 0.059 0.725 0.016 0.174]	[-0.067  0.096 -0.142  0.055  0.058]	0.67	1.95	1.4	0.12	0.07	0.31	0.04	0.32	0.17	0.43	0.2	0.12709065982366213	0.143	0.071
4	['Ag', 'Ir', 'Pd', 'Pt', 'Ru']	14	[0.107 0.017 0.765 0.018 0.093]	[-0.038 -0.147  0.119  0.051  0.015]	0.67	1.95	1.4	0.12	0.07	0.31	0.04	0.32	0.17	0.43	0.2	0.14714912413745693	0.044	0.071
0	['Ag', 'Ir', 'Pd', 'Pt', 'Ru']	15	[0.113 0.071 0.673 0.057 0.086]	[ 0.002  0.11  -0.152  0.065 -0.024]	0.67	1.95	1.4	0.12	0.07	0.31	0.04	0.32	0.17	0.43	0.2	0.1229283203015646	0.157	0.071
1	['Ag', 'Ir', 'Pd', 'Pt', 'Ru']	15	[0.105 0.099 0.645 0.056 0.095]	[-0.016  0.085 -0.16   0.082  0.009]	0.67	1.95	1.4	0.12	0.07	0.31	0.04	0.32	0.17	0.43	0.2	0.1164236319654055	0.192	0.071
2	['Ag', 'Ir', 'Pd', 'Pt', 'Ru']	15	[0.104 0.084 0.691 0.069 0.052]	[ 0.029  0.093 -0.112  0.089 -0.1  ]	0.67	1.95	1.4	0.12	0.07	0.31	0.04	0.32	0.17	0.43	0.2	0.12069442279215849	0.161	0.071
3	['Ag', 'Ir', 'Pd', 'Pt', 'Ru']	15	[0.18  0.02  0.688 0.025 0.087]	[ 0.141  0.051 -0.063 -0.013 -0.116]	0.67	1.95	1.4	0.12	0.07	0.31	0.04	0.32	0.17	0.43	0.2	0.1394689028423545	0.142	0.071
4	['Ag', 'Ir', 'Pd', 'Pt', 'Ru']	15	[0.098 0.171 0.629 0.022 0.08 ]	[-0.002  0.139 -0.143  0.011 -0.006]	0.67	1.95	1.4	0.12	0.07	0.31	0.04	0.32	0.17	0.43	0.2	0.10071465560103676	0.244	0.071
0	['Ag', 'Ir', 'Pd', 'Pt', 'Ru']	16	[0.157 0.038 0.761 0.006 0.038]	[ 0.049  0.097 -0.153  0.052 -0.044]	0.67	1.95	1.4	0.12	0.07	0.31	0.04	0.32	0.17	0.43	0.2	0.14309390976400344	0.1	0.071
1	['Ag', 'Ir', 'Pd', 'Pt', 'Ru']	16	[0.234 0.021 0.567 0.057 0.121]	[ 0.109  0.085 -0.137 -0.044 -0.014]	0.67	1.95	1.4	0.12	0.07	0.31	0.04	0.32	0.17	0.43	0.2	0.11740486947725487	0.276	0.071
2	['Ag', 'Ir', 'Pd', 'Pt', 'Ru']	16	[0.084 0.036 0.764 0.013 0.103]	[-0.03   0.099 -0.159  0.043  0.046]	0.67	1.95	1.4	0.12	0.07	0.31	0.04	0.32	0.17	0.43	0.2	0.14266272906435487	0.055	0.071
3	['Ag', 'Ir', 'Pd', 'Pt', 'Ru']	16	[0.186 0.084 0.707 0.008 0.015]	[ 0.036  0.103 -0.15   0.056 -0.044]	0.67	1.95	1.4	0.12	0.07	0.31	0.04	0.32	0.17	0.43	0.2	0.12959372450573528	0.174	0.071
4	['Ag', 'Ir', 'Pd', 'Pt', 'Ru']	16	[0.057 0.043 0.775 0.035 0.09 ]	[-0.041 -0.128  0.147  0.013  0.01 ]	0.67	1.95	1.4	0.12	0.07	0.31	0.04	0.32	0.17	0.43	0.2	0.14134353157597207	0.075	0.071
0	['Ag', 'Ir', 'Pd', 'Pt', 'Ru']	17	[0.109 0.045 0.736 0.056 0.054]	[-0.053  0.022 -0.085  0.081  0.034]	0.67	1.95	1.4	0.12	0.07	0.31	0.04	0.32	0.17	0.43	0.2	0.1324221448311064	0.107	0.071
1	['Ag', 'Ir', 'Pd', 'Pt', 'Ru']	17	[0.179 0.014 0.742 0.004 0.061]	[-0.055 -0.007  0.175 -0.053 -0.06 ]	0.67	1.95	1.4	0.12	0.07	0.31	0.04	0.32	0.17	0.43	0.2	0.149204655447654	0.106	0.071
2	['Ag', 'Ir', 'Pd', 'Pt', 'Ru']	17	[0.058 0.036 0.78  0.025 0.101]	[-0.02   0.019 -0.053  0.037  0.016]	0.67	1.95	1.4	0.12	0.07	0.31	0.04	0.32	0.17	0.43	0.2	0.14630791043260336	0.064	0.071
3	['Ag', 'Ir', 'Pd', 'Pt', 'Ru']	17	[0.087 0.036 0.77  0.016 0.091]	[-0.094  0.111 -0.11   0.013  0.081]	0.67	1.95	1.4	0.12	0.07	0.31	0.04	0.32	0.17	0.43	0.2	0.14410974793565923	0.052	0.071
4	['Ag', 'Ir', 'Pd', 'Pt', 'Ru']	17	[0.159 0.096 0.665 0.041 0.039]	[ 0.078  0.089 -0.136  0.044 -0.075]	0.67	1.95	1.4	0.12	0.07	0.31	0.04	0.32	0.17	0.43	0.2	0.12100949866621036	0.191	0.071
0	['Ag', 'Ir', 'Pd', 'Pt', 'Ru']	18	[0.129 0.101 0.693 0.008 0.069]	[ 0.011  0.102 -0.166  0.047  0.006]	0.67	1.95	1.4	0.12	0.07	0.31	0.04	0.32	0.17	0.43	0.2	0.1254963694123828	0.153	0.071
1	['Ag', 'Ir', 'Pd', 'Pt', 'Ru']	18	[0.13  0.098 0.65  0.053 0.069]	[-0.04   0.106 -0.151  0.063  0.022]	0.67	1.95	1.4	0.12	0.07	0.31	0.04	0.32	0.17	0.43	0.2	0.11517571921734908	0.192	0.071
2	['Ag', 'Ir', 'Pd', 'Pt', 'Ru']	18	[0.106 0.061 0.738 0.028 0.067]	[ 0.084  0.098 -0.075 -0.043 -0.063]	0.67	1.95	1.4	0.12	0.07	0.31	0.04	0.32	0.17	0.43	0.2	0.13706136879388336	0.097	0.071
3	['Ag', 'Ir', 'Pd', 'Pt', 'Ru']	18	[0.173 0.033 0.682 0.007 0.105]	[ 0.094  0.045 -0.125 -0.017  0.003]	0.67	1.95	1.4	0.12	0.07	0.31	0.04	0.32	0.17	0.43	0.2	0.13699937539595872	0.143	0.071
4	['Ag', 'Ir', 'Pd', 'Pt', 'Ru']	18	[0.157 0.02  0.765 0.015 0.043]	[-0.001  0.108 -0.161  0.05   0.005]	0.67	1.95	1.4	0.12	0.07	0.31	0.04	0.32	0.17	0.43	0.2	0.1446499880890501	0.091	0.071
0	['Ag', 'Ir', 'Pd', 'Pt', 'Ru']	19	[0.196 0.033 0.6   0.08  0.091]	[ 0.037  0.1   -0.162  0.044 -0.019]	0.67	1.95	1.4	0.12	0.07	0.31	0.04	0.32	0.17	0.43	0.2	0.1165993418331445	0.238	0.071
1	['Ag', 'Ir', 'Pd', 'Pt', 'Ru']	19	[0.137 0.02  0.785 0.006 0.052]	[ 0.029  0.134 -0.143 -0.026  0.005]	0.67	1.95	1.4	0.12	0.07	0.31	0.04	0.32	0.17	0.43	0.2	0.15359190752884888	0.066	0.071
2	['Ag', 'Ir', 'Pd', 'Pt', 'Ru']	19	[0.102 0.068 0.669 0.062 0.099]	[-0.014  0.096 -0.163  0.058  0.023]	0.67	1.95	1.4	0.12	0.07	0.31	0.04	0.32	0.17	0.43	0.2	0.11870329457024202	0.16	0.071
3	['Ag', 'Ir', 'Pd', 'Pt', 'Ru']	19	[0.104 0.088 0.756 0.045 0.007]	[-0.021  0.115 -0.112  0.091 -0.073]	0.67	1.95	1.4	0.12	0.07	0.31	0.04	0.32	0.17	0.43	0.2	0.12967313352261492	0.143	0.071
4	['Ag', 'Ir', 'Pd', 'Pt', 'Ru']	19	[0.111 0.022 0.761 0.028 0.078]	[-0.049  0.05  -0.061  0.018  0.043]	0.67	1.95	1.4	0.12	0.07	0.31	0.04	0.32	0.17	0.43	0.2	0.14335715391061754	0.058	0.071
0	['Ag', 'Ir', 'Pd', 'Pt', 'Ru']	20	[0.225 0.128 0.432 0.081 0.134]	[ 0.029  0.095 -0.168  0.001  0.043]	0.67	1.95	1.4	0.12	0.07	0.31	0.04	0.32	0.17	0.43	0.2	0.07499861122963351	0.419	0.071
1	['Ag', 'Ir', 'Pd', 'Pt', 'Ru']	20	[0.138 0.001 0.741 0.06  0.06 ]	[-0.002  0.015 -0.061  0.042  0.006]	0.67	1.95	1.4	0.12	0.07	0.31	0.04	0.32	0.17	0.43	0.2	0.14188479220918018	0.101	0.071
2	['Ag', 'Ir', 'Pd', 'Pt', 'Ru']	20	[0.073 0.017 0.759 0.024 0.127]	[-0.031  0.082 -0.158  0.081  0.026]	0.67	1.95	1.4	0.12	0.07	0.31	0.04	0.32	0.17	0.43	0.2	0.14843347418131977	0.063	0.071
3	['Ag', 'Ir', 'Pd', 'Pt', 'Ru']	20	[0.066 0.06  0.765 0.001 0.108]	[-0.056  0.118 -0.098 -0.062  0.097]	0.67	1.95	1.4	0.12	0.07	0.31	0.04	0.32	0.17	0.43	0.2	0.1389502443064388	0.078	0.071
4	['Ag', 'Ir', 'Pd', 'Pt', 'Ru']	20	[0.138 0.061 0.632 0.107 0.062]	[ 0.017  0.064 -0.156  0.102 -0.027]	0.67	1.95	1.4	0.12	0.07	0.31	0.04	0.32	0.17	0.43	0.2	0.11443113592420134	0.215	0.071
0	['Ag', 'Ir', 'Pd', 'Pt', 'Ru']	21	[0.151 0.078 0.606 0.045 0.12 ]	[-0.074 -0.05   0.175 -0.036 -0.014]	0.67	1.95	1.4	0.12	0.07	0.31	0.04	0.32	0.17	0.43	0.2	0.11181246613750165	0.221	0.071
1	['Ag', 'Ir', 'Pd', 'Pt', 'Ru']	21	[0.079 0.065 0.677 0.059 0.12 ]	[-0.063  0.046 -0.142  0.102  0.057]	0.67	1.95	1.4	0.12	0.07	0.31	0.04	0.32	0.17	0.43	0.2	0.12234819582782212	0.154	0.071
2	['Ag', 'Ir', 'Pd', 'Pt', 'Ru']	21	[0.086 0.002 0.713 0.04  0.159]	[ 0.119 -0.028 -0.114  0.003  0.019]	0.67	1.95	1.4	0.12	0.07	0.31	0.04	0.32	0.17	0.43	0.2	0.13972009322854123	0.113	0.071
3	['Ag', 'Ir', 'Pd', 'Pt', 'Ru']	21	[0.065 0.093 0.708 0.014 0.12 ]	[ 0.005  0.129 -0.126 -0.028  0.02 ]	0.67	1.95	1.4	0.12	0.07	0.31	0.04	0.32	0.17	0.43	0.2	0.1230555983319573	0.138	0.071
4	['Ag', 'Ir', 'Pd', 'Pt', 'Ru']	21	[0.102 0.004 0.796 0.046 0.052]	[ 0.05   0.016 -0.169  0.01   0.092]	0.67	1.95	1.4	0.12	0.07	0.31	0.04	0.32	0.17	0.43	0.2	0.1483987848608215	0.067	0.071
0	['Ag', 'Ir', 'Pd', 'Pt', 'Ru']	22	[0.11  0.011 0.783 0.024 0.072]	[-0.041 -0.067  0.176 -0.021 -0.048]	0.67	1.95	1.4	0.12	0.07	0.31	0.04	0.32	0.17	0.43	0.2	0.15115868791931167	0.043	0.071
1	['Ag', 'Ir', 'Pd', 'Pt', 'Ru']	22	[0.062 0.068 0.744 0.011 0.115]	[ 0.017  0.135 -0.138 -0.042  0.029]	0.67	1.95	1.4	0.12	0.07	0.31	0.04	0.32	0.17	0.43	0.2	0.13226483312712123	0.098	0.071
2	['Ag', 'Ir', 'Pd', 'Pt', 'Ru']	22	[0.114 0.069 0.709 0.035 0.073]	[ 0.071  0.104 -0.136  0.03  -0.069]	0.67	1.95	1.4	0.12	0.07	0.31	0.04	0.32	0.17	0.43	0.2	0.1290167349928763	0.123	0.071
3	['Ag', 'Ir', 'Pd', 'Pt', 'Ru']	22	[0.073 0.053 0.747 0.026 0.101]	[ 0.024  0.138 -0.142 -0.015 -0.005]	0.67	1.95	1.4	0.12	0.07	0.31	0.04	0.32	0.17	0.43	0.2	0.1364207770359354	0.084	0.071
4	['Ag', 'Ir', 'Pd', 'Pt', 'Ru']	22	[0.127 0.029 0.733 0.038 0.073]	[ 0.017  0.003 -0.1    0.07   0.011]	0.67	1.95	1.4	0.12	0.07	0.31	0.04	0.32	0.17	0.43	0.2	0.1379600715093915	0.091	0.071
0	['Ag', 'Ir', 'Pd', 'Pt', 'Ru']	23	[0.13  0.133 0.601 0.064 0.072]	[ 0.004  0.102 -0.157  0.068 -0.017]	0.67	1.95	1.4	0.12	0.07	0.31	0.04	0.32	0.17	0.43	0.2	0.10236342952241928	0.251	0.071
1	['Ag', 'Ir', 'Pd', 'Pt', 'Ru']	23	[0.145 0.082 0.721 0.008 0.044]	[ 0.085  0.12  -0.113 -0.021 -0.071]	0.67	1.95	1.4	0.12	0.07	0.31	0.04	0.32	0.17	0.43	0.2	0.13288624914452135	0.135	0.071
2	['Ag', 'Ir', 'Pd', 'Pt', 'Ru']	23	[0.055 0.07  0.728 0.013 0.134]	[-0.051  0.125 -0.129 -0.014  0.069]	0.67	1.95	1.4	0.12	0.07	0.31	0.04	0.32	0.17	0.43	0.2	0.12832636681796067	0.116	0.071
3	['Ag', 'Ir', 'Pd', 'Pt', 'Ru']	23	[0.192 0.034 0.749 0.002 0.023]	[ 0.129  0.053 -0.031 -0.012 -0.14 ]	0.67	1.95	1.4	0.12	0.07	0.31	0.04	0.32	0.17	0.43	0.2	0.1403242757266359	0.135	0.071
4	['Ag', 'Ir', 'Pd', 'Pt', 'Ru']	23	[0.13  0.111 0.663 0.027 0.069]	[ 0.     0.106 -0.159  0.059 -0.007]	0.67	1.95	1.4	0.12	0.07	0.31	0.04	0.32	0.17	0.43	0.2	0.11976708473084215	0.184	0.071
0	['Ag', 'Ir', 'Pd', 'Pt', 'Ru']	24	[0.148 0.032 0.763 0.022 0.035]	[ 0.018 -0.101  0.162 -0.042 -0.037]	0.67	1.95	1.4	0.12	0.07	0.31	0.04	0.32	0.17	0.43	0.2	0.1423754407489153	0.097	0.071
1	['Ag', 'Ir', 'Pd', 'Pt', 'Ru']	24	[0.194 0.065 0.714 0.02  0.007]	[ 0.049  0.121 -0.146  0.015 -0.039]	0.67	1.95	1.4	0.12	0.07	0.31	0.04	0.32	0.17	0.43	0.2	0.13025355535279234	0.172	0.071
2	['Ag', 'Ir', 'Pd', 'Pt', 'Ru']	24	[0.142 0.047 0.725 0.029 0.057]	[ 0.084  0.097 -0.128  0.028 -0.081]	0.67	1.95	1.4	0.12	0.07	0.31	0.04	0.32	0.17	0.43	0.2	0.1364154277282836	0.111	0.071
3	['Ag', 'Ir', 'Pd', 'Pt', 'Ru']	24	[0.164 0.075 0.718 0.008 0.035]	[-0.019  0.089 -0.102  0.012  0.021]	0.67	1.95	1.4	0.12	0.07	0.31	0.04	0.32	0.17	0.43	0.2	0.13364570438958095	0.144	0.071
4	['Ag', 'Ir', 'Pd', 'Pt', 'Ru']	24	[0.164 0.022 0.786 0.002 0.026]	[-0.01   0.1    0.104 -0.089 -0.106]	0.67	1.95	1.4	0.12	0.07	0.31	0.04	0.32	0.17	0.43	0.2	0.1475187603530934	0.101	0.071
0	['Ag', 'Ir', 'Pd', 'Pt', 'Ru']	25	[0.228 0.039 0.609 0.024 0.1  ]	[ 0.074  0.045 -0.17  -0.008  0.059]	0.67	1.95	1.4	0.12	0.07	0.31	0.04	0.32	0.17	0.43	0.2	0.12473392115930015	0.234	0.071
1	['Ag', 'Ir', 'Pd', 'Pt', 'Ru']	25	[0.134 0.063 0.715 0.021 0.067]	[-0.061  0.108 -0.14   0.035  0.059]	0.67	1.95	1.4	0.12	0.07	0.31	0.04	0.32	0.17	0.43	0.2	0.13552829003528372	0.118	0.071
2	['Ag', 'Ir', 'Pd', 'Pt', 'Ru']	25	[0.081 0.064 0.703 0.034 0.118]	[-0.068  0.095 -0.141  0.056  0.057]	0.67	1.95	1.4	0.12	0.07	0.31	0.04	0.32	0.17	0.43	0.2	0.12852875168504985	0.124	0.071
3	['Ag', 'Ir', 'Pd', 'Pt', 'Ru']	25	[0.068 0.054 0.76  0.015 0.103]	[-0.082  0.118 -0.108 -0.014  0.086]	0.67	1.95	1.4	0.12	0.07	0.31	0.04	0.32	0.17	0.43	0.2	0.13752737051891534	0.076	0.071
4	['Ag', 'Ir', 'Pd', 'Pt', 'Ru']	25	[0.121 0.054 0.619 0.132 0.074]	[-0.055  0.031 -0.141  0.116  0.049]	0.67	1.95	1.4	0.12	0.07	0.31	0.04	0.32	0.17	0.43	0.2	0.10762999542532196	0.233	0.071
0	['Ag', 'Ir', 'Pd', 'Pt', 'Ru']	26	[0.115 0.02  0.772 0.004 0.089]	[-0.113 -0.019  0.163 -0.02  -0.011]	0.67	1.95	1.4	0.12	0.07	0.31	0.04	0.32	0.17	0.43	0.2	0.15053375988727552	0.039	0.071
1	['Ag', 'Ir', 'Pd', 'Pt', 'Ru']	26	[0.065 0.044 0.718 0.038 0.135]	[-0.071  0.095 -0.139  0.049  0.067]	0.67	1.95	1.4	0.12	0.07	0.31	0.04	0.32	0.17	0.43	0.2	0.1311139997753748	0.112	0.071
2	['Ag', 'Ir', 'Pd', 'Pt', 'Ru']	26	[0.037 0.022 0.733 0.031 0.177]	[ 0.101 -0.052 -0.148  0.05   0.049]	0.67	1.95	1.4	0.12	0.07	0.31	0.04	0.32	0.17	0.43	0.2	0.1359682185714022	0.126	0.071
3	['Ag', 'Ir', 'Pd', 'Pt', 'Ru']	26	[0.083 0.01  0.754 0.03  0.123]	[-0.01   0.061 -0.087  0.027  0.009]	0.67	1.95	1.4	0.12	0.07	0.31	0.04	0.32	0.17	0.43	0.2	0.1490853863846269	0.063	0.071
4	['Ag', 'Ir', 'Pd', 'Pt', 'Ru']	26	[0.084 0.013 0.783 0.034 0.086]	[-0.037 -0.041  0.165 -0.098  0.012]	0.67	1.95	1.4	0.12	0.07	0.31	0.04	0.32	0.17	0.43	0.2	0.14920043936020003	0.045	0.071
0	['Ag', 'Ir', 'Pd', 'Pt', 'Ru']	27	[0.119 0.109 0.628 0.063 0.081]	[-0.005  0.114 -0.152  0.061 -0.018]	0.67	1.95	1.4	0.12	0.07	0.31	0.04	0.32	0.17	0.43	0.2	0.10963804778764608	0.215	0.071
1	['Ag', 'Ir', 'Pd', 'Pt', 'Ru']	27	[0.154 0.044 0.737 0.02  0.045]	[ 0.091  0.072 -0.126  0.05  -0.088]	0.67	1.95	1.4	0.12	0.07	0.31	0.04	0.32	0.17	0.43	0.2	0.14003238767461682	0.111	0.071
2	['Ag', 'Ir', 'Pd', 'Pt', 'Ru']	27	[0.144 0.034 0.769 0.016 0.037]	[ 0.115  0.04   0.042 -0.054 -0.143]	0.67	1.95	1.4	0.12	0.07	0.31	0.04	0.32	0.17	0.43	0.2	0.14528581735240637	0.091	0.071
3	['Ag', 'Ir', 'Pd', 'Pt', 'Ru']	27	[0.122 0.003 0.78  0.036 0.059]	[ 0.049  0.003 -0.055  0.058 -0.055]	0.67	1.95	1.4	0.12	0.07	0.31	0.04	0.32	0.17	0.43	0.2	0.14947340278309396	0.062	0.071
4	['Ag', 'Ir', 'Pd', 'Pt', 'Ru']	27	[0.15  0.071 0.616 0.112 0.051]	[ 0.053  0.05  -0.151  0.098 -0.049]	0.67	1.95	1.4	0.12	0.07	0.31	0.04	0.32	0.17	0.43	0.2	0.1094988916161792	0.237	0.071
0	['Ag', 'Ir', 'Pd', 'Pt', 'Ru']	28	[0.113 0.012 0.796 0.023 0.056]	[-0.006 -0.097  0.168 -0.04  -0.025]	0.67	1.95	1.4	0.12	0.07	0.31	0.04	0.32	0.17	0.43	0.2	0.15193882309530252	0.053	0.071
1	['Ag', 'Ir', 'Pd', 'Pt', 'Ru']	28	[0.146 0.131 0.67  0.013 0.04 ]	[-0.     0.14  -0.144  0.001  0.003]	0.67	1.95	1.4	0.12	0.07	0.31	0.04	0.32	0.17	0.43	0.2	0.11853895025217426	0.2	0.071
2	['Ag', 'Ir', 'Pd', 'Pt', 'Ru']	28	[0.064 0.087 0.673 0.04  0.136]	[-0.093  0.088 -0.121  0.038  0.088]	0.67	1.95	1.4	0.12	0.07	0.31	0.04	0.32	0.17	0.43	0.2	0.11586698668820494	0.167	0.071
3	['Ag', 'Ir', 'Pd', 'Pt', 'Ru']	28	[0.164 0.082 0.711 0.009 0.034]	[ 0.049  0.067 -0.074 -0.022 -0.02 ]	0.67	1.95	1.4	0.12	0.07	0.31	0.04	0.32	0.17	0.43	0.2	0.13381716153223117	0.152	0.071
4	['Ag', 'Ir', 'Pd', 'Pt', 'Ru']	28	[0.123 0.006 0.785 0.046 0.04 ]	[-0.058  0.049  0.15  -0.1   -0.041]	0.67	1.95	1.4	0.12	0.07	0.31	0.04	0.32	0.17	0.43	0.2	0.14556350984311453	0.081	0.071
0	['Ag', 'Ir', 'Pd', 'Pt', 'Ru']	29	[0.146 0.156 0.582 0.061 0.055]	[ 0.015  0.107 -0.158  0.055 -0.019]	0.67	1.95	1.4	0.12	0.07	0.31	0.04	0.32	0.17	0.43	0.2	0.09916973451960531	0.282	0.071
1	['Ag', 'Ir', 'Pd', 'Pt', 'Ru']	29	[0.127 0.025 0.766 0.023 0.059]	[ 0.032 -0.077 -0.132  0.097  0.08 ]	0.67	1.95	1.4	0.12	0.07	0.31	0.04	0.32	0.17	0.43	0.2	0.14779735414142703	0.069	0.071
2	['Ag', 'Ir', 'Pd', 'Pt', 'Ru']	29	[0.068 0.032 0.755 0.032 0.113]	[ 0.019  0.133 -0.148  0.006 -0.01 ]	0.67	1.95	1.4	0.12	0.07	0.31	0.04	0.32	0.17	0.43	0.2	0.14012807868151891	0.073	0.071
3	['Ag', 'Ir', 'Pd', 'Pt', 'Ru']	29	[0.127 0.073 0.721 0.014 0.065]	[-0.036  0.135 -0.139  0.007  0.033]	0.67	1.95	1.4	0.12	0.07	0.31	0.04	0.32	0.17	0.43	0.2	0.13498538845897937	0.117	0.071
4	['Ag', 'Ir', 'Pd', 'Pt', 'Ru']	29	[0.131 0.027 0.621 0.152 0.069]	[-0.012  0.012 -0.146  0.136  0.009]	0.67	1.95	1.4	0.12	0.07	0.31	0.04	0.32	0.17	0.43	0.2	0.10845497983990615	0.24	0.071
0	['Ag', 'Ir', 'Pd', 'Pt', 'Ru']	30	[0.128 0.049 0.745 0.02  0.058]	[-0.018 -0.107  0.163 -0.041  0.003]	0.67	1.95	1.4	0.12	0.07	0.31	0.04	0.32	0.17	0.43	0.2	0.1401131398951486	0.092	0.071
1	['Ag', 'Ir', 'Pd', 'Pt', 'Ru']	30	[0.099 0.161 0.678 0.017 0.045]	[-0.005  0.151 -0.128 -0.028  0.01 ]	0.67	1.95	1.4	0.12	0.07	0.31	0.04	0.32	0.17	0.43	0.2	0.11157382935851198	0.21	0.071
2	['Ag', 'Ir', 'Pd', 'Pt', 'Ru']	30	[0.065 0.053 0.745 0.075 0.062]	[ 0.002  0.073 -0.077  0.048 -0.047]	0.67	1.95	1.4	0.12	0.07	0.31	0.04	0.32	0.17	0.43	0.2	0.129788663425819	0.119	0.071
3	['Ag', 'Ir', 'Pd', 'Pt', 'Ru']	30	[0.115 0.085 0.696 0.025 0.079]	[-0.014  0.137 -0.145  0.01   0.013]	0.67	1.95	1.4	0.12	0.07	0.31	0.04	0.32	0.17	0.43	0.2	0.1269654795917805	0.139	0.071
4	['Ag', 'Ir', 'Pd', 'Pt', 'Ru']	30	[0.028 0.052 0.726 0.176 0.018]	[-0.107  0.057  0.118  0.031 -0.1  ]	0.67	1.95	1.4	0.12	0.07	0.31	0.04	0.32	0.17	0.43	0.2	0.1131429427809611	0.226	0.071
