ID	Elements	Generation	Position	Velocity	F_damp	F_b_best	F_h_best	F_g_best	F_b_worst	F_h_worst	F_g_worst	mut_prob	flip_prob	mut_rate	v_max	Activity	Distance	v_min
0	['Ag', 'Ir', 'Pd', 'Pt', 'Ru']	0	[0.8  0.05 0.05 0.05 0.05]	[-0.179  0.045  0.045  0.045  0.045]	0.67	1.95	1.4	0.12	0.07	0.31	0.04	0.32	0.17	0.43	0.2	0.027012725749533062	1.03	0.071
1	['Ag', 'Ir', 'Pd', 'Pt', 'Ru']	0	[0.05 0.8  0.05 0.05 0.05]	[ 0.045 -0.179  0.045  0.045  0.045]	0.67	1.95	1.4	0.12	0.07	0.31	0.04	0.32	0.17	0.43	0.2	0.007287080786378375	1.1	0.071
2	['Ag', 'Ir', 'Pd', 'Pt', 'Ru']	0	[0.05 0.05 0.8  0.05 0.05]	[ 0.045  0.045 -0.179  0.045  0.045]	0.67	1.95	1.4	0.12	0.07	0.31	0.04	0.32	0.17	0.43	0.2	0.1416984889241232	0.1	0.071
3	['Ag', 'Ir', 'Pd', 'Pt', 'Ru']	0	[0.05 0.05 0.05 0.8  0.05]	[ 0.045  0.045  0.045 -0.179  0.045]	0.67	1.95	1.4	0.12	0.07	0.31	0.04	0.32	0.17	0.43	0.2	0.031007911986536824	1.1	0.071
4	['Ag', 'Ir', 'Pd', 'Pt', 'Ru']	0	[0.05 0.05 0.05 0.05 0.8 ]	[ 0.045  0.045  0.045  0.045 -0.179]	0.67	1.95	1.4	0.12	0.07	0.31	0.04	0.32	0.17	0.43	0.2	0.015787588371734072	1.03	0.071
0	['Ag', 'Ir', 'Pd', 'Pt', 'Ru']	1	[0.675 0.014 0.201 0.055 0.055]	[-0.126 -0.036  0.151  0.005  0.005]	0.67	1.95	1.4	0.12	0.07	0.31	0.04	0.32	0.17	0.43	0.2	0.07602865200756616	0.833	0.071
1	['Ag', 'Ir', 'Pd', 'Pt', 'Ru']	1	[0.053 0.655 0.186 0.053 0.053]	[ 0.003 -0.146  0.136  0.003  0.003]	0.67	1.95	1.4	0.12	0.07	0.31	0.04	0.32	0.17	0.43	0.2	0.011632007017613891	0.902	0.071
2	['Ag', 'Ir', 'Pd', 'Pt', 'Ru']	1	[0.061 0.168 0.648 0.062 0.061]	[-0.006  0.149 -0.133 -0.005 -0.006]	0.67	1.95	1.4	0.12	0.07	0.31	0.04	0.32	0.17	0.43	0.2	0.10089758214949733	0.241	0.071
3	['Ag', 'Ir', 'Pd', 'Pt', 'Ru']	1	[0.06  0.029 0.191 0.66  0.06 ]	[ 0.01  -0.021  0.141 -0.139  0.01 ]	0.67	1.95	1.4	0.12	0.07	0.31	0.04	0.32	0.17	0.43	0.2	0.025376428013896012	0.9	0.071
4	['Ag', 'Ir', 'Pd', 'Pt', 'Ru']	1	[0.054 0.02  0.2   0.054 0.672]	[ 0.004 -0.03   0.15   0.004 -0.128]	0.67	1.95	1.4	0.12	0.07	0.31	0.04	0.32	0.17	0.43	0.2	0.039558438600717775	0.832	0.071
0	['Ag', 'Ir', 'Pd', 'Pt', 'Ru']	2	[0.536 0.009 0.345 0.055 0.055]	[-0.139 -0.005  0.144 -0.    -0.   ]	0.67	1.95	1.4	0.12	0.07	0.31	0.04	0.32	0.17	0.43	0.2	0.10721620489204767	0.634	0.071
1	['Ag', 'Ir', 'Pd', 'Pt', 'Ru']	2	[0.055 0.51  0.324 0.056 0.055]	[ 0.002 -0.145  0.138  0.003  0.002]	0.67	1.95	1.4	0.12	0.07	0.31	0.04	0.32	0.17	0.43	0.2	0.021147517743870796	0.703	0.071
2	['Ag', 'Ir', 'Pd', 'Pt', 'Ru']	2	[0.046 0.05  0.794 0.064 0.046]	[ 0.063 -0.082 -0.132  0.088  0.063]	0.67	1.95	1.4	0.12	0.07	0.31	0.04	0.32	0.17	0.43	0.2	0.13817716489588633	0.112	0.071
3	['Ag', 'Ir', 'Pd', 'Pt', 'Ru']	2	[0.057 0.029 0.335 0.522 0.057]	[-0.003 -0.     0.144 -0.139 -0.003]	0.67	1.95	1.4	0.12	0.07	0.31	0.04	0.32	0.17	0.43	0.2	0.03958413952110227	0.702	0.071
4	['Ag', 'Ir', 'Pd', 'Pt', 'Ru']	2	[0.065 0.023 0.328 0.065 0.519]	[ 0.011  0.003  0.128  0.011 -0.153]	0.67	1.95	1.4	0.12	0.07	0.31	0.04	0.32	0.17	0.43	0.2	0.048029696240518484	0.636	0.071
0	['Ag', 'Ir', 'Pd', 'Pt', 'Ru']	3	[0.4   0.015 0.489 0.05  0.046]	[-0.138  0.014  0.143 -0.008 -0.012]	0.67	1.95	1.4	0.12	0.07	0.31	0.04	0.32	0.17	0.43	0.2	0.1159591734830988	0.439	0.071
1	['Ag', 'Ir', 'Pd', 'Pt', 'Ru']	3	[0.053 0.369 0.467 0.058 0.053]	[-0.002 -0.141  0.142  0.002 -0.002]	0.67	1.95	1.4	0.12	0.07	0.31	0.04	0.32	0.17	0.43	0.2	0.04528342223140112	0.505	0.071
2	['Ag', 'Ir', 'Pd', 'Pt', 'Ru']	3	[0.001 0.201 0.773 0.008 0.017]	[ 0.009  0.144 -0.063 -0.12   0.03 ]	0.67	1.95	1.4	0.12	0.07	0.31	0.04	0.32	0.17	0.43	0.2	0.11373587261878843	0.241	0.071
3	['Ag', 'Ir', 'Pd', 'Pt', 'Ru']	3	[0.053 0.003 0.491 0.4   0.053]	[-0.004 -0.026  0.156 -0.122 -0.004]	0.67	1.95	1.4	0.12	0.07	0.31	0.04	0.32	0.17	0.43	0.2	0.06686378646295504	0.51	0.071
4	['Ag', 'Ir', 'Pd', 'Pt', 'Ru']	3	[0.06  0.003 0.479 0.066 0.392]	[-0.013  0.016  0.144 -0.008 -0.137]	0.67	1.95	1.4	0.12	0.07	0.31	0.04	0.32	0.17	0.43	0.2	0.07539108516761504	0.441	0.071
0	['Ag', 'Ir', 'Pd', 'Pt', 'Ru']	4	[0.311 0.073 0.608 0.    0.008]	[-0.088  0.064  0.145 -0.059 -0.061]	0.67	1.95	1.4	0.12	0.07	0.31	0.04	0.32	0.17	0.43	0.2	0.12260957421672823	0.309	0.071
1	['Ag', 'Ir', 'Pd', 'Pt', 'Ru']	4	[0.186 0.231 0.514 0.037 0.032]	[ 0.133 -0.138  0.048 -0.021 -0.021]	0.67	1.95	1.4	0.12	0.07	0.31	0.04	0.32	0.17	0.43	0.2	0.08430183245984438	0.385	0.071
2	['Ag', 'Ir', 'Pd', 'Pt', 'Ru']	4	[0.143 0.073 0.72  0.02  0.044]	[ 0.142 -0.128 -0.052  0.012  0.027]	0.67	1.95	1.4	0.12	0.07	0.31	0.04	0.32	0.17	0.43	0.2	0.13166897341059466	0.131	0.071
3	['Ag', 'Ir', 'Pd', 'Pt', 'Ru']	4	[0.164 0.035 0.525 0.244 0.032]	[ 0.115  0.023  0.036 -0.156 -0.018]	0.67	1.95	1.4	0.12	0.07	0.31	0.04	0.32	0.17	0.43	0.2	0.09075236388414444	0.381	0.071
4	['Ag', 'Ir', 'Pd', 'Pt', 'Ru']	4	[0.009 0.026 0.604 0.109 0.252]	[-0.051  0.023  0.125  0.043 -0.14 ]	0.67	1.95	1.4	0.12	0.07	0.31	0.04	0.32	0.17	0.43	0.2	0.09259891834929962	0.287	0.071
0	['Ag', 'Ir', 'Pd', 'Pt', 'Ru']	5	[0.172 0.062 0.75  0.004 0.012]	[-0.139 -0.011  0.143  0.002  0.004]	0.67	1.95	1.4	0.12	0.07	0.31	0.04	0.32	0.17	0.43	0.2	0.1353117050163589	0.139	0.071
1	['Ag', 'Ir', 'Pd', 'Pt', 'Ru']	5	[0.202 0.08  0.643 0.034 0.041]	[ 0.016 -0.151  0.13  -0.003  0.009]	0.67	1.95	1.4	0.12	0.07	0.31	0.04	0.32	0.17	0.43	0.2	0.12022140473856015	0.215	0.071
2	['Ag', 'Ir', 'Pd', 'Pt', 'Ru']	5	[0.08  0.084 0.718 0.058 0.06 ]	[-0.06   0.131 -0.132  0.041  0.019]	0.67	1.95	1.4	0.12	0.07	0.31	0.04	0.32	0.17	0.43	0.2	0.12432492501334565	0.138	0.071
3	['Ag', 'Ir', 'Pd', 'Pt', 'Ru']	5	[0.171 0.022 0.672 0.108 0.027]	[ 0.007 -0.013  0.146 -0.136 -0.005]	0.67	1.95	1.4	0.12	0.07	0.31	0.04	0.32	0.17	0.43	0.2	0.12159948927715458	0.197	0.071
4	['Ag', 'Ir', 'Pd', 'Pt', 'Ru']	5	[0.04  0.012 0.748 0.08  0.12 ]	[ 0.031 -0.014  0.143 -0.029 -0.132]	0.67	1.95	1.4	0.12	0.07	0.31	0.04	0.32	0.17	0.43	0.2	0.13715872037650728	0.115	0.071
0	['Ag', 'Ir', 'Pd', 'Pt', 'Ru']	6	[0.043 0.034 0.755 0.07  0.098]	[-0.125 -0.014 -0.061  0.089  0.111]	0.67	1.95	1.4	0.12	0.07	0.31	0.04	0.32	0.17	0.43	0.2	0.13647940748732745	0.106	0.071
1	['Ag', 'Ir', 'Pd', 'Pt', 'Ru']	6	[0.098 0.033 0.757 0.04  0.072]	[-0.154  0.079  0.097 -0.025  0.003]	0.67	1.95	1.4	0.12	0.07	0.31	0.04	0.32	0.17	0.43	0.2	0.13982855623725957	0.073	0.071
2	['Ag', 'Ir', 'Pd', 'Pt', 'Ru']	6	[0.044 0.018 0.739 0.086 0.113]	[ 0.082  0.068 -0.168 -0.005  0.022]	0.67	1.95	1.4	0.12	0.07	0.31	0.04	0.32	0.17	0.43	0.2	0.13356904935603486	0.121	0.071
3	['Ag', 'Ir', 'Pd', 'Pt', 'Ru']	6	[0.085 0.019 0.775 0.043 0.078]	[-0.054  0.094 -0.123 -0.028  0.111]	0.67	1.95	1.4	0.12	0.07	0.31	0.04	0.32	0.17	0.43	0.2	0.14442983908356719	0.06	0.071
4	['Ag', 'Ir', 'Pd', 'Pt', 'Ru']	6	[0.034 0.118 0.65  0.034 0.164]	[ 0.063  0.091 -0.154 -0.045  0.045]	0.67	1.95	1.4	0.12	0.07	0.31	0.04	0.32	0.17	0.43	0.2	0.10035324208919631	0.215	0.071
0	['Ag', 'Ir', 'Pd', 'Pt', 'Ru']	7	[0.01  0.083 0.708 0.087 0.112]	[ 0.037  0.08  -0.131  0.008  0.005]	0.67	1.95	1.4	0.12	0.07	0.31	0.04	0.32	0.17	0.43	0.2	0.1126976746401827	0.177	0.071
1	['Ag', 'Ir', 'Pd', 'Pt', 'Ru']	7	[0.066 0.087 0.661 0.078 0.108]	[-0.044  0.119 -0.146  0.037  0.034]	0.67	1.95	1.4	0.12	0.07	0.31	0.04	0.32	0.17	0.43	0.2	0.10998385586800993	0.185	0.071
2	['Ag', 'Ir', 'Pd', 'Pt', 'Ru']	7	[0.15  0.05  0.767 0.01  0.023]	[ 0.084  0.009 -0.104 -0.1    0.11 ]	0.67	1.95	1.4	0.12	0.07	0.31	0.04	0.32	0.17	0.43	0.2	0.14204414645496527	0.11	0.071
3	['Ag', 'Ir', 'Pd', 'Pt', 'Ru']	7	[0.061 0.014 0.788 0.02  0.117]	[-0.031 -0.011 -0.044  0.051  0.035]	0.67	1.95	1.4	0.12	0.07	0.31	0.04	0.32	0.17	0.43	0.2	0.1536764931257497	0.05	0.071
4	['Ag', 'Ir', 'Pd', 'Pt', 'Ru']	7	[0.077 0.012 0.766 0.058 0.087]	[-0.004  0.096  0.086 -0.027 -0.151]	0.67	1.95	1.4	0.12	0.07	0.31	0.04	0.32	0.17	0.43	0.2	0.1439502331934518	0.073	0.071
0	['Ag', 'Ir', 'Pd', 'Pt', 'Ru']	8	[0.071 0.057 0.736 0.028 0.108]	[ 0.063  0.126 -0.13  -0.057 -0.002]	0.67	1.95	1.4	0.12	0.07	0.31	0.04	0.32	0.17	0.43	0.2	0.13289648344668908	0.095	0.071
1	['Ag', 'Ir', 'Pd', 'Pt', 'Ru']	8	[0.082 0.024 0.771 0.023 0.1  ]	[ 0.038  0.129 -0.142 -0.037  0.012]	0.67	1.95	1.4	0.12	0.07	0.31	0.04	0.32	0.17	0.43	0.2	0.1475065259654509	0.048	0.071
2	['Ag', 'Ir', 'Pd', 'Pt', 'Ru']	8	[0.067 0.007 0.748 0.039 0.139]	[-0.134  0.033 -0.045  0.008  0.138]	0.67	1.95	1.4	0.12	0.07	0.31	0.04	0.32	0.17	0.43	0.2	0.14400051353652507	0.083	0.071
3	['Ag', 'Ir', 'Pd', 'Pt', 'Ru']	8	[0.074 0.08  0.698 0.025 0.123]	[ 0.009  0.075 -0.085  0.     0.001]	0.67	1.95	1.4	0.12	0.07	0.31	0.04	0.32	0.17	0.43	0.2	0.12501193704776495	0.137	0.071
4	['Ag', 'Ir', 'Pd', 'Pt', 'Ru']	8	[0.133 0.066 0.667 0.046 0.088]	[ 0.026  0.024 -0.14  -0.043  0.132]	0.67	1.95	1.4	0.12	0.07	0.31	0.04	0.32	0.17	0.43	0.2	0.1270221623686142	0.159	0.071
0	['Ag', 'Ir', 'Pd', 'Pt', 'Ru']	9	[0.027 0.029 0.773 0.073 0.098]	[-0.028 -0.006 -0.075  0.092  0.018]	0.67	1.95	1.4	0.12	0.07	0.31	0.04	0.32	0.17	0.43	0.2	0.13846458242036838	0.111	0.071
1	['Ag', 'Ir', 'Pd', 'Pt', 'Ru']	9	[0.106 0.001 0.779 0.004 0.11 ]	[ 0.018 -0.037 -0.001  0.019  0.001]	0.67	1.95	1.4	0.12	0.07	0.31	0.04	0.32	0.17	0.43	0.2	0.15626032778351326	0.024	0.071
2	['Ag', 'Ir', 'Pd', 'Pt', 'Ru']	9	[0.002 0.022 0.776 0.021 0.179]	[-0.052  0.043 -0.054 -0.     0.063]	0.67	1.95	1.4	0.12	0.07	0.31	0.04	0.32	0.17	0.43	0.2	0.14332626379048133	0.132	0.071
3	['Ag', 'Ir', 'Pd', 'Pt', 'Ru']	9	[0.083 0.051 0.72  0.03  0.116]	[ 0.006  0.115 -0.156  0.045 -0.01 ]	0.67	1.95	1.4	0.12	0.07	0.31	0.04	0.32	0.17	0.43	0.2	0.13250595752643504	0.102	0.071
4	['Ag', 'Ir', 'Pd', 'Pt', 'Ru']	9	[0.044 0.054 0.769 0.021 0.112]	[-0.058  0.127 -0.132  0.007  0.056]	0.67	1.95	1.4	0.12	0.07	0.31	0.04	0.32	0.17	0.43	0.2	0.14003924546411037	0.087	0.071
0	['Ag', 'Ir', 'Pd', 'Pt', 'Ru']	10	[0.056 0.05  0.723 0.043 0.128]	[ 0.029  0.061 -0.072 -0.047  0.03 ]	0.67	1.95	1.4	0.12	0.07	0.31	0.04	0.32	0.17	0.43	0.2	0.1312422058448993	0.114	0.071
1	['Ag', 'Ir', 'Pd', 'Pt', 'Ru']	10	[0.064 0.68  0.141 0.094 0.021]	[ 0.062  0.517 -0.459 -0.076 -0.044]	0.67	1.95	1.4	0.12	0.07	0.31	0.04	0.32	0.17	0.43	0.2	0.014964724133691943	0.956	0.071
2	['Ag', 'Ir', 'Pd', 'Pt', 'Ru']	10	[0.156 0.042 0.721 0.011 0.07 ]	[ 0.148  0.013 -0.063  0.019 -0.117]	0.67	1.95	1.4	0.12	0.07	0.31	0.04	0.32	0.17	0.43	0.2	0.1401260297948497	0.11	0.071
3	['Ag', 'Ir', 'Pd', 'Pt', 'Ru']	10	[0.085 0.052 0.679 0.071 0.113]	[ 0.001  0.087 -0.162  0.079 -0.004]	0.67	1.95	1.4	0.12	0.07	0.31	0.04	0.32	0.17	0.43	0.2	0.12230282141926863	0.151	0.071
4	['Ag', 'Ir', 'Pd', 'Pt', 'Ru']	10	[0.125 0.052 0.758 0.04  0.025]	[ 0.078  0.077 -0.033  0.003 -0.125]	0.67	1.95	1.4	0.12	0.07	0.31	0.04	0.32	0.17	0.43	0.2	0.13833117541392326	0.111	0.071
0	['Ag', 'Ir', 'Pd', 'Pt', 'Ru']	11	[0.086 0.108 0.687 0.027 0.092]	[ 0.04   0.134 -0.141 -0.006 -0.027]	0.67	1.95	1.4	0.12	0.07	0.31	0.04	0.32	0.17	0.43	0.2	0.11886607414062345	0.159	0.071
1	['Ag', 'Ir', 'Pd', 'Pt', 'Ru']	11	[0.152 0.588 0.019 0.134 0.107]	[ 0.088 -0.092 -0.122  0.04   0.086]	0.67	1.95	1.4	0.12	0.07	0.31	0.04	0.32	0.17	0.43	0.2	0.014041656226566253	0.988	0.071
2	['Ag', 'Ir', 'Pd', 'Pt', 'Ru']	11	[0.095 0.128 0.703 0.01  0.064]	[-0.034  0.143 -0.134  0.003  0.022]	0.67	1.95	1.4	0.12	0.07	0.31	0.04	0.32	0.17	0.43	0.2	0.12223178506446314	0.165	0.071
3	['Ag', 'Ir', 'Pd', 'Pt', 'Ru']	11	[0.105 0.051 0.738 0.009 0.097]	[ 0.019  0.085 -0.163  0.075 -0.017]	0.67	1.95	1.4	0.12	0.07	0.31	0.04	0.32	0.17	0.43	0.2	0.1384250580040165	0.081	0.071
4	['Ag', 'Ir', 'Pd', 'Pt', 'Ru']	11	[0.124 0.144 0.679 0.015 0.038]	[-0.     0.145 -0.134 -0.025  0.014]	0.67	1.95	1.4	0.12	0.07	0.31	0.04	0.32	0.17	0.43	0.2	0.11873725620500344	0.2	0.071
0	['Ag', 'Ir', 'Pd', 'Pt', 'Ru']	12	[0.056 0.031 0.752 0.052 0.109]	[-0.032  0.134 -0.141  0.024  0.016]	0.67	1.95	1.4	0.12	0.07	0.31	0.04	0.32	0.17	0.43	0.2	0.13685189742989706	0.089	0.071
1	['Ag', 'Ir', 'Pd', 'Pt', 'Ru']	12	[0.17  0.457 0.12  0.117 0.136]	[ 0.028 -0.161  0.106 -0.016  0.042]	0.67	1.95	1.4	0.12	0.07	0.31	0.04	0.32	0.17	0.43	0.2	0.015155340894183342	0.831	0.071
2	['Ag', 'Ir', 'Pd', 'Pt', 'Ru']	12	[0.06  0.03  0.782 0.005 0.123]	[-0.046  0.138 -0.127 -0.015  0.051]	0.67	1.95	1.4	0.12	0.07	0.31	0.04	0.32	0.17	0.43	0.2	0.1524696917776935	0.058	0.071
3	['Ag', 'Ir', 'Pd', 'Pt', 'Ru']	12	[0.068 0.092 0.676 0.035 0.129]	[-0.041  0.12  -0.147  0.038  0.03 ]	0.67	1.95	1.4	0.12	0.07	0.31	0.04	0.32	0.17	0.43	0.2	0.11620431870939907	0.164	0.071
4	['Ag', 'Ir', 'Pd', 'Pt', 'Ru']	12	[0.096 0.016 0.783 0.026 0.079]	[ 0.023 -0.103 -0.105  0.073  0.111]	0.67	1.95	1.4	0.12	0.07	0.31	0.04	0.32	0.17	0.43	0.2	0.1499587206072315	0.041	0.071
0	['Ag', 'Ir', 'Pd', 'Pt', 'Ru']	13	[0.106 0.039 0.655 0.058 0.142]	[ 0.114  0.045 -0.157 -0.014  0.013]	0.67	1.95	1.4	0.12	0.07	0.31	0.04	0.32	0.17	0.43	0.2	0.12147305785803222	0.166	0.071
1	['Ag', 'Ir', 'Pd', 'Pt', 'Ru']	13	[0.238 0.36  0.002 0.169 0.231]	[ 0.068 -0.098 -0.118  0.052  0.095]	0.67	1.95	1.4	0.12	0.07	0.31	0.04	0.32	0.17	0.43	0.2	0.012644167873528319	0.912	0.071
2	['Ag', 'Ir', 'Pd', 'Pt', 'Ru']	13	[0.024 0.106 0.612 0.08  0.178]	[ 0.049  0.074 -0.174  0.031  0.02 ]	0.67	1.95	1.4	0.12	0.07	0.31	0.04	0.32	0.17	0.43	0.2	0.08915342632724638	0.255	0.071
3	['Ag', 'Ir', 'Pd', 'Pt', 'Ru']	13	[0.058 0.027 0.753 0.021 0.141]	[-0.014  0.112 -0.157  0.051  0.008]	0.67	1.95	1.4	0.12	0.07	0.31	0.04	0.32	0.17	0.43	0.2	0.14249484749086191	0.083	0.071
4	['Ag', 'Ir', 'Pd', 'Pt', 'Ru']	13	[0.062 0.186 0.629 0.012 0.111]	[-0.031  0.14  -0.134 -0.01   0.036]	0.67	1.95	1.4	0.12	0.07	0.31	0.04	0.32	0.17	0.43	0.2	0.09499421870500802	0.256	0.071
0	['Ag', 'Ir', 'Pd', 'Pt', 'Ru']	14	[0.034 0.016 0.771 0.052 0.127]	[-0.04   0.116 -0.149  0.042  0.031]	0.67	1.95	1.4	0.12	0.07	0.31	0.04	0.32	0.17	0.43	0.2	0.14359305616580534	0.094	0.071
1	['Ag', 'Ir', 'Pd', 'Pt', 'Ru']	14	[0.209 0.275 0.175 0.128 0.213]	[-0.029 -0.086  0.173 -0.041 -0.018]	0.67	1.95	1.4	0.12	0.07	0.31	0.04	0.32	0.17	0.43	0.2	0.0235565648515964	0.712	0.071
2	['Ag', 'Ir', 'Pd', 'Pt', 'Ru']	14	[0.018 0.018 0.782 0.032 0.15 ]	[-0.006 -0.088  0.171 -0.048 -0.028]	0.67	1.95	1.4	0.12	0.07	0.31	0.04	0.32	0.17	0.43	0.2	0.14550816317505152	0.104	0.071
3	['Ag', 'Ir', 'Pd', 'Pt', 'Ru']	14	[0.036 0.11  0.661 0.087 0.106]	[-0.021  0.12  -0.136  0.073 -0.035]	0.67	1.95	1.4	0.12	0.07	0.31	0.04	0.32	0.17	0.43	0.2	0.10312161262636174	0.208	0.071
4	['Ag', 'Ir', 'Pd', 'Pt', 'Ru']	14	[0.069 0.043 0.767 0.017 0.104]	[ 0.007 -0.143  0.139  0.005 -0.007]	0.67	1.95	1.4	0.12	0.07	0.31	0.04	0.32	0.17	0.43	0.2	0.1420800225886096	0.065	0.071
0	['Ag', 'Ir', 'Pd', 'Pt', 'Ru']	15	[0.139 0.038 0.623 0.044 0.156]	[ 0.121  0.036 -0.154 -0.019  0.017]	0.67	1.95	1.4	0.12	0.07	0.31	0.04	0.32	0.17	0.43	0.2	0.11896513074517237	0.198	0.071
1	['Ag', 'Ir', 'Pd', 'Pt', 'Ru']	15	[0.173 0.186 0.347 0.099 0.195]	[-0.036 -0.089  0.172 -0.029 -0.018]	0.67	1.95	1.4	0.12	0.07	0.31	0.04	0.32	0.17	0.43	0.2	0.050530879708053145	0.514	0.071
2	['Ag', 'Ir', 'Pd', 'Pt', 'Ru']	15	[0.063 0.119 0.608 0.074 0.136]	[ 0.026  0.09  -0.157  0.074 -0.033]	0.67	1.95	1.4	0.12	0.07	0.31	0.04	0.32	0.17	0.43	0.2	0.09535732625204231	0.243	0.071
3	['Ag', 'Ir', 'Pd', 'Pt', 'Ru']	15	[0.033 0.028 0.776 0.035 0.128]	[ 0.074 -0.042 -0.143  0.002  0.11 ]	0.67	1.95	1.4	0.12	0.07	0.31	0.04	0.32	0.17	0.43	0.2	0.14595239497116277	0.089	0.071
4	['Ag', 'Ir', 'Pd', 'Pt', 'Ru']	15	[0.103 0.151 0.654 0.016 0.076]	[ 0.031  0.14  -0.136 -0.004 -0.031]	0.67	1.95	1.4	0.12	0.07	0.31	0.04	0.32	0.17	0.43	0.2	0.10823407386327633	0.212	0.071
0	['Ag', 'Ir', 'Pd', 'Pt', 'Ru']	16	[0.041 0.005 0.791 0.034 0.129]	[-0.098 -0.033  0.169 -0.01  -0.027]	0.67	1.95	1.4	0.12	0.07	0.31	0.04	0.32	0.17	0.43	0.2	0.15579685856074643	0.075	0.071
1	['Ag', 'Ir', 'Pd', 'Pt', 'Ru']	16	[0.145 0.087 0.517 0.075 0.176]	[-0.028 -0.099  0.169 -0.024 -0.019]	0.67	1.95	1.4	0.12	0.07	0.31	0.04	0.32	0.17	0.43	0.2	0.08912788935322165	0.318	0.071
2	['Ag', 'Ir', 'Pd', 'Pt', 'Ru']	16	[0.041 0.04  0.782 0.029 0.108]	[-0.022 -0.079  0.174 -0.045 -0.028]	0.67	1.95	1.4	0.12	0.07	0.31	0.04	0.32	0.17	0.43	0.2	0.14354379699505385	0.079	0.071
3	['Ag', 'Ir', 'Pd', 'Pt', 'Ru']	16	[0.068 0.116 0.637 0.048 0.131]	[ 0.027  0.094 -0.166  0.053 -0.008]	0.67	1.95	1.4	0.12	0.07	0.31	0.04	0.32	0.17	0.43	0.2	0.10694637040152513	0.211	0.071
4	['Ag', 'Ir', 'Pd', 'Pt', 'Ru']	16	[0.076 0.037 0.788 0.025 0.074]	[ 0.042 -0.08  -0.132  0.092  0.078]	0.67	1.95	1.4	0.12	0.07	0.31	0.04	0.32	0.17	0.43	0.2	0.1453063766145002	0.058	0.071
0	['Ag', 'Ir', 'Pd', 'Pt', 'Ru']	17	[0.125 0.08  0.596 0.053 0.146]	[ 0.113  0.047 -0.157 -0.001 -0.003]	0.67	1.95	1.4	0.12	0.07	0.31	0.04	0.32	0.17	0.43	0.2	0.10616575054710406	0.231	0.071
1	['Ag', 'Ir', 'Pd', 'Pt', 'Ru']	17	[0.106 0.016 0.694 0.04  0.144]	[-0.039 -0.071  0.177 -0.035 -0.032]	0.67	1.95	1.4	0.12	0.07	0.31	0.04	0.32	0.17	0.43	0.2	0.13105467104007357	0.123	0.071
2	['Ag', 'Ir', 'Pd', 'Pt', 'Ru']	17	[0.061 0.121 0.612 0.068 0.138]	[-0.006  0.104 -0.161  0.058  0.005]	0.67	1.95	1.4	0.12	0.07	0.31	0.04	0.32	0.17	0.43	0.2	0.09654696584928782	0.24	0.071
3	['Ag', 'Ir', 'Pd', 'Pt', 'Ru']	17	[0.052 0.012 0.799 0.017 0.12 ]	[ 0.074 -0.058 -0.149  0.051  0.081]	0.67	1.95	1.4	0.12	0.07	0.31	0.04	0.32	0.17	0.43	0.2	0.1571990606130485	0.056	0.071
4	['Ag', 'Ir', 'Pd', 'Pt', 'Ru']	17	[0.049 0.12  0.693 0.034 0.104]	[-0.041  0.132 -0.138  0.009  0.038]	0.67	1.95	1.4	0.12	0.07	0.31	0.04	0.32	0.17	0.43	0.2	0.11480228992499183	0.172	0.071
0	['Ag', 'Ir', 'Pd', 'Pt', 'Ru']	18	[0.063 0.008 0.769 0.019 0.141]	[-0.062 -0.072  0.173 -0.034 -0.005]	0.67	1.95	1.4	0.12	0.07	0.31	0.04	0.32	0.17	0.43	0.2	0.1516178628555743	0.067	0.071
1	['Ag', 'Ir', 'Pd', 'Pt', 'Ru']	18	[0.087 0.074 0.709 0.017 0.113]	[-0.002  0.094 -0.156  0.079 -0.015]	0.67	1.95	1.4	0.12	0.07	0.31	0.04	0.32	0.17	0.43	0.2	0.12767885398153378	0.12	0.071
2	['Ag', 'Ir', 'Pd', 'Pt', 'Ru']	18	[0.062 0.019 0.776 0.016 0.127]	[ 0.001 -0.102  0.164 -0.052 -0.011]	0.67	1.95	1.4	0.12	0.07	0.31	0.04	0.32	0.17	0.43	0.2	0.15058995025603839	0.058	0.071
3	['Ag', 'Ir', 'Pd', 'Pt', 'Ru']	18	[0.069 0.114 0.71  0.042 0.065]	[ 0.019  0.088 -0.074  0.028 -0.06 ]	0.67	1.95	1.4	0.12	0.07	0.31	0.04	0.32	0.17	0.43	0.2	0.1206377123515254	0.158	0.071
4	['Ag', 'Ir', 'Pd', 'Pt', 'Ru']	18	[0.091 0.024 0.752 0.033 0.1  ]	[ 0.111 -0.08  -0.129  0.051  0.047]	0.67	1.95	1.4	0.12	0.07	0.31	0.04	0.32	0.17	0.43	0.2	0.1418388810059185	0.064	0.071
0	['Ag', 'Ir', 'Pd', 'Pt', 'Ru']	19	[0.094 0.078 0.629 0.036 0.163]	[ 0.112  0.046 -0.159 -0.002  0.003]	0.67	1.95	1.4	0.12	0.07	0.31	0.04	0.32	0.17	0.43	0.2	0.11008778029107331	0.202	0.071
1	['Ag', 'Ir', 'Pd', 'Pt', 'Ru']	19	[0.062 0.097 0.729 0.002 0.11 ]	[-0.012  0.145 -0.136 -0.006  0.01 ]	0.67	1.95	1.4	0.12	0.07	0.31	0.04	0.32	0.17	0.43	0.2	0.12604764326701304	0.126	0.071
2	['Ag', 'Ir', 'Pd', 'Pt', 'Ru']	19	[0.056 0.128 0.6   0.072 0.144]	[-0.011  0.101 -0.162  0.059  0.012]	0.67	1.95	1.4	0.12	0.07	0.31	0.04	0.32	0.17	0.43	0.2	0.09166177903329055	0.256	0.071
3	['Ag', 'Ir', 'Pd', 'Pt', 'Ru']	19	[0.056 0.033 0.765 0.003 0.143]	[-0.041  0.115 -0.148  0.018  0.055]	0.67	1.95	1.4	0.12	0.07	0.31	0.04	0.32	0.17	0.43	0.2	0.14648959957283272	0.078	0.071
4	['Ag', 'Ir', 'Pd', 'Pt', 'Ru']	19	[0.109 0.148 0.685 0.004 0.054]	[ 0.038  0.133 -0.123 -0.021 -0.028]	0.67	1.95	1.4	0.12	0.07	0.31	0.04	0.32	0.17	0.43	0.2	0.11839912284904176	0.193	0.071
0	['Ag', 'Ir', 'Pd', 'Pt', 'Ru']	20	[0.052 0.008 0.798 0.009 0.133]	[ 0.043 -0.002 -0.172  0.068  0.063]	0.67	1.95	1.4	0.12	0.07	0.31	0.04	0.32	0.17	0.43	0.2	0.16063412904369997	0.06	0.071
1	['Ag', 'Ir', 'Pd', 'Pt', 'Ru']	20	[0.019 0.168 0.712 0.089 0.012]	[-0.088  0.115  0.013  0.076 -0.116]	0.67	1.95	1.4	0.12	0.07	0.31	0.04	0.32	0.17	0.43	0.2	0.10192984142516823	0.241	0.071
2	['Ag', 'Ir', 'Pd', 'Pt', 'Ru']	20	[0.031 0.004 0.745 0.114 0.106]	[-0.025 -0.124  0.145  0.042 -0.038]	0.67	1.95	1.4	0.12	0.07	0.31	0.04	0.32	0.17	0.43	0.2	0.13107273966719235	0.144	0.071
3	['Ag', 'Ir', 'Pd', 'Pt', 'Ru']	20	[0.035 0.022 0.733 0.053 0.157]	[-0.013 -0.001 -0.078  0.063  0.029]	0.67	1.95	1.4	0.12	0.07	0.31	0.04	0.32	0.17	0.43	0.2	0.13370038629962694	0.124	0.071
4	['Ag', 'Ir', 'Pd', 'Pt', 'Ru']	20	[0.011 0.267 0.67  0.05  0.002]	[-0.124  0.14   0.001  0.041 -0.057]	0.67	1.95	1.4	0.12	0.07	0.31	0.04	0.32	0.17	0.43	0.2	0.08113777493077257	0.329	0.071
0	['Ag', 'Ir', 'Pd', 'Pt', 'Ru']	21	[0.046 0.124 0.703 0.062 0.065]	[-0.003  0.091 -0.077  0.061 -0.071]	0.67	1.95	1.4	0.12	0.07	0.31	0.04	0.32	0.17	0.43	0.2	0.11260262506736042	0.181	0.071
1	['Ag', 'Ir', 'Pd', 'Pt', 'Ru']	21	[0.023 0.176 0.717 0.072 0.012]	[-0.109 -0.011 -0.018  0.164 -0.026]	0.67	1.95	1.4	0.12	0.07	0.31	0.04	0.32	0.17	0.43	0.2	0.10483564096998722	0.238	0.071
2	['Ag', 'Ir', 'Pd', 'Pt', 'Ru']	21	[0.058 0.084 0.687 0.029 0.142]	[ 0.001  0.037 -0.161  0.112  0.011]	0.67	1.95	1.4	0.12	0.07	0.31	0.04	0.32	0.17	0.43	0.2	0.11799246124843361	0.156	0.071
3	['Ag', 'Ir', 'Pd', 'Pt', 'Ru']	21	[0.045 0.092 0.678 0.03  0.155]	[ 0.015  0.081 -0.169  0.07   0.002]	0.67	1.95	1.4	0.12	0.07	0.31	0.04	0.32	0.17	0.43	0.2	0.11281179449267842	0.174	0.071
4	['Ag', 'Ir', 'Pd', 'Pt', 'Ru']	21	[0.04  0.104 0.769 0.033 0.054]	[ 0.029 -0.163  0.099 -0.017  0.052]	0.67	1.95	1.4	0.12	0.07	0.31	0.04	0.32	0.17	0.43	0.2	0.1261547575866922	0.136	0.071
0	['Ag', 'Ir', 'Pd', 'Pt', 'Ru']	22	[0.046 0.02  0.766 0.023 0.145]	[-0.014  0.128 -0.128 -0.053  0.066]	0.67	1.95	1.4	0.12	0.07	0.31	0.04	0.32	0.17	0.43	0.2	0.14940061804204008	0.084	0.071
1	['Ag', 'Ir', 'Pd', 'Pt', 'Ru']	22	[0.065 0.017 0.798 0.036 0.084]	[ 0.042 -0.159  0.08  -0.036  0.072]	0.67	1.95	1.4	0.12	0.07	0.31	0.04	0.32	0.17	0.43	0.2	0.15121136489997813	0.055	0.071
2	['Ag', 'Ir', 'Pd', 'Pt', 'Ru']	22	[0.072 0.041 0.746 0.063 0.078]	[ 0.078 -0.005 -0.145  0.108 -0.036]	0.67	1.95	1.4	0.12	0.07	0.31	0.04	0.32	0.17	0.43	0.2	0.13186677175719713	0.099	0.071
3	['Ag', 'Ir', 'Pd', 'Pt', 'Ru']	22	[0.08  0.039 0.756 0.029 0.096]	[ 0.118 -0.013 -0.147  0.064 -0.022]	0.67	1.95	1.4	0.12	0.07	0.31	0.04	0.32	0.17	0.43	0.2	0.14047820148245405	0.069	0.071
4	['Ag', 'Ir', 'Pd', 'Pt', 'Ru']	22	[0.017 0.168 0.706 0.078 0.031]	[-0.033  0.107 -0.087  0.105 -0.093]	0.67	1.95	1.4	0.12	0.07	0.31	0.04	0.32	0.17	0.43	0.2	0.10255406558770574	0.234	0.071
0	['Ag', 'Ir', 'Pd', 'Pt', 'Ru']	23	[0.054 0.025 0.688 0.086 0.147]	[-0.     0.037 -0.112  0.082 -0.006]	0.67	1.95	1.4	0.12	0.07	0.31	0.04	0.32	0.17	0.43	0.2	0.12139247433714428	0.158	0.071
1	['Ag', 'Ir', 'Pd', 'Pt', 'Ru']	23	[0.086 0.149 0.651 0.011 0.103]	[ 0.019  0.119 -0.158  0.004  0.016]	0.67	1.95	1.4	0.12	0.07	0.31	0.04	0.32	0.17	0.43	0.2	0.10868336272501178	0.211	0.071
2	['Ag', 'Ir', 'Pd', 'Pt', 'Ru']	23	[0.073 0.095 0.705 0.002 0.125]	[-0.013  0.094 -0.165  0.044  0.04 ]	0.67	1.95	1.4	0.12	0.07	0.31	0.04	0.32	0.17	0.43	0.2	0.1272076505184595	0.139	0.071
3	['Ag', 'Ir', 'Pd', 'Pt', 'Ru']	23	[0.073 0.141 0.66  0.017 0.109]	[-0.004  0.132 -0.15   0.006  0.016]	0.67	1.95	1.4	0.12	0.07	0.31	0.04	0.32	0.17	0.43	0.2	0.11081044655435673	0.201	0.071
4	['Ag', 'Ir', 'Pd', 'Pt', 'Ru']	23	[0.079 0.004 0.799 0.064 0.054]	[ 0.062 -0.164  0.093 -0.014  0.023]	0.67	1.95	1.4	0.12	0.07	0.31	0.04	0.32	0.17	0.43	0.2	0.14736574048615225	0.082	0.071
0	['Ag', 'Ir', 'Pd', 'Pt', 'Ru']	24	[0.076 0.061 0.724 0.046 0.093]	[ 0.063  0.119 -0.146 -0.01  -0.026]	0.67	1.95	1.4	0.12	0.07	0.31	0.04	0.32	0.17	0.43	0.2	0.12952475114165474	0.111	0.071
1	['Ag', 'Ir', 'Pd', 'Pt', 'Ru']	24	[0.098 0.001 0.781 0.028 0.092]	[-0.064  0.121  0.094 -0.057 -0.095]	0.67	1.95	1.4	0.12	0.07	0.31	0.04	0.32	0.17	0.43	0.2	0.15387005667003123	0.035	0.071
2	['Ag', 'Ir', 'Pd', 'Pt', 'Ru']	24	[0.054 0.056 0.747 0.06  0.083]	[-0.018  0.132 -0.13   0.059 -0.041]	0.67	1.95	1.4	0.12	0.07	0.31	0.04	0.32	0.17	0.43	0.2	0.12982806149088283	0.109	0.071
3	['Ag', 'Ir', 'Pd', 'Pt', 'Ru']	24	[0.064 0.013 0.79  0.03  0.103]	[ 0.062 -0.097 -0.12   0.09   0.065]	0.67	1.95	1.4	0.12	0.07	0.31	0.04	0.32	0.17	0.43	0.2	0.15272390464300703	0.05	0.071
4	['Ag', 'Ir', 'Pd', 'Pt', 'Ru']	24	[0.124 0.199 0.613 0.01  0.054]	[ 0.047  0.135 -0.13  -0.053  0.001]	0.67	1.95	1.4	0.12	0.07	0.31	0.04	0.32	0.17	0.43	0.2	0.10107157217659545	0.278	0.071
0	['Ag', 'Ir', 'Pd', 'Pt', 'Ru']	25	[0.054 0.078 0.701 0.023 0.144]	[-0.035  0.102 -0.156  0.05   0.039]	0.67	1.95	1.4	0.12	0.07	0.31	0.04	0.32	0.17	0.43	0.2	0.12094349137962217	0.143	0.071
1	['Ag', 'Ir', 'Pd', 'Pt', 'Ru']	25	[0.091 0.112 0.593 0.094 0.11 ]	[-0.016  0.076 -0.16   0.091  0.009]	0.67	1.95	1.4	0.12	0.07	0.31	0.04	0.32	0.17	0.43	0.2	0.09956384083909033	0.254	0.071
2	['Ag', 'Ir', 'Pd', 'Pt', 'Ru']	25	[0.062 0.091 0.694 0.014 0.139]	[-0.016  0.097 -0.164  0.046  0.036]	0.67	1.95	1.4	0.12	0.07	0.31	0.04	0.32	0.17	0.43	0.2	0.11944191751496722	0.151	0.071
3	['Ag', 'Ir', 'Pd', 'Pt', 'Ru']	25	[0.029 0.15  0.668 0.043 0.11 ]	[-0.003  0.141 -0.112 -0.074  0.047]	0.67	1.95	1.4	0.12	0.07	0.31	0.04	0.32	0.17	0.43	0.2	0.10103727060391508	0.217	0.071
4	['Ag', 'Ir', 'Pd', 'Pt', 'Ru']	25	[0.094 0.077 0.768 0.002 0.059]	[-0.03  -0.122  0.155 -0.008  0.005]	0.67	1.95	1.4	0.12	0.07	0.31	0.04	0.32	0.17	0.43	0.2	0.1417463219260932	0.093	0.071
0	['Ag', 'Ir', 'Pd', 'Pt', 'Ru']	26	[0.132 0.082 0.531 0.088 0.167]	[ 0.078  0.004 -0.171  0.065  0.023]	0.67	1.95	1.4	0.12	0.07	0.31	0.04	0.32	0.17	0.43	0.2	0.09044183804649088	0.304	0.071
1	['Ag', 'Ir', 'Pd', 'Pt', 'Ru']	26	[0.082 0.038 0.764 0.028 0.088]	[-0.009 -0.074  0.172 -0.066 -0.022]	0.67	1.95	1.4	0.12	0.07	0.31	0.04	0.32	0.17	0.43	0.2	0.14062267674780451	0.063	0.071
2	['Ag', 'Ir', 'Pd', 'Pt', 'Ru']	26	[0.019 0.018 0.738 0.045 0.18 ]	[-0.038  0.103 -0.155  0.043  0.048]	0.67	1.95	1.4	0.12	0.07	0.31	0.04	0.32	0.17	0.43	0.2	0.13120516486988865	0.138	0.071
3	['Ag', 'Ir', 'Pd', 'Pt', 'Ru']	26	[0.064 0.021 0.777 0.042 0.096]	[ 0.076 -0.092 -0.117  0.107  0.027]	0.67	1.95	1.4	0.12	0.07	0.31	0.04	0.32	0.17	0.43	0.2	0.14782666801985786	0.064	0.071
4	['Ag', 'Ir', 'Pd', 'Pt', 'Ru']	26	[0.113 0.116 0.657 0.034 0.08 ]	[-0.004  0.14  -0.142  0.009 -0.002]	0.67	1.95	1.4	0.12	0.07	0.31	0.04	0.32	0.17	0.43	0.2	0.11394395185781217	0.189	0.071
0	['Ag', 'Ir', 'Pd', 'Pt', 'Ru']	27	[0.082 0.03  0.708 0.044 0.136]	[-0.05  -0.052  0.178 -0.044 -0.031]	0.67	1.95	1.4	0.12	0.07	0.31	0.04	0.32	0.17	0.43	0.2	0.13249878116703884	0.114	0.071
1	['Ag', 'Ir', 'Pd', 'Pt', 'Ru']	27	[0.092 0.129 0.632 0.038 0.109]	[-0.004  0.114 -0.159  0.043  0.007]	0.67	1.95	1.4	0.12	0.07	0.31	0.04	0.32	0.17	0.43	0.2	0.10927285847488509	0.216	0.071
2	['Ag', 'Ir', 'Pd', 'Pt', 'Ru']	27	[0.1   0.064 0.751 0.032 0.053]	[ 0.087  0.051 -0.088  0.077 -0.127]	0.67	1.95	1.4	0.12	0.07	0.31	0.04	0.32	0.17	0.43	0.2	0.13615087508682577	0.099	0.071
3	['Ag', 'Ir', 'Pd', 'Pt', 'Ru']	27	[0.054 0.159 0.658 0.004 0.125]	[-0.003  0.129 -0.121 -0.042  0.037]	0.67	1.95	1.4	0.12	0.07	0.31	0.04	0.32	0.17	0.43	0.2	0.10371714058476006	0.22	0.071
4	['Ag', 'Ir', 'Pd', 'Pt', 'Ru']	27	[0.086 0.021 0.778 0.04  0.075]	[ 0.041 -0.059 -0.146  0.09   0.074]	0.67	1.95	1.4	0.12	0.07	0.31	0.04	0.32	0.17	0.43	0.2	0.14408912837249047	0.058	0.071
0	['Ag', 'Ir', 'Pd', 'Pt', 'Ru']	28	[0.059 0.079 0.696 0.041 0.125]	[-0.004  0.127 -0.153  0.019  0.01 ]	0.67	1.95	1.4	0.12	0.07	0.31	0.04	0.32	0.17	0.43	0.2	0.1187181177269602	0.145	0.071
1	['Ag', 'Ir', 'Pd', 'Pt', 'Ru']	28	[0.088 0.006 0.777 0.03  0.099]	[-0.069  0.101  0.118 -0.074 -0.076]	0.67	1.95	1.4	0.12	0.07	0.31	0.04	0.32	0.17	0.43	0.2	0.15291160674662618	0.04	0.071
2	['Ag', 'Ir', 'Pd', 'Pt', 'Ru']	28	[0.103 0.119 0.675 0.072 0.031]	[-0.004  0.138 -0.137  0.033 -0.029]	0.67	1.95	1.4	0.12	0.07	0.31	0.04	0.32	0.17	0.43	0.2	0.11474979505033128	0.199	0.071
3	['Ag', 'Ir', 'Pd', 'Pt', 'Ru']	28	[0.067 0.02  0.799 0.004 0.11 ]	[ 0.013 -0.139  0.142 -0.    -0.015]	0.67	1.95	1.4	0.12	0.07	0.31	0.04	0.32	0.17	0.43	0.2	0.1563671697663445	0.04	0.071
4	['Ag', 'Ir', 'Pd', 'Pt', 'Ru']	28	[0.1   0.104 0.747 0.032 0.017]	[ 0.031  0.105 -0.08   0.003 -0.06 ]	0.67	1.95	1.4	0.12	0.07	0.31	0.04	0.32	0.17	0.43	0.2	0.130629021649539	0.147	0.071
0	['Ag', 'Ir', 'Pd', 'Pt', 'Ru']	29	[0.04  0.034 0.725 0.04  0.161]	[-0.029  0.097 -0.158  0.063  0.026]	0.67	1.95	1.4	0.12	0.07	0.31	0.04	0.32	0.17	0.43	0.2	0.12943701748351072	0.125	0.071
1	['Ag', 'Ir', 'Pd', 'Pt', 'Ru']	29	[0.088 0.008 0.641 0.077 0.186]	[-0.004 -0.003 -0.16   0.073  0.095]	0.67	1.95	1.4	0.12	0.07	0.31	0.04	0.32	0.17	0.43	0.2	0.11711058528329563	0.197	0.071
2	['Ag', 'Ir', 'Pd', 'Pt', 'Ru']	29	[0.053 0.025 0.793 0.003 0.126]	[-0.083 -0.13   0.094  0.048  0.071]	0.67	1.95	1.4	0.12	0.07	0.31	0.04	0.32	0.17	0.43	0.2	0.1549035934583514	0.06	0.071
3	['Ag', 'Ir', 'Pd', 'Pt', 'Ru']	29	[0.051 0.165 0.589 0.048 0.147]	[-0.026  0.122 -0.151  0.028  0.027]	0.67	1.95	1.4	0.12	0.07	0.31	0.04	0.32	0.17	0.43	0.2	0.08572232326588526	0.28	0.071
4	['Ag', 'Ir', 'Pd', 'Pt', 'Ru']	29	[0.086 0.06  0.729 0.012 0.113]	[-0.051  0.117 -0.139  0.008  0.065]	0.67	1.95	1.4	0.12	0.07	0.31	0.04	0.32	0.17	0.43	0.2	0.1330214396545713	0.096	0.071
0	['Ag', 'Ir', 'Pd', 'Pt', 'Ru']	30	[0.073 0.057 0.711 0.088 0.071]	[ 0.111  0.036 -0.125  0.062 -0.083]	0.67	1.95	1.4	0.12	0.07	0.31	0.04	0.32	0.17	0.43	0.2	0.1231868680994402	0.143	0.071
1	['Ag', 'Ir', 'Pd', 'Pt', 'Ru']	30	[0.066 0.033 0.768 0.006 0.127]	[ 0.013  0.063 -0.156  0.105 -0.025]	0.67	1.95	1.4	0.12	0.07	0.31	0.04	0.32	0.17	0.43	0.2	0.14714542266705546	0.064	0.071
2	['Ag', 'Ir', 'Pd', 'Pt', 'Ru']	30	[0.027 0.173 0.61  0.02  0.17 ]	[-0.037  0.136 -0.139  0.006  0.033]	0.67	1.95	1.4	0.12	0.07	0.31	0.04	0.32	0.17	0.43	0.2	0.08720988549171699	0.277	0.071
3	['Ag', 'Ir', 'Pd', 'Pt', 'Ru']	30	[0.035 0.077 0.76  0.003 0.125]	[-0.016 -0.088  0.172 -0.045 -0.022]	0.67	1.95	1.4	0.12	0.07	0.31	0.04	0.32	0.17	0.43	0.2	0.13329131382943615	0.111	0.071
4	['Ag', 'Ir', 'Pd', 'Pt', 'Ru']	30	[0.133 0.043 0.564 0.107 0.153]	[ 0.047 -0.017 -0.164  0.095  0.04 ]	0.67	1.95	1.4	0.12	0.07	0.31	0.04	0.32	0.17	0.43	0.2	0.10126830653046512	0.27	0.071
