ID	Elements	Generation	Position	Velocity	F_damp	F_b_best	F_h_best	F_g_best	F_b_worst	F_h_worst	F_g_worst	mut_prob	flip_prob	mut_rate	v_max	Activity	Distance	v_min
0	['Ag', 'Ir', 'Pd', 'Pt', 'Ru']	0	[0.8  0.05 0.05 0.05 0.05]	[-0.179  0.045  0.045  0.045  0.045]	0.43	0.02	0.07	1.18	1.97	1.09	0.22	0.11	0.13	0.04	0.2	0.027012725749533062	1.03	0.071
1	['Ag', 'Ir', 'Pd', 'Pt', 'Ru']	0	[0.05 0.8  0.05 0.05 0.05]	[ 0.045 -0.179  0.045  0.045  0.045]	0.43	0.02	0.07	1.18	1.97	1.09	0.22	0.11	0.13	0.04	0.2	0.007287080786378375	1.1	0.071
2	['Ag', 'Ir', 'Pd', 'Pt', 'Ru']	0	[0.05 0.05 0.8  0.05 0.05]	[ 0.045  0.045 -0.179  0.045  0.045]	0.43	0.02	0.07	1.18	1.97	1.09	0.22	0.11	0.13	0.04	0.2	0.1416984889241232	0.1	0.071
3	['Ag', 'Ir', 'Pd', 'Pt', 'Ru']	0	[0.05 0.05 0.05 0.8  0.05]	[ 0.045  0.045  0.045 -0.179  0.045]	0.43	0.02	0.07	1.18	1.97	1.09	0.22	0.11	0.13	0.04	0.2	0.031007911986536824	1.1	0.071
4	['Ag', 'Ir', 'Pd', 'Pt', 'Ru']	0	[0.05 0.05 0.05 0.05 0.8 ]	[ 0.045  0.045  0.045  0.045 -0.179]	0.43	0.02	0.07	1.18	1.97	1.09	0.22	0.11	0.13	0.04	0.2	0.015787588371734072	1.03	0.071
0	['Ag', 'Ir', 'Pd', 'Pt', 'Ru']	1	[0.747 0.091 0.146 0.008 0.008]	[-0.08   0.109  0.109 -0.069 -0.069]	0.43	0.02	0.07	1.18	1.97	1.09	0.22	0.11	0.13	0.04	0.2	0.055025799680693994	0.929	0.071
1	['Ag', 'Ir', 'Pd', 'Pt', 'Ru']	1	[0.053 0.654 0.187 0.053 0.053]	[ 0.003 -0.145  0.137  0.003  0.003]	0.43	0.02	0.07	1.18	1.97	1.09	0.22	0.11	0.13	0.04	0.2	0.011707358436888268	0.9	0.071
2	['Ag', 'Ir', 'Pd', 'Pt', 'Ru']	1	[0.074 0.164 0.614 0.074 0.074]	[-0.001  0.143 -0.141 -0.001 -0.001]	0.43	0.02	0.07	1.18	1.97	1.09	0.22	0.11	0.13	0.04	0.2	0.09610533447032268	0.261	0.071
3	['Ag', 'Ir', 'Pd', 'Pt', 'Ru']	1	[0.007 0.092 0.145 0.749 0.007]	[-0.07   0.11   0.109 -0.08  -0.07 ]	0.43	0.02	0.07	1.18	1.97	1.09	0.22	0.11	0.13	0.04	0.2	0.027624932272880598	1.008	0.071
4	['Ag', 'Ir', 'Pd', 'Pt', 'Ru']	1	[0.007 0.092 0.145 0.007 0.749]	[-0.07   0.11   0.109 -0.07  -0.08 ]	0.43	0.02	0.07	1.18	1.97	1.09	0.22	0.11	0.13	0.04	0.2	0.03134671736099316	0.931	0.071
0	['Ag', 'Ir', 'Pd', 'Pt', 'Ru']	2	[0.706 0.004 0.286 0.002 0.002]	[-0.1    0.068  0.14  -0.054 -0.054]	0.43	0.02	0.07	1.18	1.97	1.09	0.22	0.11	0.13	0.04	0.2	0.12084244340227125	0.801	0.071
1	['Ag', 'Ir', 'Pd', 'Pt', 'Ru']	2	[0.054 0.511 0.327 0.054 0.054]	[ 0.001 -0.142  0.14   0.001  0.001]	0.43	0.02	0.07	1.18	1.97	1.09	0.22	0.11	0.13	0.04	0.2	0.02116724943737167	0.701	0.071
2	['Ag', 'Ir', 'Pd', 'Pt', 'Ru']	2	[0.074 0.023 0.755 0.074 0.074]	[-0.    -0.141  0.142 -0.    -0.   ]	0.43	0.02	0.07	1.18	1.97	1.09	0.22	0.11	0.13	0.04	0.2	0.13683575690132807	0.097	0.071
3	['Ag', 'Ir', 'Pd', 'Pt', 'Ru']	2	[0.011 0.023 0.249 0.706 0.011]	[-0.076  0.103  0.117 -0.067 -0.076]	0.43	0.02	0.07	1.18	1.97	1.09	0.22	0.11	0.13	0.04	0.2	0.019265216049018114	0.905	0.071
4	['Ag', 'Ir', 'Pd', 'Pt', 'Ru']	2	[0.001 0.003 0.285 0.002 0.709]	[-0.054  0.068  0.14  -0.054 -0.1  ]	0.43	0.02	0.07	1.18	1.97	1.09	0.22	0.11	0.13	0.04	0.2	0.05971214317827402	0.804	0.071
0	['Ag', 'Ir', 'Pd', 'Pt', 'Ru']	3	[0.574 0.006 0.338 0.044 0.038]	[-0.103 -0.041  0.141  0.064 -0.062]	0.43	0.02	0.07	1.18	1.97	1.09	0.22	0.11	0.13	0.04	0.2	0.1122270436732932	0.666	0.071
1	['Ag', 'Ir', 'Pd', 'Pt', 'Ru']	3	[0.044 0.409 0.472 0.031 0.044]	[-0.03  -0.13   0.135  0.055 -0.03 ]	0.43	0.02	0.07	1.18	1.97	1.09	0.22	0.11	0.13	0.04	0.2	0.041996494202212305	0.531	0.071
2	['Ag', 'Ir', 'Pd', 'Pt', 'Ru']	3	[0.1   0.088 0.65  0.062 0.1  ]	[ 0.001  0.063 -0.163  0.097  0.001]	0.43	0.02	0.07	1.18	1.97	1.09	0.22	0.11	0.13	0.04	0.2	0.11410710106092153	0.185	0.071
3	['Ag', 'Ir', 'Pd', 'Pt', 'Ru']	3	[0.013 0.005 0.397 0.572 0.013]	[ 0.002 -0.018  0.148 -0.134  0.002]	0.43	0.02	0.07	1.18	1.97	1.09	0.22	0.11	0.13	0.04	0.2	0.03593120691207844	0.71	0.071
4	['Ag', 'Ir', 'Pd', 'Pt', 'Ru']	3	[0.039 0.006 0.334 0.045 0.576]	[-0.064 -0.041  0.14   0.067 -0.101]	0.43	0.02	0.07	1.18	1.97	1.09	0.22	0.11	0.13	0.04	0.2	0.05627785667023922	0.67	0.071
0	['Ag', 'Ir', 'Pd', 'Pt', 'Ru']	4	[0.486 0.008 0.478 0.022 0.006]	[-0.119 -0.014  0.146  0.04  -0.052]	0.43	0.02	0.07	1.18	1.97	1.09	0.22	0.11	0.13	0.04	0.2	0.13194888848576847	0.512	0.071
1	['Ag', 'Ir', 'Pd', 'Pt', 'Ru']	4	[0.03  0.291 0.616 0.033 0.03 ]	[-0.025 -0.132  0.141  0.04  -0.025]	0.43	0.02	0.07	1.18	1.97	1.09	0.22	0.11	0.13	0.04	0.2	0.07232413454997674	0.36	0.071
2	['Ag', 'Ir', 'Pd', 'Pt', 'Ru']	4	[0.089 0.001 0.754 0.067 0.089]	[-0.035 -0.131  0.107  0.095 -0.035]	0.43	0.02	0.07	1.18	1.97	1.09	0.22	0.11	0.13	0.04	0.2	0.14373264098089464	0.083	0.071
3	['Ag', 'Ir', 'Pd', 'Pt', 'Ru']	4	[0.01  0.02  0.532 0.427 0.011]	[-0.003  0.015  0.136 -0.146 -0.002]	0.43	0.02	0.07	1.18	1.97	1.09	0.22	0.11	0.13	0.04	0.2	0.061529792651526	0.52	0.071
4	['Ag', 'Ir', 'Pd', 'Pt', 'Ru']	4	[0.007 0.008 0.474 0.022 0.489]	[-0.053 -0.015  0.146  0.041 -0.119]	0.43	0.02	0.07	1.18	1.97	1.09	0.22	0.11	0.13	0.04	0.2	0.07677347901676833	0.517	0.071
0	['Ag', 'Ir', 'Pd', 'Pt', 'Ru']	5	[0.362 0.003 0.602 0.005 0.028]	[-0.124 -0.     0.149  0.022 -0.046]	0.43	0.02	0.07	1.18	1.97	1.09	0.22	0.11	0.13	0.04	0.2	0.13635826649076016	0.336	0.071
1	['Ag', 'Ir', 'Pd', 'Pt', 'Ru']	5	[0.031 0.165 0.766 0.007 0.031]	[-0.012 -0.14   0.14   0.024 -0.012]	0.43	0.02	0.07	1.18	1.97	1.09	0.22	0.11	0.13	0.04	0.2	0.1219180865649791	0.195	0.071
2	['Ag', 'Ir', 'Pd', 'Pt', 'Ru']	5	[0.099 0.159 0.64  0.003 0.099]	[ 0.005  0.099 -0.165  0.056  0.005]	0.43	0.02	0.07	1.18	1.97	1.09	0.22	0.11	0.13	0.04	0.2	0.10590529144633887	0.226	0.071
3	['Ag', 'Ir', 'Pd', 'Pt', 'Ru']	5	[0.018 0.007 0.669 0.286 0.02 ]	[ 0.001  0.016  0.131 -0.15   0.001]	0.43	0.02	0.07	1.18	1.97	1.09	0.22	0.11	0.13	0.04	0.2	0.09544982545506417	0.335	0.071
4	['Ag', 'Ir', 'Pd', 'Pt', 'Ru']	5	[0.028 0.001 0.598 0.006 0.367]	[-0.045  0.     0.148  0.022 -0.125]	0.43	0.02	0.07	1.18	1.97	1.09	0.22	0.11	0.13	0.04	0.2	0.10120103525326118	0.343	0.071
0	['Ag', 'Ir', 'Pd', 'Pt', 'Ru']	6	[0.231 0.012 0.736 0.018 0.003]	[-0.133  0.005  0.146  0.011 -0.029]	0.43	0.02	0.07	1.18	1.97	1.09	0.22	0.11	0.13	0.04	0.2	0.13830893624974444	0.176	0.071
1	['Ag', 'Ir', 'Pd', 'Pt', 'Ru']	6	[0.083 0.082 0.677 0.077 0.081]	[ 0.064 -0.097 -0.12   0.091  0.062]	0.43	0.02	0.07	1.18	1.97	1.09	0.22	0.11	0.13	0.04	0.2	0.11500376140346602	0.169	0.071
2	['Ag', 'Ir', 'Pd', 'Pt', 'Ru']	6	[0.124 0.058 0.687 0.128 0.003]	[ 0.045 -0.111  0.073  0.097 -0.105]	0.43	0.02	0.07	1.18	1.97	1.09	0.22	0.11	0.13	0.04	0.2	0.11643224480712543	0.206	0.071
3	['Ag', 'Ir', 'Pd', 'Pt', 'Ru']	6	[0.027 0.024 0.783 0.14  0.026]	[ 0.07   0.084 -0.11  -0.11   0.066]	0.43	0.02	0.07	1.18	1.97	1.09	0.22	0.11	0.13	0.04	0.2	0.12880151733102718	0.177	0.071
4	['Ag', 'Ir', 'Pd', 'Pt', 'Ru']	6	[0.    0.016 0.732 0.016 0.236]	[-0.026  0.005  0.145  0.01  -0.135]	0.43	0.02	0.07	1.18	1.97	1.09	0.22	0.11	0.13	0.04	0.2	0.13132547714943507	0.183	0.071
0	['Ag', 'Ir', 'Pd', 'Pt', 'Ru']	7	[0.154 0.066 0.689 0.046 0.045]	[-0.076  0.095 -0.135  0.048  0.068]	0.43	0.02	0.07	1.18	1.97	1.09	0.22	0.11	0.13	0.04	0.2	0.12781144844133563	0.157	0.071
1	['Ag', 'Ir', 'Pd', 'Pt', 'Ru']	7	[0.059 0.074 0.761 0.05  0.056]	[-0.001  0.144 -0.139 -0.004 -0.002]	0.43	0.02	0.07	1.18	1.97	1.09	0.22	0.11	0.13	0.04	0.2	0.13008340531020585	0.115	0.071
2	['Ag', 'Ir', 'Pd', 'Pt', 'Ru']	7	[0.098 0.064 0.732 0.101 0.005]	[ 0.009  0.121 -0.157  0.008  0.019]	0.43	0.02	0.07	1.18	1.97	1.09	0.22	0.11	0.13	0.04	0.2	0.12462592880267398	0.167	0.071
3	['Ag', 'Ir', 'Pd', 'Pt', 'Ru']	7	[0.099 0.065 0.674 0.066 0.096]	[ 0.067  0.086 -0.114 -0.105  0.065]	0.43	0.02	0.07	1.18	1.97	1.09	0.22	0.11	0.13	0.04	0.2	0.11976676613551751	0.156	0.071
4	['Ag', 'Ir', 'Pd', 'Pt', 'Ru']	7	[0.047 0.058 0.696 0.042 0.157]	[ 0.068  0.095 -0.134  0.048 -0.077]	0.43	0.02	0.07	1.18	1.97	1.09	0.22	0.11	0.13	0.04	0.2	0.11967488532820628	0.148	0.071
0	['Ag', 'Ir', 'Pd', 'Pt', 'Ru']	8	[0.041 0.068 0.763 0.069 0.059]	[-0.097  0.058 -0.12   0.086  0.074]	0.43	0.02	0.07	1.18	1.97	1.09	0.22	0.11	0.13	0.04	0.2	0.13146672828842382	0.126	0.071
1	['Ag', 'Ir', 'Pd', 'Pt', 'Ru']	8	[0.081 0.119 0.665 0.068 0.067]	[ 0.005  0.142 -0.141  0.001 -0.006]	0.43	0.02	0.07	1.18	1.97	1.09	0.22	0.11	0.13	0.04	0.2	0.11317960269110461	0.196	0.071
2	['Ag', 'Ir', 'Pd', 'Pt', 'Ru']	8	[0.1   0.063 0.677 0.098 0.062]	[ 0.009  0.106 -0.163  0.004  0.044]	0.43	0.02	0.07	1.18	1.97	1.09	0.22	0.11	0.13	0.04	0.2	0.1175067468852202	0.174	0.071
3	['Ag', 'Ir', 'Pd', 'Pt', 'Ru']	8	[0.086 0.008 0.75  0.088 0.068]	[-0.043 -0.104  0.083  0.128 -0.064]	0.43	0.02	0.07	1.18	1.97	1.09	0.22	0.11	0.13	0.04	0.2	0.13685998484687692	0.107	0.071
4	['Ag', 'Ir', 'Pd', 'Pt', 'Ru']	8	[0.074 0.06  0.761 0.065 0.04 ]	[ 0.085  0.052 -0.113  0.08  -0.104]	0.43	0.02	0.07	1.18	1.97	1.09	0.22	0.11	0.13	0.04	0.2	0.12969980889849114	0.117	0.071
0	['Ag', 'Ir', 'Pd', 'Pt', 'Ru']	9	[0.149 0.052 0.645 0.082 0.072]	[ 0.139 -0.019 -0.141  0.01   0.01 ]	0.43	0.02	0.07	1.18	1.97	1.09	0.22	0.11	0.13	0.04	0.2	0.12205748209271045	0.191	0.071
1	['Ag', 'Ir', 'Pd', 'Pt', 'Ru']	9	[0.073 0.03  0.782 0.057 0.058]	[-0.071  0.12   0.098 -0.075 -0.072]	0.43	0.02	0.07	1.18	1.97	1.09	0.22	0.11	0.13	0.04	0.2	0.13934920746230187	0.083	0.071
2	['Ag', 'Ir', 'Pd', 'Pt', 'Ru']	9	[0.076 0.101 0.737 0.066 0.02 ]	[-0.058  0.145  0.064 -0.068 -0.083]	0.43	0.02	0.07	1.18	1.97	1.09	0.22	0.11	0.13	0.04	0.2	0.12447962747228954	0.16	0.071
3	['Ag', 'Ir', 'Pd', 'Pt', 'Ru']	9	[0.11  0.06  0.669 0.072 0.089]	[ 0.004  0.031 -0.157  0.12   0.001]	0.43	0.02	0.07	1.18	1.97	1.09	0.22	0.11	0.13	0.04	0.2	0.12045930658263707	0.162	0.071
4	['Ag', 'Ir', 'Pd', 'Pt', 'Ru']	9	[0.087 0.041 0.649 0.075 0.148]	[ 0.012 -0.02  -0.141  0.009  0.139]	0.43	0.02	0.07	1.18	1.97	1.09	0.22	0.11	0.13	0.04	0.2	0.11319633329674803	0.18	0.071
0	['Ag', 'Ir', 'Pd', 'Pt', 'Ru']	10	[0.017 0.029 0.792 0.09  0.072]	[-0.132 -0.023  0.148  0.008 -0.   ]	0.43	0.02	0.07	1.18	1.97	1.09	0.22	0.11	0.13	0.04	0.2	0.13756879983073672	0.129	0.071
1	['Ag', 'Ir', 'Pd', 'Pt', 'Ru']	10	[0.084 0.171 0.62  0.064 0.061]	[ 0.004  0.14  -0.142  0.    -0.004]	0.43	0.02	0.07	1.18	1.97	1.09	0.22	0.11	0.13	0.04	0.2	0.09661358741569172	0.26	0.071
2	['Ag', 'Ir', 'Pd', 'Pt', 'Ru']	10	[0.103 0.046 0.675 0.081 0.095]	[ 0.043 -0.05  -0.143  0.03   0.119]	0.43	0.02	0.07	1.18	1.97	1.09	0.22	0.11	0.13	0.04	0.2	0.12303796003213037	0.156	0.071
3	['Ag', 'Ir', 'Pd', 'Pt', 'Ru']	10	[0.097 0.005 0.758 0.078 0.062]	[-0.046 -0.103  0.092  0.121 -0.065]	0.43	0.02	0.07	1.18	1.97	1.09	0.22	0.11	0.13	0.04	0.2	0.14125871613738958	0.097	0.071
4	['Ag', 'Ir', 'Pd', 'Pt', 'Ru']	10	[0.096 0.016 0.794 0.08  0.014]	[ 0.009 -0.025  0.146  0.005 -0.134]	0.43	0.02	0.07	1.18	1.97	1.09	0.22	0.11	0.13	0.04	0.2	0.13766946113946504	0.119	0.071
0	['Ag', 'Ir', 'Pd', 'Pt', 'Ru']	11	[0.18  0.018 0.603 0.109 0.09 ]	[ 0.124  0.028 -0.154  0.002  0.001]	0.43	0.02	0.07	1.18	1.97	1.09	0.22	0.11	0.13	0.04	0.2	0.11556579691554583	0.24	0.071
1	['Ag', 'Ir', 'Pd', 'Pt', 'Ru']	11	[0.093 0.02  0.752 0.068 0.067]	[ 0.009 -0.151  0.131  0.004  0.006]	0.43	0.02	0.07	1.18	1.97	1.09	0.22	0.11	0.13	0.04	0.2	0.13525941816136192	0.092	0.071
2	['Ag', 'Ir', 'Pd', 'Pt', 'Ru']	11	[0.067 0.122 0.711 0.03  0.07 ]	[-0.065  0.153  0.047 -0.088 -0.048]	0.43	0.02	0.07	1.18	1.97	1.09	0.22	0.11	0.13	0.04	0.2	0.12127489542843095	0.16	0.071
3	['Ag', 'Ir', 'Pd', 'Pt', 'Ru']	11	[0.12  0.07  0.652 0.079 0.079]	[ 0.006  0.036 -0.158  0.116 -0.   ]	0.43	0.02	0.07	1.18	1.97	1.09	0.22	0.11	0.13	0.04	0.2	0.11823591680707925	0.184	0.071
4	['Ag', 'Ir', 'Pd', 'Pt', 'Ru']	11	[0.11  0.035 0.588 0.091 0.176]	[ 0.003  0.03  -0.155 -0.     0.122]	0.43	0.02	0.07	1.18	1.97	1.09	0.22	0.11	0.13	0.04	0.2	0.10270953149487205	0.246	0.071
0	['Ag', 'Ir', 'Pd', 'Pt', 'Ru']	12	[0.044 0.011 0.749 0.113 0.083]	[-0.143  0.018  0.139 -0.001 -0.013]	0.43	0.02	0.07	1.18	1.97	1.09	0.22	0.11	0.13	0.04	0.2	0.1333804265627319	0.138	0.071
1	['Ag', 'Ir', 'Pd', 'Pt', 'Ru']	12	[0.047 0.153 0.732 0.028 0.04 ]	[-0.087  0.096 -0.128  0.056  0.063]	0.43	0.02	0.07	1.18	1.97	1.09	0.22	0.11	0.13	0.04	0.2	0.11703794574642377	0.188	0.071
2	['Ag', 'Ir', 'Pd', 'Pt', 'Ru']	12	[0.083 0.084 0.705 0.061 0.067]	[ 0.04  -0.026 -0.151  0.12   0.017]	0.43	0.02	0.07	1.18	1.97	1.09	0.22	0.11	0.13	0.04	0.2	0.12161923590191691	0.146	0.071
3	['Ag', 'Ir', 'Pd', 'Pt', 'Ru']	12	[0.11  0.023 0.747 0.07  0.05 ]	[-0.046 -0.096  0.095  0.12  -0.072]	0.43	0.02	0.07	1.18	1.97	1.09	0.22	0.11	0.13	0.04	0.2	0.13302558998396793	0.104	0.071
4	['Ag', 'Ir', 'Pd', 'Pt', 'Ru']	12	[0.121 0.01  0.733 0.097 0.039]	[ 0.011 -0.025  0.143  0.006 -0.137]	0.43	0.02	0.07	1.18	1.97	1.09	0.22	0.11	0.13	0.04	0.2	0.129790531377305	0.135	0.071
0	['Ag', 'Ir', 'Pd', 'Pt', 'Ru']	13	[0.122 0.026 0.652 0.117 0.083]	[ 0.123  0.026 -0.154  0.005  0.001]	0.43	0.02	0.07	1.18	1.97	1.09	0.22	0.11	0.13	0.04	0.2	0.11697029983788439	0.192	0.071
1	['Ag', 'Ir', 'Pd', 'Pt', 'Ru']	13	[0.082 0.041 0.732 0.065 0.08 ]	[ 0.07  -0.115 -0.104  0.073  0.076]	0.43	0.02	0.07	1.18	1.97	1.09	0.22	0.11	0.13	0.04	0.2	0.13065053527089393	0.106	0.071
2	['Ag', 'Ir', 'Pd', 'Pt', 'Ru']	13	[0.07  0.086 0.755 0.045 0.044]	[-0.     0.148 -0.133 -0.004 -0.011]	0.43	0.02	0.07	1.18	1.97	1.09	0.22	0.11	0.13	0.04	0.2	0.12989783839881225	0.124	0.071
3	['Ag', 'Ir', 'Pd', 'Pt', 'Ru']	13	[0.137 0.032 0.673 0.096 0.062]	[ 0.012  0.029 -0.157  0.12  -0.004]	0.43	0.02	0.07	1.18	1.97	1.09	0.22	0.11	0.13	0.04	0.2	0.1253452848273618	0.171	0.071
4	['Ag', 'Ir', 'Pd', 'Pt', 'Ru']	13	[0.115 0.018 0.663 0.086 0.118]	[ 0.006  0.026 -0.156  0.001  0.123]	0.43	0.02	0.07	1.18	1.97	1.09	0.22	0.11	0.13	0.04	0.2	0.1222725402967898	0.164	0.071
0	['Ag', 'Ir', 'Pd', 'Pt', 'Ru']	14	[0.012 0.005 0.786 0.116 0.081]	[ 0.103 -0.099  0.113 -0.058 -0.059]	0.43	0.02	0.07	1.18	1.97	1.09	0.22	0.11	0.13	0.04	0.2	0.1383176799191273	0.148	0.071
1	['Ag', 'Ir', 'Pd', 'Pt', 'Ru']	14	[0.066 0.14  0.683 0.044 0.067]	[-0.     0.143 -0.14  -0.005  0.003]	0.43	0.02	0.07	1.18	1.97	1.09	0.22	0.11	0.13	0.04	0.2	0.11284513304340782	0.194	0.071
2	['Ag', 'Ir', 'Pd', 'Pt', 'Ru']	14	[0.112 0.075 0.67  0.062 0.081]	[ 0.015  0.133 -0.148 -0.011  0.01 ]	0.43	0.02	0.07	1.18	1.97	1.09	0.22	0.11	0.13	0.04	0.2	0.1206313392671352	0.164	0.071
3	['Ag', 'Ir', 'Pd', 'Pt', 'Ru']	14	[0.132 0.016 0.765 0.045 0.042]	[ 0.021 -0.031 -0.137  0.141  0.006]	0.43	0.02	0.07	1.18	1.97	1.09	0.22	0.11	0.13	0.04	0.2	0.14454970653335447	0.089	0.071
4	['Ag', 'Ir', 'Pd', 'Pt', 'Ru']	14	[0.119 0.005 0.779 0.081 0.016]	[ 0.006  0.021 -0.151 -0.003  0.128]	0.43	0.02	0.07	1.18	1.97	1.09	0.22	0.11	0.13	0.04	0.2	0.13647001109102744	0.12	0.071
0	['Ag', 'Ir', 'Pd', 'Pt', 'Ru']	15	[0.164 0.046 0.589 0.122 0.079]	[ 0.12   0.034 -0.156  0.005 -0.003]	0.43	0.02	0.07	1.18	1.97	1.09	0.22	0.11	0.13	0.04	0.2	0.10861732800752555	0.257	0.071
1	['Ag', 'Ir', 'Pd', 'Pt', 'Ru']	15	[0.084 0.015 0.776 0.05  0.075]	[ 0.007  0.142 -0.14  -0.005 -0.003]	0.43	0.02	0.07	1.18	1.97	1.09	0.22	0.11	0.13	0.04	0.2	0.14436543040866404	0.065	0.071
2	['Ag', 'Ir', 'Pd', 'Pt', 'Ru']	15	[0.045 0.065 0.764 0.05  0.076]	[-0.039  0.137 -0.137  0.016  0.023]	0.43	0.02	0.07	1.18	1.97	1.09	0.22	0.11	0.13	0.04	0.2	0.13466736364744886	0.108	0.071
3	['Ag', 'Ir', 'Pd', 'Pt', 'Ru']	15	[0.162 0.024 0.644 0.132 0.038]	[ 0.022  0.021 -0.153  0.124 -0.013]	0.43	0.02	0.07	1.18	1.97	1.09	0.22	0.11	0.13	0.04	0.2	0.1168497232515526	0.224	0.071
4	['Ag', 'Ir', 'Pd', 'Pt', 'Ru']	15	[0.126 0.031 0.604 0.075 0.164]	[ 0.01   0.024 -0.154 -0.004  0.125]	0.43	0.02	0.07	1.18	1.97	1.09	0.22	0.11	0.13	0.04	0.2	0.11063881950359257	0.223	0.071
0	['Ag', 'Ir', 'Pd', 'Pt', 'Ru']	16	[0.03  0.025 0.735 0.129 0.081]	[-0.134 -0.021  0.147  0.007  0.002]	0.43	0.02	0.07	1.18	1.97	1.09	0.22	0.11	0.13	0.04	0.2	0.12429303634080585	0.164	0.071
1	['Ag', 'Ir', 'Pd', 'Pt', 'Ru']	16	[0.085 0.184 0.618 0.04  0.073]	[ 0.005  0.141 -0.142 -0.006  0.002]	0.43	0.02	0.07	1.18	1.97	1.09	0.22	0.11	0.13	0.04	0.2	0.09435785417802155	0.264	0.071
2	['Ag', 'Ir', 'Pd', 'Pt', 'Ru']	16	[0.066 0.099 0.653 0.064 0.118]	[ 0.     0.133 -0.147 -0.008  0.022]	0.43	0.02	0.07	1.18	1.97	1.09	0.22	0.11	0.13	0.04	0.2	0.10937975495849402	0.192	0.071
3	['Ag', 'Ir', 'Pd', 'Pt', 'Ru']	16	[0.189 0.006 0.766 0.009 0.03 ]	[-0.029 -0.107  0.097  0.113 -0.074]	0.43	0.02	0.07	1.18	1.97	1.09	0.22	0.11	0.13	0.04	0.2	0.14685221996513148	0.119	0.071
4	['Ag', 'Ir', 'Pd', 'Pt', 'Ru']	16	[0.14  0.006 0.752 0.071 0.031]	[ 0.014 -0.025  0.147 -0.004 -0.133]	0.43	0.02	0.07	1.18	1.97	1.09	0.22	0.11	0.13	0.04	0.2	0.1376187037906157	0.117	0.071
0	['Ag', 'Ir', 'Pd', 'Pt', 'Ru']	17	[0.132 0.007 0.661 0.129 0.071]	[ 0.121  0.032 -0.156  0.006 -0.004]	0.43	0.02	0.07	1.18	1.97	1.09	0.22	0.11	0.13	0.04	0.2	0.11882770433280261	0.195	0.071
1	['Ag', 'Ir', 'Pd', 'Pt', 'Ru']	17	[0.105 0.037 0.751 0.034 0.073]	[ 0.02  -0.147  0.133 -0.006 -0.   ]	0.43	0.02	0.07	1.18	1.97	1.09	0.22	0.11	0.13	0.04	0.2	0.1394256286585689	0.075	0.071
2	['Ag', 'Ir', 'Pd', 'Pt', 'Ru']	17	[0.082 0.055 0.74  0.015 0.108]	[-0.026  0.128  0.075 -0.116 -0.061]	0.43	0.02	0.07	1.18	1.97	1.09	0.22	0.11	0.13	0.04	0.2	0.13774694760571435	0.085	0.071
3	['Ag', 'Ir', 'Pd', 'Pt', 'Ru']	17	[0.203 0.024 0.615 0.153 0.005]	[ 0.03   0.027 -0.154  0.118 -0.022]	0.43	0.02	0.07	1.18	1.97	1.09	0.22	0.11	0.13	0.04	0.2	0.10847375168090621	0.279	0.071
4	['Ag', 'Ir', 'Pd', 'Pt', 'Ru']	17	[0.147 0.029 0.64  0.052 0.132]	[ 0.016  0.028 -0.155 -0.011  0.122]	0.43	0.02	0.07	1.18	1.97	1.09	0.22	0.11	0.13	0.04	0.2	0.12364330862997727	0.18	0.071
0	['Ag', 'Ir', 'Pd', 'Pt', 'Ru']	18	[0.002 0.024 0.779 0.123 0.072]	[-0.097  0.091 -0.121  0.059  0.067]	0.43	0.02	0.07	1.18	1.97	1.09	0.22	0.11	0.13	0.04	0.2	0.1328645655486283	0.163	0.071
1	['Ag', 'Ir', 'Pd', 'Pt', 'Ru']	18	[0.109 0.15  0.656 0.012 0.073]	[ 0.01   0.141 -0.141 -0.016  0.006]	0.43	0.02	0.07	1.18	1.97	1.09	0.22	0.11	0.13	0.04	0.2	0.11142594820713055	0.21	0.071
2	['Ag', 'Ir', 'Pd', 'Pt', 'Ru']	18	[0.078 0.048 0.655 0.099 0.12 ]	[-0.006  0.083 -0.164  0.077  0.01 ]	0.43	0.02	0.07	1.18	1.97	1.09	0.22	0.11	0.13	0.04	0.2	0.11189927969089132	0.184	0.071
3	['Ag', 'Ir', 'Pd', 'Pt', 'Ru']	18	[0.253 0.002 0.736 0.004 0.005]	[ 0.05  -0.022  0.121 -0.149  0.   ]	0.43	0.02	0.07	1.18	1.97	1.09	0.22	0.11	0.13	0.04	0.2	0.14067357683152656	0.191	0.071
4	['Ag', 'Ir', 'Pd', 'Pt', 'Ru']	18	[0.168 0.006 0.788 0.035 0.003]	[ 0.021 -0.023  0.148 -0.017 -0.129]	0.43	0.02	0.07	1.18	1.97	1.09	0.22	0.11	0.13	0.04	0.2	0.1410287449109781	0.124	0.071
0	['Ag', 'Ir', 'Pd', 'Pt', 'Ru']	19	[0.19  0.003 0.607 0.132 0.068]	[ 0.126  0.024 -0.153  0.008 -0.004]	0.43	0.02	0.07	1.18	1.97	1.09	0.22	0.11	0.13	0.04	0.2	0.11524500898084862	0.253	0.071
1	['Ag', 'Ir', 'Pd', 'Pt', 'Ru']	19	[0.131 0.003 0.79  0.003 0.073]	[ 0.022 -0.147  0.134 -0.009 -0.   ]	0.43	0.02	0.07	1.18	1.97	1.09	0.22	0.11	0.13	0.04	0.2	0.15871736837258288	0.043	0.071
2	['Ag', 'Ir', 'Pd', 'Pt', 'Ru']	19	[0.054 0.123 0.687 0.062 0.074]	[-0.047  0.159  0.038 -0.067 -0.083]	0.43	0.02	0.07	1.18	1.97	1.09	0.22	0.11	0.13	0.04	0.2	0.11239252020468436	0.186	0.071
3	['Ag', 'Ir', 'Pd', 'Pt', 'Ru']	19	[0.215 0.024 0.613 0.107 0.041]	[ 0.037  0.014 -0.153  0.121 -0.018]	0.43	0.02	0.07	1.18	1.97	1.09	0.22	0.11	0.13	0.04	0.2	0.11666670900910094	0.252	0.071
4	['Ag', 'Ir', 'Pd', 'Pt', 'Ru']	19	[0.182 0.028 0.59  0.018 0.182]	[ 0.019  0.025 -0.153 -0.014  0.124]	0.43	0.02	0.07	1.18	1.97	1.09	0.22	0.11	0.13	0.04	0.2	0.1182478081585818	0.242	0.071
0	['Ag', 'Ir', 'Pd', 'Pt', 'Ru']	20	[0.046 0.041 0.736 0.124 0.053]	[-0.144  0.027  0.135 -0.006 -0.013]	0.43	0.02	0.07	1.18	1.97	1.09	0.22	0.11	0.13	0.04	0.2	0.12592189726952818	0.162	0.071
1	['Ag', 'Ir', 'Pd', 'Pt', 'Ru']	20	[0.137 0.2   0.599 0.001 0.063]	[ 0.01   0.137 -0.145  0.003 -0.006]	0.43	0.02	0.07	1.18	1.97	1.09	0.22	0.11	0.13	0.04	0.2	0.10035087164112243	0.288	0.071
2	['Ag', 'Ir', 'Pd', 'Pt', 'Ru']	20	[0.09  0.031 0.755 0.039 0.085]	[ 0.107 -0.072 -0.132  0.025  0.072]	0.43	0.02	0.07	1.18	1.97	1.09	0.22	0.11	0.13	0.04	0.2	0.14078961208760382	0.07	0.071
3	['Ag', 'Ir', 'Pd', 'Pt', 'Ru']	20	[0.249 0.007 0.696 0.03  0.018]	[-0.017 -0.065  0.07   0.13  -0.118]	0.43	0.02	0.07	1.18	1.97	1.09	0.22	0.11	0.13	0.04	0.2	0.13590068273039516	0.202	0.071
4	['Ag', 'Ir', 'Pd', 'Pt', 'Ru']	20	[0.218 0.008 0.725 0.003 0.046]	[ 0.028  0.023  0.128 -0.032 -0.147]	0.43	0.02	0.07	1.18	1.97	1.09	0.22	0.11	0.13	0.04	0.2	0.14564935426330108	0.15	0.071
0	['Ag', 'Ir', 'Pd', 'Pt', 'Ru']	21	[0.126 0.009 0.673 0.137 0.055]	[ 0.138 -0.025 -0.142  0.02   0.009]	0.43	0.02	0.07	1.18	1.97	1.09	0.22	0.11	0.13	0.04	0.2	0.12009099594789917	0.194	0.071
1	['Ag', 'Ir', 'Pd', 'Pt', 'Ru']	21	[0.152 0.049 0.728 0.009 0.062]	[ 0.015 -0.151  0.13   0.006 -0.   ]	0.43	0.02	0.07	1.18	1.97	1.09	0.22	0.11	0.13	0.04	0.2	0.1410936106556934	0.109	0.071
2	['Ag', 'Ir', 'Pd', 'Pt', 'Ru']	21	[0.092 0.161 0.658 0.007 0.082]	[ 0.012  0.142 -0.138 -0.022  0.007]	0.43	0.02	0.07	1.18	1.97	1.09	0.22	0.11	0.13	0.04	0.2	0.10861487712968942	0.216	0.071
3	['Ag', 'Ir', 'Pd', 'Pt', 'Ru']	21	[0.211 0.019 0.671 0.066 0.033]	[ 0.032  0.029 -0.155  0.117 -0.023]	0.43	0.02	0.07	1.18	1.97	1.09	0.22	0.11	0.13	0.04	0.2	0.12865522633039447	0.195	0.071
4	['Ag', 'Ir', 'Pd', 'Pt', 'Ru']	21	[0.216 0.013 0.666 0.014 0.091]	[ 0.018  0.026 -0.159 -0.002  0.117]	0.43	0.02	0.07	1.18	1.97	1.09	0.22	0.11	0.13	0.04	0.2	0.1393413531173567	0.178	0.071
0	['Ag', 'Ir', 'Pd', 'Pt', 'Ru']	22	[0.005 0.045 0.757 0.146 0.047]	[-0.093  0.098 -0.122  0.068  0.049]	0.43	0.02	0.07	1.18	1.97	1.09	0.22	0.11	0.13	0.04	0.2	0.12255313816033626	0.192	0.071
1	['Ag', 'Ir', 'Pd', 'Pt', 'Ru']	22	[0.145 0.121 0.682 0.017 0.035]	[ 0.015  0.142 -0.139 -0.013 -0.005]	0.43	0.02	0.07	1.18	1.97	1.09	0.22	0.11	0.13	0.04	0.2	0.12321879325505658	0.187	0.071
2	['Ag', 'Ir', 'Pd', 'Pt', 'Ru']	22	[0.106 0.011 0.765 0.059 0.059]	[ 0.017 -0.154  0.117  0.041 -0.021]	0.43	0.02	0.07	1.18	1.97	1.09	0.22	0.11	0.13	0.04	0.2	0.14042483214375234	0.081	0.071
3	['Ag', 'Ir', 'Pd', 'Pt', 'Ru']	22	[0.203 0.012 0.731 0.051 0.003]	[-0.03  -0.057  0.086  0.119 -0.119]	0.43	0.02	0.07	1.18	1.97	1.09	0.22	0.11	0.13	0.04	0.2	0.13191266366080404	0.166	0.071
4	['Ag', 'Ir', 'Pd', 'Pt', 'Ru']	22	[0.211 0.003 0.747 0.022 0.017]	[ 0.027  0.027 -0.154 -0.02   0.12 ]	0.43	0.02	0.07	1.18	1.97	1.09	0.22	0.11	0.13	0.04	0.2	0.14151969547992801	0.15	0.071
0	['Ag', 'Ir', 'Pd', 'Pt', 'Ru']	23	[0.183 0.012 0.632 0.137 0.036]	[ 0.14  -0.015 -0.142  0.009  0.007]	0.43	0.02	0.07	1.18	1.97	1.09	0.22	0.11	0.13	0.04	0.2	0.1181853820326262	0.241	0.071
1	['Ag', 'Ir', 'Pd', 'Pt', 'Ru']	23	[0.172 0.027 0.771 0.002 0.028]	[ 0.021  0.132 -0.148  0.01  -0.014]	0.43	0.02	0.07	1.18	1.97	1.09	0.22	0.11	0.13	0.04	0.2	0.14446217708820133	0.109	0.071
2	['Ag', 'Ir', 'Pd', 'Pt', 'Ru']	23	[0.143 0.174 0.642 0.001 0.04 ]	[ 0.05   0.134 -0.132 -0.045 -0.006]	0.43	0.02	0.07	1.18	1.97	1.09	0.22	0.11	0.13	0.04	0.2	0.11169914053123098	0.246	0.071
3	['Ag', 'Ir', 'Pd', 'Pt', 'Ru']	23	[0.209 0.007 0.672 0.092 0.02 ]	[ 0.035  0.006 -0.149  0.128 -0.018]	0.43	0.02	0.07	1.18	1.97	1.09	0.22	0.11	0.13	0.04	0.2	0.12650313270243504	0.208	0.071
4	['Ag', 'Ir', 'Pd', 'Pt', 'Ru']	23	[0.21  0.005 0.63  0.025 0.13 ]	[ 0.035  0.018 -0.148 -0.031  0.125]	0.43	0.02	0.07	1.18	1.97	1.09	0.22	0.11	0.13	0.04	0.2	0.1319365663889221	0.206	0.071
0	['Ag', 'Ir', 'Pd', 'Pt', 'Ru']	24	[0.042 0.035 0.766 0.138 0.019]	[-0.145  0.029  0.134  0.    -0.018]	0.43	0.02	0.07	1.18	1.97	1.09	0.22	0.11	0.13	0.04	0.2	0.12441401992567996	0.177	0.071
1	['Ag', 'Ir', 'Pd', 'Pt', 'Ru']	24	[0.183 0.169 0.63  0.001 0.017]	[ 0.013  0.139 -0.143  0.    -0.009]	0.43	0.02	0.07	1.18	1.97	1.09	0.22	0.11	0.13	0.04	0.2	0.1130853605892584	0.267	0.071
2	['Ag', 'Ir', 'Pd', 'Pt', 'Ru']	24	[0.172 0.019 0.734 0.066 0.009]	[ 0.043 -0.151  0.107  0.045 -0.044]	0.43	0.02	0.07	1.18	1.97	1.09	0.22	0.11	0.13	0.04	0.2	0.1317305179549559	0.15	0.071
3	['Ag', 'Ir', 'Pd', 'Pt', 'Ru']	24	[0.208 0.009 0.748 0.018 0.017]	[ 0.028  0.025 -0.155  0.119 -0.017]	0.43	0.02	0.07	1.18	1.97	1.09	0.22	0.11	0.13	0.04	0.2	0.14068162385604002	0.147	0.071
4	['Ag', 'Ir', 'Pd', 'Pt', 'Ru']	24	[0.213 0.028 0.741 0.006 0.012]	[ 0.017  0.027  0.128 -0.026 -0.147]	0.43	0.02	0.07	1.18	1.97	1.09	0.22	0.11	0.13	0.04	0.2	0.13899871168646874	0.158	0.071
0	['Ag', 'Ir', 'Pd', 'Pt', 'Ru']	25	[0.146 0.017 0.643 0.164 0.03 ]	[ 0.138 -0.023 -0.142  0.021  0.006]	0.43	0.02	0.07	1.18	1.97	1.09	0.22	0.11	0.13	0.04	0.2	0.1136437863055098	0.243	0.071
1	['Ag', 'Ir', 'Pd', 'Pt', 'Ru']	25	[0.2   0.019 0.76  0.009 0.012]	[ 0.018 -0.15   0.13   0.006 -0.005]	0.43	0.02	0.07	1.18	1.97	1.09	0.22	0.11	0.13	0.04	0.2	0.1423682025244274	0.141	0.071
2	['Ag', 'Ir', 'Pd', 'Pt', 'Ru']	25	[0.159 0.143 0.658 0.016 0.024]	[ 0.022  0.135 -0.145 -0.015  0.003]	0.43	0.02	0.07	1.18	1.97	1.09	0.22	0.11	0.13	0.04	0.2	0.11708736896630315	0.224	0.071
3	['Ag', 'Ir', 'Pd', 'Pt', 'Ru']	25	[0.206 0.004 0.639 0.14  0.011]	[ 0.021  0.021 -0.154  0.123 -0.012]	0.43	0.02	0.07	1.18	1.97	1.09	0.22	0.11	0.13	0.04	0.2	0.11527856504082577	0.254	0.071
4	['Ag', 'Ir', 'Pd', 'Pt', 'Ru']	25	[0.205 0.006 0.637 0.008 0.144]	[ 0.015  0.022 -0.157 -0.001  0.121]	0.43	0.02	0.07	1.18	1.97	1.09	0.22	0.11	0.13	0.04	0.2	0.13559352836637004	0.199	0.071
0	['Ag', 'Ir', 'Pd', 'Pt', 'Ru']	26	[0.011 0.011 0.788 0.164 0.026]	[-0.141  0.017  0.14  -0.005 -0.01 ]	0.43	0.02	0.07	1.18	1.97	1.09	0.22	0.11	0.13	0.04	0.2	0.1288576688625746	0.201	0.071
1	['Ag', 'Ir', 'Pd', 'Pt', 'Ru']	26	[0.201 0.159 0.63  0.003 0.007]	[ 0.015  0.132 -0.148  0.012 -0.012]	0.43	0.02	0.07	1.18	1.97	1.09	0.22	0.11	0.13	0.04	0.2	0.11251348770367586	0.27	0.071
2	['Ag', 'Ir', 'Pd', 'Pt', 'Ru']	26	[0.156 0.006 0.714 0.078 0.046]	[ 0.028 -0.129  0.098  0.082 -0.079]	0.43	0.02	0.07	1.18	1.97	1.09	0.22	0.11	0.13	0.04	0.2	0.13527084373244636	0.14	0.071
3	['Ag', 'Ir', 'Pd', 'Pt', 'Ru']	26	[0.237 0.016 0.745 0.002 0.   ]	[-0.035 -0.071  0.083  0.127 -0.104]	0.43	0.02	0.07	1.18	1.97	1.09	0.22	0.11	0.13	0.04	0.2	0.14249158669820988	0.179	0.071
4	['Ag', 'Ir', 'Pd', 'Pt', 'Ru']	26	[0.217 0.011 0.762 0.008 0.002]	[ 0.012  0.006  0.129  0.006 -0.152]	0.43	0.02	0.07	1.18	1.97	1.09	0.22	0.11	0.13	0.04	0.2	0.14232047424332608	0.158	0.071
0	['Ag', 'Ir', 'Pd', 'Pt', 'Ru']	27	[0.178 0.028 0.592 0.178 0.024]	[ 0.125  0.024 -0.154  0.01  -0.006]	0.43	0.02	0.07	1.18	1.97	1.09	0.22	0.11	0.13	0.04	0.2	0.10636757612140324	0.296	0.071
1	['Ag', 'Ir', 'Pd', 'Pt', 'Ru']	27	[0.222 0.01  0.76  0.006 0.002]	[ 0.02  -0.15   0.13   0.005 -0.006]	0.43	0.02	0.07	1.18	1.97	1.09	0.22	0.11	0.13	0.04	0.2	0.14207763368371137	0.162	0.071
2	['Ag', 'Ir', 'Pd', 'Pt', 'Ru']	27	[0.121 0.161 0.68  0.024 0.014]	[ 0.015  0.144 -0.138 -0.004 -0.017]	0.43	0.02	0.07	1.18	1.97	1.09	0.22	0.11	0.13	0.04	0.2	0.11463699166451917	0.221	0.071
3	['Ag', 'Ir', 'Pd', 'Pt', 'Ru']	27	[0.209 0.015 0.613 0.134 0.029]	[ 0.024  0.024 -0.154  0.122 -0.016]	0.43	0.02	0.07	1.18	1.97	1.09	0.22	0.11	0.13	0.04	0.2	0.11343472562525418	0.265	0.071
4	['Ag', 'Ir', 'Pd', 'Pt', 'Ru']	27	[0.21  0.002 0.608 0.02  0.16 ]	[ 0.017  0.026 -0.153 -0.014  0.123]	0.43	0.02	0.07	1.18	1.97	1.09	0.22	0.11	0.13	0.04	0.2	0.1298761980605994	0.23	0.071
0	['Ag', 'Ir', 'Pd', 'Pt', 'Ru']	28	[0.047 0.003 0.741 0.185 0.024]	[-0.131 -0.025  0.149  0.007 -0.   ]	0.43	0.02	0.07	1.18	1.97	1.09	0.22	0.11	0.13	0.04	0.2	0.11951452499698985	0.215	0.071
1	['Ag', 'Ir', 'Pd', 'Pt', 'Ru']	28	[0.208 0.155 0.611 0.01  0.016]	[ 0.015  0.13  -0.151  0.012 -0.006]	0.43	0.02	0.07	1.18	1.97	1.09	0.22	0.11	0.13	0.04	0.2	0.11256154175138354	0.28	0.071
2	['Ag', 'Ir', 'Pd', 'Pt', 'Ru']	28	[0.112 0.077 0.709 0.091 0.011]	[ 0.035 -0.04  -0.149  0.118  0.036]	0.43	0.02	0.07	1.18	1.97	1.09	0.22	0.11	0.13	0.04	0.2	0.12071023122651937	0.175	0.071
3	['Ag', 'Ir', 'Pd', 'Pt', 'Ru']	28	[0.24  0.002 0.723 0.011 0.024]	[-0.041 -0.072  0.083  0.128 -0.099]	0.43	0.02	0.07	1.18	1.97	1.09	0.22	0.11	0.13	0.04	0.2	0.14125383173978395	0.177	0.071
4	['Ag', 'Ir', 'Pd', 'Pt', 'Ru']	28	[0.221 0.021 0.736 0.006 0.016]	[ 0.009  0.007  0.13   0.005 -0.151]	0.43	0.02	0.07	1.18	1.97	1.09	0.22	0.11	0.13	0.04	0.2	0.14036249998499215	0.162	0.071
0	['Ag', 'Ir', 'Pd', 'Pt', 'Ru']	29	[0.11  0.034 0.657 0.19  0.009]	[ 0.123  0.027 -0.155  0.012 -0.008]	0.43	0.02	0.07	1.18	1.97	1.09	0.22	0.11	0.13	0.04	0.2	0.10645810815716195	0.257	0.071
1	['Ag', 'Ir', 'Pd', 'Pt', 'Ru']	29	[0.233 0.007 0.744 0.001 0.015]	[ 0.025 -0.148  0.132 -0.009 -0.001]	0.43	0.02	0.07	1.18	1.97	1.09	0.22	0.11	0.13	0.04	0.2	0.14323129675608762	0.168	0.071
2	['Ag', 'Ir', 'Pd', 'Pt', 'Ru']	29	[0.098 0.084 0.716 0.089 0.013]	[-0.003  0.138 -0.145  0.009  0.002]	0.43	0.02	0.07	1.18	1.97	1.09	0.22	0.11	0.13	0.04	0.2	0.1201183888159989	0.172	0.071
3	['Ag', 'Ir', 'Pd', 'Pt', 'Ru']	29	[0.21  0.006 0.644 0.118 0.022]	[ 0.022  0.025 -0.155  0.121 -0.013]	0.43	0.02	0.07	1.18	1.97	1.09	0.22	0.11	0.13	0.04	0.2	0.11834113427172162	0.238	0.071
4	['Ag', 'Ir', 'Pd', 'Pt', 'Ru']	29	[0.209 0.004 0.64  0.014 0.133]	[ 0.014  0.024 -0.158 -0.001  0.12 ]	0.43	0.02	0.07	1.18	1.97	1.09	0.22	0.11	0.13	0.04	0.2	0.13721345646561284	0.197	0.071
0	['Ag', 'Ir', 'Pd', 'Pt', 'Ru']	30	[0.025 0.003 0.781 0.19  0.001]	[ 0.139 -0.016 -0.143  0.015  0.005]	0.43	0.02	0.07	1.18	1.97	1.09	0.22	0.11	0.13	0.04	0.2	0.1247775975745653	0.228	0.071
1	['Ag', 'Ir', 'Pd', 'Pt', 'Ru']	30	[0.206 0.144 0.624 0.007 0.019]	[ 0.02   0.131 -0.149  0.011 -0.013]	0.43	0.02	0.07	1.18	1.97	1.09	0.22	0.11	0.13	0.04	0.2	0.11371383827637005	0.264	0.071
2	['Ag', 'Ir', 'Pd', 'Pt', 'Ru']	30	[0.152 0.055 0.716 0.049 0.028]	[ 0.044  0.119 -0.142 -0.05   0.029]	0.43	0.02	0.07	1.18	1.97	1.09	0.22	0.11	0.13	0.04	0.2	0.13232180168869132	0.143	0.071
3	['Ag', 'Ir', 'Pd', 'Pt', 'Ru']	30	[0.235 0.004 0.733 0.023 0.005]	[-0.032 -0.073  0.074  0.132 -0.102]	0.43	0.02	0.07	1.18	1.97	1.09	0.22	0.11	0.13	0.04	0.2	0.1382318131694158	0.18	0.071
4	['Ag', 'Ir', 'Pd', 'Pt', 'Ru']	30	[0.219 0.011 0.757 0.003 0.01 ]	[ 0.015  0.006  0.127  0.006 -0.154]	0.43	0.02	0.07	1.18	1.97	1.09	0.22	0.11	0.13	0.04	0.2	0.1445724926463983	0.156	0.071
