ID	Elements	Generation	Position	Velocity	F_damp	F_b_best	F_h_best	F_g_best	F_b_worst	F_h_worst	F_g_worst	mut_prob	flip_prob	mut_rate	v_max	Activity	Distance	v_min
0	['Ag', 'Ir', 'Pd', 'Pt', 'Ru']	0	[0.8  0.05 0.05 0.05 0.05]	[-0.179  0.045  0.045  0.045  0.045]	0.74	1.67	1.76	0.42	0.02	0.05	0.01	0.11	0.82	0.37	0.2	0.027012725749533062	1.03	0.071
1	['Ag', 'Ir', 'Pd', 'Pt', 'Ru']	0	[0.05 0.8  0.05 0.05 0.05]	[ 0.045 -0.179  0.045  0.045  0.045]	0.74	1.67	1.76	0.42	0.02	0.05	0.01	0.11	0.82	0.37	0.2	0.007287080786378375	1.1	0.071
2	['Ag', 'Ir', 'Pd', 'Pt', 'Ru']	0	[0.05 0.05 0.8  0.05 0.05]	[ 0.045  0.045 -0.179  0.045  0.045]	0.74	1.67	1.76	0.42	0.02	0.05	0.01	0.11	0.82	0.37	0.2	0.1416984889241232	0.1	0.071
3	['Ag', 'Ir', 'Pd', 'Pt', 'Ru']	0	[0.05 0.05 0.05 0.8  0.05]	[ 0.045  0.045  0.045 -0.179  0.045]	0.74	1.67	1.76	0.42	0.02	0.05	0.01	0.11	0.82	0.37	0.2	0.031007911986536824	1.1	0.071
4	['Ag', 'Ir', 'Pd', 'Pt', 'Ru']	0	[0.05 0.05 0.05 0.05 0.8 ]	[ 0.045  0.045  0.045  0.045 -0.179]	0.74	1.67	1.76	0.42	0.02	0.05	0.01	0.11	0.82	0.37	0.2	0.015787588371734072	1.03	0.071
0	['Ag', 'Ir', 'Pd', 'Pt', 'Ru']	1	[0.657 0.05  0.19  0.054 0.049]	[-0.143  0.     0.14   0.004 -0.001]	0.74	1.67	1.76	0.42	0.02	0.05	0.01	0.11	0.82	0.37	0.2	0.06562514295990235	0.831	0.071
1	['Ag', 'Ir', 'Pd', 'Pt', 'Ru']	1	[0.053 0.654 0.187 0.053 0.053]	[ 0.003 -0.145  0.137  0.003  0.003]	0.74	1.67	1.76	0.42	0.02	0.05	0.01	0.11	0.82	0.37	0.2	0.011707358436888268	0.9	0.071
2	['Ag', 'Ir', 'Pd', 'Pt', 'Ru']	1	[0.083 0.038 0.713 0.083 0.083]	[ 0.033 -0.012 -0.088  0.033  0.033]	0.74	1.67	1.76	0.42	0.02	0.05	0.01	0.11	0.82	0.37	0.2	0.12789949781802756	0.128	0.071
3	['Ag', 'Ir', 'Pd', 'Pt', 'Ru']	1	[0.054 0.05  0.19  0.657 0.049]	[ 0.004 -0.     0.14  -0.143 -0.001]	0.74	1.67	1.76	0.42	0.02	0.05	0.01	0.11	0.82	0.37	0.2	0.024537659385522523	0.901	0.071
4	['Ag', 'Ir', 'Pd', 'Pt', 'Ru']	1	[0.053 0.049 0.189 0.053 0.656]	[ 0.003 -0.001  0.139  0.003 -0.144]	0.74	1.67	1.76	0.42	0.02	0.05	0.01	0.11	0.82	0.37	0.2	0.037572752735476396	0.831	0.071
0	['Ag', 'Ir', 'Pd', 'Pt', 'Ru']	2	[0.513 0.044 0.328 0.06  0.055]	[-0.144 -0.006  0.138  0.006  0.006]	0.74	1.67	1.76	0.42	0.02	0.05	0.01	0.11	0.82	0.37	0.2	0.09117655024949362	0.633	0.071
1	['Ag', 'Ir', 'Pd', 'Pt', 'Ru']	2	[0.059 0.503 0.32  0.059 0.059]	[ 0.006 -0.149  0.133  0.006  0.006]	0.74	1.67	1.76	0.42	0.02	0.05	0.01	0.11	0.82	0.37	0.2	0.022676432436597064	0.7	0.071
2	['Ag', 'Ir', 'Pd', 'Pt', 'Ru']	2	[0.072 0.048 0.736 0.072 0.072]	[ 0.028  0.063 -0.149  0.028  0.028]	0.74	1.67	1.76	0.42	0.02	0.05	0.01	0.11	0.82	0.37	0.2	0.13004598016369742	0.115	0.071
3	['Ag', 'Ir', 'Pd', 'Pt', 'Ru']	2	[0.06  0.042 0.328 0.513 0.057]	[ 0.006 -0.008  0.138 -0.144  0.008]	0.74	1.67	1.76	0.42	0.02	0.05	0.01	0.11	0.82	0.37	0.2	0.03811709324996049	0.701	0.071
4	['Ag', 'Ir', 'Pd', 'Pt', 'Ru']	2	[0.059 0.043 0.328 0.059 0.511]	[ 0.006 -0.006  0.139  0.006 -0.144]	0.74	1.67	1.76	0.42	0.02	0.05	0.01	0.11	0.82	0.37	0.2	0.047677043590994776	0.631	0.071
0	['Ag', 'Ir', 'Pd', 'Pt', 'Ru']	3	[0.37  0.04  0.468 0.063 0.059]	[-0.143 -0.004  0.139  0.003  0.004]	0.74	1.67	1.76	0.42	0.02	0.05	0.01	0.11	0.82	0.37	0.2	0.10633314071708762	0.436	0.071
1	['Ag', 'Ir', 'Pd', 'Pt', 'Ru']	3	[0.057 0.358 0.459 0.063 0.063]	[-0.002 -0.145  0.138  0.004  0.004]	0.74	1.67	1.76	0.42	0.02	0.05	0.01	0.11	0.82	0.37	0.2	0.04380548446316104	0.502	0.071
2	['Ag', 'Ir', 'Pd', 'Pt', 'Ru']	3	[0.048 0.069 0.787 0.048 0.048]	[-0.024  0.021  0.052 -0.024 -0.024]	0.74	1.67	1.76	0.42	0.02	0.05	0.01	0.11	0.82	0.37	0.2	0.1354045775505415	0.112	0.071
3	['Ag', 'Ir', 'Pd', 'Pt', 'Ru']	3	[0.064 0.041 0.469 0.371 0.055]	[ 0.004 -0.001  0.141 -0.142 -0.002]	0.74	1.67	1.76	0.42	0.02	0.05	0.01	0.11	0.82	0.37	0.2	0.06271818821049237	0.502	0.071
4	['Ag', 'Ir', 'Pd', 'Pt', 'Ru']	3	[0.062 0.04  0.468 0.062 0.368]	[ 0.003 -0.003  0.14   0.003 -0.143]	0.74	1.67	1.76	0.42	0.02	0.05	0.01	0.11	0.82	0.37	0.2	0.06889207261634031	0.435	0.071
0	['Ag', 'Ir', 'Pd', 'Pt', 'Ru']	4	[0.23  0.045 0.612 0.058 0.055]	[-0.14   0.005  0.143 -0.005 -0.004]	0.74	1.67	1.76	0.42	0.02	0.05	0.01	0.11	0.82	0.37	0.2	0.12061893626273133	0.244	0.071
1	['Ag', 'Ir', 'Pd', 'Pt', 'Ru']	4	[0.053 0.224 0.607 0.058 0.058]	[-0.004 -0.134  0.148 -0.005 -0.005]	0.74	1.67	1.76	0.42	0.02	0.05	0.01	0.11	0.82	0.37	0.2	0.08408288507214969	0.308	0.071
2	['Ag', 'Ir', 'Pd', 'Pt', 'Ru']	4	[0.182 0.443 0.011 0.182 0.182]	[ 0.101  0.302 -0.607  0.101  0.101]	0.74	1.67	1.76	0.42	0.02	0.05	0.01	0.11	0.82	0.37	0.2	0.01446739025424204	0.93	0.071
3	['Ag', 'Ir', 'Pd', 'Pt', 'Ru']	4	[0.059 0.046 0.612 0.231 0.052]	[-0.005  0.005  0.143 -0.14  -0.003]	0.74	1.67	1.76	0.42	0.02	0.05	0.01	0.11	0.82	0.37	0.2	0.09362902002743305	0.308	0.071
4	['Ag', 'Ir', 'Pd', 'Pt', 'Ru']	4	[0.057 0.045 0.612 0.057 0.229]	[-0.005  0.005  0.143 -0.005 -0.139]	0.74	1.67	1.76	0.42	0.02	0.05	0.01	0.11	0.82	0.37	0.2	0.10338760324919291	0.243	0.071
0	['Ag', 'Ir', 'Pd', 'Pt', 'Ru']	5	[0.105 0.03  0.768 0.049 0.048]	[-0.125 -0.015  0.155 -0.009 -0.007]	0.74	1.67	1.76	0.42	0.02	0.05	0.01	0.11	0.82	0.37	0.2	0.1388294224833175	0.084	0.071
1	['Ag', 'Ir', 'Pd', 'Pt', 'Ru']	5	[0.146 0.064 0.684 0.054 0.052]	[ 0.093 -0.16   0.076 -0.004 -0.006]	0.74	1.67	1.76	0.42	0.02	0.05	0.01	0.11	0.82	0.37	0.2	0.12644144853128722	0.158	0.071
2	['Ag', 'Ir', 'Pd', 'Pt', 'Ru']	5	[0.159 0.331 0.166 0.136 0.208]	[-0.023 -0.112  0.155 -0.046  0.026]	0.74	1.67	1.76	0.42	0.02	0.05	0.01	0.11	0.82	0.37	0.2	0.020999776262614952	0.738	0.071
3	['Ag', 'Ir', 'Pd', 'Pt', 'Ru']	5	[0.153 0.038 0.687 0.071 0.051]	[ 0.094 -0.008  0.075 -0.16  -0.001]	0.74	1.67	1.76	0.42	0.02	0.05	0.01	0.11	0.82	0.37	0.2	0.12954141644359424	0.156	0.071
4	['Ag', 'Ir', 'Pd', 'Pt', 'Ru']	5	[0.152 0.038 0.687 0.053 0.07 ]	[ 0.095 -0.007  0.075 -0.004 -0.159]	0.74	1.67	1.76	0.42	0.02	0.05	0.01	0.11	0.82	0.37	0.2	0.13183303665127033	0.144	0.071
0	['Ag', 'Ir', 'Pd', 'Pt', 'Ru']	6	[0.052 0.108 0.616 0.101 0.123]	[-0.053  0.078 -0.151  0.052  0.075]	0.74	1.67	1.76	0.42	0.02	0.05	0.01	0.11	0.82	0.37	0.2	0.09318682790850914	0.242	0.071
1	['Ag', 'Ir', 'Pd', 'Pt', 'Ru']	6	[0.119 0.075 0.73  0.04  0.036]	[-0.005  0.136 -0.146  0.008  0.006]	0.74	1.67	1.76	0.42	0.02	0.05	0.01	0.11	0.82	0.37	0.2	0.1320445346740441	0.129	0.071
2	['Ag', 'Ir', 'Pd', 'Pt', 'Ru']	6	[0.117 0.228 0.325 0.092 0.238]	[-0.042 -0.103  0.158 -0.044  0.03 ]	0.74	1.67	1.76	0.42	0.02	0.05	0.01	0.11	0.82	0.37	0.2	0.04228773965387066	0.553	0.071
3	['Ag', 'Ir', 'Pd', 'Pt', 'Ru']	6	[0.136 0.024 0.728 0.062 0.05 ]	[-0.002  0.001 -0.148  0.135  0.014]	0.74	1.67	1.76	0.42	0.02	0.05	0.01	0.11	0.82	0.37	0.2	0.1377841523749488	0.116	0.071
4	['Ag', 'Ir', 'Pd', 'Pt', 'Ru']	6	[0.13  0.025 0.731 0.052 0.062]	[-0.006  0.003 -0.146  0.015  0.135]	0.74	1.67	1.76	0.42	0.02	0.05	0.01	0.11	0.82	0.37	0.2	0.13823099448709228	0.102	0.071
0	['Ag', 'Ir', 'Pd', 'Pt', 'Ru']	7	[0.107 0.024 0.766 0.05  0.053]	[ 0.055 -0.084  0.15  -0.051 -0.07 ]	0.74	1.67	1.76	0.42	0.02	0.05	0.01	0.11	0.82	0.37	0.2	0.13878261603441147	0.081	0.071
1	['Ag', 'Ir', 'Pd', 'Pt', 'Ru']	7	[0.119 0.056 0.699 0.029 0.097]	[-0.    -0.019 -0.03  -0.011  0.061]	0.74	1.67	1.76	0.42	0.02	0.05	0.01	0.11	0.82	0.37	0.2	0.13129409335067496	0.121	0.071
2	['Ag', 'Ir', 'Pd', 'Pt', 'Ru']	7	[0.103 0.152 0.497 0.074 0.174]	[-0.014 -0.076  0.172 -0.018 -0.064]	0.74	1.67	1.76	0.42	0.02	0.05	0.01	0.11	0.82	0.37	0.2	0.07372885592828549	0.355	0.071
3	['Ag', 'Ir', 'Pd', 'Pt', 'Ru']	7	[0.156 0.    0.667 0.119 0.058]	[ 0.02  -0.024 -0.061  0.057  0.008]	0.74	1.67	1.76	0.42	0.02	0.05	0.01	0.11	0.82	0.37	0.2	0.12411661706524346	0.192	0.071
4	['Ag', 'Ir', 'Pd', 'Pt', 'Ru']	7	[0.095 0.019 0.693 0.06  0.133]	[-0.035 -0.006 -0.038  0.008  0.071]	0.74	1.67	1.76	0.42	0.02	0.05	0.01	0.11	0.82	0.37	0.2	0.13028072113209913	0.129	0.071
0	['Ag', 'Ir', 'Pd', 'Pt', 'Ru']	8	[0.107 0.091 0.664 0.051 0.087]	[-0.032  0.035 -0.151  0.06   0.087]	0.74	1.67	1.76	0.42	0.02	0.05	0.01	0.11	0.82	0.37	0.2	0.11989566992990279	0.172	0.071
1	['Ag', 'Ir', 'Pd', 'Pt', 'Ru']	8	[0.106 0.028 0.742 0.086 0.038]	[-0.016 -0.031 -0.138  0.056  0.129]	0.74	1.67	1.76	0.42	0.02	0.05	0.01	0.11	0.82	0.37	0.2	0.13076940704010254	0.124	0.071
2	['Ag', 'Ir', 'Pd', 'Pt', 'Ru']	8	[0.058 0.049 0.651 0.03  0.212]	[-0.045 -0.103  0.155 -0.044  0.038]	0.74	1.67	1.76	0.42	0.02	0.05	0.01	0.11	0.82	0.37	0.2	0.11331044306369072	0.2	0.071
3	['Ag', 'Ir', 'Pd', 'Pt', 'Ru']	8	[0.096 0.044 0.778 0.026 0.056]	[-0.013  0.129 -0.124 -0.058  0.066]	0.74	1.67	1.76	0.42	0.02	0.05	0.01	0.11	0.82	0.37	0.2	0.14199011974956408	0.071	0.071
4	['Ag', 'Ir', 'Pd', 'Pt', 'Ru']	8	[0.123 0.034 0.766 0.051 0.026]	[ 0.016  0.003 -0.139 -0.021  0.141]	0.74	1.67	1.76	0.42	0.02	0.05	0.01	0.11	0.82	0.37	0.2	0.14130315114425349	0.104	0.071
0	['Ag', 'Ir', 'Pd', 'Pt', 'Ru']	9	[0.09  0.02  0.766 0.06  0.064]	[-0.002  0.132 -0.148  0.026 -0.008]	0.74	1.67	1.76	0.42	0.02	0.05	0.01	0.11	0.82	0.37	0.2	0.1399388211412919	0.081	0.071
1	['Ag', 'Ir', 'Pd', 'Pt', 'Ru']	9	[0.066 0.057 0.692 0.065 0.12 ]	[-0.092  0.002 -0.106  0.123  0.073]	0.74	1.67	1.76	0.42	0.02	0.05	0.01	0.11	0.82	0.37	0.2	0.12104046605963822	0.144	0.071
2	['Ag', 'Ir', 'Pd', 'Pt', 'Ru']	9	[0.065 0.031 0.799 0.026 0.079]	[ 0.007 -0.018  0.148 -0.004 -0.133]	0.74	1.67	1.76	0.42	0.02	0.05	0.01	0.11	0.82	0.37	0.2	0.14903467881512078	0.057	0.071
3	['Ag', 'Ir', 'Pd', 'Pt', 'Ru']	9	[0.075 0.117 0.696 0.03  0.082]	[-0.031  0.071 -0.096  0.036  0.02 ]	0.74	1.67	1.76	0.42	0.02	0.05	0.01	0.11	0.82	0.37	0.2	0.11942891451946606	0.162	0.071
4	['Ag', 'Ir', 'Pd', 'Pt', 'Ru']	9	[0.09  0.068 0.723 0.01  0.109]	[-0.039  0.058 -0.054 -0.087  0.122]	0.74	1.67	1.76	0.42	0.02	0.05	0.01	0.11	0.82	0.37	0.2	0.13298745665077355	0.104	0.071
0	['Ag', 'Ir', 'Pd', 'Pt', 'Ru']	10	[0.021 0.128 0.754 0.007 0.09 ]	[-0.069  0.108 -0.013 -0.053  0.026]	0.74	1.67	1.76	0.42	0.02	0.05	0.01	0.11	0.82	0.37	0.2	0.12117204118937953	0.158	0.071
1	['Ag', 'Ir', 'Pd', 'Pt', 'Ru']	10	[0.103 0.049 0.751 0.067 0.03 ]	[ 0.107  0.043 -0.134  0.057 -0.073]	0.74	1.67	1.76	0.42	0.02	0.05	0.01	0.11	0.82	0.37	0.2	0.13251026815242437	0.119	0.071
2	['Ag', 'Ir', 'Pd', 'Pt', 'Ru']	10	[0.124 0.061 0.651 0.076 0.088]	[ 0.004  0.036 -0.136 -0.005  0.102]	0.74	1.67	1.76	0.42	0.02	0.05	0.01	0.11	0.82	0.37	0.2	0.12000220413742478	0.18	0.071
3	['Ag', 'Ir', 'Pd', 'Pt', 'Ru']	10	[0.089 0.036 0.745 0.047 0.083]	[ 0.005  0.139 -0.144  0.008 -0.008]	0.74	1.67	1.76	0.42	0.02	0.05	0.01	0.11	0.82	0.37	0.2	0.13602972801843785	0.083	0.071
4	['Ag', 'Ir', 'Pd', 'Pt', 'Ru']	10	[0.1   0.025 0.581 0.063 0.231]	[ 0.01  -0.043 -0.142  0.053  0.122]	0.74	1.67	1.76	0.42	0.02	0.05	0.01	0.11	0.82	0.37	0.2	0.10285797161479243	0.264	0.071
0	['Ag', 'Ir', 'Pd', 'Pt', 'Ru']	11	[0.092 0.043 0.749 0.028 0.088]	[ 0.036  0.159 -0.081 -0.039 -0.075]	0.74	1.67	1.76	0.42	0.02	0.05	0.01	0.11	0.82	0.37	0.2	0.1381434162695433	0.074	0.071
1	['Ag', 'Ir', 'Pd', 'Pt', 'Ru']	11	[0.143 0.029 0.692 0.057 0.079]	[ 0.04  -0.02  -0.06  -0.01   0.049]	0.74	1.67	1.76	0.42	0.02	0.05	0.01	0.11	0.82	0.37	0.2	0.131854408492658	0.134	0.071
2	['Ag', 'Ir', 'Pd', 'Pt', 'Ru']	11	[0.157 0.001 0.77  0.022 0.05 ]	[-0.029  0.005  0.118  0.055 -0.149]	0.74	1.67	1.76	0.42	0.02	0.05	0.01	0.11	0.82	0.37	0.2	0.1480193042424907	0.084	0.071
3	['Ag', 'Ir', 'Pd', 'Pt', 'Ru']	11	[0.07  0.12  0.717 0.091 0.002]	[-0.064  0.062 -0.075  0.013  0.062]	0.74	1.67	1.76	0.42	0.02	0.05	0.01	0.11	0.82	0.37	0.2	0.11552063281794704	0.2	0.071
4	['Ag', 'Ir', 'Pd', 'Pt', 'Ru']	11	[0.103 0.024 0.725 0.057 0.091]	[ 0.003 -0.001  0.143 -0.006 -0.14 ]	0.74	1.67	1.76	0.42	0.02	0.05	0.01	0.11	0.82	0.37	0.2	0.13445250632173192	0.098	0.071
0	['Ag', 'Ir', 'Pd', 'Pt', 'Ru']	12	[0.169 0.002 0.759 0.01  0.06 ]	[ 0.085 -0.054 -0.104 -0.054  0.127]	0.74	1.67	1.76	0.42	0.02	0.05	0.01	0.11	0.82	0.37	0.2	0.14990348288518873	0.09	0.071
1	['Ag', 'Ir', 'Pd', 'Pt', 'Ru']	12	[0.145 0.045 0.727 0.039 0.044]	[ 0.036  0.121 -0.155  0.01  -0.011]	0.74	1.67	1.76	0.42	0.02	0.05	0.01	0.11	0.82	0.37	0.2	0.1349590795575693	0.118	0.071
2	['Ag', 'Ir', 'Pd', 'Pt', 'Ru']	12	[0.055 0.078 0.708 0.098 0.061]	[-0.118  0.095 -0.087  0.094  0.016]	0.74	1.67	1.76	0.42	0.02	0.05	0.01	0.11	0.82	0.37	0.2	0.11737997537766542	0.166	0.071
3	['Ag', 'Ir', 'Pd', 'Pt', 'Ru']	12	[0.122 0.001 0.783 0.002 0.092]	[-0.125  0.138 -0.063  0.029  0.022]	0.74	1.67	1.76	0.42	0.02	0.05	0.01	0.11	0.82	0.37	0.2	0.15907861176156318	0.029	0.071
4	['Ag', 'Ir', 'Pd', 'Pt', 'Ru']	12	[0.164 0.018 0.721 0.026 0.071]	[ 0.053 -0.014 -0.134 -0.039  0.133]	0.74	1.67	1.76	0.42	0.02	0.05	0.01	0.11	0.82	0.37	0.2	0.14091829340808015	0.11	0.071
0	['Ag', 'Ir', 'Pd', 'Pt', 'Ru']	13	[0.118 0.035 0.67  0.037 0.14 ]	[-0.062  0.016 -0.116  0.029  0.132]	0.74	1.67	1.76	0.42	0.02	0.05	0.01	0.11	0.82	0.37	0.2	0.12919286238459887	0.146	0.071
1	['Ag', 'Ir', 'Pd', 'Pt', 'Ru']	13	[0.1   0.043 0.702 0.042 0.113]	[-0.073  0.066 -0.049 -0.013  0.069]	0.74	1.67	1.76	0.42	0.02	0.05	0.01	0.11	0.82	0.37	0.2	0.13092267111629943	0.116	0.071
2	['Ag', 'Ir', 'Pd', 'Pt', 'Ru']	13	[0.089 0.013 0.757 0.031 0.11 ]	[ 0.001  0.058 -0.167  0.092  0.017]	0.74	1.67	1.76	0.42	0.02	0.05	0.01	0.11	0.82	0.37	0.2	0.14386970998217904	0.057	0.071
3	['Ag', 'Ir', 'Pd', 'Pt', 'Ru']	13	[0.02  0.058 0.766 0.022 0.134]	[-0.106  0.039 -0.012  0.028  0.052]	0.74	1.67	1.76	0.42	0.02	0.05	0.01	0.11	0.82	0.37	0.2	0.13500017271042847	0.112	0.071
4	['Ag', 'Ir', 'Pd', 'Pt', 'Ru']	13	[0.064 0.016 0.633 0.109 0.178]	[-0.1   -0.002 -0.087  0.083  0.107]	0.74	1.67	1.76	0.42	0.02	0.05	0.01	0.11	0.82	0.37	0.2	0.11117455281638909	0.218	0.071
0	['Ag', 'Ir', 'Pd', 'Pt', 'Ru']	14	[0.114 0.05  0.742 0.012 0.082]	[ 0.037  0.124 -0.149  0.013 -0.025]	0.74	1.67	1.76	0.42	0.02	0.05	0.01	0.11	0.82	0.37	0.2	0.14076894696637823	0.081	0.071
1	['Ag', 'Ir', 'Pd', 'Pt', 'Ru']	14	[0.202 0.095 0.553 0.065 0.085]	[ 0.102  0.052 -0.149  0.023 -0.028]	0.74	1.67	1.76	0.42	0.02	0.05	0.01	0.11	0.82	0.37	0.2	0.10128939282848276	0.291	0.071
2	['Ag', 'Ir', 'Pd', 'Pt', 'Ru']	14	[0.063 0.064 0.743 0.071 0.059]	[-0.026  0.051 -0.014  0.04  -0.051]	0.74	1.67	1.76	0.42	0.02	0.05	0.01	0.11	0.82	0.37	0.2	0.12776638248617206	0.124	0.071
3	['Ag', 'Ir', 'Pd', 'Pt', 'Ru']	14	[0.142 0.041 0.755 0.017 0.045]	[ 0.129  0.074 -0.024 -0.065 -0.113]	0.74	1.67	1.76	0.42	0.02	0.05	0.01	0.11	0.82	0.37	0.2	0.14326355098427354	0.094	0.071
4	['Ag', 'Ir', 'Pd', 'Pt', 'Ru']	14	[0.094 0.019 0.781 0.039 0.067]	[ 0.03   0.003  0.148 -0.07  -0.111]	0.74	1.67	1.76	0.42	0.02	0.05	0.01	0.11	0.82	0.37	0.2	0.14420352517938143	0.058	0.071
0	['Ag', 'Ir', 'Pd', 'Pt', 'Ru']	15	[0.169 0.02  0.762 0.043 0.006]	[ 0.046  0.05   0.005  0.019 -0.12 ]	0.74	1.67	1.76	0.42	0.02	0.05	0.01	0.11	0.82	0.37	0.2	0.1364099507155195	0.131	0.071
1	['Ag', 'Ir', 'Pd', 'Pt', 'Ru']	15	[0.141 0.034 0.73  0.04  0.055]	[-0.061 -0.061  0.176 -0.025 -0.03 ]	0.74	1.67	1.76	0.42	0.02	0.05	0.01	0.11	0.82	0.37	0.2	0.13824519936061697	0.107	0.071
2	['Ag', 'Ir', 'Pd', 'Pt', 'Ru']	15	[0.115 0.087 0.689 0.024 0.085]	[ 0.018  0.095 -0.164  0.06  -0.009]	0.74	1.67	1.76	0.42	0.02	0.05	0.01	0.11	0.82	0.37	0.2	0.1264626266584614	0.145	0.071
3	['Ag', 'Ir', 'Pd', 'Pt', 'Ru']	15	[0.108 0.052 0.692 0.055 0.093]	[-0.039  0.071 -0.124  0.048  0.043]	0.74	1.67	1.76	0.42	0.02	0.05	0.01	0.11	0.82	0.37	0.2	0.1267393747961441	0.132	0.071
4	['Ag', 'Ir', 'Pd', 'Pt', 'Ru']	15	[0.085 0.008 0.652 0.14  0.115]	[-0.026  0.01  -0.135  0.119  0.032]	0.74	1.67	1.76	0.42	0.02	0.05	0.01	0.11	0.82	0.37	0.2	0.11372488937878567	0.205	0.071
0	['Ag', 'Ir', 'Pd', 'Pt', 'Ru']	16	[0.172 0.005 0.696 0.044 0.083]	[-0.009 -0.045 -0.091  0.064  0.081]	0.74	1.67	1.76	0.42	0.02	0.05	0.01	0.11	0.82	0.37	0.2	0.1399874984313309	0.135	0.071
1	['Ag', 'Ir', 'Pd', 'Pt', 'Ru']	16	[0.124 0.096 0.675 0.03  0.075]	[-0.009  0.129 -0.149 -0.002  0.032]	0.74	1.67	1.76	0.42	0.02	0.05	0.01	0.11	0.82	0.37	0.2	0.11832729359995639	0.164	0.071
2	['Ag', 'Ir', 'Pd', 'Pt', 'Ru']	16	[0.171 0.005 0.576 0.155 0.093]	[ 0.056 -0.082 -0.114  0.131  0.008]	0.74	1.67	1.76	0.42	0.02	0.05	0.01	0.11	0.82	0.37	0.2	0.10587120173300928	0.282	0.071
3	['Ag', 'Ir', 'Pd', 'Pt', 'Ru']	16	[0.082 0.069 0.747 0.088 0.014]	[ 0.009  0.121 -0.12   0.068 -0.078]	0.74	1.67	1.76	0.42	0.02	0.05	0.01	0.11	0.82	0.37	0.2	0.12446647259793872	0.152	0.071
4	['Ag', 'Ir', 'Pd', 'Pt', 'Ru']	16	[0.052 0.044 0.719 0.172 0.013]	[-0.147 -0.027  0.071 -0.008  0.111]	0.74	1.67	1.76	0.42	0.02	0.05	0.01	0.11	0.82	0.37	0.2	0.11509741356755704	0.219	0.071
0	['Ag', 'Ir', 'Pd', 'Pt', 'Ru']	17	[0.1   0.038 0.77  0.011 0.081]	[-0.068  0.031  0.086 -0.056  0.007]	0.74	1.67	1.76	0.42	0.02	0.05	0.01	0.11	0.82	0.37	0.2	0.14417945560805137	0.053	0.071
1	['Ag', 'Ir', 'Pd', 'Pt', 'Ru']	17	[0.166 0.074 0.705 0.009 0.046]	[ 0.017  0.157 -0.003 -0.08  -0.092]	0.74	1.67	1.76	0.42	0.02	0.05	0.01	0.11	0.82	0.37	0.2	0.13305784687458452	0.148	0.071
2	['Ag', 'Ir', 'Pd', 'Pt', 'Ru']	17	[0.13  0.    0.737 0.046 0.087]	[-0.041 -0.005  0.162 -0.109 -0.006]	0.74	1.67	1.76	0.42	0.02	0.05	0.01	0.11	0.82	0.37	0.2	0.1449817197229486	0.085	0.071
3	['Ag', 'Ir', 'Pd', 'Pt', 'Ru']	17	[0.143 0.09  0.651 0.052 0.064]	[ 0.04  -0.012 -0.162  0.108  0.026]	0.74	1.67	1.76	0.42	0.02	0.05	0.01	0.11	0.82	0.37	0.2	0.11742110269044229	0.19	0.071
4	['Ag', 'Ir', 'Pd', 'Pt', 'Ru']	17	[0.034 0.02  0.791 0.028 0.127]	[-0.018 -0.024  0.073 -0.144  0.114]	0.74	1.67	1.76	0.42	0.02	0.05	0.01	0.11	0.82	0.37	0.2	0.14972623987145986	0.08	0.071
0	['Ag', 'Ir', 'Pd', 'Pt', 'Ru']	18	[0.055 0.086 0.709 0.037 0.113]	[ 0.112  0.015 -0.129  0.005 -0.002]	0.74	1.67	1.76	0.42	0.02	0.05	0.01	0.11	0.82	0.37	0.2	0.12134335351106539	0.139	0.071
1	['Ag', 'Ir', 'Pd', 'Pt', 'Ru']	18	[0.042 0.038 0.773 0.033 0.114]	[-0.106 -0.    -0.089  0.072  0.125]	0.74	1.67	1.76	0.42	0.02	0.05	0.01	0.11	0.82	0.37	0.2	0.14281741426439662	0.083	0.071
2	['Ag', 'Ir', 'Pd', 'Pt', 'Ru']	18	[0.037 0.053 0.715 0.058 0.137]	[-0.097  0.058 -0.117  0.102  0.055]	0.74	1.67	1.76	0.42	0.02	0.05	0.01	0.11	0.82	0.37	0.2	0.12439629856167306	0.137	0.071
3	['Ag', 'Ir', 'Pd', 'Pt', 'Ru']	18	[0.067 0.018 0.78  0.017 0.118]	[-0.126  0.074  0.109 -0.079  0.022]	0.74	1.67	1.76	0.42	0.02	0.05	0.01	0.11	0.82	0.37	0.2	0.15220195012287016	0.049	0.071
4	['Ag', 'Ir', 'Pd', 'Pt', 'Ru']	18	[0.028 0.033 0.666 0.101 0.172]	[-0.02   0.027 -0.128  0.085  0.036]	0.74	1.67	1.76	0.42	0.02	0.05	0.01	0.11	0.82	0.37	0.2	0.11312009570676206	0.199	0.071
0	['Ag', 'Ir', 'Pd', 'Pt', 'Ru']	19	[0.159 0.027 0.752 0.015 0.047]	[ 0.096  0.083  0.008 -0.036 -0.15 ]	0.74	1.67	1.76	0.42	0.02	0.05	0.01	0.11	0.82	0.37	0.2	0.1434328970237053	0.098	0.071
1	['Ag', 'Ir', 'Pd', 'Pt', 'Ru']	19	[0.023 0.036 0.733 0.023 0.185]	[-0.037  0.054 -0.063 -0.026  0.072]	0.74	1.67	1.76	0.42	0.02	0.05	0.01	0.11	0.82	0.37	0.2	0.1331730590566166	0.14	0.071
2	['Ag', 'Ir', 'Pd', 'Pt', 'Ru']	19	[0.109 0.049 0.723 0.031 0.088]	[ 0.087  0.112 -0.132 -0.021 -0.046]	0.74	1.67	1.76	0.42	0.02	0.05	0.01	0.11	0.82	0.37	0.2	0.13394891474882958	0.098	0.071
3	['Ag', 'Ir', 'Pd', 'Pt', 'Ru']	19	[0.092 0.029 0.663 0.136 0.08 ]	[ 0.026  0.012 -0.11   0.109 -0.037]	0.74	1.67	1.76	0.42	0.02	0.05	0.01	0.11	0.82	0.37	0.2	0.1136663586810943	0.196	0.071
4	['Ag', 'Ir', 'Pd', 'Pt', 'Ru']	19	[0.078 0.022 0.782 0.012 0.106]	[ 0.138  0.055 -0.123 -0.051 -0.018]	0.74	1.67	1.76	0.42	0.02	0.05	0.01	0.11	0.82	0.37	0.2	0.15228236937517023	0.038	0.071
0	['Ag', 'Ir', 'Pd', 'Pt', 'Ru']	20	[0.096 0.035 0.749 0.086 0.034]	[-0.061  0.028 -0.076  0.108  0.002]	0.74	1.67	1.76	0.42	0.02	0.05	0.01	0.11	0.82	0.37	0.2	0.12917972375899658	0.125	0.071
1	['Ag', 'Ir', 'Pd', 'Pt', 'Ru']	20	[0.125 0.038 0.771 0.016 0.05 ]	[ 0.124  0.018 -0.071  0.056 -0.127]	0.74	1.67	1.76	0.42	0.02	0.05	0.01	0.11	0.82	0.37	0.2	0.14631190754566972	0.075	0.071
2	['Ag', 'Ir', 'Pd', 'Pt', 'Ru']	20	[0.081 0.047 0.684 0.09  0.098]	[-0.016  0.013 -0.15   0.127  0.026]	0.74	1.67	1.76	0.42	0.02	0.05	0.01	0.11	0.82	0.37	0.2	0.11998807717496997	0.155	0.071
3	['Ag', 'Ir', 'Pd', 'Pt', 'Ru']	20	[0.108 0.001 0.791 0.009 0.091]	[-0.05  -0.108  0.1    0.114 -0.056]	0.74	1.67	1.76	0.42	0.02	0.05	0.01	0.11	0.82	0.37	0.2	0.1596813580598474	0.018	0.071
4	['Ag', 'Ir', 'Pd', 'Pt', 'Ru']	20	[0.18  0.026 0.701 0.037 0.056]	[ 0.106  0.003 -0.087  0.031 -0.053]	0.74	1.67	1.76	0.42	0.02	0.05	0.01	0.11	0.82	0.37	0.2	0.13715102203655122	0.142	0.071
0	['Ag', 'Ir', 'Pd', 'Pt', 'Ru']	21	[0.109 0.014 0.753 0.03  0.094]	[-0.074 -0.027 -0.1    0.144  0.057]	0.74	1.67	1.76	0.42	0.02	0.05	0.01	0.11	0.82	0.37	0.2	0.14423993682115244	0.058	0.071
1	['Ag', 'Ir', 'Pd', 'Pt', 'Ru']	21	[0.158 0.053 0.761 0.011 0.017]	[ 0.033  0.079 -0.028 -0.022 -0.063]	0.74	1.67	1.76	0.42	0.02	0.05	0.01	0.11	0.82	0.37	0.2	0.13845638226401896	0.121	0.071
2	['Ag', 'Ir', 'Pd', 'Pt', 'Ru']	21	[0.103 0.04  0.742 0.018 0.097]	[ 0.011  0.067 -0.161  0.095 -0.012]	0.74	1.67	1.76	0.42	0.02	0.05	0.01	0.11	0.82	0.37	0.2	0.13865420213959234	0.073	0.071
3	['Ag', 'Ir', 'Pd', 'Pt', 'Ru']	21	[0.121 0.144 0.672 0.045 0.018]	[ 0.02   0.099 -0.094  0.043 -0.067]	0.74	1.67	1.76	0.42	0.02	0.05	0.01	0.11	0.82	0.37	0.2	0.11581955595703197	0.215	0.071
4	['Ag', 'Ir', 'Pd', 'Pt', 'Ru']	21	[0.109 0.037 0.732 0.047 0.075]	[-0.057  0.066 -0.15   0.064  0.078]	0.74	1.67	1.76	0.42	0.02	0.05	0.01	0.11	0.82	0.37	0.2	0.13377442559366823	0.094	0.071
0	['Ag', 'Ir', 'Pd', 'Pt', 'Ru']	22	[0.112 0.051 0.7   0.064 0.073]	[ 0.003  0.049 -0.066  0.043 -0.028]	0.74	1.67	1.76	0.42	0.02	0.05	0.01	0.11	0.82	0.37	0.2	0.1264227507973832	0.133	0.071
1	['Ag', 'Ir', 'Pd', 'Pt', 'Ru']	22	[0.036 0.018 0.77  0.021 0.155]	[-0.149  0.045 -0.012 -0.01   0.125]	0.74	1.67	1.76	0.42	0.02	0.05	0.01	0.11	0.82	0.37	0.2	0.14818558320746006	0.094	0.071
2	['Ag', 'Ir', 'Pd', 'Pt', 'Ru']	22	[0.054 0.008 0.779 0.11  0.049]	[-0.068  0.03   0.023  0.081 -0.067]	0.74	1.67	1.76	0.42	0.02	0.05	0.01	0.11	0.82	0.37	0.2	0.13829472896437994	0.132	0.071
3	['Ag', 'Ir', 'Pd', 'Pt', 'Ru']	22	[0.157 0.019 0.608 0.062 0.154]	[ 0.036 -0.125 -0.065  0.017  0.136]	0.74	1.67	1.76	0.42	0.02	0.05	0.01	0.11	0.82	0.37	0.2	0.11825392721223624	0.217	0.071
4	['Ag', 'Ir', 'Pd', 'Pt', 'Ru']	22	[0.007 0.003 0.78  0.006 0.204]	[-0.153  0.005  0.019  0.018  0.111]	0.74	1.67	1.76	0.42	0.02	0.05	0.01	0.11	0.82	0.37	0.2	0.15092197397303136	0.141	0.071
0	['Ag', 'Ir', 'Pd', 'Pt', 'Ru']	23	[0.135 0.046 0.725 0.045 0.049]	[ 0.09   0.045 -0.171  0.022  0.014]	0.74	1.67	1.76	0.42	0.02	0.05	0.01	0.11	0.82	0.37	0.2	0.135171853370886	0.117	0.071
1	['Ag', 'Ir', 'Pd', 'Pt', 'Ru']	23	[0.053 0.032 0.7   0.001 0.214]	[ 0.09  -0.046 -0.13  -0.024  0.11 ]	0.74	1.67	1.76	0.42	0.02	0.05	0.01	0.11	0.82	0.37	0.2	0.13132775369350255	0.162	0.071
2	['Ag', 'Ir', 'Pd', 'Pt', 'Ru']	23	[0.102 0.098 0.675 0.068 0.057]	[-0.016  0.027 -0.16   0.109  0.039]	0.74	1.67	1.76	0.42	0.02	0.05	0.01	0.11	0.82	0.37	0.2	0.11900876852957637	0.178	0.071
3	['Ag', 'Ir', 'Pd', 'Pt', 'Ru']	23	[0.058 0.022 0.762 0.003 0.155]	[-0.105  0.026  0.153 -0.072 -0.002]	0.74	1.67	1.76	0.42	0.02	0.05	0.01	0.11	0.82	0.37	0.2	0.1483160943765276	0.082	0.071
4	['Ag', 'Ir', 'Pd', 'Pt', 'Ru']	23	[0.062 0.044 0.769 0.042 0.083]	[ 0.063  0.049 -0.033  0.043 -0.122]	0.74	1.67	1.76	0.42	0.02	0.05	0.01	0.11	0.82	0.37	0.2	0.13861412573080872	0.08	0.071
0	['Ag', 'Ir', 'Pd', 'Pt', 'Ru']	24	[0.075 0.008 0.719 0.03  0.168]	[-0.133  0.015 -0.052  0.035  0.135]	0.74	1.67	1.76	0.42	0.02	0.05	0.01	0.11	0.82	0.37	0.2	0.1388528605523099	0.113	0.071
1	['Ag', 'Ir', 'Pd', 'Pt', 'Ru']	24	[0.094 0.066 0.741 0.007 0.092]	[ 0.071  0.105 -0.116  0.035 -0.096]	0.74	1.67	1.76	0.42	0.02	0.05	0.01	0.11	0.82	0.37	0.2	0.13819192354587903	0.089	0.071
2	['Ag', 'Ir', 'Pd', 'Pt', 'Ru']	24	[0.083 0.017 0.614 0.058 0.228]	[-0.019 -0.081 -0.062 -0.01   0.171]	0.74	1.67	1.76	0.42	0.02	0.05	0.01	0.11	0.82	0.37	0.2	0.11140620290265812	0.234	0.071
3	['Ag', 'Ir', 'Pd', 'Pt', 'Ru']	24	[0.096 0.066 0.659 0.112 0.067]	[ 0.05   0.057 -0.125  0.105 -0.087]	0.74	1.67	1.76	0.42	0.02	0.05	0.01	0.11	0.82	0.37	0.2	0.11259346685870156	0.195	0.071
4	['Ag', 'Ir', 'Pd', 'Pt', 'Ru']	24	[0.101 0.006 0.744 0.045 0.104]	[ 0.043  0.    -0.129  0.091 -0.005]	0.74	1.67	1.76	0.42	0.02	0.05	0.01	0.11	0.82	0.37	0.2	0.145574701244429	0.072	0.071
0	['Ag', 'Ir', 'Pd', 'Pt', 'Ru']	25	[0.153 0.008 0.788 0.04  0.011]	[ 0.114  0.047 -0.064  0.041 -0.138]	0.74	1.67	1.76	0.42	0.02	0.05	0.01	0.11	0.82	0.37	0.2	0.14254304903377507	0.112	0.071
1	['Ag', 'Ir', 'Pd', 'Pt', 'Ru']	25	[0.026 0.089 0.712 0.076 0.097]	[-0.119  0.129 -0.063  0.071 -0.018]	0.74	1.67	1.76	0.42	0.02	0.05	0.01	0.11	0.82	0.37	0.2	0.11631758666922609	0.164	0.071
2	['Ag', 'Ir', 'Pd', 'Pt', 'Ru']	25	[0.08  0.005 0.773 0.026 0.116]	[-0.01   0.013  0.155 -0.039 -0.119]	0.74	1.67	1.76	0.42	0.02	0.05	0.01	0.11	0.82	0.37	0.2	0.15410822941909705	0.046	0.071
3	['Ag', 'Ir', 'Pd', 'Pt', 'Ru']	25	[0.117 0.017 0.788 0.002 0.076]	[ 0.056  0.111 -0.124 -0.086  0.043]	0.74	1.67	1.76	0.42	0.02	0.05	0.01	0.11	0.82	0.37	0.2	0.15421131831063206	0.036	0.071
4	['Ag', 'Ir', 'Pd', 'Pt', 'Ru']	25	[0.1   0.021 0.759 0.041 0.079]	[-0.001  0.015  0.015 -0.004 -0.025]	0.74	1.67	1.76	0.42	0.02	0.05	0.01	0.11	0.82	0.37	0.2	0.14124934628324184	0.065	0.071
0	['Ag', 'Ir', 'Pd', 'Pt', 'Ru']	26	[0.145 0.002 0.689 0.062 0.102]	[-0.021 -0.018 -0.128  0.072  0.095]	0.74	1.67	1.76	0.42	0.02	0.05	0.01	0.11	0.82	0.37	0.2	0.13603849523561065	0.135	0.071
1	['Ag', 'Ir', 'Pd', 'Pt', 'Ru']	26	[0.008 0.07  0.754 0.13  0.038]	[-0.066  0.136  0.019  0.036 -0.125]	0.74	1.67	1.76	0.42	0.02	0.05	0.01	0.11	0.82	0.37	0.2	0.11932513337842018	0.19	0.071
2	['Ag', 'Ir', 'Pd', 'Pt', 'Ru']	26	[0.161 0.039 0.673 0.083 0.044]	[ 0.03  -0.018 -0.16   0.041  0.107]	0.74	1.67	1.76	0.42	0.02	0.05	0.01	0.11	0.82	0.37	0.2	0.12722241389731775	0.177	0.071
3	['Ag', 'Ir', 'Pd', 'Pt', 'Ru']	26	[0.066 0.043 0.712 0.051 0.128]	[-0.051  0.032 -0.076  0.035  0.061]	0.74	1.67	1.76	0.42	0.02	0.05	0.01	0.11	0.82	0.37	0.2	0.12988923627090276	0.119	0.071
4	['Ag', 'Ir', 'Pd', 'Pt', 'Ru']	26	[0.13  0.364 0.137 0.284 0.085]	[ 0.124  0.207 -0.616  0.219  0.067]	0.74	1.67	1.76	0.42	0.02	0.05	0.01	0.11	0.82	0.37	0.2	0.027004607268378035	0.809	0.071
0	['Ag', 'Ir', 'Pd', 'Pt', 'Ru']	27	[0.116 0.03  0.771 0.014 0.069]	[-0.061 -0.003  0.096  0.035 -0.067]	0.74	1.67	1.76	0.42	0.02	0.05	0.01	0.11	0.82	0.37	0.2	0.1487835480652187	0.056	0.071
1	['Ag', 'Ir', 'Pd', 'Pt', 'Ru']	27	[0.114 0.004 0.751 0.002 0.129]	[ 0.106 -0.066 -0.002 -0.128  0.091]	0.74	1.67	1.76	0.42	0.02	0.05	0.01	0.11	0.82	0.37	0.2	0.15385865834214307	0.059	0.071
2	['Ag', 'Ir', 'Pd', 'Pt', 'Ru']	27	[0.042 0.088 0.706 0.019 0.145]	[-0.17   0.019  0.004  0.069  0.078]	0.74	1.67	1.76	0.42	0.02	0.05	0.01	0.11	0.82	0.37	0.2	0.11874341030288807	0.149	0.071
3	['Ag', 'Ir', 'Pd', 'Pt', 'Ru']	27	[0.07  0.026 0.704 0.064 0.136]	[ 0.105  0.053 -0.161  0.004 -0.001]	0.74	1.67	1.76	0.42	0.02	0.05	0.01	0.11	0.82	0.37	0.2	0.12806651459954285	0.127	0.071
4	['Ag', 'Ir', 'Pd', 'Pt', 'Ru']	27	[0.132 0.262 0.295 0.217 0.094]	[ 0.002 -0.102  0.158 -0.067  0.009]	0.74	1.67	1.76	0.42	0.02	0.05	0.01	0.11	0.82	0.37	0.2	0.040183077384028855	0.61	0.071
0	['Ag', 'Ir', 'Pd', 'Pt', 'Ru']	28	[0.117 0.119 0.682 0.027 0.055]	[ 0.001  0.109 -0.109  0.013 -0.014]	0.74	1.67	1.76	0.42	0.02	0.05	0.01	0.11	0.82	0.37	0.2	0.11799789934311732	0.176	0.071
1	['Ag', 'Ir', 'Pd', 'Pt', 'Ru']	28	[0.104 0.037 0.696 0.066 0.097]	[ 0.033  0.046 -0.151  0.069  0.003]	0.74	1.67	1.76	0.42	0.02	0.05	0.01	0.11	0.82	0.37	0.2	0.1288492128218937	0.129	0.071
2	['Ag', 'Ir', 'Pd', 'Pt', 'Ru']	28	[0.064 0.077 0.74  0.009 0.11 ]	[ 0.028  0.141 -0.135 -0.004 -0.029]	0.74	1.67	1.76	0.42	0.02	0.05	0.01	0.11	0.82	0.37	0.2	0.13276936690258606	0.105	0.071
3	['Ag', 'Ir', 'Pd', 'Pt', 'Ru']	28	[0.144 0.018 0.753 0.042 0.043]	[ 0.075 -0.037  0.04   0.08  -0.158]	0.74	1.67	1.76	0.42	0.02	0.05	0.01	0.11	0.82	0.37	0.2	0.141681324084481	0.097	0.071
4	['Ag', 'Ir', 'Pd', 'Pt', 'Ru']	28	[0.121 0.174 0.46  0.145 0.1  ]	[-0.011 -0.088  0.164 -0.072  0.006]	0.74	1.67	1.76	0.42	0.02	0.05	0.01	0.11	0.82	0.37	0.2	0.066626419220796	0.409	0.071
0	['Ag', 'Ir', 'Pd', 'Pt', 'Ru']	29	[0.151 0.038 0.774 0.005 0.032]	[-0.014  0.132  0.069 -0.093 -0.094]	0.74	1.67	1.76	0.42	0.02	0.05	0.01	0.11	0.82	0.37	0.2	0.14622722682956682	0.097	0.071
1	['Ag', 'Ir', 'Pd', 'Pt', 'Ru']	29	[0.089 0.078 0.712 0.089 0.032]	[-0.006  0.097  0.034  0.041 -0.166]	0.74	1.67	1.76	0.42	0.02	0.05	0.01	0.11	0.82	0.37	0.2	0.12105714057709319	0.163	0.071
2	['Ag', 'Ir', 'Pd', 'Pt', 'Ru']	29	[0.199 0.012 0.764 0.005 0.02 ]	[ 0.123  0.057 -0.008 -0.029 -0.144]	0.74	1.67	1.76	0.42	0.02	0.05	0.01	0.11	0.82	0.37	0.2	0.1453725287175049	0.133	0.071
3	['Ag', 'Ir', 'Pd', 'Pt', 'Ru']	29	[0.145 0.108 0.675 0.032 0.04 ]	[ 0.01   0.111 -0.124 -0.002  0.006]	0.74	1.67	1.76	0.42	0.02	0.05	0.01	0.11	0.82	0.37	0.2	0.12191683346768527	0.184	0.071
4	['Ag', 'Ir', 'Pd', 'Pt', 'Ru']	29	[0.111 0.082 0.629 0.096 0.082]	[-0.01  -0.092  0.169 -0.049 -0.018]	0.74	1.67	1.76	0.42	0.02	0.05	0.01	0.11	0.82	0.37	0.2	0.11155929925714335	0.214	0.071
0	['Ag', 'Ir', 'Pd', 'Pt', 'Ru']	30	[0.131 0.038 0.734 0.078 0.019]	[-0.009  0.011 -0.063  0.064 -0.002]	0.74	1.67	1.76	0.42	0.02	0.05	0.01	0.11	0.82	0.37	0.2	0.13185524769991666	0.139	0.071
1	['Ag', 'Ir', 'Pd', 'Pt', 'Ru']	30	[0.145 0.006 0.753 0.049 0.047]	[ 0.06  -0.083 -0.119  0.123  0.019]	0.74	1.67	1.76	0.42	0.02	0.05	0.01	0.11	0.82	0.37	0.2	0.14242742515985543	0.097	0.071
2	['Ag', 'Ir', 'Pd', 'Pt', 'Ru']	30	[0.063 0.107 0.737 0.049 0.044]	[-0.138  0.1   -0.071  0.048  0.06 ]	0.74	1.67	1.76	0.42	0.02	0.05	0.01	0.11	0.82	0.37	0.2	0.1238540245362363	0.149	0.071
3	['Ag', 'Ir', 'Pd', 'Pt', 'Ru']	30	[0.12  0.011 0.764 0.025 0.08 ]	[-0.031  0.11  -0.155  0.042  0.034]	0.74	1.67	1.76	0.42	0.02	0.05	0.01	0.11	0.82	0.37	0.2	0.14800093153561839	0.053	0.071
4	['Ag', 'Ir', 'Pd', 'Pt', 'Ru']	30	[0.068 0.025 0.767 0.122 0.018]	[-0.084  0.073  0.125 -0.006 -0.108]	0.74	1.67	1.76	0.42	0.02	0.05	0.01	0.11	0.82	0.37	0.2	0.1303914985334978	0.156	0.071
