ID	Elements	Generation	Position	Velocity	F_damp	F_b_best	F_h_best	F_g_best	F_b_worst	F_h_worst	F_g_worst	mut_prob	flip_prob	mut_rate	v_max	Activity	Distance	v_min
0	['Ag', 'Ir', 'Pd', 'Pt', 'Ru']	0	[0.8  0.05 0.05 0.05 0.05]	[-0.179  0.045  0.045  0.045  0.045]	0.63	1.11	1.0	1.76	0.08	0.11	0.02	0.13	0.54	0.19	0.2	0.027012725749533062	1.03	0.071
1	['Ag', 'Ir', 'Pd', 'Pt', 'Ru']	0	[0.05 0.8  0.05 0.05 0.05]	[ 0.045 -0.179  0.045  0.045  0.045]	0.63	1.11	1.0	1.76	0.08	0.11	0.02	0.13	0.54	0.19	0.2	0.007287080786378375	1.1	0.071
2	['Ag', 'Ir', 'Pd', 'Pt', 'Ru']	0	[0.05 0.05 0.8  0.05 0.05]	[ 0.045  0.045 -0.179  0.045  0.045]	0.63	1.11	1.0	1.76	0.08	0.11	0.02	0.13	0.54	0.19	0.2	0.1416984889241232	0.1	0.071
3	['Ag', 'Ir', 'Pd', 'Pt', 'Ru']	0	[0.05 0.05 0.05 0.8  0.05]	[ 0.045  0.045  0.045 -0.179  0.045]	0.63	1.11	1.0	1.76	0.08	0.11	0.02	0.13	0.54	0.19	0.2	0.031007911986536824	1.1	0.071
4	['Ag', 'Ir', 'Pd', 'Pt', 'Ru']	0	[0.05 0.05 0.05 0.05 0.8 ]	[ 0.045  0.045  0.045  0.045 -0.179]	0.63	1.11	1.0	1.76	0.08	0.11	0.02	0.13	0.54	0.19	0.2	0.015787588371734072	1.03	0.071
0	['Ag', 'Ir', 'Pd', 'Pt', 'Ru']	1	[0.659 0.045 0.192 0.052 0.052]	[-0.141 -0.005  0.142  0.002  0.002]	0.63	1.11	1.0	1.76	0.08	0.11	0.02	0.13	0.54	0.19	0.2	0.06749064850572002	0.83	0.071
1	['Ag', 'Ir', 'Pd', 'Pt', 'Ru']	1	[0.052 0.655 0.189 0.052 0.052]	[ 0.002 -0.144  0.139  0.002  0.002]	0.63	1.11	1.0	1.76	0.08	0.11	0.02	0.13	0.54	0.19	0.2	0.01185368903703259	0.9	0.071
2	['Ag', 'Ir', 'Pd', 'Pt', 'Ru']	1	[0.07  0.019 0.775 0.068 0.068]	[ 0.002  0.059 -0.062  0.001  0.001]	0.63	1.11	1.0	1.76	0.08	0.11	0.02	0.13	0.54	0.19	0.2	0.14107618400626024	0.087	0.071
3	['Ag', 'Ir', 'Pd', 'Pt', 'Ru']	1	[0.052 0.045 0.192 0.659 0.052]	[ 0.002 -0.005  0.142 -0.141  0.002]	0.63	1.11	1.0	1.76	0.08	0.11	0.02	0.13	0.54	0.19	0.2	0.025467246062506423	0.9	0.071
4	['Ag', 'Ir', 'Pd', 'Pt', 'Ru']	1	[0.057 0.05  0.184 0.057 0.652]	[ 0.007 -0.     0.134  0.007 -0.148]	0.63	1.11	1.0	1.76	0.08	0.11	0.02	0.13	0.54	0.19	0.2	0.03596128059116861	0.832	0.071
0	['Ag', 'Ir', 'Pd', 'Pt', 'Ru']	2	[0.527 0.033 0.342 0.049 0.049]	[-0.132 -0.012  0.15  -0.003 -0.003]	0.63	1.11	1.0	1.76	0.08	0.11	0.02	0.13	0.54	0.19	0.2	0.09941812454589846	0.631	0.071
1	['Ag', 'Ir', 'Pd', 'Pt', 'Ru']	2	[0.055 0.51  0.325 0.055 0.055]	[ 0.003 -0.146  0.136  0.003  0.003]	0.63	1.11	1.0	1.76	0.08	0.11	0.02	0.13	0.54	0.19	0.2	0.02114027952053901	0.702	0.071
2	['Ag', 'Ir', 'Pd', 'Pt', 'Ru']	2	[0.059 0.102 0.715 0.062 0.062]	[-0.013  0.115 -0.091 -0.006 -0.006]	0.63	1.11	1.0	1.76	0.08	0.11	0.02	0.13	0.54	0.19	0.2	0.11973845539430211	0.157	0.071
3	['Ag', 'Ir', 'Pd', 'Pt', 'Ru']	2	[0.053 0.036 0.337 0.521 0.053]	[ 0.001 -0.009  0.145 -0.138  0.001]	0.63	1.11	1.0	1.76	0.08	0.11	0.02	0.13	0.54	0.19	0.2	0.038745871188484195	0.701	0.071
4	['Ag', 'Ir', 'Pd', 'Pt', 'Ru']	2	[0.057 0.041 0.329 0.057 0.516]	[ 0.    -0.009  0.145  0.    -0.137]	0.63	1.11	1.0	1.76	0.08	0.11	0.02	0.13	0.54	0.19	0.2	0.046951310887163665	0.634	0.071
0	['Ag', 'Ir', 'Pd', 'Pt', 'Ru']	3	[0.383 0.035 0.482 0.05  0.05 ]	[-0.144  0.002  0.139  0.001  0.001]	0.63	1.11	1.0	1.76	0.08	0.11	0.02	0.13	0.54	0.19	0.2	0.11004127700310197	0.433	0.071
1	['Ag', 'Ir', 'Pd', 'Pt', 'Ru']	3	[0.055 0.369 0.466 0.055 0.055]	[-0.    -0.141  0.142  0.    -0.   ]	0.63	1.11	1.0	1.76	0.08	0.11	0.02	0.13	0.54	0.19	0.2	0.044424805202147914	0.505	0.071
2	['Ag', 'Ir', 'Pd', 'Pt', 'Ru']	3	[0.078 0.049 0.717 0.078 0.078]	[ 0.07  -0.042 -0.158  0.065  0.065]	0.63	1.11	1.0	1.76	0.08	0.11	0.02	0.13	0.54	0.19	0.2	0.1255426690044207	0.128	0.071
3	['Ag', 'Ir', 'Pd', 'Pt', 'Ru']	3	[0.125 0.11  0.243 0.397 0.125]	[ 0.072  0.074 -0.094 -0.124  0.072]	0.63	1.11	1.0	1.76	0.08	0.11	0.02	0.13	0.54	0.19	0.2	0.03801447218576454	0.694	0.071
4	['Ag', 'Ir', 'Pd', 'Pt', 'Ru']	3	[0.056 0.041 0.472 0.056 0.375]	[-0.001  0.     0.142 -0.001 -0.141]	0.63	1.11	1.0	1.76	0.08	0.11	0.02	0.13	0.54	0.19	0.2	0.06819161403998066	0.436	0.071
0	['Ag', 'Ir', 'Pd', 'Pt', 'Ru']	4	[0.24  0.037 0.621 0.049 0.053]	[-0.143  0.002  0.139 -0.001  0.003]	0.63	1.11	1.0	1.76	0.08	0.11	0.02	0.13	0.54	0.19	0.2	0.12253978888090256	0.24	0.071
1	['Ag', 'Ir', 'Pd', 'Pt', 'Ru']	4	[0.056 0.228 0.608 0.052 0.056]	[ 0.001 -0.141  0.142 -0.003  0.001]	0.63	1.11	1.0	1.76	0.08	0.11	0.02	0.13	0.54	0.19	0.2	0.08296209728580382	0.309	0.071
2	['Ag', 'Ir', 'Pd', 'Pt', 'Ru']	4	[0.14  0.049 0.712 0.037 0.062]	[ 0.037  0.069 -0.154  0.09  -0.042]	0.63	1.11	1.0	1.76	0.08	0.11	0.02	0.13	0.54	0.19	0.2	0.13361204005364852	0.121	0.071
3	['Ag', 'Ir', 'Pd', 'Pt', 'Ru']	4	[0.139 0.077 0.404 0.288 0.092]	[ 0.014 -0.033  0.16  -0.109 -0.033]	0.63	1.11	1.0	1.76	0.08	0.11	0.02	0.13	0.54	0.19	0.2	0.06403049857118273	0.497	0.071
4	['Ag', 'Ir', 'Pd', 'Pt', 'Ru']	4	[0.057 0.041 0.615 0.052 0.235]	[ 0.001  0.     0.143 -0.004 -0.14 ]	0.63	1.11	1.0	1.76	0.08	0.11	0.02	0.13	0.54	0.19	0.2	0.10539855832473911	0.242	0.071
0	['Ag', 'Ir', 'Pd', 'Pt', 'Ru']	5	[0.098 0.037 0.761 0.054 0.05 ]	[-0.142  0.     0.14   0.005 -0.003]	0.63	1.11	1.0	1.76	0.08	0.11	0.02	0.13	0.54	0.19	0.2	0.13779636580154167	0.091	0.071
1	['Ag', 'Ir', 'Pd', 'Pt', 'Ru']	5	[0.067 0.082 0.743 0.058 0.05 ]	[ 0.011 -0.146  0.136  0.006 -0.006]	0.63	1.11	1.0	1.76	0.08	0.11	0.02	0.13	0.54	0.19	0.2	0.12658608810385893	0.13	0.071
2	['Ag', 'Ir', 'Pd', 'Pt', 'Ru']	5	[0.022 0.082 0.761 0.095 0.04 ]	[ 0.137  0.009 -0.134  0.034 -0.046]	0.63	1.11	1.0	1.76	0.08	0.11	0.02	0.13	0.54	0.19	0.2	0.12071372105101862	0.164	0.071
3	['Ag', 'Ir', 'Pd', 'Pt', 'Ru']	5	[0.206 0.151 0.265 0.215 0.163]	[ 0.067  0.074 -0.14  -0.073  0.071]	0.63	1.11	1.0	1.76	0.08	0.11	0.02	0.13	0.54	0.19	0.2	0.04011007116466303	0.609	0.071
4	['Ag', 'Ir', 'Pd', 'Pt', 'Ru']	5	[0.072 0.042 0.753 0.041 0.092]	[ 0.015  0.001  0.138 -0.011 -0.143]	0.63	1.11	1.0	1.76	0.08	0.11	0.02	0.13	0.54	0.19	0.2	0.1385643597024971	0.081	0.071
0	['Ag', 'Ir', 'Pd', 'Pt', 'Ru']	6	[0.016 0.102 0.651 0.096 0.135]	[ 0.08   0.032 -0.172  0.005  0.055]	0.63	1.11	1.0	1.76	0.08	0.11	0.02	0.13	0.54	0.19	0.2	0.0957381945982231	0.224	0.071
1	['Ag', 'Ir', 'Pd', 'Pt', 'Ru']	6	[0.076 0.093 0.684 0.061 0.086]	[-0.006  0.138 -0.142 -0.012  0.022]	0.63	1.11	1.0	1.76	0.08	0.11	0.02	0.13	0.54	0.19	0.2	0.11801219117188358	0.163	0.071
2	['Ag', 'Ir', 'Pd', 'Pt', 'Ru']	6	[0.142 0.016 0.764 0.018 0.06 ]	[ 0.085  0.048 -0.154  0.067 -0.046]	0.63	1.11	1.0	1.76	0.08	0.11	0.02	0.13	0.54	0.19	0.2	0.14970205865034128	0.072	0.071
3	['Ag', 'Ir', 'Pd', 'Pt', 'Ru']	6	[0.157 0.108 0.443 0.162 0.13 ]	[-0.049 -0.043  0.178 -0.053 -0.033]	0.63	1.11	1.0	1.76	0.08	0.11	0.02	0.13	0.54	0.19	0.2	0.07341341784795143	0.412	0.071
4	['Ag', 'Ir', 'Pd', 'Pt', 'Ru']	6	[0.09  0.075 0.675 0.075 0.085]	[-0.008  0.007 -0.145  0.008  0.138]	0.63	1.11	1.0	1.76	0.08	0.11	0.02	0.13	0.54	0.19	0.2	0.11831263574566254	0.165	0.071
0	['Ag', 'Ir', 'Pd', 'Pt', 'Ru']	7	[0.126 0.025 0.759 0.021 0.069]	[ 0.11  -0.077  0.109 -0.075 -0.066]	0.63	1.11	1.0	1.76	0.08	0.11	0.02	0.13	0.54	0.19	0.2	0.14681577971730683	0.066	0.071
1	['Ag', 'Ir', 'Pd', 'Pt', 'Ru']	7	[0.156 0.012 0.776 0.012 0.044]	[ 0.065  0.087 -0.148  0.055 -0.058]	0.63	1.11	1.0	1.76	0.08	0.11	0.02	0.13	0.54	0.19	0.2	0.14665935577351893	0.084	0.071
2	['Ag', 'Ir', 'Pd', 'Pt', 'Ru']	7	[0.201 0.017 0.721 0.039 0.022]	[ 0.059  0.001 -0.044  0.021 -0.038]	0.63	1.11	1.0	1.76	0.08	0.11	0.02	0.13	0.54	0.19	0.2	0.13530336906462234	0.156	0.071
3	['Ag', 'Ir', 'Pd', 'Pt', 'Ru']	7	[0.127 0.135 0.602 0.061 0.075]	[-0.03   0.027  0.159 -0.101 -0.055]	0.63	1.11	1.0	1.76	0.08	0.11	0.02	0.13	0.54	0.19	0.2	0.10135408592219683	0.25	0.071
4	['Ag', 'Ir', 'Pd', 'Pt', 'Ru']	7	[0.076 0.095 0.766 0.06  0.003]	[-0.046 -0.003  0.086  0.103 -0.14 ]	0.63	1.11	1.0	1.76	0.08	0.11	0.02	0.13	0.54	0.19	0.2	0.12972779831842074	0.154	0.071
0	['Ag', 'Ir', 'Pd', 'Pt', 'Ru']	8	[0.176 0.103 0.636 0.061 0.024]	[ 0.047  0.093 -0.152  0.061 -0.048]	0.63	1.11	1.0	1.76	0.08	0.11	0.02	0.13	0.54	0.19	0.2	0.11358242714549524	0.23	0.071
1	['Ag', 'Ir', 'Pd', 'Pt', 'Ru']	8	[0.153 0.006 0.734 0.054 0.053]	[-0.007  0.011 -0.048  0.039  0.005]	0.63	1.11	1.0	1.76	0.08	0.11	0.02	0.13	0.54	0.19	0.2	0.14213452960190226	0.111	0.071
2	['Ag', 'Ir', 'Pd', 'Pt', 'Ru']	8	[0.121 0.056 0.706 0.048 0.069]	[-0.071  0.065 -0.133  0.031  0.109]	0.63	1.11	1.0	1.76	0.08	0.11	0.02	0.13	0.54	0.19	0.2	0.13023881317671213	0.125	0.071
3	['Ag', 'Ir', 'Pd', 'Pt', 'Ru']	8	[0.13  0.045 0.766 0.004 0.055]	[-0.022 -0.119  0.147  0.041 -0.046]	0.63	1.11	1.0	1.76	0.08	0.11	0.02	0.13	0.54	0.19	0.2	0.14605512953675742	0.078	0.071
4	['Ag', 'Ir', 'Pd', 'Pt', 'Ru']	8	[0.052 0.084 0.71  0.057 0.097]	[-0.051  0.131 -0.121 -0.029  0.07 ]	0.63	1.11	1.0	1.76	0.08	0.11	0.02	0.13	0.54	0.19	0.2	0.12059450664071357	0.144	0.071
0	['Ag', 'Ir', 'Pd', 'Pt', 'Ru']	9	[0.115 0.018 0.793 0.011 0.063]	[-0.061 -0.085  0.158 -0.05   0.039]	0.63	1.11	1.0	1.76	0.08	0.11	0.02	0.13	0.54	0.19	0.2	0.15447777384696335	0.046	0.071
1	['Ag', 'Ir', 'Pd', 'Pt', 'Ru']	9	[0.079 0.116 0.11  0.572 0.123]	[-0.079  0.091 -0.522  0.445  0.066]	0.63	1.11	1.0	1.76	0.08	0.11	0.02	0.13	0.54	0.19	0.2	0.03413870149979745	0.904	0.071
2	['Ag', 'Ir', 'Pd', 'Pt', 'Ru']	9	[0.155 0.038 0.706 0.056 0.045]	[ 0.03   0.077 -0.161  0.081 -0.028]	0.63	1.11	1.0	1.76	0.08	0.11	0.02	0.13	0.54	0.19	0.2	0.13211361178260833	0.14	0.071
3	['Ag', 'Ir', 'Pd', 'Pt', 'Ru']	9	[0.15  0.148 0.646 0.007 0.049]	[ 0.013  0.139 -0.142  0.004 -0.013]	0.63	1.11	1.0	1.76	0.08	0.11	0.02	0.13	0.54	0.19	0.2	0.11533993398187838	0.225	0.071
4	['Ag', 'Ir', 'Pd', 'Pt', 'Ru']	9	[0.159 0.004 0.775 0.033 0.029]	[ 0.123 -0.065 -0.096  0.092 -0.053]	0.63	1.11	1.0	1.76	0.08	0.11	0.02	0.13	0.54	0.19	0.2	0.14189397447596802	0.101	0.071
0	['Ag', 'Ir', 'Pd', 'Pt', 'Ru']	10	[0.089 0.091 0.593 0.117 0.11 ]	[-0.042  0.077 -0.154  0.087  0.033]	0.63	1.11	1.0	1.76	0.08	0.11	0.02	0.13	0.54	0.19	0.2	0.0971188085780691	0.255	0.071
1	['Ag', 'Ir', 'Pd', 'Pt', 'Ru']	10	[0.088 0.089 0.264 0.45  0.109]	[ 0.009 -0.027  0.154 -0.123 -0.014]	0.63	1.11	1.0	1.76	0.08	0.11	0.02	0.13	0.54	0.19	0.2	0.03629438161015451	0.706	0.071
2	['Ag', 'Ir', 'Pd', 'Pt', 'Ru']	10	[0.116 0.014 0.711 0.083 0.076]	[-0.025 -0.01  -0.141  0.131  0.046]	0.63	1.11	1.0	1.76	0.08	0.11	0.02	0.13	0.54	0.19	0.2	0.1299912088050727	0.126	0.071
3	['Ag', 'Ir', 'Pd', 'Pt', 'Ru']	10	[0.115 0.028 0.782 0.026 0.049]	[ 0.031 -0.073 -0.134  0.102  0.074]	0.63	1.11	1.0	1.76	0.08	0.11	0.02	0.13	0.54	0.19	0.2	0.14639241487187762	0.068	0.071
4	['Ag', 'Ir', 'Pd', 'Pt', 'Ru']	10	[0.159 0.069 0.66  0.071 0.041]	[-0.01   0.05  -0.123  0.08   0.003]	0.63	1.11	1.0	1.76	0.08	0.11	0.02	0.13	0.54	0.19	0.2	0.12021931434119253	0.191	0.071
0	['Ag', 'Ir', 'Pd', 'Pt', 'Ru']	11	[0.195 0.117 0.432 0.1   0.156]	[ 0.106  0.026 -0.16  -0.017  0.046]	0.63	1.11	1.0	1.76	0.08	0.11	0.02	0.13	0.54	0.19	0.2	0.07141614120418766	0.414	0.071
1	['Ag', 'Ir', 'Pd', 'Pt', 'Ru']	11	[0.1   0.063 0.418 0.326 0.093]	[ 0.012 -0.026  0.154 -0.124 -0.016]	0.63	1.11	1.0	1.76	0.08	0.11	0.02	0.13	0.54	0.19	0.2	0.0615384169770848	0.506	0.071
2	['Ag', 'Ir', 'Pd', 'Pt', 'Ru']	11	[0.033 0.106 0.71  0.14  0.011]	[-0.051  0.114 -0.122  0.091 -0.033]	0.63	1.11	1.0	1.76	0.08	0.11	0.02	0.13	0.54	0.19	0.2	0.10651537609357954	0.227	0.071
3	['Ag', 'Ir', 'Pd', 'Pt', 'Ru']	11	[0.081 0.1   0.74  0.025 0.054]	[-0.036  0.104 -0.082  0.004  0.011]	0.63	1.11	1.0	1.76	0.08	0.11	0.02	0.13	0.54	0.19	0.2	0.12997243186876453	0.129	0.071
4	['Ag', 'Ir', 'Pd', 'Pt', 'Ru']	11	[0.089 0.109 0.774 0.027 0.001]	[-0.043  0.071 -0.135  0.121 -0.015]	0.63	1.11	1.0	1.76	0.08	0.11	0.02	0.13	0.54	0.19	0.2	0.13291237753798063	0.152	0.071
0	['Ag', 'Ir', 'Pd', 'Pt', 'Ru']	12	[0.154 0.079 0.611 0.051 0.105]	[-0.041 -0.038  0.179 -0.049 -0.051]	0.63	1.11	1.0	1.76	0.08	0.11	0.02	0.13	0.54	0.19	0.2	0.11321916984515489	0.218	0.071
1	['Ag', 'Ir', 'Pd', 'Pt', 'Ru']	12	[0.102 0.075 0.564 0.194 0.065]	[ 0.002  0.012  0.147 -0.132 -0.028]	0.63	1.11	1.0	1.76	0.08	0.11	0.02	0.13	0.54	0.19	0.2	0.09010516284683096	0.317	0.071
2	['Ag', 'Ir', 'Pd', 'Pt', 'Ru']	12	[0.039 0.083 0.756 0.027 0.095]	[ 0.088 -0.001 -0.103 -0.096  0.112]	0.63	1.11	1.0	1.76	0.08	0.11	0.02	0.13	0.54	0.19	0.2	0.1283791563456196	0.115	0.071
3	['Ag', 'Ir', 'Pd', 'Pt', 'Ru']	12	[0.124 0.069 0.718 0.074 0.015]	[ 0.004  0.116 -0.16   0.01   0.03 ]	0.63	1.11	1.0	1.76	0.08	0.11	0.02	0.13	0.54	0.19	0.2	0.12780962195849602	0.157	0.071
4	['Ag', 'Ir', 'Pd', 'Pt', 'Ru']	12	[0.139 0.076 0.746 0.019 0.02 ]	[ 0.026  0.151 -0.119 -0.045 -0.012]	0.63	1.11	1.0	1.76	0.08	0.11	0.02	0.13	0.54	0.19	0.2	0.1321095733549616	0.13	0.071
0	['Ag', 'Ir', 'Pd', 'Pt', 'Ru']	13	[0.112 0.033 0.79  0.009 0.056]	[-0.042 -0.046  0.179 -0.042 -0.049]	0.63	1.11	1.0	1.76	0.08	0.11	0.02	0.13	0.54	0.19	0.2	0.15008004701027	0.058	0.071
1	['Ag', 'Ir', 'Pd', 'Pt', 'Ru']	13	[0.124 0.044 0.711 0.065 0.056]	[ 0.022 -0.031  0.147 -0.129 -0.009]	0.63	1.11	1.0	1.76	0.08	0.11	0.02	0.13	0.54	0.19	0.2	0.1312950780300412	0.129	0.071
2	['Ag', 'Ir', 'Pd', 'Pt', 'Ru']	13	[0.154 0.053 0.702 0.019 0.072]	[ 0.111  0.103 -0.104 -0.045 -0.065]	0.63	1.11	1.0	1.76	0.08	0.11	0.02	0.13	0.54	0.19	0.2	0.13450188414430464	0.128	0.071
3	['Ag', 'Ir', 'Pd', 'Pt', 'Ru']	13	[0.103 0.01  0.735 0.086 0.066]	[-0.014 -0.053 -0.126  0.133  0.06 ]	0.63	1.11	1.0	1.76	0.08	0.11	0.02	0.13	0.54	0.19	0.2	0.13163063900352695	0.114	0.071
4	['Ag', 'Ir', 'Pd', 'Pt', 'Ru']	13	[0.149 0.046 0.698 0.056 0.051]	[-0.01   0.092 -0.137  0.042  0.011]	0.63	1.11	1.0	1.76	0.08	0.11	0.02	0.13	0.54	0.19	0.2	0.13159060946247716	0.143	0.071
0	['Ag', 'Ir', 'Pd', 'Pt', 'Ru']	14	[0.098 0.121 0.609 0.07  0.102]	[-0.038  0.112 -0.15   0.052  0.024]	0.63	1.11	1.0	1.76	0.08	0.11	0.02	0.13	0.54	0.19	0.2	0.10459266529155031	0.237	0.071
1	['Ag', 'Ir', 'Pd', 'Pt', 'Ru']	14	[0.13  0.039 0.701 0.06  0.07 ]	[-0.004  0.064 -0.161  0.099  0.004]	0.63	1.11	1.0	1.76	0.08	0.11	0.02	0.13	0.54	0.19	0.2	0.1312256192837763	0.129	0.071
2	['Ag', 'Ir', 'Pd', 'Pt', 'Ru']	14	[0.154 0.028 0.709 0.064 0.045]	[ 0.033  0.002 -0.155  0.122 -0.001]	0.63	1.11	1.0	1.76	0.08	0.11	0.02	0.13	0.54	0.19	0.2	0.13344306315013704	0.138	0.071
3	['Ag', 'Ir', 'Pd', 'Pt', 'Ru']	14	[0.123 0.007 0.706 0.098 0.066]	[ 0.013 -0.011 -0.138  0.144 -0.008]	0.63	1.11	1.0	1.76	0.08	0.11	0.02	0.13	0.54	0.19	0.2	0.12933597720803014	0.142	0.071
4	['Ag', 'Ir', 'Pd', 'Pt', 'Ru']	14	[0.137 0.041 0.718 0.05  0.054]	[ 0.     0.008 -0.153  0.128  0.017]	0.63	1.11	1.0	1.76	0.08	0.11	0.02	0.13	0.54	0.19	0.2	0.1341549284804803	0.12	0.071
0	['Ag', 'Ir', 'Pd', 'Pt', 'Ru']	15	[0.101 0.032 0.779 0.026 0.062]	[ 0.003 -0.089  0.169 -0.044 -0.04 ]	0.63	1.11	1.0	1.76	0.08	0.11	0.02	0.13	0.54	0.19	0.2	0.14492233518838452	0.06	0.071
1	['Ag', 'Ir', 'Pd', 'Pt', 'Ru']	15	[0.156 0.072 0.711 0.018 0.043]	[ 0.024  0.089 -0.158  0.074 -0.029]	0.63	1.11	1.0	1.76	0.08	0.11	0.02	0.13	0.54	0.19	0.2	0.13064139474146394	0.141	0.071
2	['Ag', 'Ir', 'Pd', 'Pt', 'Ru']	15	[0.098 0.035 0.725 0.04  0.102]	[-0.057  0.052 -0.141  0.091  0.056]	0.63	1.11	1.0	1.76	0.08	0.11	0.02	0.13	0.54	0.19	0.2	0.1349993839083124	0.092	0.071
3	['Ag', 'Ir', 'Pd', 'Pt', 'Ru']	15	[0.129 0.031 0.736 0.064 0.04 ]	[ 0.004  0.022 -0.139  0.139 -0.028]	0.63	1.11	1.0	1.76	0.08	0.11	0.02	0.13	0.54	0.19	0.2	0.1363765705694157	0.117	0.071
4	['Ag', 'Ir', 'Pd', 'Pt', 'Ru']	15	[0.149 0.094 0.687 0.051 0.019]	[ 0.006  0.099 -0.162 -0.005  0.062]	0.63	1.11	1.0	1.76	0.08	0.11	0.02	0.13	0.54	0.19	0.2	0.12287810334789194	0.182	0.071
0	['Ag', 'Ir', 'Pd', 'Pt', 'Ru']	16	[0.132 0.117 0.608 0.075 0.068]	[ 0.012  0.098 -0.161  0.064 -0.013]	0.63	1.11	1.0	1.76	0.08	0.11	0.02	0.13	0.54	0.19	0.2	0.10512606936419103	0.241	0.071
1	['Ag', 'Ir', 'Pd', 'Pt', 'Ru']	16	[0.112 0.066 0.719 0.017 0.086]	[-0.047  0.119 -0.144  0.031  0.041]	0.63	1.11	1.0	1.76	0.08	0.11	0.02	0.13	0.54	0.19	0.2	0.13383430012892353	0.107	0.071
2	['Ag', 'Ir', 'Pd', 'Pt', 'Ru']	16	[0.172 0.048 0.721 0.03  0.029]	[ 0.028  0.031 -0.169  0.024  0.086]	0.63	1.11	1.0	1.76	0.08	0.11	0.02	0.13	0.54	0.19	0.2	0.13615795774866518	0.14	0.071
3	['Ag', 'Ir', 'Pd', 'Pt', 'Ru']	16	[0.092 0.016 0.696 0.09  0.106]	[-0.04  -0.018 -0.134  0.128  0.064]	0.63	1.11	1.0	1.76	0.08	0.11	0.02	0.13	0.54	0.19	0.2	0.12644160330794615	0.139	0.071
4	['Ag', 'Ir', 'Pd', 'Pt', 'Ru']	16	[0.122 0.025 0.755 0.02  0.078]	[-0.042  0.099 -0.154  0.053  0.044]	0.63	1.11	1.0	1.76	0.08	0.11	0.02	0.13	0.54	0.19	0.2	0.1451375816194981	0.063	0.071
0	['Ag', 'Ir', 'Pd', 'Pt', 'Ru']	17	[0.104 0.03  0.779 0.022 0.065]	[-0.028 -0.087  0.17  -0.053 -0.003]	0.63	1.11	1.0	1.76	0.08	0.11	0.02	0.13	0.54	0.19	0.2	0.14737267208934118	0.055	0.071
1	['Ag', 'Ir', 'Pd', 'Pt', 'Ru']	17	[0.14  0.093 0.706 0.016 0.045]	[ 0.034  0.135 -0.139  0.005 -0.035]	0.63	1.11	1.0	1.76	0.08	0.11	0.02	0.13	0.54	0.19	0.2	0.12614723457190863	0.15	0.071
2	['Ag', 'Ir', 'Pd', 'Pt', 'Ru']	17	[0.059 0.029 0.77  0.005 0.137]	[-0.108  0.068 -0.099  0.026  0.114]	0.63	1.11	1.0	1.76	0.08	0.11	0.02	0.13	0.54	0.19	0.2	0.148470586829643	0.069	0.071
3	['Ag', 'Ir', 'Pd', 'Pt', 'Ru']	17	[0.132 0.016 0.74  0.051 0.061]	[ 0.045  0.003 -0.138  0.131 -0.042]	0.63	1.11	1.0	1.76	0.08	0.11	0.02	0.13	0.54	0.19	0.2	0.13972246341028605	0.095	0.071
4	['Ag', 'Ir', 'Pd', 'Pt', 'Ru']	17	[0.095 0.053 0.789 0.034 0.029]	[-0.012  0.055 -0.042  0.038 -0.039]	0.63	1.11	1.0	1.76	0.08	0.11	0.02	0.13	0.54	0.19	0.2	0.14041969488826286	0.096	0.071
0	['Ag', 'Ir', 'Pd', 'Pt', 'Ru']	18	[0.064 0.098 0.624 0.078 0.136]	[-0.057  0.086 -0.148  0.065  0.054]	0.63	1.11	1.0	1.76	0.08	0.11	0.02	0.13	0.54	0.19	0.2	0.09946499677047405	0.222	0.071
1	['Ag', 'Ir', 'Pd', 'Pt', 'Ru']	18	[0.101 0.061 0.742 0.003 0.093]	[-0.038  0.134 -0.134 -0.012  0.049]	0.63	1.11	1.0	1.76	0.08	0.11	0.02	0.13	0.54	0.19	0.2	0.14025954959616097	0.085	0.071
2	['Ag', 'Ir', 'Pd', 'Pt', 'Ru']	18	[0.167 0.043 0.759 0.025 0.006]	[ 0.108  0.014 -0.011  0.02  -0.131]	0.63	1.11	1.0	1.76	0.08	0.11	0.02	0.13	0.54	0.19	0.2	0.1354210690643012	0.132	0.071
3	['Ag', 'Ir', 'Pd', 'Pt', 'Ru']	18	[0.064 0.033 0.691 0.097 0.115]	[-0.067  0.019 -0.13   0.123  0.056]	0.63	1.11	1.0	1.76	0.08	0.11	0.02	0.13	0.54	0.19	0.2	0.11939106169082613	0.155	0.071
4	['Ag', 'Ir', 'Pd', 'Pt', 'Ru']	18	[0.084 0.033 0.749 0.002 0.132]	[-0.061  0.056 -0.107 -0.007  0.118]	0.63	1.11	1.0	1.76	0.08	0.11	0.02	0.13	0.54	0.19	0.2	0.14465458524995345	0.071	0.071
0	['Ag', 'Ir', 'Pd', 'Pt', 'Ru']	19	[0.085 0.025 0.79  0.013 0.087]	[ 0.021 -0.073  0.166 -0.065 -0.049]	0.63	1.11	1.0	1.76	0.08	0.11	0.02	0.13	0.54	0.19	0.2	0.1506417348815738	0.036	0.071
1	['Ag', 'Ir', 'Pd', 'Pt', 'Ru']	19	[0.141 0.116 0.691 0.002 0.05 ]	[ 0.042  0.137 -0.133 -0.004 -0.042]	0.63	1.11	1.0	1.76	0.08	0.11	0.02	0.13	0.54	0.19	0.2	0.12751800728376653	0.172	0.071
2	['Ag', 'Ir', 'Pd', 'Pt', 'Ru']	19	[0.064 0.03  0.757 0.012 0.137]	[-0.115  0.051 -0.085  0.02   0.128]	0.63	1.11	1.0	1.76	0.08	0.11	0.02	0.13	0.54	0.19	0.2	0.1456549741382748	0.075	0.071
3	['Ag', 'Ir', 'Pd', 'Pt', 'Ru']	19	[0.206 0.074 0.592 0.007 0.121]	[ 0.142  0.041 -0.1   -0.09   0.006]	0.63	1.11	1.0	1.76	0.08	0.11	0.02	0.13	0.54	0.19	0.2	0.11584305370987133	0.246	0.071
4	['Ag', 'Ir', 'Pd', 'Pt', 'Ru']	19	[0.196 0.044 0.691 0.062 0.007]	[ 0.076 -0.052 -0.141  0.011  0.107]	0.63	1.11	1.0	1.76	0.08	0.11	0.02	0.13	0.54	0.19	0.2	0.1262353664384193	0.188	0.071
0	['Ag', 'Ir', 'Pd', 'Pt', 'Ru']	20	[0.128 0.11  0.611 0.081 0.07 ]	[ 0.023  0.102 -0.152  0.068 -0.041]	0.63	1.11	1.0	1.76	0.08	0.11	0.02	0.13	0.54	0.19	0.2	0.10490357546116758	0.237	0.071
1	['Ag', 'Ir', 'Pd', 'Pt', 'Ru']	20	[0.124 0.04  0.755 0.019 0.062]	[-0.021  0.14  -0.141  0.013  0.008]	0.63	1.11	1.0	1.76	0.08	0.11	0.02	0.13	0.54	0.19	0.2	0.14481131094787505	0.077	0.071
2	['Ag', 'Ir', 'Pd', 'Pt', 'Ru']	20	[0.172 0.011 0.759 0.027 0.031]	[ 0.064 -0.012 -0.136 -0.041  0.124]	0.63	1.11	1.0	1.76	0.08	0.11	0.02	0.13	0.54	0.19	0.2	0.14375536613674425	0.112	0.071
3	['Ag', 'Ir', 'Pd', 'Pt', 'Ru']	20	[0.134 0.024 0.765 0.011 0.066]	[-0.073 -0.051  0.17   0.011 -0.056]	0.63	1.11	1.0	1.76	0.08	0.11	0.02	0.13	0.54	0.19	0.2	0.1523185712881789	0.065	0.071
4	['Ag', 'Ir', 'Pd', 'Pt', 'Ru']	20	[0.215 0.01  0.708 0.023 0.044]	[ 0.068  0.019 -0.175  0.032  0.057]	0.63	1.11	1.0	1.76	0.08	0.11	0.02	0.13	0.54	0.19	0.2	0.13999451819095124	0.16	0.071
0	['Ag', 'Ir', 'Pd', 'Pt', 'Ru']	21	[0.109 0.03  0.784 0.02  0.057]	[-0.019 -0.08   0.172 -0.061 -0.013]	0.63	1.11	1.0	1.76	0.08	0.11	0.02	0.13	0.54	0.19	0.2	0.1461312407962441	0.059	0.071
1	['Ag', 'Ir', 'Pd', 'Pt', 'Ru']	21	[0.148 0.061 0.72  0.018 0.053]	[ 0.018  0.076 -0.104  0.025 -0.015]	0.63	1.11	1.0	1.76	0.08	0.11	0.02	0.13	0.54	0.19	0.2	0.1349854342965096	0.122	0.071
2	['Ag', 'Ir', 'Pd', 'Pt', 'Ru']	21	[0.045 0.022 0.74  0.038 0.155]	[-0.129 -0.042 -0.015  0.048  0.138]	0.63	1.11	1.0	1.76	0.08	0.11	0.02	0.13	0.54	0.19	0.2	0.13682890600190534	0.108	0.071
3	['Ag', 'Ir', 'Pd', 'Pt', 'Ru']	21	[0.09  0.099 0.648 0.116 0.047]	[-0.046  0.085 -0.134  0.113 -0.018]	0.63	1.11	1.0	1.76	0.08	0.11	0.02	0.13	0.54	0.19	0.2	0.10735721290307955	0.222	0.071
4	['Ag', 'Ir', 'Pd', 'Pt', 'Ru']	21	[0.246 0.015 0.672 0.012 0.055]	[ 0.106 -0.002  0.004  0.053 -0.161]	0.63	1.11	1.0	1.76	0.08	0.11	0.02	0.13	0.54	0.19	0.2	0.13934002246038016	0.2	0.071
0	['Ag', 'Ir', 'Pd', 'Pt', 'Ru']	22	[0.104 0.109 0.602 0.089 0.096]	[-0.025  0.094 -0.159  0.071  0.019]	0.63	1.11	1.0	1.76	0.08	0.11	0.02	0.13	0.54	0.19	0.2	0.10304399575348652	0.243	0.071
1	['Ag', 'Ir', 'Pd', 'Pt', 'Ru']	22	[0.124 0.094 0.692 0.022 0.068]	[-0.02   0.135 -0.144  0.009  0.02 ]	0.63	1.11	1.0	1.76	0.08	0.11	0.02	0.13	0.54	0.19	0.2	0.12454742679013375	0.15	0.071
2	['Ag', 'Ir', 'Pd', 'Pt', 'Ru']	22	[0.03  0.045 0.708 0.032 0.185]	[-0.078  0.06  -0.135  0.083  0.07 ]	0.63	1.11	1.0	1.76	0.08	0.11	0.02	0.13	0.54	0.19	0.2	0.12368592842183977	0.154	0.071
3	['Ag', 'Ir', 'Pd', 'Pt', 'Ru']	22	[0.116 0.024 0.794 0.005 0.061]	[ 0.026 -0.075  0.146 -0.111  0.014]	0.63	1.11	1.0	1.76	0.08	0.11	0.02	0.13	0.54	0.19	0.2	0.1535994910585806	0.049	0.071
4	['Ag', 'Ir', 'Pd', 'Pt', 'Ru']	22	[0.132 0.028 0.776 0.034 0.03 ]	[-0.088  0.083 -0.123  0.096  0.032]	0.63	1.11	1.0	1.76	0.08	0.11	0.02	0.13	0.54	0.19	0.2	0.14471000029684303	0.092	0.071
0	['Ag', 'Ir', 'Pd', 'Pt', 'Ru']	23	[0.087 0.024 0.765 0.014 0.11 ]	[-0.017 -0.085  0.163 -0.075  0.014]	0.63	1.11	1.0	1.76	0.08	0.11	0.02	0.13	0.54	0.19	0.2	0.1460308698371467	0.048	0.071
1	['Ag', 'Ir', 'Pd', 'Pt', 'Ru']	23	[0.195 0.023 0.552 0.111 0.119]	[ 0.071 -0.071 -0.14   0.089  0.051]	0.63	1.11	1.0	1.76	0.08	0.11	0.02	0.13	0.54	0.19	0.2	0.1031633754165302	0.289	0.071
2	['Ag', 'Ir', 'Pd', 'Pt', 'Ru']	23	[0.136 0.013 0.792 0.017 0.042]	[ 0.106 -0.032  0.083 -0.015 -0.143]	0.63	1.11	1.0	1.76	0.08	0.11	0.02	0.13	0.54	0.19	0.2	0.15235464909406018	0.072	0.071
3	['Ag', 'Ir', 'Pd', 'Pt', 'Ru']	23	[0.133 0.071 0.58  0.149 0.067]	[ 0.008  0.062 -0.163  0.096 -0.003]	0.63	1.11	1.0	1.76	0.08	0.11	0.02	0.13	0.54	0.19	0.2	0.10108997229743696	0.279	0.071
4	['Ag', 'Ir', 'Pd', 'Pt', 'Ru']	23	[0.037 0.036 0.789 0.008 0.13 ]	[-0.088  0.017 -0.023 -0.018  0.112]	0.63	1.11	1.0	1.76	0.08	0.11	0.02	0.13	0.54	0.19	0.2	0.14700764205383832	0.08	0.071
0	['Ag', 'Ir', 'Pd', 'Pt', 'Ru']	24	[0.152 0.081 0.649 0.07  0.048]	[ 0.06   0.085 -0.139  0.067 -0.074]	0.63	1.11	1.0	1.76	0.08	0.11	0.02	0.13	0.54	0.19	0.2	0.1166759202630774	0.199	0.071
1	['Ag', 'Ir', 'Pd', 'Pt', 'Ru']	24	[0.154 0.009 0.727 0.04  0.07 ]	[-0.049  0.02   0.166 -0.079 -0.057]	0.63	1.11	1.0	1.76	0.08	0.11	0.02	0.13	0.54	0.19	0.2	0.14218463424817532	0.104	0.071
2	['Ag', 'Ir', 'Pd', 'Pt', 'Ru']	24	[0.143 0.065 0.671 0.065 0.056]	[ 0.002  0.049 -0.112  0.053  0.009]	0.63	1.11	1.0	1.76	0.08	0.11	0.02	0.13	0.54	0.19	0.2	0.12383465147340213	0.17	0.071
3	['Ag', 'Ir', 'Pd', 'Pt', 'Ru']	24	[0.059 0.02  0.691 0.225 0.005]	[-0.108  0.062  0.097  0.058 -0.109]	0.63	1.11	1.0	1.76	0.08	0.11	0.02	0.13	0.54	0.19	0.2	0.10405930519917828	0.271	0.071
4	['Ag', 'Ir', 'Pd', 'Pt', 'Ru']	24	[0.18  0.035 0.735 0.028 0.022]	[ 0.089 -0.003 -0.142 -0.043  0.099]	0.63	1.11	1.0	1.76	0.08	0.11	0.02	0.13	0.54	0.19	0.2	0.13694500785322491	0.137	0.071
0	['Ag', 'Ir', 'Pd', 'Pt', 'Ru']	25	[0.075 0.023 0.788 0.094 0.02 ]	[-0.048  0.126 -0.136  0.056  0.002]	0.63	1.11	1.0	1.76	0.08	0.11	0.02	0.13	0.54	0.19	0.2	0.13413642611517182	0.129	0.071
1	['Ag', 'Ir', 'Pd', 'Pt', 'Ru']	25	[0.139 0.048 0.673 0.08  0.06 ]	[-0.01   0.057 -0.154  0.112 -0.005]	0.63	1.11	1.0	1.76	0.08	0.11	0.02	0.13	0.54	0.19	0.2	0.1243149230413768	0.167	0.071
2	['Ag', 'Ir', 'Pd', 'Pt', 'Ru']	25	[0.088 0.083 0.759 0.069 0.001]	[-0.024  0.049 -0.136  0.134 -0.024]	0.63	1.11	1.0	1.76	0.08	0.11	0.02	0.13	0.54	0.19	0.2	0.12715096600590842	0.153	0.071
3	['Ag', 'Ir', 'Pd', 'Pt', 'Ru']	25	[0.099 0.022 0.785 0.056 0.038]	[ 0.04   0.002  0.094 -0.169  0.033]	0.63	1.11	1.0	1.76	0.08	0.11	0.02	0.13	0.54	0.19	0.2	0.14027069418925034	0.088	0.071
4	['Ag', 'Ir', 'Pd', 'Pt', 'Ru']	25	[0.054 0.002 0.779 0.022 0.143]	[-0.123  0.034 -0.08   0.044  0.125]	0.63	1.11	1.0	1.76	0.08	0.11	0.02	0.13	0.54	0.19	0.2	0.15749663485155127	0.07	0.071
0	['Ag', 'Ir', 'Pd', 'Pt', 'Ru']	26	[0.022 0.014 0.775 0.013 0.176]	[-0.101 -0.051 -0.058  0.073  0.137]	0.63	1.11	1.0	1.76	0.08	0.11	0.02	0.13	0.54	0.19	0.2	0.14784043480960385	0.113	0.071
1	['Ag', 'Ir', 'Pd', 'Pt', 'Ru']	26	[0.052 0.029 0.778 0.012 0.129]	[-0.056  0.102 -0.116 -0.037  0.107]	0.63	1.11	1.0	1.76	0.08	0.11	0.02	0.13	0.54	0.19	0.2	0.1490944675643027	0.068	0.071
2	['Ag', 'Ir', 'Pd', 'Pt', 'Ru']	26	[0.104 0.011 0.657 0.058 0.17 ]	[ 0.046 -0.072 -0.124  0.018  0.131]	0.63	1.11	1.0	1.76	0.08	0.11	0.02	0.13	0.54	0.19	0.2	0.12033991696142839	0.17	0.071
3	['Ag', 'Ir', 'Pd', 'Pt', 'Ru']	26	[0.041 0.009 0.716 0.083 0.151]	[-0.085 -0.014 -0.108  0.097  0.109]	0.63	1.11	1.0	1.76	0.08	0.11	0.02	0.13	0.54	0.19	0.2	0.12814017727996874	0.142	0.071
4	['Ag', 'Ir', 'Pd', 'Pt', 'Ru']	26	[0.034 0.009 0.764 0.027 0.166]	[ 0.073 -0.022 -0.064 -0.004  0.017]	0.63	1.11	1.0	1.76	0.08	0.11	0.02	0.13	0.54	0.19	0.2	0.1448665369970499	0.104	0.071
0	['Ag', 'Ir', 'Pd', 'Pt', 'Ru']	27	[0.084 0.065 0.727 0.071 0.053]	[ 0.065  0.063 -0.069  0.061 -0.121]	0.63	1.11	1.0	1.76	0.08	0.11	0.02	0.13	0.54	0.19	0.2	0.1258945723187469	0.131	0.071
1	['Ag', 'Ir', 'Pd', 'Pt', 'Ru']	27	[0.002 0.022 0.755 0.009 0.212]	[-0.059  0.036 -0.031 -0.033  0.087]	0.63	1.11	1.0	1.76	0.08	0.11	0.02	0.13	0.54	0.19	0.2	0.13791350604775068	0.157	0.071
2	['Ag', 'Ir', 'Pd', 'Pt', 'Ru']	27	[0.068 0.03  0.767 0.029 0.106]	[-0.003  0.057 -0.143  0.123 -0.034]	0.63	1.11	1.0	1.76	0.08	0.11	0.02	0.13	0.54	0.19	0.2	0.14395293630762054	0.062	0.071
3	['Ag', 'Ir', 'Pd', 'Pt', 'Ru']	27	[0.073 0.008 0.72  0.08  0.119]	[ 0.032 -0.001 -0.138  0.137 -0.032]	0.63	1.11	1.0	1.76	0.08	0.11	0.02	0.13	0.54	0.19	0.2	0.13378048874184514	0.118	0.071
4	['Ag', 'Ir', 'Pd', 'Pt', 'Ru']	27	[0.133 0.059 0.736 0.049 0.023]	[ 0.11   0.061 -0.068  0.032 -0.135]	0.63	1.11	1.0	1.76	0.08	0.11	0.02	0.13	0.54	0.19	0.2	0.13331987930734632	0.13	0.071
0	['Ag', 'Ir', 'Pd', 'Pt', 'Ru']	28	[0.061 0.05  0.723 0.026 0.14 ]	[-0.051  0.076 -0.153  0.066  0.062]	0.63	1.11	1.0	1.76	0.08	0.11	0.02	0.13	0.54	0.19	0.2	0.13216590762731548	0.111	0.071
1	['Ag', 'Ir', 'Pd', 'Pt', 'Ru']	28	[0.107 0.046 0.75  0.023 0.074]	[ 0.115  0.063 -0.07   0.023 -0.131]	0.63	1.11	1.0	1.76	0.08	0.11	0.02	0.13	0.54	0.19	0.2	0.13986331463195212	0.077	0.071
2	['Ag', 'Ir', 'Pd', 'Pt', 'Ru']	28	[0.106 0.025 0.734 0.055 0.08 ]	[ 0.035  0.04  -0.051  0.019 -0.044]	0.63	1.11	1.0	1.76	0.08	0.11	0.02	0.13	0.54	0.19	0.2	0.13162747889918702	0.092	0.071
3	['Ag', 'Ir', 'Pd', 'Pt', 'Ru']	28	[0.071 0.031 0.703 0.084 0.111]	[-0.005  0.02  -0.143  0.138 -0.011]	0.63	1.11	1.0	1.76	0.08	0.11	0.02	0.13	0.54	0.19	0.2	0.12445665495934755	0.136	0.071
4	['Ag', 'Ir', 'Pd', 'Pt', 'Ru']	28	[0.041 0.13  0.652 0.018 0.159]	[-0.092  0.071 -0.084 -0.031  0.136]	0.63	1.11	1.0	1.76	0.08	0.11	0.02	0.13	0.54	0.19	0.2	0.10303885818042637	0.215	0.071
0	['Ag', 'Ir', 'Pd', 'Pt', 'Ru']	29	[0.055 0.136 0.745 0.028 0.036]	[ 0.024  0.139 -0.098  0.033 -0.098]	0.63	1.11	1.0	1.76	0.08	0.11	0.02	0.13	0.54	0.19	0.2	0.12178709495084339	0.169	0.071
1	['Ag', 'Ir', 'Pd', 'Pt', 'Ru']	29	[0.032 0.112 0.7   0.009 0.147]	[-0.071  0.121 -0.117 -0.01   0.077]	0.63	1.11	1.0	1.76	0.08	0.11	0.02	0.13	0.54	0.19	0.2	0.11220659286241282	0.172	0.071
2	['Ag', 'Ir', 'Pd', 'Pt', 'Ru']	29	[0.086 0.023 0.678 0.1   0.113]	[-0.026  0.035 -0.154  0.117  0.027]	0.63	1.11	1.0	1.76	0.08	0.11	0.02	0.13	0.54	0.19	0.2	0.11937248612641295	0.161	0.071
3	['Ag', 'Ir', 'Pd', 'Pt', 'Ru']	29	[0.109 0.009 0.729 0.063 0.09 ]	[ 0.03   0.03  -0.152  0.119 -0.029]	0.63	1.11	1.0	1.76	0.08	0.11	0.02	0.13	0.54	0.19	0.2	0.13736153013269276	0.096	0.071
4	['Ag', 'Ir', 'Pd', 'Pt', 'Ru']	29	[0.14  0.027 0.541 0.095 0.197]	[ 0.099 -0.103 -0.111  0.077  0.038]	0.63	1.11	1.0	1.76	0.08	0.11	0.02	0.13	0.54	0.19	0.2	0.10010562483496219	0.296	0.071
0	['Ag', 'Ir', 'Pd', 'Pt', 'Ru']	30	[0.065 0.036 0.782 0.017 0.1  ]	[-0.063  0.161 -0.023 -0.096  0.021]	0.63	1.11	1.0	1.76	0.08	0.11	0.02	0.13	0.54	0.19	0.2	0.1453189306063223	0.056	0.071
1	['Ag', 'Ir', 'Pd', 'Pt', 'Ru']	30	[0.049 0.053 0.763 0.018 0.117]	[ 0.016  0.144 -0.135  0.008 -0.032]	0.63	1.11	1.0	1.76	0.08	0.11	0.02	0.13	0.54	0.19	0.2	0.13994254610854065	0.086	0.071
2	['Ag', 'Ir', 'Pd', 'Pt', 'Ru']	30	[0.185 0.065 0.541 0.028 0.181]	[ 0.099  0.042 -0.137 -0.072  0.068]	0.63	1.11	1.0	1.76	0.08	0.11	0.02	0.13	0.54	0.19	0.2	0.10059129764673012	0.293	0.071
3	['Ag', 'Ir', 'Pd', 'Pt', 'Ru']	30	[0.052 0.023 0.705 0.084 0.136]	[-0.057  0.015 -0.131  0.125  0.047]	0.63	1.11	1.0	1.76	0.08	0.11	0.02	0.13	0.54	0.19	0.2	0.1250479483191295	0.142	0.071
4	['Ag', 'Ir', 'Pd', 'Pt', 'Ru']	30	[0.093 0.009 0.712 0.052 0.134]	[-0.058  0.022  0.166 -0.054 -0.075]	0.63	1.11	1.0	1.76	0.08	0.11	0.02	0.13	0.54	0.19	0.2	0.1367837946206179	0.108	0.071
