ID	Elements	Generation	Position	Velocity	F_damp	F_b_best	F_h_best	F_g_best	F_b_worst	F_h_worst	F_g_worst	mut_prob	flip_prob	mut_rate	v_max	Activity	Distance	v_min
0	['Ag', 'Ir', 'Pd', 'Pt', 'Ru']	0	[0.8  0.05 0.05 0.05 0.05]	[-0.179  0.045  0.045  0.045  0.045]	0.63	1.11	1.0	1.76	0.08	0.11	0.02	0.13	0.54	0.19	0.2	0.027012725749533062	1.03	0.071
1	['Ag', 'Ir', 'Pd', 'Pt', 'Ru']	0	[0.05 0.8  0.05 0.05 0.05]	[ 0.045 -0.179  0.045  0.045  0.045]	0.63	1.11	1.0	1.76	0.08	0.11	0.02	0.13	0.54	0.19	0.2	0.007287080786378375	1.1	0.071
2	['Ag', 'Ir', 'Pd', 'Pt', 'Ru']	0	[0.05 0.05 0.8  0.05 0.05]	[ 0.045  0.045 -0.179  0.045  0.045]	0.63	1.11	1.0	1.76	0.08	0.11	0.02	0.13	0.54	0.19	0.2	0.1416984889241232	0.1	0.071
3	['Ag', 'Ir', 'Pd', 'Pt', 'Ru']	0	[0.05 0.05 0.05 0.8  0.05]	[ 0.045  0.045  0.045 -0.179  0.045]	0.63	1.11	1.0	1.76	0.08	0.11	0.02	0.13	0.54	0.19	0.2	0.031007911986536824	1.1	0.071
4	['Ag', 'Ir', 'Pd', 'Pt', 'Ru']	0	[0.05 0.05 0.05 0.05 0.8 ]	[ 0.045  0.045  0.045  0.045 -0.179]	0.63	1.11	1.0	1.76	0.08	0.11	0.02	0.13	0.54	0.19	0.2	0.015787588371734072	1.03	0.071
0	['Ag', 'Ir', 'Pd', 'Pt', 'Ru']	1	[0.658 0.052 0.19  0.05  0.05 ]	[-0.143  0.002  0.14   0.     0.   ]	0.63	1.11	1.0	1.76	0.08	0.11	0.02	0.13	0.54	0.19	0.2	0.06585215692044873	0.831	0.071
1	['Ag', 'Ir', 'Pd', 'Pt', 'Ru']	1	[0.052 0.655 0.189 0.052 0.052]	[ 0.002 -0.144  0.139  0.002  0.002]	0.63	1.11	1.0	1.76	0.08	0.11	0.02	0.13	0.54	0.19	0.2	0.01185368903703259	0.9	0.071
2	['Ag', 'Ir', 'Pd', 'Pt', 'Ru']	1	[0.068 0.019 0.777 0.068 0.068]	[ 0.001  0.06  -0.061  0.001  0.001]	0.63	1.11	1.0	1.76	0.08	0.11	0.02	0.13	0.54	0.19	0.2	0.14164516373060074	0.087	0.071
3	['Ag', 'Ir', 'Pd', 'Pt', 'Ru']	1	[0.053 0.046 0.193 0.659 0.049]	[ 0.003 -0.004  0.143 -0.14  -0.001]	0.63	1.11	1.0	1.76	0.08	0.11	0.02	0.13	0.54	0.19	0.2	0.02475330030636788	0.9	0.071
4	['Ag', 'Ir', 'Pd', 'Pt', 'Ru']	1	[0.052 0.045 0.192 0.052 0.659]	[ 0.002 -0.005  0.142  0.002 -0.141]	0.63	1.11	1.0	1.76	0.08	0.11	0.02	0.13	0.54	0.19	0.2	0.03786386568853459	0.83	0.071
0	['Ag', 'Ir', 'Pd', 'Pt', 'Ru']	2	[0.522 0.042 0.334 0.051 0.051]	[-0.138 -0.01   0.144  0.001  0.001]	0.63	1.11	1.0	1.76	0.08	0.11	0.02	0.13	0.54	0.19	0.2	0.09469970414769967	0.634	0.071
1	['Ag', 'Ir', 'Pd', 'Pt', 'Ru']	2	[0.051 0.512 0.329 0.054 0.054]	[-0.001 -0.143  0.14   0.002  0.002]	0.63	1.11	1.0	1.76	0.08	0.11	0.02	0.13	0.54	0.19	0.2	0.021150087168029675	0.701	0.071
2	['Ag', 'Ir', 'Pd', 'Pt', 'Ru']	2	[0.061 0.1   0.717 0.061 0.061]	[-0.008  0.112 -0.088 -0.008 -0.008]	0.63	1.11	1.0	1.76	0.08	0.11	0.02	0.13	0.54	0.19	0.2	0.11989966182030981	0.154	0.071
3	['Ag', 'Ir', 'Pd', 'Pt', 'Ru']	2	[0.008 0.009 0.263 0.719 0.001]	[-0.088 -0.026  0.132  0.075 -0.093]	0.63	1.11	1.0	1.76	0.08	0.11	0.02	0.13	0.54	0.19	0.2	0.018664256818751564	0.908	0.071
4	['Ag', 'Ir', 'Pd', 'Pt', 'Ru']	2	[0.054 0.037 0.336 0.054 0.519]	[ 0.002 -0.008  0.144  0.002 -0.139]	0.63	1.11	1.0	1.76	0.08	0.11	0.02	0.13	0.54	0.19	0.2	0.04793272251536842	0.63	0.071
0	['Ag', 'Ir', 'Pd', 'Pt', 'Ru']	3	[0.383 0.039 0.477 0.046 0.055]	[-0.139 -0.003  0.143 -0.005  0.004]	0.63	1.11	1.0	1.76	0.08	0.11	0.02	0.13	0.54	0.19	0.2	0.10942036161823937	0.436	0.071
1	['Ag', 'Ir', 'Pd', 'Pt', 'Ru']	3	[0.001 0.589 0.399 0.005 0.006]	[-0.09   0.12   0.091 -0.031 -0.09 ]	0.63	1.11	1.0	1.76	0.08	0.11	0.02	0.13	0.54	0.19	0.2	0.01610163028795287	0.726	0.071
2	['Ag', 'Ir', 'Pd', 'Pt', 'Ru']	3	[0.142 0.125 0.56  0.029 0.144]	[ 0.081  0.025 -0.158 -0.032  0.083]	0.63	1.11	1.0	1.76	0.08	0.11	0.02	0.13	0.54	0.19	0.2	0.09688075731000434	0.279	0.071
3	['Ag', 'Ir', 'Pd', 'Pt', 'Ru']	3	[0.019 0.026 0.381 0.56  0.014]	[ 0.011  0.017  0.118 -0.159  0.013]	0.63	1.11	1.0	1.76	0.08	0.11	0.02	0.13	0.54	0.19	0.2	0.03533129582953937	0.71	0.071
4	['Ag', 'Ir', 'Pd', 'Pt', 'Ru']	3	[0.055 0.044 0.477 0.046 0.378]	[ 0.001  0.007  0.141 -0.008 -0.141]	0.63	1.11	1.0	1.76	0.08	0.11	0.02	0.13	0.54	0.19	0.2	0.06972187748118948	0.433	0.071
0	['Ag', 'Ir', 'Pd', 'Pt', 'Ru']	4	[0.247 0.027 0.623 0.048 0.055]	[-0.136 -0.012  0.146  0.002 -0.   ]	0.63	1.11	1.0	1.76	0.08	0.11	0.02	0.13	0.54	0.19	0.2	0.12514255593763274	0.241	0.071
1	['Ag', 'Ir', 'Pd', 'Pt', 'Ru']	4	[0.057 0.423 0.493 0.027 0.   ]	[ 0.056 -0.166  0.094  0.022 -0.006]	0.63	1.11	1.0	1.76	0.08	0.11	0.02	0.13	0.54	0.19	0.2	0.044324256811354684	0.535	0.071
2	['Ag', 'Ir', 'Pd', 'Pt', 'Ru']	4	[0.154 0.026 0.713 0.045 0.062]	[ 0.012 -0.099  0.152  0.016 -0.082]	0.63	1.11	1.0	1.76	0.08	0.11	0.02	0.13	0.54	0.19	0.2	0.13739146194090887	0.121	0.071
3	['Ag', 'Ir', 'Pd', 'Pt', 'Ru']	4	[0.067 0.025 0.485 0.396 0.027]	[ 0.048 -0.001  0.104 -0.164  0.013]	0.63	1.11	1.0	1.76	0.08	0.11	0.02	0.13	0.54	0.19	0.2	0.06441786937234523	0.513	0.071
4	['Ag', 'Ir', 'Pd', 'Pt', 'Ru']	4	[0.089 0.012 0.35  0.026 0.523]	[ 0.034 -0.032 -0.127 -0.02   0.146]	0.63	1.11	1.0	1.76	0.08	0.11	0.02	0.13	0.54	0.19	0.2	0.05688703716459311	0.618	0.071
0	['Ag', 'Ir', 'Pd', 'Pt', 'Ru']	5	[0.387 0.021 0.481 0.052 0.059]	[ 0.14  -0.006 -0.143  0.004  0.004]	0.63	1.11	1.0	1.76	0.08	0.11	0.02	0.13	0.54	0.19	0.2	0.11510161714548449	0.435	0.071
1	['Ag', 'Ir', 'Pd', 'Pt', 'Ru']	5	[0.073 0.262 0.61  0.036 0.019]	[ 0.016 -0.161  0.116  0.009  0.019]	0.63	1.11	1.0	1.76	0.08	0.11	0.02	0.13	0.54	0.19	0.2	0.08485598282249159	0.337	0.071
2	['Ag', 'Ir', 'Pd', 'Pt', 'Ru']	5	[0.063 0.073 0.735 0.079 0.05 ]	[-0.085  0.102 -0.123  0.084  0.022]	0.63	1.11	1.0	1.76	0.08	0.11	0.02	0.13	0.54	0.19	0.2	0.12507805518267587	0.14	0.071
3	['Ag', 'Ir', 'Pd', 'Pt', 'Ru']	5	[0.08  0.026 0.612 0.243 0.039]	[ 0.013  0.001  0.127 -0.153  0.012]	0.63	1.11	1.0	1.76	0.08	0.11	0.02	0.13	0.54	0.19	0.2	0.09698709111322663	0.315	0.071
4	['Ag', 'Ir', 'Pd', 'Pt', 'Ru']	5	[0.088 0.016 0.485 0.034 0.377]	[-0.001  0.004  0.136  0.008 -0.146]	0.63	1.11	1.0	1.76	0.08	0.11	0.02	0.13	0.54	0.19	0.2	0.08044539379651307	0.421	0.071
0	['Ag', 'Ir', 'Pd', 'Pt', 'Ru']	6	[0.242 0.034 0.618 0.056 0.05 ]	[-0.145  0.013  0.137  0.004 -0.009]	0.63	1.11	1.0	1.76	0.08	0.11	0.02	0.13	0.54	0.19	0.2	0.1225529710178418	0.245	0.071
1	['Ag', 'Ir', 'Pd', 'Pt', 'Ru']	6	[0.07  0.117 0.747 0.028 0.038]	[-0.003 -0.145  0.137 -0.008  0.019]	0.63	1.11	1.0	1.76	0.08	0.11	0.02	0.13	0.54	0.19	0.2	0.12848823011818902	0.148	0.071
2	['Ag', 'Ir', 'Pd', 'Pt', 'Ru']	6	[0.087 0.09  0.683 0.089 0.051]	[ 0.132  0.012 -0.145  0.005 -0.004]	0.63	1.11	1.0	1.76	0.08	0.11	0.02	0.13	0.54	0.19	0.2	0.11660105682599756	0.18	0.071
3	['Ag', 'Ir', 'Pd', 'Pt', 'Ru']	6	[0.067 0.044 0.749 0.1   0.04 ]	[-0.013  0.018  0.138 -0.143  0.001]	0.63	1.11	1.0	1.76	0.08	0.11	0.02	0.13	0.54	0.19	0.2	0.12720291378754436	0.139	0.071
4	['Ag', 'Ir', 'Pd', 'Pt', 'Ru']	6	[0.075 0.031 0.619 0.045 0.23 ]	[-0.013  0.015  0.134  0.011 -0.147]	0.63	1.11	1.0	1.76	0.08	0.11	0.02	0.13	0.54	0.19	0.2	0.11097521560653562	0.231	0.071
0	['Ag', 'Ir', 'Pd', 'Pt', 'Ru']	7	[0.099 0.056 0.756 0.046 0.043]	[-0.143  0.022  0.138 -0.01  -0.007]	0.63	1.11	1.0	1.76	0.08	0.11	0.02	0.13	0.54	0.19	0.2	0.13534749883109531	0.102	0.071
1	['Ag', 'Ir', 'Pd', 'Pt', 'Ru']	7	[0.081 0.068 0.703 0.074 0.074]	[-0.02   0.141 -0.14   0.015  0.005]	0.63	1.11	1.0	1.76	0.08	0.11	0.02	0.13	0.54	0.19	0.2	0.12251478452955325	0.143	0.071
2	['Ag', 'Ir', 'Pd', 'Pt', 'Ru']	7	[0.091 0.069 0.742 0.044 0.054]	[ 0.072  0.032 -0.169 -0.006  0.071]	0.63	1.11	1.0	1.76	0.08	0.11	0.02	0.13	0.54	0.19	0.2	0.13074604615802402	0.111	0.071
3	['Ag', 'Ir', 'Pd', 'Pt', 'Ru']	7	[0.063 0.099 0.7   0.087 0.051]	[-0.027  0.033 -0.135  0.141 -0.011]	0.63	1.11	1.0	1.76	0.08	0.11	0.02	0.13	0.54	0.19	0.2	0.11408870347038835	0.176	0.071
4	['Ag', 'Ir', 'Pd', 'Pt', 'Ru']	7	[0.063 0.056 0.752 0.045 0.084]	[-0.012  0.025  0.134 -0.    -0.146]	0.63	1.11	1.0	1.76	0.08	0.11	0.02	0.13	0.54	0.19	0.2	0.13333427992862074	0.095	0.071
0	['Ag', 'Ir', 'Pd', 'Pt', 'Ru']	8	[0.089 0.076 0.682 0.077 0.076]	[ 0.14  -0.008 -0.142  0.003  0.005]	0.63	1.11	1.0	1.76	0.08	0.11	0.02	0.13	0.54	0.19	0.2	0.11766495171061142	0.162	0.071
1	['Ag', 'Ir', 'Pd', 'Pt', 'Ru']	8	[0.079 0.118 0.729 0.035 0.039]	[ 0.044  0.123 -0.151 -0.011 -0.005]	0.63	1.11	1.0	1.76	0.08	0.11	0.02	0.13	0.54	0.19	0.2	0.12520705330688406	0.156	0.071
2	['Ag', 'Ir', 'Pd', 'Pt', 'Ru']	8	[0.066 0.039 0.742 0.072 0.081]	[-0.011 -0.018 -0.106  0.068  0.067]	0.63	1.11	1.0	1.76	0.08	0.11	0.02	0.13	0.54	0.19	0.2	0.13088146442805565	0.108	0.071
3	['Ag', 'Ir', 'Pd', 'Pt', 'Ru']	8	[0.154 0.045 0.551 0.132 0.118]	[ 0.091 -0.054 -0.149  0.045  0.067]	0.63	1.11	1.0	1.76	0.08	0.11	0.02	0.13	0.54	0.19	0.2	0.10016220820531958	0.291	0.071
4	['Ag', 'Ir', 'Pd', 'Pt', 'Ru']	8	[0.079 0.076 0.681 0.059 0.105]	[-0.001  0.003 -0.141 -0.003  0.142]	0.63	1.11	1.0	1.76	0.08	0.11	0.02	0.13	0.54	0.19	0.2	0.11826036958271549	0.155	0.071
0	['Ag', 'Ir', 'Pd', 'Pt', 'Ru']	9	[0.087 0.051 0.741 0.058 0.063]	[ 0.065  0.027 -0.177  0.037  0.047]	0.63	1.11	1.0	1.76	0.08	0.11	0.02	0.13	0.54	0.19	0.2	0.1326448450273346	0.105	0.071
1	['Ag', 'Ir', 'Pd', 'Pt', 'Ru']	9	[0.034 0.196 0.752 0.013 0.005]	[ 0.103  0.093 -0.124  0.001 -0.073]	0.63	1.11	1.0	1.76	0.08	0.11	0.02	0.13	0.54	0.19	0.2	0.11278483235416094	0.233	0.071
2	['Ag', 'Ir', 'Pd', 'Pt', 'Ru']	9	[0.134 0.044 0.72  0.056 0.046]	[ 0.054 -0.011 -0.12  -0.033  0.11 ]	0.63	1.11	1.0	1.76	0.08	0.11	0.02	0.13	0.54	0.19	0.2	0.1330567800289862	0.125	0.071
3	['Ag', 'Ir', 'Pd', 'Pt', 'Ru']	9	[0.16  0.142 0.384 0.152 0.162]	[ 0.006  0.097 -0.168  0.02   0.044]	0.63	1.11	1.0	1.76	0.08	0.11	0.02	0.13	0.54	0.19	0.2	0.061039652894556096	0.473	0.071
4	['Ag', 'Ir', 'Pd', 'Pt', 'Ru']	9	[0.061 0.046 0.745 0.073 0.075]	[ 0.04   0.02  -0.171  0.091  0.02 ]	0.63	1.11	1.0	1.76	0.08	0.11	0.02	0.13	0.54	0.19	0.2	0.13099959752299942	0.112	0.071
0	['Ag', 'Ir', 'Pd', 'Pt', 'Ru']	10	[0.102 0.099 0.651 0.097 0.051]	[ 0.015  0.048 -0.09   0.039 -0.012]	0.63	1.11	1.0	1.76	0.08	0.11	0.02	0.13	0.54	0.19	0.2	0.11393054662854596	0.209	0.071
1	['Ag', 'Ir', 'Pd', 'Pt', 'Ru']	10	[0.112 0.021 0.779 0.051 0.037]	[ 0.078 -0.175  0.028  0.038  0.032]	0.63	1.11	1.0	1.76	0.08	0.11	0.02	0.13	0.54	0.19	0.2	0.14246579134436377	0.087	0.071
2	['Ag', 'Ir', 'Pd', 'Pt', 'Ru']	10	[0.029 0.059 0.743 0.055 0.114]	[-0.1    0.053 -0.107  0.033  0.121]	0.63	1.11	1.0	1.76	0.08	0.11	0.02	0.13	0.54	0.19	0.2	0.12980479121020333	0.122	0.071
3	['Ag', 'Ir', 'Pd', 'Pt', 'Ru']	10	[0.099 0.08  0.55  0.083 0.188]	[-0.061 -0.062  0.165 -0.069  0.026]	0.63	1.11	1.0	1.76	0.08	0.11	0.02	0.13	0.54	0.19	0.2	0.0915487480370827	0.289	0.071
4	['Ag', 'Ir', 'Pd', 'Pt', 'Ru']	10	[0.124 0.041 0.753 0.027 0.055]	[ 0.058 -0.012 -0.097 -0.053  0.105]	0.63	1.11	1.0	1.76	0.08	0.11	0.02	0.13	0.54	0.19	0.2	0.14341512408380067	0.085	0.071
0	['Ag', 'Ir', 'Pd', 'Pt', 'Ru']	11	[0.115 0.027 0.786 0.02  0.052]	[ 0.104 -0.02  -0.143 -0.027  0.087]	0.63	1.11	1.0	1.76	0.08	0.11	0.02	0.13	0.54	0.19	0.2	0.14896219521081533	0.062	0.071
1	['Ag', 'Ir', 'Pd', 'Pt', 'Ru']	11	[0.115 0.143 0.726 0.015 0.001]	[ 0.023  0.143 -0.107 -0.029 -0.029]	0.63	1.11	1.0	1.76	0.08	0.11	0.02	0.13	0.54	0.19	0.2	0.12283416638602469	0.19	0.071
2	['Ag', 'Ir', 'Pd', 'Pt', 'Ru']	11	[0.172 0.023 0.792 0.01  0.003]	[ 0.114 -0.095  0.005 -0.106  0.082]	0.63	1.11	1.0	1.76	0.08	0.11	0.02	0.13	0.54	0.19	0.2	0.14165392781483965	0.124	0.071
3	['Ag', 'Ir', 'Pd', 'Pt', 'Ru']	11	[0.099 0.044 0.719 0.041 0.097]	[-0.    -0.036  0.169 -0.042 -0.091]	0.63	1.11	1.0	1.76	0.08	0.11	0.02	0.13	0.54	0.19	0.2	0.1321524883901779	0.101	0.071
4	['Ag', 'Ir', 'Pd', 'Pt', 'Ru']	11	[0.163 0.006 0.776 0.015 0.04 ]	[ 0.035 -0.052  0.016  0.029 -0.029]	0.63	1.11	1.0	1.76	0.08	0.11	0.02	0.13	0.54	0.19	0.2	0.1472627479631349	0.092	0.071
0	['Ag', 'Ir', 'Pd', 'Pt', 'Ru']	12	[0.103 0.008 0.774 0.001 0.114]	[-0.023  0.024 -0.023 -0.034  0.058]	0.63	1.11	1.0	1.76	0.08	0.11	0.02	0.13	0.54	0.19	0.2	0.15352567684778504	0.031	0.071
1	['Ag', 'Ir', 'Pd', 'Pt', 'Ru']	12	[0.116 0.032 0.774 0.022 0.056]	[-0.027  0.146 -0.129 -0.021  0.031]	0.63	1.11	1.0	1.76	0.08	0.11	0.02	0.13	0.54	0.19	0.2	0.14625216891014073	0.066	0.071
2	['Ag', 'Ir', 'Pd', 'Pt', 'Ru']	12	[0.185 0.057 0.687 0.012 0.059]	[ 0.022  0.061 -0.166 -0.007  0.09 ]	0.63	1.11	1.0	1.76	0.08	0.11	0.02	0.13	0.54	0.19	0.2	0.13283835504372918	0.158	0.071
3	['Ag', 'Ir', 'Pd', 'Pt', 'Ru']	12	[0.152 0.03  0.705 0.066 0.047]	[ 0.048  0.068 -0.147  0.09  -0.058]	0.63	1.11	1.0	1.76	0.08	0.11	0.02	0.13	0.54	0.19	0.2	0.13249755006462458	0.141	0.071
4	['Ag', 'Ir', 'Pd', 'Pt', 'Ru']	12	[0.208 0.047 0.676 0.016 0.053]	[ 0.05   0.033 -0.12  -0.038  0.074]	0.63	1.11	1.0	1.76	0.08	0.11	0.02	0.13	0.54	0.19	0.2	0.1341575007055221	0.178	0.071
0	['Ag', 'Ir', 'Pd', 'Pt', 'Ru']	13	[0.031 0.004 0.746 0.052 0.167]	[-0.064  0.006 -0.054  0.048  0.065]	0.63	1.11	1.0	1.76	0.08	0.11	0.02	0.13	0.54	0.19	0.2	0.138745086085802	0.122	0.071
1	['Ag', 'Ir', 'Pd', 'Pt', 'Ru']	13	[0.028 0.009 0.735 0.04  0.188]	[-0.117 -0.    -0.06   0.031  0.147]	0.63	1.11	1.0	1.76	0.08	0.11	0.02	0.13	0.54	0.19	0.2	0.13675905763256918	0.137	0.071
2	['Ag', 'Ir', 'Pd', 'Pt', 'Ru']	13	[0.046 0.009 0.798 0.012 0.135]	[-0.139 -0.048  0.111 -0.     0.076]	0.63	1.11	1.0	1.76	0.08	0.11	0.02	0.13	0.54	0.19	0.2	0.16140612945690916	0.066	0.071
3	['Ag', 'Ir', 'Pd', 'Pt', 'Ru']	13	[0.056 0.017 0.76  0.048 0.119]	[-0.071 -0.03  -0.108  0.112  0.097]	0.63	1.11	1.0	1.76	0.08	0.11	0.02	0.13	0.54	0.19	0.2	0.1438155685248648	0.081	0.071
4	['Ag', 'Ir', 'Pd', 'Pt', 'Ru']	13	[0.094 0.013 0.769 0.018 0.106]	[-0.092  0.083 -0.124  0.054  0.08 ]	0.63	1.11	1.0	1.76	0.08	0.11	0.02	0.13	0.54	0.19	0.2	0.1485893202622389	0.039	0.071
0	['Ag', 'Ir', 'Pd', 'Pt', 'Ru']	14	[0.072 0.032 0.675 0.099 0.122]	[ 0.038  0.025 -0.139  0.127 -0.051]	0.63	1.11	1.0	1.76	0.08	0.11	0.02	0.13	0.54	0.19	0.2	0.116386235773162	0.166	0.071
1	['Ag', 'Ir', 'Pd', 'Pt', 'Ru']	14	[0.098 0.061 0.701 0.037 0.103]	[ 0.075  0.063 -0.128  0.079 -0.089]	0.63	1.11	1.0	1.76	0.08	0.11	0.02	0.13	0.54	0.19	0.2	0.1270729805235671	0.122	0.071
2	['Ag', 'Ir', 'Pd', 'Pt', 'Ru']	14	[0.078 0.081 0.641 0.016 0.184]	[ 0.079  0.044 -0.129 -0.02   0.026]	0.63	1.11	1.0	1.76	0.08	0.11	0.02	0.13	0.54	0.19	0.2	0.11022505048686948	0.199	0.071
3	['Ag', 'Ir', 'Pd', 'Pt', 'Ru']	14	[0.025 0.067 0.708 0.046 0.154]	[ 0.069  0.054 -0.158 -0.007  0.041]	0.63	1.11	1.0	1.76	0.08	0.11	0.02	0.13	0.54	0.19	0.2	0.11919776195443965	0.154	0.071
4	['Ag', 'Ir', 'Pd', 'Pt', 'Ru']	14	[0.1   0.018 0.72  0.013 0.149]	[ 0.15  -0.018 -0.126 -0.03   0.025]	0.63	1.11	1.0	1.76	0.08	0.11	0.02	0.13	0.54	0.19	0.2	0.141167756011122	0.096	0.071
0	['Ag', 'Ir', 'Pd', 'Pt', 'Ru']	15	[0.073 0.022 0.753 0.025 0.127]	[-0.004  0.046 -0.157  0.115  0.   ]	0.63	1.11	1.0	1.76	0.08	0.11	0.02	0.13	0.54	0.19	0.2	0.14596635033175376	0.069	0.071
1	['Ag', 'Ir', 'Pd', 'Pt', 'Ru']	15	[0.087 0.09  0.713 0.015 0.095]	[ 0.005  0.138 -0.145 -0.006  0.008]	0.63	1.11	1.0	1.76	0.08	0.11	0.02	0.13	0.54	0.19	0.2	0.1274444637957665	0.127	0.071
2	['Ag', 'Ir', 'Pd', 'Pt', 'Ru']	15	[0.186 0.028 0.501 0.094 0.191]	[ 0.108 -0.053 -0.139  0.078  0.007]	0.63	1.11	1.0	1.76	0.08	0.11	0.02	0.13	0.54	0.19	0.2	0.09536702151744918	0.339	0.071
3	['Ag', 'Ir', 'Pd', 'Pt', 'Ru']	15	[0.051 0.086 0.734 0.094 0.035]	[ 0.022  0.013  0.022  0.108 -0.164]	0.63	1.11	1.0	1.76	0.08	0.11	0.02	0.13	0.54	0.19	0.2	0.12140240893736409	0.165	0.071
4	['Ag', 'Ir', 'Pd', 'Pt', 'Ru']	15	[0.124 0.074 0.697 0.03  0.075]	[ 0.044  0.1   -0.141  0.063 -0.065]	0.63	1.11	1.0	1.76	0.08	0.11	0.02	0.13	0.54	0.19	0.2	0.12806240433223257	0.135	0.071
0	['Ag', 'Ir', 'Pd', 'Pt', 'Ru']	16	[0.116 0.055 0.723 0.022 0.084]	[ 0.046  0.057 -0.1    0.038 -0.042]	0.63	1.11	1.0	1.76	0.08	0.11	0.02	0.13	0.54	0.19	0.2	0.13571986919570392	0.1	0.071
1	['Ag', 'Ir', 'Pd', 'Pt', 'Ru']	16	[0.058 0.073 0.726 0.015 0.128]	[-0.03   0.138 -0.138 -0.001  0.032]	0.63	1.11	1.0	1.76	0.08	0.11	0.02	0.13	0.54	0.19	0.2	0.12684335629297	0.117	0.071
2	['Ag', 'Ir', 'Pd', 'Pt', 'Ru']	16	[0.103 0.038 0.669 0.043 0.147]	[-0.083  0.01   0.169 -0.051 -0.044]	0.63	1.11	1.0	1.76	0.08	0.11	0.02	0.13	0.54	0.19	0.2	0.1258061005995282	0.151	0.071
3	['Ag', 'Ir', 'Pd', 'Pt', 'Ru']	16	[0.019 0.11  0.755 0.058 0.058]	[-0.082  0.032 -0.115  0.135  0.03 ]	0.63	1.11	1.0	1.76	0.08	0.11	0.02	0.13	0.54	0.19	0.2	0.11884743064837468	0.161	0.071
4	['Ag', 'Ir', 'Pd', 'Pt', 'Ru']	16	[0.048 0.034 0.747 0.039 0.132]	[-0.072  0.116 -0.129  0.017  0.068]	0.63	1.11	1.0	1.76	0.08	0.11	0.02	0.13	0.54	0.19	0.2	0.14061825771416725	0.096	0.071
0	['Ag', 'Ir', 'Pd', 'Pt', 'Ru']	17	[0.009 0.044 0.747 0.033 0.167]	[ 0.092  0.051 -0.161 -0.03   0.048]	0.63	1.11	1.0	1.76	0.08	0.11	0.02	0.13	0.54	0.19	0.2	0.1328025759865842	0.136	0.071
1	['Ag', 'Ir', 'Pd', 'Pt', 'Ru']	17	[0.069 0.101 0.702 0.025 0.103]	[ 0.012  0.14  -0.139  0.011 -0.024]	0.63	1.11	1.0	1.76	0.08	0.11	0.02	0.13	0.54	0.19	0.2	0.12332020585308028	0.146	0.071
2	['Ag', 'Ir', 'Pd', 'Pt', 'Ru']	17	[0.043 0.028 0.758 0.024 0.147]	[-0.018  0.061 -0.166  0.047  0.077]	0.63	1.11	1.0	1.76	0.08	0.11	0.02	0.13	0.54	0.19	0.2	0.1426507749209592	0.093	0.071
3	['Ag', 'Ir', 'Pd', 'Pt', 'Ru']	17	[0.029 0.036 0.762 0.006 0.167]	[-0.04   0.116 -0.043 -0.123  0.09 ]	0.63	1.11	1.0	1.76	0.08	0.11	0.02	0.13	0.54	0.19	0.2	0.14379908942558942	0.111	0.071
4	['Ag', 'Ir', 'Pd', 'Pt', 'Ru']	17	[0.045 0.006 0.742 0.056 0.151]	[ 0.002 -0.023 -0.086  0.083  0.024]	0.63	1.11	1.0	1.76	0.08	0.11	0.02	0.13	0.54	0.19	0.2	0.13944588462975943	0.11	0.071
0	['Ag', 'Ir', 'Pd', 'Pt', 'Ru']	18	[0.113 0.016 0.727 0.055 0.089]	[ 0.107  0.044 -0.123  0.06  -0.089]	0.63	1.11	1.0	1.76	0.08	0.11	0.02	0.13	0.54	0.19	0.2	0.1359439880679761	0.094	0.071
1	['Ag', 'Ir', 'Pd', 'Pt', 'Ru']	18	[0.062 0.058 0.741 0.005 0.134]	[-0.008  0.139 -0.139 -0.021  0.03 ]	0.63	1.11	1.0	1.76	0.08	0.11	0.02	0.13	0.54	0.19	0.2	0.13531989099302302	0.097	0.071
2	['Ag', 'Ir', 'Pd', 'Pt', 'Ru']	18	[0.014 0.008 0.782 0.01  0.186]	[-0.033  0.03  -0.058  0.027  0.035]	0.63	1.11	1.0	1.76	0.08	0.11	0.02	0.13	0.54	0.19	0.2	0.1509164901726788	0.124	0.071
3	['Ag', 'Ir', 'Pd', 'Pt', 'Ru']	18	[0.053 0.011 0.709 0.1   0.127]	[ 0.039 -0.01  -0.089  0.086 -0.025]	0.63	1.11	1.0	1.76	0.08	0.11	0.02	0.13	0.54	0.19	0.2	0.1259903542229175	0.146	0.071
4	['Ag', 'Ir', 'Pd', 'Pt', 'Ru']	18	[0.057 0.058 0.68  0.083 0.122]	[ 0.006  0.049 -0.143  0.126 -0.038]	0.63	1.11	1.0	1.76	0.08	0.11	0.02	0.13	0.54	0.19	0.2	0.114287773732175	0.164	0.071
0	['Ag', 'Ir', 'Pd', 'Pt', 'Ru']	19	[0.015 0.016 0.74  0.047 0.182]	[-0.095  0.005 -0.106  0.098  0.1  ]	0.63	1.11	1.0	1.76	0.08	0.11	0.02	0.13	0.54	0.19	0.2	0.13313893910372485	0.141	0.071
1	['Ag', 'Ir', 'Pd', 'Pt', 'Ru']	19	[0.091 0.05  0.607 0.07  0.182]	[ 0.012  0.074 -0.174  0.053  0.034]	0.63	1.11	1.0	1.76	0.08	0.11	0.02	0.13	0.54	0.19	0.2	0.10506217836035217	0.227	0.071
2	['Ag', 'Ir', 'Pd', 'Pt', 'Ru']	19	[0.086 0.027 0.759 0.037 0.091]	[ 0.081  0.024 -0.038  0.032 -0.099]	0.63	1.11	1.0	1.76	0.08	0.11	0.02	0.13	0.54	0.19	0.2	0.1418588969623577	0.064	0.071
3	['Ag', 'Ir', 'Pd', 'Pt', 'Ru']	19	[0.043 0.003 0.734 0.064 0.156]	[-0.018  0.005 -0.144  0.136  0.021]	0.63	1.11	1.0	1.76	0.08	0.11	0.02	0.13	0.54	0.19	0.2	0.13558483964460638	0.122	0.071
4	['Ag', 'Ir', 'Pd', 'Pt', 'Ru']	19	[0.066 0.04  0.743 0.017 0.134]	[ 0.033  0.122 -0.143 -0.049  0.037]	0.63	1.11	1.0	1.76	0.08	0.11	0.02	0.13	0.54	0.19	0.2	0.1389395479685898	0.086	0.071
0	['Ag', 'Ir', 'Pd', 'Pt', 'Ru']	20	[0.114 0.039 0.728 0.032 0.087]	[ 0.125  0.073 -0.098 -0.005 -0.096]	0.63	1.11	1.0	1.76	0.08	0.11	0.02	0.13	0.54	0.19	0.2	0.13658135844618124	0.09	0.071
1	['Ag', 'Ir', 'Pd', 'Pt', 'Ru']	20	[0.078 0.01  0.781 0.027 0.104]	[-0.013 -0.04   0.174 -0.043 -0.078]	0.63	1.11	1.0	1.76	0.08	0.11	0.02	0.13	0.54	0.19	0.2	0.15227584450703094	0.041	0.071
2	['Ag', 'Ir', 'Pd', 'Pt', 'Ru']	20	[0.039 0.071 0.676 0.053 0.161]	[-0.061  0.069 -0.131  0.067  0.057]	0.63	1.11	1.0	1.76	0.08	0.11	0.02	0.13	0.54	0.19	0.2	0.11101505709046672	0.175	0.071
3	['Ag', 'Ir', 'Pd', 'Pt', 'Ru']	20	[0.104 0.048 0.723 0.061 0.064]	[ 0.06   0.043 -0.117  0.109 -0.095]	0.63	1.11	1.0	1.76	0.08	0.11	0.02	0.13	0.54	0.19	0.2	0.1300292204198754	0.115	0.071
4	['Ag', 'Ir', 'Pd', 'Pt', 'Ru']	20	[0.02  0.045 0.695 0.062 0.178]	[-0.041  0.07  -0.142  0.057  0.055]	0.63	1.11	1.0	1.76	0.08	0.11	0.02	0.13	0.54	0.19	0.2	0.11718385248577196	0.171	0.071
0	['Ag', 'Ir', 'Pd', 'Pt', 'Ru']	21	[0.048 0.051 0.696 0.053 0.152]	[-0.071  0.078 -0.141  0.072  0.063]	0.63	1.11	1.0	1.76	0.08	0.11	0.02	0.13	0.54	0.19	0.2	0.12092815101120556	0.147	0.071
1	['Ag', 'Ir', 'Pd', 'Pt', 'Ru']	21	[0.064 0.143 0.601 0.056 0.136]	[-0.028  0.103 -0.157  0.062  0.02 ]	0.63	1.11	1.0	1.76	0.08	0.11	0.02	0.13	0.54	0.19	0.2	0.09497968331902133	0.256	0.071
2	['Ag', 'Ir', 'Pd', 'Pt', 'Ru']	21	[0.057 0.039 0.748 0.022 0.134]	[ 0.039  0.13  -0.146 -0.013 -0.009]	0.63	1.11	1.0	1.76	0.08	0.11	0.02	0.13	0.54	0.19	0.2	0.14028092633557912	0.088	0.071
3	['Ag', 'Ir', 'Pd', 'Pt', 'Ru']	21	[0.037 0.045 0.735 0.019 0.164]	[-0.082  0.066 -0.133  0.062  0.086]	0.63	1.11	1.0	1.76	0.08	0.11	0.02	0.13	0.54	0.19	0.2	0.13282412700831703	0.121	0.071
4	['Ag', 'Ir', 'Pd', 'Pt', 'Ru']	21	[0.103 0.018 0.765 0.022 0.092]	[ 0.114  0.092 -0.113 -0.021 -0.072]	0.63	1.11	1.0	1.76	0.08	0.11	0.02	0.13	0.54	0.19	0.2	0.1455071511976942	0.046	0.071
0	['Ag', 'Ir', 'Pd', 'Pt', 'Ru']	22	[0.07  0.048 0.721 0.033 0.128]	[ 0.019  0.087 -0.158  0.079 -0.028]	0.63	1.11	1.0	1.76	0.08	0.11	0.02	0.13	0.54	0.19	0.2	0.13112099255737647	0.106	0.071
1	['Ag', 'Ir', 'Pd', 'Pt', 'Ru']	22	[0.157 0.05  0.479 0.109 0.205]	[ 0.093 -0.093 -0.122  0.053  0.069]	0.63	1.11	1.0	1.76	0.08	0.11	0.02	0.13	0.54	0.19	0.2	0.08355927414294935	0.363	0.071
2	['Ag', 'Ir', 'Pd', 'Pt', 'Ru']	22	[0.099 0.032 0.717 0.052 0.1  ]	[ 0.036  0.059 -0.111  0.055 -0.04 ]	0.63	1.11	1.0	1.76	0.08	0.11	0.02	0.13	0.54	0.19	0.2	0.1302510430072757	0.103	0.071
3	['Ag', 'Ir', 'Pd', 'Pt', 'Ru']	22	[0.093 0.097 0.692 0.027 0.091]	[ 0.063  0.121 -0.129  0.014 -0.068]	0.63	1.11	1.0	1.76	0.08	0.11	0.02	0.13	0.54	0.19	0.2	0.1239003412557934	0.148	0.071
4	['Ag', 'Ir', 'Pd', 'Pt', 'Ru']	22	[0.087 0.036 0.744 0.043 0.09 ]	[-0.014  0.022 -0.07   0.062  0.001]	0.63	1.11	1.0	1.76	0.08	0.11	0.02	0.13	0.54	0.19	0.2	0.13595082435642059	0.081	0.071
0	['Ag', 'Ir', 'Pd', 'Pt', 'Ru']	23	[0.071 0.071 0.691 0.051 0.116]	[ 0.007  0.128 -0.152  0.026 -0.008]	0.63	1.11	1.0	1.76	0.08	0.11	0.02	0.13	0.54	0.19	0.2	0.12201830360952422	0.144	0.071
1	['Ag', 'Ir', 'Pd', 'Pt', 'Ru']	23	[0.112 0.008 0.658 0.063 0.159]	[-0.045 -0.042  0.179 -0.046 -0.046]	0.63	1.11	1.0	1.76	0.08	0.11	0.02	0.13	0.54	0.19	0.2	0.12482895902894589	0.167	0.071
2	['Ag', 'Ir', 'Pd', 'Pt', 'Ru']	23	[0.032 0.036 0.722 0.048 0.162]	[-0.067  0.012 -0.132  0.111  0.076]	0.63	1.11	1.0	1.76	0.08	0.11	0.02	0.13	0.54	0.19	0.2	0.12674463464729788	0.135	0.071
3	['Ag', 'Ir', 'Pd', 'Pt', 'Ru']	23	[0.061 0.04  0.748 0.016 0.135]	[-0.03   0.132 -0.14  -0.009  0.047]	0.63	1.11	1.0	1.76	0.08	0.11	0.02	0.13	0.54	0.19	0.2	0.14001046569255043	0.085	0.071
4	['Ag', 'Ir', 'Pd', 'Pt', 'Ru']	23	[0.05  0.087 0.672 0.04  0.151]	[-0.054  0.091 -0.149  0.066  0.046]	0.63	1.11	1.0	1.76	0.08	0.11	0.02	0.13	0.54	0.19	0.2	0.11201115452190225	0.175	0.071
0	['Ag', 'Ir', 'Pd', 'Pt', 'Ru']	24	[0.046 0.02  0.733 0.048 0.153]	[-0.032  0.081 -0.158  0.08   0.03 ]	0.63	1.11	1.0	1.76	0.08	0.11	0.02	0.13	0.54	0.19	0.2	0.134044150163029	0.114	0.071
1	['Ag', 'Ir', 'Pd', 'Pt', 'Ru']	24	[0.063 0.03  0.757 0.019 0.131]	[ 0.003  0.115 -0.16   0.01   0.032]	0.63	1.11	1.0	1.76	0.08	0.11	0.02	0.13	0.54	0.19	0.2	0.14444716519493092	0.074	0.071
2	['Ag', 'Ir', 'Pd', 'Pt', 'Ru']	24	[0.011 0.122 0.677 0.044 0.146]	[ 0.027  0.123 -0.154  0.008 -0.004]	0.63	1.11	1.0	1.76	0.08	0.11	0.02	0.13	0.54	0.19	0.2	0.10398227354768044	0.205	0.071
3	['Ag', 'Ir', 'Pd', 'Pt', 'Ru']	24	[0.016 0.025 0.769 0.032 0.158]	[-0.032 -0.    -0.063  0.055  0.04 ]	0.63	1.11	1.0	1.76	0.08	0.11	0.02	0.13	0.54	0.19	0.2	0.14089696153106265	0.114	0.071
4	['Ag', 'Ir', 'Pd', 'Pt', 'Ru']	24	[0.071 0.029 0.758 0.03  0.112]	[ 0.036  0.131 -0.145  0.004 -0.026]	0.63	1.11	1.0	1.76	0.08	0.11	0.02	0.13	0.54	0.19	0.2	0.14403852671713827	0.067	0.071
0	['Ag', 'Ir', 'Pd', 'Pt', 'Ru']	25	[0.071 0.041 0.685 0.094 0.109]	[ 0.03   0.025 -0.139  0.126 -0.042]	0.63	1.11	1.0	1.76	0.08	0.11	0.02	0.13	0.54	0.19	0.2	0.11789720016320111	0.157	0.071
1	['Ag', 'Ir', 'Pd', 'Pt', 'Ru']	25	[0.054 0.061 0.744 0.011 0.13 ]	[-0.003  0.075 -0.077 -0.002  0.005]	0.63	1.11	1.0	1.76	0.08	0.11	0.02	0.13	0.54	0.19	0.2	0.13423544489939562	0.1	0.071
2	['Ag', 'Ir', 'Pd', 'Pt', 'Ru']	25	[0.07  0.012 0.788 0.002 0.128]	[ 0.06   0.131 -0.131 -0.041 -0.017]	0.63	1.11	1.0	1.76	0.08	0.11	0.02	0.13	0.54	0.19	0.2	0.15736287691258471	0.044	0.071
3	['Ag', 'Ir', 'Pd', 'Pt', 'Ru']	25	[0.128 0.032 0.753 0.016 0.071]	[ 0.107  0.036 -0.077  0.032 -0.098]	0.63	1.11	1.0	1.76	0.08	0.11	0.02	0.13	0.54	0.19	0.2	0.14716098941556513	0.072	0.071
4	['Ag', 'Ir', 'Pd', 'Pt', 'Ru']	25	[0.077 0.033 0.757 0.041 0.092]	[ 0.01   0.008 -0.065  0.063 -0.016]	0.63	1.11	1.0	1.76	0.08	0.11	0.02	0.13	0.54	0.19	0.2	0.1417707683406311	0.072	0.071
0	['Ag', 'Ir', 'Pd', 'Pt', 'Ru']	26	[0.026 0.057 0.743 0.134 0.04 ]	[ 0.053  0.088 -0.152  0.062 -0.051]	0.63	1.11	1.0	1.76	0.08	0.11	0.02	0.13	0.54	0.19	0.2	0.11967605255494773	0.183	0.071
1	['Ag', 'Ir', 'Pd', 'Pt', 'Ru']	26	[0.068 0.124 0.679 0.006 0.123]	[ 0.013  0.142 -0.14  -0.006 -0.008]	0.63	1.11	1.0	1.76	0.08	0.11	0.02	0.13	0.54	0.19	0.2	0.1178174396252568	0.178	0.071
2	['Ag', 'Ir', 'Pd', 'Pt', 'Ru']	26	[0.041 0.048 0.762 0.006 0.143]	[-0.028  0.045 -0.04   0.006  0.018]	0.63	1.11	1.0	1.76	0.08	0.11	0.02	0.13	0.54	0.19	0.2	0.14259558467267103	0.095	0.071
3	['Ag', 'Ir', 'Pd', 'Pt', 'Ru']	26	[0.026 0.026 0.703 0.07  0.175]	[-0.103  0.05  -0.111  0.063  0.103]	0.63	1.11	1.0	1.76	0.08	0.11	0.02	0.13	0.54	0.19	0.2	0.12164853253392915	0.162	0.071
4	['Ag', 'Ir', 'Pd', 'Pt', 'Ru']	26	[0.047 0.092 0.65  0.057 0.154]	[-0.043  0.083 -0.157  0.067  0.049]	0.63	1.11	1.0	1.76	0.08	0.11	0.02	0.13	0.54	0.19	0.2	0.10339403219801747	0.2	0.071
0	['Ag', 'Ir', 'Pd', 'Pt', 'Ru']	27	[0.054 0.009 0.78  0.019 0.138]	[-0.033 -0.137 -0.019  0.126  0.064]	0.63	1.11	1.0	1.76	0.08	0.11	0.02	0.13	0.54	0.19	0.2	0.1550737998962018	0.066	0.071
1	['Ag', 'Ir', 'Pd', 'Pt', 'Ru']	27	[0.055 0.026 0.771 0.016 0.132]	[-0.015  0.14  -0.141  0.008  0.007]	0.63	1.11	1.0	1.76	0.08	0.11	0.02	0.13	0.54	0.19	0.2	0.14773661355663506	0.069	0.071
2	['Ag', 'Ir', 'Pd', 'Pt', 'Ru']	27	[0.082 0.631 0.092 0.076 0.119]	[ 0.082  0.451 -0.525  0.043 -0.051]	0.63	1.11	1.0	1.76	0.08	0.11	0.02	0.13	0.54	0.19	0.2	0.010692084379378897	0.952	0.071
3	['Ag', 'Ir', 'Pd', 'Pt', 'Ru']	27	[0.054 0.154 0.601 0.029 0.162]	[ 0.004  0.115 -0.143  0.066 -0.042]	0.63	1.11	1.0	1.76	0.08	0.11	0.02	0.13	0.54	0.19	0.2	0.09126548542247052	0.265	0.071
4	['Ag', 'Ir', 'Pd', 'Pt', 'Ru']	27	[0.026 0.01  0.786 0.004 0.174]	[-0.019  0.098 -0.161  0.059  0.022]	0.63	1.11	1.0	1.76	0.08	0.11	0.02	0.13	0.54	0.19	0.2	0.15348066723066395	0.106	0.071
0	['Ag', 'Ir', 'Pd', 'Pt', 'Ru']	28	[0.01  0.162 0.628 0.045 0.155]	[ 0.044  0.104 -0.165  0.013  0.004]	0.63	1.11	1.0	1.76	0.08	0.11	0.02	0.13	0.54	0.19	0.2	0.08564334839744454	0.263	0.071
1	['Ag', 'Ir', 'Pd', 'Pt', 'Ru']	28	[0.054 0.143 0.654 0.021 0.128]	[-0.001  0.122 -0.124  0.005 -0.004]	0.63	1.11	1.0	1.76	0.08	0.11	0.02	0.13	0.54	0.19	0.2	0.10617924814823063	0.212	0.071
2	['Ag', 'Ir', 'Pd', 'Pt', 'Ru']	28	[0.077 0.498 0.241 0.063 0.121]	[-0.005 -0.133  0.149 -0.013  0.002]	0.63	1.11	1.0	1.76	0.08	0.11	0.02	0.13	0.54	0.19	0.2	0.01613343211427968	0.752	0.071
3	['Ag', 'Ir', 'Pd', 'Pt', 'Ru']	28	[0.065 0.043 0.76  0.011 0.121]	[ 0.011 -0.111  0.16  -0.018 -0.041]	0.63	1.11	1.0	1.76	0.08	0.11	0.02	0.13	0.54	0.19	0.2	0.14293760336634134	0.072	0.071
4	['Ag', 'Ir', 'Pd', 'Pt', 'Ru']	28	[0.085 0.043 0.74  0.074 0.058]	[ 0.058  0.043 -0.051  0.07  -0.12 ]	0.63	1.11	1.0	1.76	0.08	0.11	0.02	0.13	0.54	0.19	0.2	0.13040320008756642	0.114	0.071
0	['Ag', 'Ir', 'Pd', 'Pt', 'Ru']	29	[0.04  0.032 0.773 0.017 0.138]	[ 0.03  -0.13   0.145 -0.028 -0.017]	0.63	1.11	1.0	1.76	0.08	0.11	0.02	0.13	0.54	0.19	0.2	0.14322683113914472	0.084	0.071
1	['Ag', 'Ir', 'Pd', 'Pt', 'Ru']	29	[0.059 0.005 0.798 0.014 0.124]	[ 0.005 -0.138  0.144 -0.007 -0.004]	0.63	1.11	1.0	1.76	0.08	0.11	0.02	0.13	0.54	0.19	0.2	0.16092145695538906	0.05	0.071
2	['Ag', 'Ir', 'Pd', 'Pt', 'Ru']	29	[0.006 0.578 0.353 0.016 0.047]	[-0.115  0.064  0.099  0.053 -0.101]	0.63	1.11	1.0	1.76	0.08	0.11	0.02	0.13	0.54	0.19	0.2	0.01512232785588886	0.739	0.071
3	['Ag', 'Ir', 'Pd', 'Pt', 'Ru']	29	[0.02  0.133 0.666 0.113 0.068]	[ 0.066  0.073 -0.142  0.074 -0.07 ]	0.63	1.11	1.0	1.76	0.08	0.11	0.02	0.13	0.54	0.19	0.2	0.09645034295572426	0.236	0.071
4	['Ag', 'Ir', 'Pd', 'Pt', 'Ru']	29	[0.099 0.046 0.706 0.048 0.101]	[-0.005  0.054 -0.168  0.09   0.028]	0.63	1.11	1.0	1.76	0.08	0.11	0.02	0.13	0.54	0.19	0.2	0.13089507056612765	0.115	0.071
0	['Ag', 'Ir', 'Pd', 'Pt', 'Ru']	30	[0.051 0.16  0.628 0.015 0.146]	[ 0.007  0.139 -0.143 -0.006  0.004]	0.63	1.11	1.0	1.76	0.08	0.11	0.02	0.13	0.54	0.19	0.2	0.09511663654849616	0.245	0.071
1	['Ag', 'Ir', 'Pd', 'Pt', 'Ru']	30	[0.05  0.206 0.595 0.005 0.144]	[-0.01   0.141 -0.14  -0.01   0.019]	0.63	1.11	1.0	1.76	0.08	0.11	0.02	0.13	0.54	0.19	0.2	0.08349576068147346	0.298	0.071
2	['Ag', 'Ir', 'Pd', 'Pt', 'Ru']	30	[0.011 0.427 0.483 0.015 0.064]	[ 0.005 -0.151  0.13  -0.001  0.017]	0.63	1.11	1.0	1.76	0.08	0.11	0.02	0.13	0.54	0.19	0.2	0.036123797210785506	0.541	0.071
3	['Ag', 'Ir', 'Pd', 'Pt', 'Ru']	30	[0.01  0.2   0.714 0.048 0.028]	[-0.073  0.038  0.011  0.14  -0.116]	0.63	1.11	1.0	1.76	0.08	0.11	0.02	0.13	0.54	0.19	0.2	0.10182283729140026	0.251	0.071
4	['Ag', 'Ir', 'Pd', 'Pt', 'Ru']	30	[0.015 0.059 0.737 0.017 0.172]	[-0.068  0.11  -0.122 -0.013  0.092]	0.63	1.11	1.0	1.76	0.08	0.11	0.02	0.13	0.54	0.19	0.2	0.12933467672736584	0.142	0.071
