ID	Elements	Generation	Position	Velocity	F_damp	F_b_best	F_h_best	F_g_best	F_b_worst	F_h_worst	F_g_worst	mut_prob	flip_prob	mut_rate	v_max	Activity	Distance	v_min
0	['Ag', 'Ir', 'Pd', 'Pt', 'Ru']	0	[0.8  0.05 0.05 0.05 0.05]	[-0.179  0.045  0.045  0.045  0.045]	0.74	1.67	1.76	0.42	0.02	0.05	0.01	0.11	0.82	0.37	0.2	0.027012725749533062	1.03	0.071
1	['Ag', 'Ir', 'Pd', 'Pt', 'Ru']	0	[0.05 0.8  0.05 0.05 0.05]	[ 0.045 -0.179  0.045  0.045  0.045]	0.74	1.67	1.76	0.42	0.02	0.05	0.01	0.11	0.82	0.37	0.2	0.007287080786378375	1.1	0.071
2	['Ag', 'Ir', 'Pd', 'Pt', 'Ru']	0	[0.05 0.05 0.8  0.05 0.05]	[ 0.045  0.045 -0.179  0.045  0.045]	0.74	1.67	1.76	0.42	0.02	0.05	0.01	0.11	0.82	0.37	0.2	0.1416984889241232	0.1	0.071
3	['Ag', 'Ir', 'Pd', 'Pt', 'Ru']	0	[0.05 0.05 0.05 0.8  0.05]	[ 0.045  0.045  0.045 -0.179  0.045]	0.74	1.67	1.76	0.42	0.02	0.05	0.01	0.11	0.82	0.37	0.2	0.031007911986536824	1.1	0.071
4	['Ag', 'Ir', 'Pd', 'Pt', 'Ru']	0	[0.05 0.05 0.05 0.05 0.8 ]	[ 0.045  0.045  0.045  0.045 -0.179]	0.74	1.67	1.76	0.42	0.02	0.05	0.01	0.11	0.82	0.37	0.2	0.015787588371734072	1.03	0.071
0	['Ag', 'Ir', 'Pd', 'Pt', 'Ru']	1	[0.656 0.049 0.189 0.053 0.053]	[-0.144 -0.001  0.139  0.003  0.003]	0.74	1.67	1.76	0.42	0.02	0.05	0.01	0.11	0.82	0.37	0.2	0.06532416559499839	0.831	0.071
1	['Ag', 'Ir', 'Pd', 'Pt', 'Ru']	1	[0.045 0.676 0.189 0.045 0.045]	[ 0.026 -0.171  0.093  0.026  0.026]	0.74	1.67	1.76	0.42	0.02	0.05	0.01	0.11	0.82	0.37	0.2	0.0107723151972083	0.916	0.071
2	['Ag', 'Ir', 'Pd', 'Pt', 'Ru']	1	[0.083 0.038 0.713 0.083 0.083]	[ 0.033 -0.012 -0.088  0.033  0.033]	0.74	1.67	1.76	0.42	0.02	0.05	0.01	0.11	0.82	0.37	0.2	0.12789949781802756	0.128	0.071
3	['Ag', 'Ir', 'Pd', 'Pt', 'Ru']	1	[0.053 0.049 0.189 0.656 0.053]	[ 0.003 -0.001  0.139 -0.144  0.003]	0.74	1.67	1.76	0.42	0.02	0.05	0.01	0.11	0.82	0.37	0.2	0.02494949105038038	0.9	0.071
4	['Ag', 'Ir', 'Pd', 'Pt', 'Ru']	1	[0.053 0.049 0.189 0.053 0.656]	[ 0.003 -0.001  0.139  0.003 -0.144]	0.74	1.67	1.76	0.42	0.02	0.05	0.01	0.11	0.82	0.37	0.2	0.037572752735476396	0.831	0.071
0	['Ag', 'Ir', 'Pd', 'Pt', 'Ru']	2	[0.512 0.043 0.328 0.059 0.058]	[-0.144 -0.006  0.139  0.006  0.005]	0.74	1.67	1.76	0.42	0.02	0.05	0.01	0.11	0.82	0.37	0.2	0.09075223404680365	0.632	0.071
1	['Ag', 'Ir', 'Pd', 'Pt', 'Ru']	2	[0.058 0.525 0.32  0.039 0.058]	[ 0.013 -0.15   0.131 -0.006  0.013]	0.74	1.67	1.76	0.42	0.02	0.05	0.01	0.11	0.82	0.37	0.2	0.01950533989457998	0.715	0.071
2	['Ag', 'Ir', 'Pd', 'Pt', 'Ru']	2	[0.073 0.047 0.734 0.073 0.073]	[ 0.029  0.061 -0.149  0.029  0.029]	0.74	1.67	1.76	0.42	0.02	0.05	0.01	0.11	0.82	0.37	0.2	0.1293080384372401	0.116	0.071
3	['Ag', 'Ir', 'Pd', 'Pt', 'Ru']	2	[0.059 0.041 0.327 0.514 0.059]	[ 0.006 -0.008  0.138 -0.144  0.006]	0.74	1.67	1.76	0.42	0.02	0.05	0.01	0.11	0.82	0.37	0.2	0.03856960244868205	0.702	0.071
4	['Ag', 'Ir', 'Pd', 'Pt', 'Ru']	2	[0.059 0.043 0.328 0.059 0.511]	[ 0.006 -0.006  0.139  0.006 -0.144]	0.74	1.67	1.76	0.42	0.02	0.05	0.01	0.11	0.82	0.37	0.2	0.047677043590994776	0.631	0.071
0	['Ag', 'Ir', 'Pd', 'Pt', 'Ru']	3	[0.369 0.039 0.467 0.063 0.062]	[-0.143 -0.004  0.139  0.004  0.004]	0.74	1.67	1.76	0.42	0.02	0.05	0.01	0.11	0.82	0.37	0.2	0.10687584889664142	0.436	0.071
1	['Ag', 'Ir', 'Pd', 'Pt', 'Ru']	3	[0.062 0.376 0.453 0.047 0.062]	[ 0.004 -0.149  0.133  0.008  0.004]	0.74	1.67	1.76	0.42	0.02	0.05	0.01	0.11	0.82	0.37	0.2	0.04253807119410075	0.517	0.071
2	['Ag', 'Ir', 'Pd', 'Pt', 'Ru']	3	[0.047 0.067 0.791 0.048 0.047]	[-0.026  0.02   0.056 -0.025 -0.026]	0.74	1.67	1.76	0.42	0.02	0.05	0.01	0.11	0.82	0.37	0.2	0.1363250699895027	0.112	0.071
3	['Ag', 'Ir', 'Pd', 'Pt', 'Ru']	3	[0.063 0.038 0.465 0.371 0.063]	[ 0.004 -0.003  0.139 -0.143  0.004]	0.74	1.67	1.76	0.42	0.02	0.05	0.01	0.11	0.82	0.37	0.2	0.06319340806920225	0.504	0.071
4	['Ag', 'Ir', 'Pd', 'Pt', 'Ru']	3	[0.064 0.041 0.469 0.057 0.369]	[ 0.005 -0.002  0.141 -0.002 -0.142]	0.74	1.67	1.76	0.42	0.02	0.05	0.01	0.11	0.82	0.37	0.2	0.07070334539025339	0.434	0.071
0	['Ag', 'Ir', 'Pd', 'Pt', 'Ru']	4	[0.232 0.037 0.612 0.06  0.059]	[-0.137 -0.002  0.146 -0.003 -0.003]	0.74	1.67	1.76	0.42	0.02	0.05	0.01	0.11	0.82	0.37	0.2	0.12243082366756446	0.244	0.071
1	['Ag', 'Ir', 'Pd', 'Pt', 'Ru']	4	[0.057 0.239 0.598 0.049 0.057]	[-0.005 -0.137  0.145  0.002 -0.005]	0.74	1.67	1.76	0.42	0.02	0.05	0.01	0.11	0.82	0.37	0.2	0.08025244189464849	0.323	0.071
2	['Ag', 'Ir', 'Pd', 'Pt', 'Ru']	4	[0.071 0.062 0.725 0.071 0.071]	[ 0.032 -0.014 -0.082  0.031  0.032]	0.74	1.67	1.76	0.42	0.02	0.05	0.01	0.11	0.82	0.37	0.2	0.12624928941175823	0.127	0.071
3	['Ag', 'Ir', 'Pd', 'Pt', 'Ru']	4	[0.067 0.041 0.607 0.23  0.055]	[ 0.004  0.003  0.142 -0.141 -0.008]	0.74	1.67	1.76	0.42	0.02	0.05	0.01	0.11	0.82	0.37	0.2	0.09494406366362731	0.308	0.071
4	['Ag', 'Ir', 'Pd', 'Pt', 'Ru']	4	[0.051 0.039 0.622 0.046 0.242]	[-0.013 -0.002  0.153 -0.011 -0.127]	0.74	1.67	1.76	0.42	0.02	0.05	0.01	0.11	0.82	0.37	0.2	0.10726864715087689	0.241	0.071
0	['Ag', 'Ir', 'Pd', 'Pt', 'Ru']	5	[0.082 0.047 0.742 0.065 0.064]	[-0.15   0.01   0.131  0.005  0.005]	0.74	1.67	1.76	0.42	0.02	0.05	0.01	0.11	0.82	0.37	0.2	0.13157045107852525	0.107	0.071
1	['Ag', 'Ir', 'Pd', 'Pt', 'Ru']	5	[0.132 0.136 0.483 0.131 0.118]	[ 0.075 -0.103 -0.115  0.082  0.061]	0.74	1.67	1.76	0.42	0.02	0.05	0.01	0.11	0.82	0.37	0.2	0.0755954947512027	0.371	0.071
2	['Ag', 'Ir', 'Pd', 'Pt', 'Ru']	5	[0.069 0.027 0.766 0.069 0.069]	[ 0.039 -0.013 -0.104  0.039  0.039]	0.74	1.67	1.76	0.42	0.02	0.05	0.01	0.11	0.82	0.37	0.2	0.13851526773042375	0.093	0.071
3	['Ag', 'Ir', 'Pd', 'Pt', 'Ru']	5	[0.009 0.006 0.65  0.332 0.003]	[-0.033 -0.061 -0.03   0.177 -0.054]	0.74	1.67	1.76	0.42	0.02	0.05	0.01	0.11	0.82	0.37	0.2	0.08729670766597285	0.388	0.071
4	['Ag', 'Ir', 'Pd', 'Pt', 'Ru']	5	[0.054 0.043 0.756 0.054 0.093]	[ 0.003  0.004  0.134  0.008 -0.149]	0.74	1.67	1.76	0.42	0.02	0.05	0.01	0.11	0.82	0.37	0.2	0.1374317073695973	0.094	0.071
0	['Ag', 'Ir', 'Pd', 'Pt', 'Ru']	6	[0.091 0.042 0.684 0.091 0.092]	[ 0.137 -0.02  -0.143  0.011  0.013]	0.74	1.67	1.76	0.42	0.02	0.05	0.01	0.11	0.82	0.37	0.2	0.12142543123918262	0.154	0.071
1	['Ag', 'Ir', 'Pd', 'Pt', 'Ru']	6	[0.081 0.1   0.662 0.079 0.078]	[-0.051 -0.036  0.178 -0.052 -0.04 ]	0.74	1.67	1.76	0.42	0.02	0.05	0.01	0.11	0.82	0.37	0.2	0.11221063287563934	0.19	0.071
2	['Ag', 'Ir', 'Pd', 'Pt', 'Ru']	6	[0.055 0.052 0.782 0.055 0.056]	[-0.014  0.025  0.016 -0.014 -0.013]	0.74	1.67	1.76	0.42	0.02	0.05	0.01	0.11	0.82	0.37	0.2	0.13590918641438526	0.1	0.071
3	['Ag', 'Ir', 'Pd', 'Pt', 'Ru']	6	[0.064 0.021 0.706 0.156 0.053]	[ 0.055  0.015  0.056 -0.176  0.05 ]	0.74	1.67	1.76	0.42	0.02	0.05	0.01	0.11	0.82	0.37	0.2	0.12005917711877011	0.193	0.071
4	['Ag', 'Ir', 'Pd', 'Pt', 'Ru']	6	[0.09  0.034 0.687 0.093 0.096]	[ 0.013 -0.032 -0.137  0.016  0.14 ]	0.74	1.67	1.76	0.42	0.02	0.05	0.01	0.11	0.82	0.37	0.2	0.12145272865082374	0.151	0.071
0	['Ag', 'Ir', 'Pd', 'Pt', 'Ru']	7	[0.045 0.005 0.762 0.147 0.041]	[-0.036 -0.027 -0.131  0.066  0.128]	0.74	1.67	1.76	0.42	0.02	0.05	0.01	0.11	0.82	0.37	0.2	0.12940706977429361	0.172	0.071
1	['Ag', 'Ir', 'Pd', 'Pt', 'Ru']	7	[0.061 0.055 0.759 0.06  0.065]	[ 0.051  0.01  -0.175  0.052  0.062]	0.74	1.67	1.76	0.42	0.02	0.05	0.01	0.11	0.82	0.37	0.2	0.1342238403119368	0.105	0.071
2	['Ag', 'Ir', 'Pd', 'Pt', 'Ru']	7	[0.046 0.564 0.316 0.046 0.028]	[-0.009  0.522 -0.466 -0.009 -0.028]	0.74	1.67	1.76	0.42	0.02	0.05	0.01	0.11	0.82	0.37	0.2	0.018405739786929033	0.75	0.071
3	['Ag', 'Ir', 'Pd', 'Pt', 'Ru']	7	[0.058 0.032 0.578 0.306 0.026]	[-0.006  0.011 -0.128  0.15  -0.027]	0.74	1.67	1.76	0.42	0.02	0.05	0.01	0.11	0.82	0.37	0.2	0.08195620608821255	0.389	0.071
4	['Ag', 'Ir', 'Pd', 'Pt', 'Ru']	7	[0.032 0.07  0.751 0.03  0.117]	[-0.026  0.109 -0.137 -0.033  0.087]	0.74	1.67	1.76	0.42	0.02	0.05	0.01	0.11	0.82	0.37	0.2	0.13051722842896485	0.115	0.071
0	['Ag', 'Ir', 'Pd', 'Pt', 'Ru']	8	[0.034 0.082 0.73  0.003 0.151]	[-0.011  0.077 -0.033 -0.144  0.11 ]	0.74	1.67	1.76	0.42	0.02	0.05	0.01	0.11	0.82	0.37	0.2	0.12379411349232756	0.136	0.071
1	['Ag', 'Ir', 'Pd', 'Pt', 'Ru']	8	[0.095 0.013 0.69  0.095 0.107]	[ 0.034 -0.042 -0.069  0.035  0.042]	0.74	1.67	1.76	0.42	0.02	0.05	0.01	0.11	0.82	0.37	0.2	0.12550572614455363	0.146	0.071
2	['Ag', 'Ir', 'Pd', 'Pt', 'Ru']	8	[0.049 0.416 0.451 0.048 0.036]	[ 0.003 -0.148  0.135  0.002  0.008]	0.74	1.67	1.76	0.42	0.02	0.05	0.01	0.11	0.82	0.37	0.2	0.038915940305046894	0.551	0.071
3	['Ag', 'Ir', 'Pd', 'Pt', 'Ru']	8	[0.06  0.033 0.705 0.153 0.049]	[ 0.002  0.001  0.127 -0.153  0.023]	0.74	1.67	1.76	0.42	0.02	0.05	0.01	0.11	0.82	0.37	0.2	0.11656987664488487	0.194	0.071
4	['Ag', 'Ir', 'Pd', 'Pt', 'Ru']	8	[0.107 0.039 0.736 0.105 0.013]	[ 0.075 -0.031 -0.016  0.075 -0.104]	0.74	1.67	1.76	0.42	0.02	0.05	0.01	0.11	0.82	0.37	0.2	0.12598968204910763	0.156	0.071
0	['Ag', 'Ir', 'Pd', 'Pt', 'Ru']	9	[0.118 0.032 0.76  0.088 0.002]	[ 0.084 -0.05   0.031  0.085 -0.149]	0.74	1.67	1.76	0.42	0.02	0.05	0.01	0.11	0.82	0.37	0.2	0.1309618421082868	0.142	0.071
1	['Ag', 'Ir', 'Pd', 'Pt', 'Ru']	9	[0.078 0.047 0.755 0.075 0.045]	[-0.016  0.035 -0.138 -0.019  0.138]	0.74	1.67	1.76	0.42	0.02	0.05	0.01	0.11	0.82	0.37	0.2	0.13075027639592315	0.116	0.071
2	['Ag', 'Ir', 'Pd', 'Pt', 'Ru']	9	[0.064 0.27  0.587 0.039 0.04 ]	[ 0.015 -0.146  0.135 -0.009  0.004]	0.74	1.67	1.76	0.42	0.02	0.05	0.01	0.11	0.82	0.37	0.2	0.07722229431073788	0.353	0.071
3	['Ag', 'Ir', 'Pd', 'Pt', 'Ru']	9	[0.184 0.078 0.597 0.054 0.087]	[ 0.124  0.045 -0.107 -0.099  0.038]	0.74	1.67	1.76	0.42	0.02	0.05	0.01	0.11	0.82	0.37	0.2	0.11202544663591027	0.24	0.071
4	['Ag', 'Ir', 'Pd', 'Pt', 'Ru']	9	[0.064 0.01  0.783 0.066 0.077]	[-0.023 -0.006 -0.061 -0.018  0.108]	0.74	1.67	1.76	0.42	0.02	0.05	0.01	0.11	0.82	0.37	0.2	0.14528991641540992	0.081	0.071
0	['Ag', 'Ir', 'Pd', 'Pt', 'Ru']	10	[0.    0.051 0.758 0.062 0.129]	[-0.114  0.068 -0.067 -0.021  0.132]	0.74	1.67	1.76	0.42	0.02	0.05	0.01	0.11	0.82	0.37	0.2	0.13368163727180468	0.138	0.071
1	['Ag', 'Ir', 'Pd', 'Pt', 'Ru']	10	[0.011 0.017 0.744 0.018 0.21 ]	[-0.088  0.04  -0.031 -0.077  0.155]	0.74	1.67	1.76	0.42	0.02	0.05	0.01	0.11	0.82	0.37	0.2	0.13615113368963225	0.154	0.071
2	['Ag', 'Ir', 'Pd', 'Pt', 'Ru']	10	[0.062 0.118 0.716 0.049 0.055]	[-0.002 -0.152  0.129  0.01   0.015]	0.74	1.67	1.76	0.42	0.02	0.05	0.01	0.11	0.82	0.37	0.2	0.11843598050886239	0.164	0.071
3	['Ag', 'Ir', 'Pd', 'Pt', 'Ru']	10	[0.22  0.045 0.709 0.024 0.002]	[ 0.012  0.088  0.1   -0.067 -0.133]	0.74	1.67	1.76	0.42	0.02	0.05	0.01	0.11	0.82	0.37	0.2	0.12979684815951734	0.187	0.071
4	['Ag', 'Ir', 'Pd', 'Pt', 'Ru']	10	[0.039 0.016 0.761 0.047 0.137]	[-0.029  0.016 -0.025 -0.023  0.06 ]	0.74	1.67	1.76	0.42	0.02	0.05	0.01	0.11	0.82	0.37	0.2	0.14482906411795818	0.095	0.071
0	['Ag', 'Ir', 'Pd', 'Pt', 'Ru']	11	[0.008 0.008 0.744 0.019 0.221]	[ 0.005 -0.042 -0.013 -0.042  0.093]	0.74	1.67	1.76	0.42	0.02	0.05	0.01	0.11	0.82	0.37	0.2	0.13759065905937543	0.163	0.071
1	['Ag', 'Ir', 'Pd', 'Pt', 'Ru']	11	[0.014 0.014 0.789 0.03  0.153]	[ 0.003 -0.003  0.046  0.012 -0.057]	0.74	1.67	1.76	0.42	0.02	0.05	0.01	0.11	0.82	0.37	0.2	0.1488699092632503	0.107	0.071
2	['Ag', 'Ir', 'Pd', 'Pt', 'Ru']	11	[0.045 0.05  0.749 0.047 0.109]	[-0.031  0.14  -0.133 -0.016  0.041]	0.74	1.67	1.76	0.42	0.02	0.05	0.01	0.11	0.82	0.37	0.2	0.1346763530625157	0.102	0.071
3	['Ag', 'Ir', 'Pd', 'Pt', 'Ru']	11	[0.058 0.048 0.8   0.02  0.074]	[-0.137  0.043 -0.061  0.036  0.119]	0.74	1.67	1.76	0.42	0.02	0.05	0.01	0.11	0.82	0.37	0.2	0.14566703408438217	0.072	0.071
4	['Ag', 'Ir', 'Pd', 'Pt', 'Ru']	11	[0.072 0.011 0.794 0.074 0.049]	[ 0.053  0.011 -0.031  0.046 -0.079]	0.74	1.67	1.76	0.42	0.02	0.05	0.01	0.11	0.82	0.37	0.2	0.14393514071867178	0.095	0.071
0	['Ag', 'Ir', 'Pd', 'Pt', 'Ru']	12	[0.023 0.047 0.737 0.025 0.168]	[ 0.037  0.072 -0.091  0.026 -0.044]	0.74	1.67	1.76	0.42	0.02	0.05	0.01	0.11	0.82	0.37	0.2	0.1312216547370441	0.132	0.071
1	['Ag', 'Ir', 'Pd', 'Pt', 'Ru']	12	[0.018 0.055 0.764 0.043 0.12 ]	[ 0.006  0.051 -0.034  0.017 -0.039]	0.74	1.67	1.76	0.42	0.02	0.05	0.01	0.11	0.82	0.37	0.2	0.1335773777980119	0.115	0.071
2	['Ag', 'Ir', 'Pd', 'Pt', 'Ru']	12	[0.056 0.057 0.745 0.003 0.139]	[ 0.085  0.01  -0.086 -0.041  0.033]	0.74	1.67	1.76	0.42	0.02	0.05	0.01	0.11	0.82	0.37	0.2	0.13623458911661565	0.099	0.071
3	['Ag', 'Ir', 'Pd', 'Pt', 'Ru']	12	[0.128 0.032 0.68  0.006 0.154]	[ 0.063  0.048 -0.167 -0.018  0.075]	0.74	1.67	1.76	0.42	0.02	0.05	0.01	0.11	0.82	0.37	0.2	0.13274998304965732	0.138	0.071
4	['Ag', 'Ir', 'Pd', 'Pt', 'Ru']	12	[0.032 0.008 0.712 0.081 0.167]	[ 0.075 -0.04  -0.134 -0.021  0.12 ]	0.74	1.67	1.76	0.42	0.02	0.05	0.01	0.11	0.82	0.37	0.2	0.12546412203243543	0.153	0.071
0	['Ag', 'Ir', 'Pd', 'Pt', 'Ru']	13	[0.06  0.016 0.727 0.04  0.157]	[ 0.037 -0.031 -0.011  0.015 -0.011]	0.74	1.67	1.76	0.42	0.02	0.05	0.01	0.11	0.82	0.37	0.2	0.13665160967757892	0.11	0.071
1	['Ag', 'Ir', 'Pd', 'Pt', 'Ru']	13	[0.069 0.1   0.772 0.034 0.025]	[ 0.042  0.035 -0.007  0.052 -0.124]	0.74	1.67	1.76	0.42	0.02	0.05	0.01	0.11	0.82	0.37	0.2	0.1316079051926846	0.136	0.071
2	['Ag', 'Ir', 'Pd', 'Pt', 'Ru']	13	[0.097 0.023 0.793 0.061 0.026]	[ 0.067 -0.013 -0.041  0.086 -0.099]	0.74	1.67	1.76	0.42	0.02	0.05	0.01	0.11	0.82	0.37	0.2	0.13942454890482317	0.099	0.071
3	['Ag', 'Ir', 'Pd', 'Pt', 'Ru']	13	[0.007 0.088 0.787 0.012 0.106]	[-0.093  0.129 -0.102  0.066 -0.001]	0.74	1.67	1.76	0.42	0.02	0.05	0.01	0.11	0.82	0.37	0.2	0.1333067905403379	0.129	0.071
4	['Ag', 'Ir', 'Pd', 'Pt', 'Ru']	13	[0.1   0.02  0.772 0.047 0.061]	[ 0.05  -0.02   0.04   0.094 -0.164]	0.74	1.67	1.76	0.42	0.02	0.05	0.01	0.11	0.82	0.37	0.2	0.14171332149536875	0.07	0.071
0	['Ag', 'Ir', 'Pd', 'Pt', 'Ru']	14	[0.157 0.349 0.093 0.142 0.259]	[ 0.098  0.182 -0.611  0.068  0.263]	0.74	1.67	1.76	0.42	0.02	0.05	0.01	0.11	0.82	0.37	0.2	0.015750377276747766	0.819	0.071
1	['Ag', 'Ir', 'Pd', 'Pt', 'Ru']	14	[0.027 0.056 0.769 0.032 0.116]	[-0.107  0.131 -0.051 -0.051  0.079]	0.74	1.67	1.76	0.42	0.02	0.05	0.01	0.11	0.82	0.37	0.2	0.13799999950212666	0.103	0.071
2	['Ag', 'Ir', 'Pd', 'Pt', 'Ru']	14	[0.046 0.031 0.758 0.053 0.112]	[-0.051  0.008 -0.035 -0.008  0.086]	0.74	1.67	1.76	0.42	0.02	0.05	0.01	0.11	0.82	0.37	0.2	0.14133534027905428	0.093	0.071
3	['Ag', 'Ir', 'Pd', 'Pt', 'Ru']	14	[0.134 0.005 0.742 0.094 0.025]	[ 0.101  0.061 -0.087  0.051 -0.127]	0.74	1.67	1.76	0.42	0.02	0.05	0.01	0.11	0.82	0.37	0.2	0.13219318806487634	0.138	0.071
4	['Ag', 'Ir', 'Pd', 'Pt', 'Ru']	14	[0.051 0.046 0.735 0.149 0.019]	[-0.073  0.031 -0.095  0.082  0.055]	0.74	1.67	1.76	0.42	0.02	0.05	0.01	0.11	0.82	0.37	0.2	0.12125117829584241	0.194	0.071
0	['Ag', 'Ir', 'Pd', 'Pt', 'Ru']	15	[0.178 0.271 0.061 0.174 0.316]	[-0.015 -0.15   0.127  0.001  0.036]	0.74	1.67	1.76	0.42	0.02	0.05	0.01	0.11	0.82	0.37	0.2	0.014846541020749608	0.838	0.071
1	['Ag', 'Ir', 'Pd', 'Pt', 'Ru']	15	[0.047 0.005 0.752 0.001 0.195]	[ 0.046  0.036 -0.116 -0.058  0.092]	0.74	1.67	1.76	0.42	0.02	0.05	0.01	0.11	0.82	0.37	0.2	0.15149706930914844	0.119	0.071
2	['Ag', 'Ir', 'Pd', 'Pt', 'Ru']	15	[0.033 0.058 0.735 0.059 0.115]	[ 0.079  0.021 -0.092 -0.002 -0.006]	0.74	1.67	1.76	0.42	0.02	0.05	0.01	0.11	0.82	0.37	0.2	0.12745980516437255	0.126	0.071
3	['Ag', 'Ir', 'Pd', 'Pt', 'Ru']	15	[0.01  0.063 0.672 0.15  0.105]	[ 0.113  0.007 -0.16   0.004  0.036]	0.74	1.67	1.76	0.42	0.02	0.05	0.01	0.11	0.82	0.37	0.2	0.10329600272212787	0.226	0.071
4	['Ag', 'Ir', 'Pd', 'Pt', 'Ru']	15	[0.044 0.022 0.711 0.04  0.183]	[-0.007 -0.024 -0.025 -0.109  0.164]	0.74	1.67	1.76	0.42	0.02	0.05	0.01	0.11	0.82	0.37	0.2	0.12802160110344368	0.142	0.071
0	['Ag', 'Ir', 'Pd', 'Pt', 'Ru']	16	[0.141 0.198 0.237 0.133 0.291]	[-0.037 -0.073  0.176 -0.041 -0.025]	0.74	1.67	1.76	0.42	0.02	0.05	0.01	0.11	0.82	0.37	0.2	0.031020519120077587	0.642	0.071
1	['Ag', 'Ir', 'Pd', 'Pt', 'Ru']	16	[0.035 0.02  0.684 0.039 0.222]	[ 0.002 -0.018 -0.069  0.035  0.051]	0.74	1.67	1.76	0.42	0.02	0.05	0.01	0.11	0.82	0.37	0.2	0.12381227973581059	0.186	0.071
2	['Ag', 'Ir', 'Pd', 'Pt', 'Ru']	16	[0.032 0.05  0.737 0.117 0.064]	[ 0.014  0.006 -0.126  0.149 -0.043]	0.74	1.67	1.76	0.42	0.02	0.05	0.01	0.11	0.82	0.37	0.2	0.1223904980641451	0.161	0.071
3	['Ag', 'Ir', 'Pd', 'Pt', 'Ru']	16	[0.019 0.092 0.673 0.183 0.033]	[-0.064  0.145 -0.007  0.04  -0.114]	0.74	1.67	1.76	0.42	0.02	0.05	0.01	0.11	0.82	0.37	0.2	0.09672695564602447	0.263	0.071
4	['Ag', 'Ir', 'Pd', 'Pt', 'Ru']	16	[0.02  0.057 0.681 0.064 0.178]	[-0.007  0.068 -0.164  0.091  0.012]	0.74	1.67	1.76	0.42	0.02	0.05	0.01	0.11	0.82	0.37	0.2	0.11135491073381192	0.184	0.071
0	['Ag', 'Ir', 'Pd', 'Pt', 'Ru']	17	[0.099 0.129 0.413 0.094 0.265]	[-0.042 -0.069  0.177 -0.039 -0.026]	0.74	1.67	1.76	0.42	0.02	0.05	0.01	0.11	0.82	0.37	0.2	0.05805054115712243	0.45	0.071
1	['Ag', 'Ir', 'Pd', 'Pt', 'Ru']	17	[0.007 0.057 0.744 0.    0.192]	[-0.001  0.079 -0.134  0.059 -0.003]	0.74	1.67	1.76	0.42	0.02	0.05	0.01	0.11	0.82	0.37	0.2	0.13294266350488637	0.153	0.071
2	['Ag', 'Ir', 'Pd', 'Pt', 'Ru']	17	[0.014 0.054 0.629 0.141 0.162]	[-0.07   0.077 -0.133  0.02   0.106]	0.74	1.67	1.76	0.42	0.02	0.05	0.01	0.11	0.82	0.37	0.2	0.09681567552397717	0.252	0.071
3	['Ag', 'Ir', 'Pd', 'Pt', 'Ru']	17	[0.032 0.055 0.751 0.032 0.13 ]	[ 0.013 -0.037  0.078 -0.151  0.097]	0.74	1.67	1.76	0.42	0.02	0.05	0.01	0.11	0.82	0.37	0.2	0.13351196013848626	0.109	0.071
4	['Ag', 'Ir', 'Pd', 'Pt', 'Ru']	17	[0.079 0.058 0.764 0.032 0.067]	[ 0.049  0.081  0.076 -0.057 -0.149]	0.74	1.67	1.76	0.42	0.02	0.05	0.01	0.11	0.82	0.37	0.2	0.1375570688997821	0.085	0.071
0	['Ag', 'Ir', 'Pd', 'Pt', 'Ru']	18	[0.07  0.075 0.59  0.057 0.208]	[-0.029 -0.054  0.178 -0.037 -0.057]	0.74	1.67	1.76	0.42	0.02	0.05	0.01	0.11	0.82	0.37	0.2	0.09674946757849685	0.256	0.071
1	['Ag', 'Ir', 'Pd', 'Pt', 'Ru']	18	[0.152 0.019 0.747 0.021 0.061]	[ 0.147 -0.036  0.006  0.013 -0.13 ]	0.74	1.67	1.76	0.42	0.02	0.05	0.01	0.11	0.82	0.37	0.2	0.14395973757785188	0.089	0.071
2	['Ag', 'Ir', 'Pd', 'Pt', 'Ru']	18	[0.145 0.135 0.549 0.049 0.122]	[ 0.131  0.081 -0.079 -0.092 -0.04 ]	0.74	1.67	1.76	0.42	0.02	0.05	0.01	0.11	0.82	0.37	0.2	0.09442455276083486	0.293	0.071
3	['Ag', 'Ir', 'Pd', 'Pt', 'Ru']	18	[0.122 0.016 0.69  0.108 0.064]	[ 0.097 -0.033 -0.116  0.112 -0.06 ]	0.74	1.67	1.76	0.42	0.02	0.05	0.01	0.11	0.82	0.37	0.2	0.12595655658666555	0.161	0.071
4	['Ag', 'Ir', 'Pd', 'Pt', 'Ru']	18	[0.12  0.048 0.713 0.073 0.046]	[ 0.069 -0.007 -0.108  0.069 -0.023]	0.74	1.67	1.76	0.42	0.02	0.05	0.01	0.11	0.82	0.37	0.2	0.1291867010886752	0.136	0.071
0	['Ag', 'Ir', 'Pd', 'Pt', 'Ru']	19	[0.071 0.008 0.761 0.016 0.144]	[ 0.001 -0.067  0.172 -0.041 -0.064]	0.74	1.67	1.76	0.42	0.02	0.05	0.01	0.11	0.82	0.37	0.2	0.15320228061968302	0.068	0.071
1	['Ag', 'Ir', 'Pd', 'Pt', 'Ru']	19	[0.021 0.04  0.744 0.019 0.176]	[-0.149  0.036 -0.002 -0.014  0.128]	0.74	1.67	1.76	0.42	0.02	0.05	0.01	0.11	0.82	0.37	0.2	0.13551750956600442	0.131	0.071
2	['Ag', 'Ir', 'Pd', 'Pt', 'Ru']	19	[0.124 0.058 0.724 0.02  0.074]	[-0.021 -0.077  0.175 -0.029 -0.048]	0.74	1.67	1.76	0.42	0.02	0.05	0.01	0.11	0.82	0.37	0.2	0.13692780935297003	0.104	0.071
3	['Ag', 'Ir', 'Pd', 'Pt', 'Ru']	19	[0.108 0.017 0.755 0.052 0.068]	[-0.012  0.003 -0.14   0.142  0.006]	0.74	1.67	1.76	0.42	0.02	0.05	0.01	0.11	0.82	0.37	0.2	0.1400045424212521	0.078	0.071
4	['Ag', 'Ir', 'Pd', 'Pt', 'Ru']	19	[0.016 0.126 0.75  0.059 0.049]	[-0.157  0.068  0.015  0.098 -0.025]	0.74	1.67	1.76	0.42	0.02	0.05	0.01	0.11	0.82	0.37	0.2	0.11530697266776536	0.178	0.071
0	['Ag', 'Ir', 'Pd', 'Pt', 'Ru']	20	[0.087 0.106 0.648 0.045 0.114]	[ 0.019  0.089 -0.135  0.055 -0.028]	0.74	1.67	1.76	0.42	0.02	0.05	0.01	0.11	0.82	0.37	0.2	0.11132527810253601	0.192	0.071
1	['Ag', 'Ir', 'Pd', 'Pt', 'Ru']	20	[0.084 0.082 0.718 0.007 0.109]	[ 0.067  0.095 -0.111  0.013 -0.064]	0.74	1.67	1.76	0.42	0.02	0.05	0.01	0.11	0.82	0.37	0.2	0.12955814438924199	0.118	0.071
2	['Ag', 'Ir', 'Pd', 'Pt', 'Ru']	20	[0.15  0.102 0.698 0.    0.05 ]	[ 0.03   0.125 -0.151  0.017 -0.021]	0.74	1.67	1.76	0.42	0.02	0.05	0.01	0.11	0.82	0.37	0.2	0.13142607920268612	0.161	0.071
3	['Ag', 'Ir', 'Pd', 'Pt', 'Ru']	20	[0.025 0.022 0.745 0.008 0.2  ]	[ 0.099 -0.045 -0.064 -0.105  0.114]	0.74	1.67	1.76	0.42	0.02	0.05	0.01	0.11	0.82	0.37	0.2	0.14082512658373758	0.139	0.071
4	['Ag', 'Ir', 'Pd', 'Pt', 'Ru']	20	[0.029 0.042 0.776 0.034 0.119]	[-0.05   0.153 -0.032 -0.108  0.036]	0.74	1.67	1.76	0.42	0.02	0.05	0.01	0.11	0.82	0.37	0.2	0.14086494207467126	0.094	0.071
0	['Ag', 'Ir', 'Pd', 'Pt', 'Ru']	21	[0.038 0.006 0.79  0.03  0.136]	[-0.032  0.132 -0.142  0.002  0.04 ]	0.74	1.67	1.76	0.42	0.02	0.05	0.01	0.11	0.82	0.37	0.2	0.15569732360772612	0.079	0.071
1	['Ag', 'Ir', 'Pd', 'Pt', 'Ru']	21	[0.02  0.039 0.765 0.008 0.168]	[-0.101  0.114 -0.104  0.016  0.075]	0.74	1.67	1.76	0.42	0.02	0.05	0.01	0.11	0.82	0.37	0.2	0.14049690753323948	0.118	0.071
2	['Ag', 'Ir', 'Pd', 'Pt', 'Ru']	21	[0.004 0.172 0.759 0.05  0.015]	[-0.096  0.127 -0.09   0.079 -0.02 ]	0.74	1.67	1.76	0.42	0.02	0.05	0.01	0.11	0.82	0.37	0.2	0.1122149418667201	0.224	0.071
3	['Ag', 'Ir', 'Pd', 'Pt', 'Ru']	21	[0.118 0.044 0.78  0.015 0.043]	[ 0.115  0.042 -0.052  0.039 -0.144]	0.74	1.67	1.76	0.42	0.02	0.05	0.01	0.11	0.82	0.37	0.2	0.1481333097741842	0.078	0.071
4	['Ag', 'Ir', 'Pd', 'Pt', 'Ru']	21	[0.064 0.077 0.786 0.001 0.072]	[ 0.024  0.023 -0.004  0.023 -0.066]	0.74	1.67	1.76	0.42	0.02	0.05	0.01	0.11	0.82	0.37	0.2	0.14177709175126693	0.091	0.071
0	['Ag', 'Ir', 'Pd', 'Pt', 'Ru']	22	[0.057 0.063 0.701 0.019 0.16 ]	[ 0.028  0.049 -0.1   -0.009  0.032]	0.74	1.67	1.76	0.42	0.02	0.05	0.01	0.11	0.82	0.37	0.2	0.12341712680703246	0.14	0.071
1	['Ag', 'Ir', 'Pd', 'Pt', 'Ru']	22	[0.012 0.035 0.724 0.036 0.193]	[-0.028  0.06  -0.069  0.021  0.017]	0.74	1.67	1.76	0.42	0.02	0.05	0.01	0.11	0.82	0.37	0.2	0.12681788111312325	0.157	0.071
2	['Ag', 'Ir', 'Pd', 'Pt', 'Ru']	22	[0.031 0.006 0.788 0.055 0.12 ]	[ 0.027 -0.166  0.029  0.005  0.105]	0.74	1.67	1.76	0.42	0.02	0.05	0.01	0.11	0.82	0.37	0.2	0.1478462869728694	0.091	0.071
3	['Ag', 'Ir', 'Pd', 'Pt', 'Ru']	22	[0.043 0.005 0.78  0.02  0.152]	[-0.092  0.025 -0.051  0.014  0.104]	0.74	1.67	1.76	0.42	0.02	0.05	0.01	0.11	0.82	0.37	0.2	0.15452818778509142	0.082	0.071
4	['Ag', 'Ir', 'Pd', 'Pt', 'Ru']	22	[0.003 0.079 0.76  0.073 0.085]	[-0.117  0.131 -0.068  0.068 -0.013]	0.74	1.67	1.76	0.42	0.02	0.05	0.01	0.11	0.82	0.37	0.2	0.12586037499920988	0.151	0.071
0	['Ag', 'Ir', 'Pd', 'Pt', 'Ru']	23	[0.034 0.082 0.713 0.032 0.139]	[-0.01   0.135 -0.144  0.027 -0.008]	0.74	1.67	1.76	0.42	0.02	0.05	0.01	0.11	0.82	0.37	0.2	0.12010225939618813	0.146	0.071
1	['Ag', 'Ir', 'Pd', 'Pt', 'Ru']	23	[0.087 0.061 0.709 0.03  0.113]	[ 0.08   0.076 -0.138  0.056 -0.075]	0.74	1.67	1.76	0.42	0.02	0.05	0.01	0.11	0.82	0.37	0.2	0.12871008202509954	0.115	0.071
2	['Ag', 'Ir', 'Pd', 'Pt', 'Ru']	23	[0.016 0.098 0.688 0.044 0.154]	[-0.043  0.101 -0.139 -0.01   0.092]	0.74	1.67	1.76	0.42	0.02	0.05	0.01	0.11	0.82	0.37	0.2	0.10752356479303492	0.185	0.071
3	['Ag', 'Ir', 'Pd', 'Pt', 'Ru']	23	[0.029 0.038 0.787 0.044 0.102]	[ 0.055  0.024 -0.011  0.013 -0.081]	0.74	1.67	1.76	0.42	0.02	0.05	0.01	0.11	0.82	0.37	0.2	0.14521046104388738	0.093	0.071
4	['Ag', 'Ir', 'Pd', 'Pt', 'Ru']	23	[0.042 0.067 0.75  0.014 0.127]	[ 0.041  0.122 -0.099 -0.108  0.044]	0.74	1.67	1.76	0.42	0.02	0.05	0.01	0.11	0.82	0.37	0.2	0.13347434318645182	0.106	0.071
0	['Ag', 'Ir', 'Pd', 'Pt', 'Ru']	24	[0.105 0.04  0.565 0.138 0.152]	[ 0.071 -0.042 -0.148  0.106  0.013]	0.74	1.67	1.76	0.42	0.02	0.05	0.01	0.11	0.82	0.37	0.2	0.09445692264019967	0.28	0.071
1	['Ag', 'Ir', 'Pd', 'Pt', 'Ru']	24	[0.012 0.051 0.738 0.036 0.163]	[ 0.076  0.076 -0.166 -0.016  0.03 ]	0.74	1.67	1.76	0.42	0.02	0.05	0.01	0.11	0.82	0.37	0.2	0.1303775492664008	0.139	0.071
2	['Ag', 'Ir', 'Pd', 'Pt', 'Ru']	24	[0.019 0.041 0.746 0.065 0.129]	[ 0.006  0.135 -0.143  0.024 -0.022]	0.74	1.67	1.76	0.42	0.02	0.05	0.01	0.11	0.82	0.37	0.2	0.13385988372645935	0.127	0.071
3	['Ag', 'Ir', 'Pd', 'Pt', 'Ru']	24	[0.027 0.003 0.77  0.07  0.13 ]	[ 0.038  0.026 -0.097  0.015  0.019]	0.74	1.67	1.76	0.42	0.02	0.05	0.01	0.11	0.82	0.37	0.2	0.14428367301173875	0.11	0.071
4	['Ag', 'Ir', 'Pd', 'Pt', 'Ru']	24	[0.093 0.042 0.751 0.085 0.029]	[ 0.043  0.089 -0.089  0.063 -0.106]	0.74	1.67	1.76	0.42	0.02	0.05	0.01	0.11	0.82	0.37	0.2	0.12901735444583404	0.128	0.071
0	['Ag', 'Ir', 'Pd', 'Pt', 'Ru']	25	[0.05  0.003 0.74  0.073 0.134]	[-0.072  0.026  0.162 -0.083 -0.034]	0.74	1.67	1.76	0.42	0.02	0.05	0.01	0.11	0.82	0.37	0.2	0.1396263919877417	0.112	0.071
1	['Ag', 'Ir', 'Pd', 'Pt', 'Ru']	25	[0.077 0.146 0.647 0.056 0.074]	[ 0.062  0.095 -0.11   0.061 -0.107]	0.74	1.67	1.76	0.42	0.02	0.05	0.01	0.11	0.82	0.37	0.2	0.10646437856121894	0.222	0.071
2	['Ag', 'Ir', 'Pd', 'Pt', 'Ru']	25	[0.052 0.017 0.787 0.048 0.096]	[ 0.022  0.042  0.033 -0.038 -0.059]	0.74	1.67	1.76	0.42	0.02	0.05	0.01	0.11	0.82	0.37	0.2	0.14998191148819692	0.071	0.071
3	['Ag', 'Ir', 'Pd', 'Pt', 'Ru']	25	[0.064 0.001 0.736 0.033 0.166]	[ 0.019 -0.041 -0.084  0.088  0.018]	0.74	1.67	1.76	0.42	0.02	0.05	0.01	0.11	0.82	0.37	0.2	0.14229220395490486	0.104	0.071
4	['Ag', 'Ir', 'Pd', 'Pt', 'Ru']	25	[0.004 0.002 0.727 0.073 0.194]	[ 0.065 -0.089 -0.066 -0.054  0.143]	0.74	1.67	1.76	0.42	0.02	0.05	0.01	0.11	0.82	0.37	0.2	0.12956819894252808	0.169	0.071
0	['Ag', 'Ir', 'Pd', 'Pt', 'Ru']	26	[0.051 0.058 0.685 0.076 0.13 ]	[-0.013  0.044 -0.144  0.13  -0.018]	0.74	1.67	1.76	0.42	0.02	0.05	0.01	0.11	0.82	0.37	0.2	0.11509521982396724	0.16	0.071
1	['Ag', 'Ir', 'Pd', 'Pt', 'Ru']	26	[0.118 0.051 0.537 0.095 0.199]	[ 0.041 -0.095 -0.11   0.039  0.125]	0.74	1.67	1.76	0.42	0.02	0.05	0.01	0.11	0.82	0.37	0.2	0.09376319898977892	0.302	0.071
2	['Ag', 'Ir', 'Pd', 'Pt', 'Ru']	26	[0.079 0.036 0.765 0.03  0.09 ]	[ 0.039  0.028 -0.039 -0.022 -0.006]	0.74	1.67	1.76	0.42	0.02	0.05	0.01	0.11	0.82	0.37	0.2	0.14077140368847268	0.063	0.071
3	['Ag', 'Ir', 'Pd', 'Pt', 'Ru']	26	[0.047 0.044 0.723 0.116 0.07 ]	[ 0.002  0.072 -0.104  0.123 -0.094]	0.74	1.67	1.76	0.42	0.02	0.05	0.01	0.11	0.82	0.37	0.2	0.12242175451494268	0.158	0.071
4	['Ag', 'Ir', 'Pd', 'Pt', 'Ru']	26	[0.114 0.025 0.773 0.024 0.064]	[ 0.146  0.049 -0.065 -0.022 -0.108]	0.74	1.67	1.76	0.42	0.02	0.05	0.01	0.11	0.82	0.37	0.2	0.1465019200313002	0.058	0.071
0	['Ag', 'Ir', 'Pd', 'Pt', 'Ru']	27	[0.208 0.022 0.569 0.087 0.114]	[ 0.157 -0.036 -0.117  0.011 -0.016]	0.74	1.67	1.76	0.42	0.02	0.05	0.01	0.11	0.82	0.37	0.2	0.11227721973789083	0.271	0.071
1	['Ag', 'Ir', 'Pd', 'Pt', 'Ru']	27	[0.197 0.08  0.364 0.103 0.256]	[ 0.079  0.029 -0.172  0.008  0.057]	0.74	1.67	1.76	0.42	0.02	0.05	0.01	0.11	0.82	0.37	0.2	0.05920469238748854	0.491	0.071
2	['Ag', 'Ir', 'Pd', 'Pt', 'Ru']	27	[0.208 0.576 0.109 0.033 0.074]	[ 0.126  0.397 -0.545 -0.089  0.111]	0.74	1.67	1.76	0.42	0.02	0.05	0.01	0.11	0.82	0.37	0.2	0.009847929613041501	0.907	0.071
3	['Ag', 'Ir', 'Pd', 'Pt', 'Ru']	27	[0.089 0.008 0.762 0.044 0.097]	[ 0.035 -0.068 -0.123  0.137  0.019]	0.74	1.67	1.76	0.42	0.02	0.05	0.01	0.11	0.82	0.37	0.2	0.1466438262415203	0.06	0.071
4	['Ag', 'Ir', 'Pd', 'Pt', 'Ru']	27	[0.188 0.04  0.762 0.003 0.007]	[ 0.061 -0.012 -0.044 -0.058  0.052]	0.74	1.67	1.76	0.42	0.02	0.05	0.01	0.11	0.82	0.37	0.2	0.13796943487588803	0.139	0.071
0	['Ag', 'Ir', 'Pd', 'Pt', 'Ru']	28	[0.096 0.044 0.725 0.033 0.102]	[-0.112  0.022  0.155 -0.054 -0.012]	0.74	1.67	1.76	0.42	0.02	0.05	0.01	0.11	0.82	0.37	0.2	0.1342015225441831	0.093	0.071
1	['Ag', 'Ir', 'Pd', 'Pt', 'Ru']	28	[0.244 0.015 0.519 0.04  0.182]	[ 0.047 -0.065  0.155 -0.063 -0.074]	0.74	1.67	1.76	0.42	0.02	0.05	0.01	0.11	0.82	0.37	0.2	0.10754688011966873	0.329	0.071
2	['Ag', 'Ir', 'Pd', 'Pt', 'Ru']	28	[0.177 0.447 0.258 0.031 0.087]	[-0.031 -0.129  0.149 -0.002  0.013]	0.74	1.67	1.76	0.42	0.02	0.05	0.01	0.11	0.82	0.37	0.2	0.02439056678921475	0.708	0.071
3	['Ag', 'Ir', 'Pd', 'Pt', 'Ru']	28	[0.03  0.07  0.706 0.03  0.164]	[-0.129  0.063 -0.04   0.007  0.099]	0.74	1.67	1.76	0.42	0.02	0.05	0.01	0.11	0.82	0.37	0.2	0.11906659245266304	0.154	0.071
4	['Ag', 'Ir', 'Pd', 'Pt', 'Ru']	28	[0.049 0.018 0.775 0.024 0.134]	[-0.159  0.036 -0.001  0.007  0.117]	0.74	1.67	1.76	0.42	0.02	0.05	0.01	0.11	0.82	0.37	0.2	0.15106816761063468	0.073	0.071
0	['Ag', 'Ir', 'Pd', 'Pt', 'Ru']	29	[0.048 0.037 0.716 0.03  0.169]	[ 0.105  0.046 -0.156 -0.033  0.037]	0.74	1.67	1.76	0.42	0.02	0.05	0.01	0.11	0.82	0.37	0.2	0.130241301169137	0.13	0.071
1	['Ag', 'Ir', 'Pd', 'Pt', 'Ru']	29	[0.123 0.006 0.678 0.024 0.169]	[-0.121 -0.009  0.158 -0.016 -0.013]	0.74	1.67	1.76	0.42	0.02	0.05	0.01	0.11	0.82	0.37	0.2	0.13608389627620265	0.144	0.071
2	['Ag', 'Ir', 'Pd', 'Pt', 'Ru']	29	[0.061 0.548 0.34  0.032 0.019]	[-0.13   0.096  0.076  0.039 -0.08 ]	0.74	1.67	1.76	0.42	0.02	0.05	0.01	0.11	0.82	0.37	0.2	0.0196712787315814	0.722	0.071
3	['Ag', 'Ir', 'Pd', 'Pt', 'Ru']	29	[0.026 0.063 0.711 0.024 0.176]	[ 0.048  0.114 -0.156 -0.013  0.006]	0.74	1.67	1.76	0.42	0.02	0.05	0.01	0.11	0.82	0.37	0.2	0.12114522921472476	0.154	0.071
4	['Ag', 'Ir', 'Pd', 'Pt', 'Ru']	29	[0.085 0.014 0.722 0.003 0.176]	[ 0.109 -0.042 -0.092 -0.026  0.052]	0.74	1.67	1.76	0.42	0.02	0.05	0.01	0.11	0.82	0.37	0.2	0.14395044846204946	0.111	0.071
0	['Ag', 'Ir', 'Pd', 'Pt', 'Ru']	30	[0.11  0.051 0.739 0.011 0.089]	[ 0.089  0.078 -0.14   0.041 -0.068]	0.74	1.67	1.76	0.42	0.02	0.05	0.01	0.11	0.82	0.37	0.2	0.14046842817896385	0.082	0.071
1	['Ag', 'Ir', 'Pd', 'Pt', 'Ru']	30	[0.008 0.022 0.759 0.019 0.192]	[-0.09   0.066 -0.127  0.084  0.066]	0.74	1.67	1.76	0.42	0.02	0.05	0.01	0.11	0.82	0.37	0.2	0.1394584389894843	0.139	0.071
2	['Ag', 'Ir', 'Pd', 'Pt', 'Ru']	30	[0.067 0.408 0.481 0.044 0.   ]	[ 0.006 -0.14   0.141  0.012 -0.019]	0.74	1.67	1.76	0.42	0.02	0.05	0.01	0.11	0.82	0.37	0.2	0.047722891272424385	0.53	0.071
3	['Ag', 'Ir', 'Pd', 'Pt', 'Ru']	30	[0.115 0.043 0.739 0.002 0.101]	[ 0.098  0.08   0.001 -0.027 -0.152]	0.74	1.67	1.76	0.42	0.02	0.05	0.01	0.11	0.82	0.37	0.2	0.14343163057498473	0.076	0.071
4	['Ag', 'Ir', 'Pd', 'Pt', 'Ru']	30	[0.068 0.054 0.767 0.007 0.104]	[ 0.013  0.074 -0.079  0.035 -0.043]	0.74	1.67	1.76	0.42	0.02	0.05	0.01	0.11	0.82	0.37	0.2	0.14102342590878905	0.071	0.071
