ID	Elements	Generation	Position	Velocity	F_damp	F_b_best	F_h_best	F_g_best	F_b_worst	F_h_worst	F_g_worst	mut_prob	flip_prob	mut_rate	v_max	Activity	Distance	v_min
0	['Ag', 'Ir', 'Pd', 'Pt', 'Ru']	0	[0.8  0.05 0.05 0.05 0.05]	[-0.179  0.045  0.045  0.045  0.045]	0.43	0.02	0.07	1.18	1.97	1.09	0.22	0.11	0.13	0.04	0.2	0.027012725749533062	1.03	0.071
1	['Ag', 'Ir', 'Pd', 'Pt', 'Ru']	0	[0.05 0.8  0.05 0.05 0.05]	[ 0.045 -0.179  0.045  0.045  0.045]	0.43	0.02	0.07	1.18	1.97	1.09	0.22	0.11	0.13	0.04	0.2	0.007287080786378375	1.1	0.071
2	['Ag', 'Ir', 'Pd', 'Pt', 'Ru']	0	[0.05 0.05 0.8  0.05 0.05]	[ 0.045  0.045 -0.179  0.045  0.045]	0.43	0.02	0.07	1.18	1.97	1.09	0.22	0.11	0.13	0.04	0.2	0.1416984889241232	0.1	0.071
3	['Ag', 'Ir', 'Pd', 'Pt', 'Ru']	0	[0.05 0.05 0.05 0.8  0.05]	[ 0.045  0.045  0.045 -0.179  0.045]	0.43	0.02	0.07	1.18	1.97	1.09	0.22	0.11	0.13	0.04	0.2	0.031007911986536824	1.1	0.071
4	['Ag', 'Ir', 'Pd', 'Pt', 'Ru']	0	[0.05 0.05 0.05 0.05 0.8 ]	[ 0.045  0.045  0.045  0.045 -0.179]	0.43	0.02	0.07	1.18	1.97	1.09	0.22	0.11	0.13	0.04	0.2	0.015787588371734072	1.03	0.071
0	['Ag', 'Ir', 'Pd', 'Pt', 'Ru']	1	[0.749 0.092 0.145 0.007 0.007]	[-0.08   0.11   0.109 -0.07  -0.07 ]	0.43	0.02	0.07	1.18	1.97	1.09	0.22	0.11	0.13	0.04	0.2	0.05469523520607566	0.931	0.071
1	['Ag', 'Ir', 'Pd', 'Pt', 'Ru']	1	[0.053 0.654 0.187 0.053 0.053]	[ 0.003 -0.145  0.137  0.003  0.003]	0.43	0.02	0.07	1.18	1.97	1.09	0.22	0.11	0.13	0.04	0.2	0.011707358436888268	0.9	0.071
2	['Ag', 'Ir', 'Pd', 'Pt', 'Ru']	1	[0.073 0.164 0.617 0.073 0.073]	[-0.001  0.142 -0.14  -0.001 -0.001]	0.43	0.02	0.07	1.18	1.97	1.09	0.22	0.11	0.13	0.04	0.2	0.09694762179441735	0.259	0.071
3	['Ag', 'Ir', 'Pd', 'Pt', 'Ru']	1	[0.007 0.092 0.145 0.749 0.007]	[-0.07   0.11   0.109 -0.08  -0.07 ]	0.43	0.02	0.07	1.18	1.97	1.09	0.22	0.11	0.13	0.04	0.2	0.027624932272880598	1.008	0.071
4	['Ag', 'Ir', 'Pd', 'Pt', 'Ru']	1	[0.007 0.092 0.145 0.007 0.749]	[-0.07   0.11   0.109 -0.07  -0.08 ]	0.43	0.02	0.07	1.18	1.97	1.09	0.22	0.11	0.13	0.04	0.2	0.03134671736099316	0.931	0.071
0	['Ag', 'Ir', 'Pd', 'Pt', 'Ru']	2	[0.709 0.003 0.285 0.    0.003]	[-0.1    0.068  0.14  -0.053 -0.054]	0.43	0.02	0.07	1.18	1.97	1.09	0.22	0.11	0.13	0.04	0.2	0.1220476356133926	0.803	0.071
1	['Ag', 'Ir', 'Pd', 'Pt', 'Ru']	2	[0.054 0.511 0.327 0.054 0.054]	[ 0.001 -0.142  0.14   0.001  0.001]	0.43	0.02	0.07	1.18	1.97	1.09	0.22	0.11	0.13	0.04	0.2	0.02116724943737167	0.701	0.071
2	['Ag', 'Ir', 'Pd', 'Pt', 'Ru']	2	[0.072 0.024 0.76  0.072 0.072]	[-0.001 -0.14   0.143 -0.001 -0.001]	0.43	0.02	0.07	1.18	1.97	1.09	0.22	0.11	0.13	0.04	0.2	0.1375557803438992	0.094	0.071
3	['Ag', 'Ir', 'Pd', 'Pt', 'Ru']	2	[0.011 0.023 0.249 0.706 0.011]	[-0.076  0.103  0.117 -0.067 -0.076]	0.43	0.02	0.07	1.18	1.97	1.09	0.22	0.11	0.13	0.04	0.2	0.019265216049018114	0.905	0.071
4	['Ag', 'Ir', 'Pd', 'Pt', 'Ru']	2	[0.001 0.003 0.285 0.002 0.709]	[-0.054  0.068  0.14  -0.054 -0.1  ]	0.43	0.02	0.07	1.18	1.97	1.09	0.22	0.11	0.13	0.04	0.2	0.05971214317827402	0.804	0.071
0	['Ag', 'Ir', 'Pd', 'Pt', 'Ru']	3	[0.575 0.004 0.332 0.047 0.042]	[-0.101 -0.041  0.14   0.067 -0.064]	0.43	0.02	0.07	1.18	1.97	1.09	0.22	0.11	0.13	0.04	0.2	0.11159453160908217	0.671	0.071
1	['Ag', 'Ir', 'Pd', 'Pt', 'Ru']	3	[0.045 0.408 0.472 0.03  0.045]	[-0.03  -0.131  0.135  0.055 -0.03 ]	0.43	0.02	0.07	1.18	1.97	1.09	0.22	0.11	0.13	0.04	0.2	0.04221885414494149	0.53	0.071
2	['Ag', 'Ir', 'Pd', 'Pt', 'Ru']	3	[0.1   0.088 0.645 0.067 0.1  ]	[ 0.001  0.063 -0.163  0.097  0.001]	0.43	0.02	0.07	1.18	1.97	1.09	0.22	0.11	0.13	0.04	0.2	0.11260310643743156	0.19	0.071
3	['Ag', 'Ir', 'Pd', 'Pt', 'Ru']	3	[0.013 0.005 0.397 0.572 0.013]	[ 0.002 -0.018  0.148 -0.134  0.002]	0.43	0.02	0.07	1.18	1.97	1.09	0.22	0.11	0.13	0.04	0.2	0.03593120691207844	0.71	0.071
4	['Ag', 'Ir', 'Pd', 'Pt', 'Ru']	3	[0.039 0.006 0.334 0.045 0.576]	[-0.064 -0.041  0.14   0.067 -0.101]	0.43	0.02	0.07	1.18	1.97	1.09	0.22	0.11	0.13	0.04	0.2	0.05627785667023922	0.67	0.071
0	['Ag', 'Ir', 'Pd', 'Pt', 'Ru']	4	[0.485 0.012 0.472 0.019 0.012]	[-0.12  -0.015  0.146  0.041 -0.052]	0.43	0.02	0.07	1.18	1.97	1.09	0.22	0.11	0.13	0.04	0.2	0.13159429080492835	0.514	0.071
1	['Ag', 'Ir', 'Pd', 'Pt', 'Ru']	4	[0.03  0.29  0.616 0.034 0.03 ]	[-0.024 -0.132  0.14   0.04  -0.024]	0.43	0.02	0.07	1.18	1.97	1.09	0.22	0.11	0.13	0.04	0.2	0.07277869855124167	0.359	0.071
2	['Ag', 'Ir', 'Pd', 'Pt', 'Ru']	4	[0.093 0.    0.752 0.062 0.093]	[-0.034 -0.133  0.106  0.095 -0.034]	0.43	0.02	0.07	1.18	1.97	1.09	0.22	0.11	0.13	0.04	0.2	0.14581915501107504	0.079	0.071
3	['Ag', 'Ir', 'Pd', 'Pt', 'Ru']	4	[0.01  0.02  0.533 0.427 0.01 ]	[-0.003  0.015  0.136 -0.146 -0.003]	0.43	0.02	0.07	1.18	1.97	1.09	0.22	0.11	0.13	0.04	0.2	0.061368291406901414	0.52	0.071
4	['Ag', 'Ir', 'Pd', 'Pt', 'Ru']	4	[0.008 0.009 0.475 0.021 0.487]	[-0.052 -0.014  0.146  0.04  -0.119]	0.43	0.02	0.07	1.18	1.97	1.09	0.22	0.11	0.13	0.04	0.2	0.07661566594445365	0.514	0.071
0	['Ag', 'Ir', 'Pd', 'Pt', 'Ru']	5	[0.364 0.005 0.597 0.015 0.019]	[-0.126 -0.001  0.148  0.023 -0.044]	0.43	0.02	0.07	1.18	1.97	1.09	0.22	0.11	0.13	0.04	0.2	0.1325795287259386	0.343	0.071
1	['Ag', 'Ir', 'Pd', 'Pt', 'Ru']	5	[0.032 0.165 0.765 0.006 0.032]	[-0.011 -0.141  0.139  0.024 -0.011]	0.43	0.02	0.07	1.18	1.97	1.09	0.22	0.11	0.13	0.04	0.2	0.12124318024995018	0.194	0.071
2	['Ag', 'Ir', 'Pd', 'Pt', 'Ru']	5	[0.1   0.155 0.643 0.002 0.1  ]	[ 0.005  0.098 -0.165  0.057  0.005]	0.43	0.02	0.07	1.18	1.97	1.09	0.22	0.11	0.13	0.04	0.2	0.10683541055982848	0.221	0.071
3	['Ag', 'Ir', 'Pd', 'Pt', 'Ru']	5	[0.018 0.008 0.67  0.285 0.019]	[ 0.001  0.017  0.131 -0.15   0.002]	0.43	0.02	0.07	1.18	1.97	1.09	0.22	0.11	0.13	0.04	0.2	0.09706924046649511	0.334	0.071
4	['Ag', 'Ir', 'Pd', 'Pt', 'Ru']	5	[0.025 0.003 0.597 0.009 0.366]	[-0.044 -0.001  0.148  0.022 -0.125]	0.43	0.02	0.07	1.18	1.97	1.09	0.22	0.11	0.13	0.04	0.2	0.1001352377006282	0.343	0.071
0	['Ag', 'Ir', 'Pd', 'Pt', 'Ru']	6	[0.238 0.014 0.736 0.005 0.007]	[-0.133  0.006  0.147  0.01  -0.03 ]	0.43	0.02	0.07	1.18	1.97	1.09	0.22	0.11	0.13	0.04	0.2	0.14247251885337148	0.179	0.071
1	['Ag', 'Ir', 'Pd', 'Pt', 'Ru']	6	[0.084 0.081 0.674 0.079 0.082]	[ 0.064 -0.097 -0.12   0.09   0.062]	0.43	0.02	0.07	1.18	1.97	1.09	0.22	0.11	0.13	0.04	0.2	0.11444171452398134	0.171	0.071
2	['Ag', 'Ir', 'Pd', 'Pt', 'Ru']	6	[0.095 0.021 0.655 0.144 0.085]	[ 0.011 -0.159  0.034  0.116 -0.002]	0.43	0.02	0.07	1.18	1.97	1.09	0.22	0.11	0.13	0.04	0.2	0.11228997154936356	0.206	0.071
3	['Ag', 'Ir', 'Pd', 'Pt', 'Ru']	6	[0.028 0.022 0.785 0.139 0.026]	[ 0.07   0.083 -0.108 -0.111  0.066]	0.43	0.02	0.07	1.18	1.97	1.09	0.22	0.11	0.13	0.04	0.2	0.12995084815484276	0.175	0.071
4	['Ag', 'Ir', 'Pd', 'Pt', 'Ru']	6	[0.    0.016 0.733 0.014 0.237]	[-0.026  0.005  0.145  0.01  -0.135]	0.43	0.02	0.07	1.18	1.97	1.09	0.22	0.11	0.13	0.04	0.2	0.13155503527608411	0.184	0.071
0	['Ag', 'Ir', 'Pd', 'Pt', 'Ru']	7	[0.163 0.054 0.69  0.054 0.039]	[-0.077  0.081 -0.137  0.071  0.062]	0.43	0.02	0.07	1.18	1.97	1.09	0.22	0.11	0.13	0.04	0.2	0.12769127765494556	0.16	0.071
1	['Ag', 'Ir', 'Pd', 'Pt', 'Ru']	7	[0.062 0.072 0.76  0.047 0.059]	[ 0.003  0.143 -0.14  -0.007  0.002]	0.43	0.02	0.07	1.18	1.97	1.09	0.22	0.11	0.13	0.04	0.2	0.1308940992319824	0.11	0.071
2	['Ag', 'Ir', 'Pd', 'Pt', 'Ru']	7	[0.041 0.145 0.689 0.102 0.023]	[-0.071  0.149  0.058 -0.053 -0.083]	0.43	0.02	0.07	1.18	1.97	1.09	0.22	0.11	0.13	0.04	0.2	0.10350743424081991	0.231	0.071
3	['Ag', 'Ir', 'Pd', 'Pt', 'Ru']	7	[0.1   0.067 0.674 0.063 0.096]	[ 0.085  0.05  -0.11  -0.106  0.082]	0.43	0.02	0.07	1.18	1.97	1.09	0.22	0.11	0.13	0.04	0.2	0.11986272268085428	0.156	0.071
4	['Ag', 'Ir', 'Pd', 'Pt', 'Ru']	7	[0.052 0.052 0.694 0.04  0.162]	[ 0.063  0.081 -0.137  0.07  -0.078]	0.43	0.02	0.07	1.18	1.97	1.09	0.22	0.11	0.13	0.04	0.2	0.12135523202757485	0.147	0.071
0	['Ag', 'Ir', 'Pd', 'Pt', 'Ru']	8	[0.055 0.044 0.76  0.073 0.068]	[-0.092  0.041 -0.122  0.08   0.093]	0.43	0.02	0.07	1.18	1.97	1.09	0.22	0.11	0.13	0.04	0.2	0.13147428385417154	0.109	0.071
1	['Ag', 'Ir', 'Pd', 'Pt', 'Ru']	8	[0.08  0.122 0.667 0.053 0.078]	[ 0.003  0.142 -0.14  -0.009  0.004]	0.43	0.02	0.07	1.18	1.97	1.09	0.22	0.11	0.13	0.04	0.2	0.11454949275430934	0.19	0.071
2	['Ag', 'Ir', 'Pd', 'Pt', 'Ru']	8	[0.052 0.048 0.751 0.124 0.025]	[ 0.071 -0.081 -0.134  0.086  0.058]	0.43	0.02	0.07	1.18	1.97	1.09	0.22	0.11	0.13	0.04	0.2	0.12457889332105265	0.167	0.071
3	['Ag', 'Ir', 'Pd', 'Pt', 'Ru']	8	[0.083 0.004 0.742 0.09  0.081]	[-0.043 -0.12   0.075  0.129 -0.04 ]	0.43	0.02	0.07	1.18	1.97	1.09	0.22	0.11	0.13	0.04	0.2	0.1398515176479083	0.11	0.071
4	['Ag', 'Ir', 'Pd', 'Pt', 'Ru']	8	[0.084 0.044 0.754 0.059 0.059]	[ 0.095  0.041 -0.124  0.077 -0.089]	0.43	0.02	0.07	1.18	1.97	1.09	0.22	0.11	0.13	0.04	0.2	0.13481144812442356	0.097	0.071
0	['Ag', 'Ir', 'Pd', 'Pt', 'Ru']	9	[0.131 0.029 0.655 0.095 0.09 ]	[ 0.138 -0.024 -0.141  0.013  0.013]	0.43	0.02	0.07	1.18	1.97	1.09	0.22	0.11	0.13	0.04	0.2	0.12026694324537268	0.179	0.071
1	['Ag', 'Ir', 'Pd', 'Pt', 'Ru']	9	[0.074 0.027 0.785 0.042 0.072]	[-0.07   0.12   0.097 -0.078 -0.07 ]	0.43	0.02	0.07	1.18	1.97	1.09	0.22	0.11	0.13	0.04	0.2	0.14435387534508523	0.065	0.071
2	['Ag', 'Ir', 'Pd', 'Pt', 'Ru']	9	[0.036 0.139 0.674 0.146 0.005]	[-0.01   0.142 -0.135  0.029 -0.026]	0.43	0.02	0.07	1.18	1.97	1.09	0.22	0.11	0.13	0.04	0.2	0.09704809698116254	0.264	0.071
3	['Ag', 'Ir', 'Pd', 'Pt', 'Ru']	9	[0.101 0.064 0.674 0.062 0.099]	[ 0.003  0.033 -0.157  0.118  0.003]	0.43	0.02	0.07	1.18	1.97	1.09	0.22	0.11	0.13	0.04	0.2	0.11981893423813764	0.154	0.071
4	['Ag', 'Ir', 'Pd', 'Pt', 'Ru']	9	[0.107 0.028 0.664 0.076 0.125]	[ 0.016 -0.023 -0.141  0.01   0.139]	0.43	0.02	0.07	1.18	1.97	1.09	0.22	0.11	0.13	0.04	0.2	0.12206440184215094	0.16	0.071
0	['Ag', 'Ir', 'Pd', 'Pt', 'Ru']	10	[0.181 0.078 0.726 0.008 0.007]	[ 0.058  0.077  0.082 -0.123 -0.095]	0.43	0.02	0.07	1.18	1.97	1.09	0.22	0.11	0.13	0.04	0.2	0.132143644405947	0.164	0.071
1	['Ag', 'Ir', 'Pd', 'Pt', 'Ru']	10	[0.084 0.177 0.621 0.034 0.084]	[ 0.005  0.141 -0.14  -0.013  0.007]	0.43	0.02	0.07	1.18	1.97	1.09	0.22	0.11	0.13	0.04	0.2	0.09589967940944115	0.255	0.071
2	['Ag', 'Ir', 'Pd', 'Pt', 'Ru']	10	[0.027 0.001 0.78  0.173 0.019]	[-0.015  0.132 -0.147  0.021  0.01 ]	0.43	0.02	0.07	1.18	1.97	1.09	0.22	0.11	0.13	0.04	0.2	0.12671434456606864	0.205	0.071
3	['Ag', 'Ir', 'Pd', 'Pt', 'Ru']	10	[0.08  0.008 0.744 0.087 0.081]	[-0.044 -0.12   0.078  0.126 -0.04 ]	0.43	0.02	0.07	1.18	1.97	1.09	0.22	0.11	0.13	0.04	0.2	0.13891185826374414	0.107	0.071
4	['Ag', 'Ir', 'Pd', 'Pt', 'Ru']	10	[0.127 0.018 0.781 0.072 0.002]	[ 0.013  0.033 -0.156 -0.011  0.12 ]	0.43	0.02	0.07	1.18	1.97	1.09	0.22	0.11	0.13	0.04	0.2	0.13543472016327449	0.127	0.071
0	['Ag', 'Ir', 'Pd', 'Pt', 'Ru']	11	[0.108 0.091 0.71  0.045 0.046]	[-0.073  0.037 -0.136  0.086  0.086]	0.43	0.02	0.07	1.18	1.97	1.09	0.22	0.11	0.13	0.04	0.2	0.12760605972856628	0.146	0.071
1	['Ag', 'Ir', 'Pd', 'Pt', 'Ru']	11	[0.093 0.028 0.752 0.034 0.093]	[ 0.009 -0.149  0.133 -0.     0.009]	0.43	0.02	0.07	1.18	1.97	1.09	0.22	0.11	0.13	0.04	0.2	0.14142889499386443	0.066	0.071
2	['Ag', 'Ir', 'Pd', 'Pt', 'Ru']	11	[0.001 0.181 0.61  0.196 0.012]	[-0.033  0.13  -0.143  0.041  0.005]	0.43	0.02	0.07	1.18	1.97	1.09	0.22	0.11	0.13	0.04	0.2	0.0770007932496696	0.353	0.071
3	['Ag', 'Ir', 'Pd', 'Pt', 'Ru']	11	[0.1   0.068 0.668 0.063 0.101]	[ 0.003  0.038 -0.159  0.115  0.003]	0.43	0.02	0.07	1.18	1.97	1.09	0.22	0.11	0.13	0.04	0.2	0.11837748367428924	0.161	0.071
4	['Ag', 'Ir', 'Pd', 'Pt', 'Ru']	11	[0.138 0.017 0.6   0.061 0.184]	[ 0.012  0.028 -0.154 -0.01   0.123]	0.43	0.02	0.07	1.18	1.97	1.09	0.22	0.11	0.13	0.04	0.2	0.11202129811013595	0.229	0.071
0	['Ag', 'Ir', 'Pd', 'Pt', 'Ru']	12	[0.049 0.086 0.73  0.055 0.08 ]	[ 0.138 -0.017 -0.142 -0.001  0.023]	0.43	0.02	0.07	1.18	1.97	1.09	0.22	0.11	0.13	0.04	0.2	0.12370387911082141	0.135	0.071
1	['Ag', 'Ir', 'Pd', 'Pt', 'Ru']	12	[0.09  0.162 0.656 0.003 0.089]	[ 0.009  0.142 -0.139 -0.019  0.008]	0.43	0.02	0.07	1.18	1.97	1.09	0.22	0.11	0.13	0.04	0.2	0.10803873574841887	0.217	0.071
2	['Ag', 'Ir', 'Pd', 'Pt', 'Ru']	12	[0.044 0.038 0.722 0.139 0.057]	[ 0.043 -0.143  0.112 -0.057  0.045]	0.43	0.02	0.07	1.18	1.97	1.09	0.22	0.11	0.13	0.04	0.2	0.11930769553781632	0.178	0.071
3	['Ag', 'Ir', 'Pd', 'Pt', 'Ru']	12	[0.085 0.005 0.739 0.086 0.085]	[-0.04  -0.123  0.079  0.124 -0.041]	0.43	0.02	0.07	1.18	1.97	1.09	0.22	0.11	0.13	0.04	0.2	0.1381698620714135	0.108	0.071
4	['Ag', 'Ir', 'Pd', 'Pt', 'Ru']	12	[0.156 0.031 0.733 0.032 0.048]	[ 0.014  0.029  0.133 -0.034 -0.143]	0.43	0.02	0.07	1.18	1.97	1.09	0.22	0.11	0.13	0.04	0.2	0.13788667777262437	0.111	0.071
0	['Ag', 'Ir', 'Pd', 'Pt', 'Ru']	13	[0.123 0.054 0.683 0.057 0.083]	[ 0.139 -0.022 -0.141  0.012  0.013]	0.43	0.02	0.07	1.18	1.97	1.09	0.22	0.11	0.13	0.04	0.2	0.12664575873267525	0.144	0.071
1	['Ag', 'Ir', 'Pd', 'Pt', 'Ru']	13	[0.099 0.014 0.789 0.    0.098]	[ 0.009 -0.148  0.134 -0.003  0.009]	0.43	0.02	0.07	1.18	1.97	1.09	0.22	0.11	0.13	0.04	0.2	0.15584186481068144	0.018	0.071
2	['Ag', 'Ir', 'Pd', 'Pt', 'Ru']	13	[0.03  0.138 0.702 0.085 0.045]	[ 0.01   0.143 -0.135 -0.03   0.012]	0.43	0.02	0.07	1.18	1.97	1.09	0.22	0.11	0.13	0.04	0.2	0.10493332069453196	0.209	0.071
3	['Ag', 'Ir', 'Pd', 'Pt', 'Ru']	13	[0.1   0.068 0.673 0.059 0.1  ]	[ 0.003  0.039 -0.159  0.114  0.003]	0.43	0.02	0.07	1.18	1.97	1.09	0.22	0.11	0.13	0.04	0.2	0.11903555840549836	0.156	0.071
4	['Ag', 'Ir', 'Pd', 'Pt', 'Ru']	13	[0.17  0.002 0.68  0.027 0.121]	[ 0.011  0.025 -0.153 -0.008  0.125]	0.43	0.02	0.07	1.18	1.97	1.09	0.22	0.11	0.13	0.04	0.2	0.1417292713009379	0.143	0.071
0	['Ag', 'Ir', 'Pd', 'Pt', 'Ru']	14	[0.02  0.038 0.763 0.065 0.114]	[ 0.137 -0.022 -0.142  0.002  0.025]	0.43	0.02	0.07	1.18	1.97	1.09	0.22	0.11	0.13	0.04	0.2	0.13560186661598572	0.117	0.071
1	['Ag', 'Ir', 'Pd', 'Pt', 'Ru']	14	[0.101 0.186 0.602 0.012 0.099]	[ 0.003  0.136 -0.147  0.005  0.002]	0.43	0.02	0.07	1.18	1.97	1.09	0.22	0.11	0.13	0.04	0.2	0.09594462420141882	0.272	0.071
2	['Ag', 'Ir', 'Pd', 'Pt', 'Ru']	14	[0.021 0.027 0.774 0.146 0.032]	[-0.092  0.146  0.03   0.012 -0.096]	0.43	0.02	0.07	1.18	1.97	1.09	0.22	0.11	0.13	0.04	0.2	0.12715950521097782	0.183	0.071
3	['Ag', 'Ir', 'Pd', 'Pt', 'Ru']	14	[0.081 0.002 0.743 0.094 0.08 ]	[-0.044 -0.117  0.078  0.128 -0.045]	0.43	0.02	0.07	1.18	1.97	1.09	0.22	0.11	0.13	0.04	0.2	0.13830209551815525	0.113	0.071
4	['Ag', 'Ir', 'Pd', 'Pt', 'Ru']	14	[0.195 0.048 0.753 0.002 0.002]	[ 0.027  0.033 -0.154 -0.023  0.118]	0.43	0.02	0.07	1.18	1.97	1.09	0.22	0.11	0.13	0.04	0.2	0.13646710884153446	0.152	0.071
0	['Ag', 'Ir', 'Pd', 'Pt', 'Ru']	15	[0.164 0.006 0.633 0.068 0.129]	[ 0.137 -0.026 -0.141  0.009  0.021]	0.43	0.02	0.07	1.18	1.97	1.09	0.22	0.11	0.13	0.04	0.2	0.12641265114044417	0.194	0.071
1	['Ag', 'Ir', 'Pd', 'Pt', 'Ru']	15	[0.112 0.039 0.737 0.003 0.109]	[ 0.011 -0.147  0.135 -0.009  0.01 ]	0.43	0.02	0.07	1.18	1.97	1.09	0.22	0.11	0.13	0.04	0.2	0.14211241514225373	0.076	0.071
2	['Ag', 'Ir', 'Pd', 'Pt', 'Ru']	15	[0.034 0.164 0.622 0.136 0.044]	[ 0.009  0.138 -0.143 -0.014  0.009]	0.43	0.02	0.07	1.18	1.97	1.09	0.22	0.11	0.13	0.04	0.2	0.08916691218332137	0.291	0.071
3	['Ag', 'Ir', 'Pd', 'Pt', 'Ru']	15	[0.1   0.077 0.671 0.053 0.099]	[ 0.002  0.039 -0.159  0.115  0.002]	0.43	0.02	0.07	1.18	1.97	1.09	0.22	0.11	0.13	0.04	0.2	0.11979956938896485	0.159	0.071
4	['Ag', 'Ir', 'Pd', 'Pt', 'Ru']	15	[0.197 0.002 0.627 0.006 0.168]	[ 0.028 -0.029 -0.144  0.011  0.132]	0.43	0.02	0.07	1.18	1.97	1.09	0.22	0.11	0.13	0.04	0.2	0.13800378458079532	0.21	0.071
0	['Ag', 'Ir', 'Pd', 'Pt', 'Ru']	16	[0.026 0.04  0.765 0.035 0.134]	[-0.139  0.028  0.137 -0.032  0.007]	0.43	0.02	0.07	1.18	1.97	1.09	0.22	0.11	0.13	0.04	0.2	0.14160770427995453	0.103	0.071
1	['Ag', 'Ir', 'Pd', 'Pt', 'Ru']	16	[0.1   0.133 0.668 0.004 0.095]	[ 0.004  0.136 -0.147  0.005  0.002]	0.43	0.02	0.07	1.18	1.97	1.09	0.22	0.11	0.13	0.04	0.2	0.11527817477462401	0.187	0.071
2	['Ag', 'Ir', 'Pd', 'Pt', 'Ru']	16	[0.089 0.053 0.729 0.035 0.094]	[ 0.055 -0.111  0.109 -0.101  0.05 ]	0.43	0.02	0.07	1.18	1.97	1.09	0.22	0.11	0.13	0.04	0.2	0.13327039744112384	0.096	0.071
3	['Ag', 'Ir', 'Pd', 'Pt', 'Ru']	16	[0.078 0.004 0.742 0.1   0.076]	[-0.045 -0.115  0.082  0.126 -0.047]	0.43	0.02	0.07	1.18	1.97	1.09	0.22	0.11	0.13	0.04	0.2	0.13615145680668078	0.12	0.071
4	['Ag', 'Ir', 'Pd', 'Pt', 'Ru']	16	[0.205 0.033 0.741 0.003 0.018]	[ 0.013  0.018  0.126 -0.004 -0.154]	0.43	0.02	0.07	1.18	1.97	1.09	0.22	0.11	0.13	0.04	0.2	0.1388724425094489	0.149	0.071
0	['Ag', 'Ir', 'Pd', 'Pt', 'Ru']	17	[0.162 0.017 0.636 0.033 0.152]	[ 0.139 -0.02  -0.141  0.001  0.021]	0.43	0.02	0.07	1.18	1.97	1.09	0.22	0.11	0.13	0.04	0.2	0.12994233638762226	0.187	0.071
1	['Ag', 'Ir', 'Pd', 'Pt', 'Ru']	17	[0.103 0.012 0.785 0.002 0.098]	[ 0.002  0.139 -0.145  0.002  0.002]	0.43	0.02	0.07	1.18	1.97	1.09	0.22	0.11	0.13	0.04	0.2	0.1551645288128442	0.02	0.071
2	['Ag', 'Ir', 'Pd', 'Pt', 'Ru']	17	[0.097 0.076 0.694 0.031 0.102]	[ 0.009  0.1   -0.166  0.048  0.009]	0.43	0.02	0.07	1.18	1.97	1.09	0.22	0.11	0.13	0.04	0.2	0.12644425035676815	0.134	0.071
3	['Ag', 'Ir', 'Pd', 'Pt', 'Ru']	17	[0.1   0.069 0.679 0.053 0.099]	[ 0.002  0.033 -0.157  0.119  0.003]	0.43	0.02	0.07	1.18	1.97	1.09	0.22	0.11	0.13	0.04	0.2	0.12125915402264208	0.149	0.071
4	['Ag', 'Ir', 'Pd', 'Pt', 'Ru']	17	[0.202 0.008 0.643 0.003 0.144]	[ 0.027 -0.027 -0.143  0.009  0.134]	0.43	0.02	0.07	1.18	1.97	1.09	0.22	0.11	0.13	0.04	0.2	0.1362345830825773	0.193	0.071
0	['Ag', 'Ir', 'Pd', 'Pt', 'Ru']	18	[0.026 0.016 0.776 0.014 0.168]	[-0.143  0.02   0.136 -0.024  0.011]	0.43	0.02	0.07	1.18	1.97	1.09	0.22	0.11	0.13	0.04	0.2	0.14654291104523462	0.105	0.071
1	['Ag', 'Ir', 'Pd', 'Pt', 'Ru']	18	[0.104 0.187 0.604 0.007 0.098]	[ 0.003  0.136 -0.146  0.006  0.002]	0.43	0.02	0.07	1.18	1.97	1.09	0.22	0.11	0.13	0.04	0.2	0.09615322341172251	0.271	0.071
2	['Ag', 'Ir', 'Pd', 'Pt', 'Ru']	18	[0.099 0.001 0.744 0.055 0.101]	[-0.104  0.089  0.064  0.064 -0.114]	0.43	0.02	0.07	1.18	1.97	1.09	0.22	0.11	0.13	0.04	0.2	0.1439989572835034	0.079	0.071
3	['Ag', 'Ir', 'Pd', 'Pt', 'Ru']	18	[0.073 0.005 0.749 0.101 0.072]	[ 0.01  -0.027 -0.137  0.143  0.01 ]	0.43	0.02	0.07	1.18	1.97	1.09	0.22	0.11	0.13	0.04	0.2	0.13646371085551134	0.12	0.071
4	['Ag', 'Ir', 'Pd', 'Pt', 'Ru']	18	[0.213 0.016 0.766 0.002 0.003]	[ 0.015  0.015  0.127 -0.004 -0.153]	0.43	0.02	0.07	1.18	1.97	1.09	0.22	0.11	0.13	0.04	0.2	0.1432405940465535	0.154	0.071
0	['Ag', 'Ir', 'Pd', 'Pt', 'Ru']	19	[0.156 0.03  0.614 0.008 0.192]	[ 0.123  0.029 -0.154 -0.013  0.016]	0.43	0.02	0.07	1.18	1.97	1.09	0.22	0.11	0.13	0.04	0.2	0.12325536273627533	0.217	0.071
1	['Ag', 'Ir', 'Pd', 'Pt', 'Ru']	19	[0.113 0.039 0.737 0.003 0.108]	[ 0.007 -0.151  0.131  0.006  0.007]	0.43	0.02	0.07	1.18	1.97	1.09	0.22	0.11	0.13	0.04	0.2	0.14318837907513585	0.076	0.071
2	['Ag', 'Ir', 'Pd', 'Pt', 'Ru']	19	[0.085 0.158 0.644 0.028 0.085]	[ 0.028  0.134 -0.133 -0.055  0.026]	0.43	0.02	0.07	1.18	1.97	1.09	0.22	0.11	0.13	0.04	0.2	0.10487304775023643	0.225	0.071
3	['Ag', 'Ir', 'Pd', 'Pt', 'Ru']	19	[0.1   0.075 0.67  0.054 0.101]	[ 0.002  0.035 -0.158  0.117  0.004]	0.43	0.02	0.07	1.18	1.97	1.09	0.22	0.11	0.13	0.04	0.2	0.11902468462645566	0.16	0.071
4	['Ag', 'Ir', 'Pd', 'Pt', 'Ru']	19	[0.215 0.002 0.607 0.01  0.166]	[ 0.016  0.023 -0.158 -0.002  0.12 ]	0.43	0.02	0.07	1.18	1.97	1.09	0.22	0.11	0.13	0.04	0.2	0.13218130061347988	0.234	0.071
0	['Ag', 'Ir', 'Pd', 'Pt', 'Ru']	20	[0.022 0.006 0.751 0.001 0.22 ]	[-0.152  0.018  0.128 -0.008  0.014]	0.43	0.02	0.07	1.18	1.97	1.09	0.22	0.11	0.13	0.04	0.2	0.1441840420635326	0.151	0.071
1	['Ag', 'Ir', 'Pd', 'Pt', 'Ru']	20	[0.097 0.134 0.666 0.012 0.091]	[ 0.003  0.139 -0.144  0.001  0.002]	0.43	0.02	0.07	1.18	1.97	1.09	0.22	0.11	0.13	0.04	0.2	0.11460301968630093	0.19	0.071
2	['Ag', 'Ir', 'Pd', 'Pt', 'Ru']	20	[0.101 0.017 0.696 0.092 0.094]	[ 0.017 -0.17   0.059  0.085  0.008]	0.43	0.02	0.07	1.18	1.97	1.09	0.22	0.11	0.13	0.04	0.2	0.12753419921970277	0.14	0.071
3	['Ag', 'Ir', 'Pd', 'Pt', 'Ru']	20	[0.076 0.003 0.748 0.095 0.078]	[-0.048 -0.113  0.089  0.12  -0.048]	0.43	0.02	0.07	1.18	1.97	1.09	0.22	0.11	0.13	0.04	0.2	0.1391008020749462	0.113	0.071
4	['Ag', 'Ir', 'Pd', 'Pt', 'Ru']	20	[0.221 0.033 0.719 0.018 0.009]	[ 0.016  0.023  0.126 -0.01  -0.154]	0.43	0.02	0.07	1.18	1.97	1.09	0.22	0.11	0.13	0.04	0.2	0.13630857301646832	0.176	0.071
0	['Ag', 'Ir', 'Pd', 'Pt', 'Ru']	21	[0.134 0.007 0.628 0.012 0.219]	[ 0.121  0.02  -0.157 -0.002  0.019]	0.43	0.02	0.07	1.18	1.97	1.09	0.22	0.11	0.13	0.04	0.2	0.124499291807201	0.212	0.071
1	['Ag', 'Ir', 'Pd', 'Pt', 'Ru']	21	[0.101 0.012 0.79  0.002 0.095]	[ 0.006  0.142 -0.14  -0.013  0.006]	0.43	0.02	0.07	1.18	1.97	1.09	0.22	0.11	0.13	0.04	0.2	0.1554444302075457	0.017	0.071
2	['Ag', 'Ir', 'Pd', 'Pt', 'Ru']	21	[0.072 0.13  0.723 0.015 0.06 ]	[ 0.027  0.138 -0.128 -0.06   0.023]	0.43	0.02	0.07	1.18	1.97	1.09	0.22	0.11	0.13	0.04	0.2	0.12410809524671587	0.159	0.071
3	['Ag', 'Ir', 'Pd', 'Pt', 'Ru']	21	[0.098 0.072 0.667 0.06  0.103]	[ 0.001  0.034 -0.158  0.118  0.004]	0.43	0.02	0.07	1.18	1.97	1.09	0.22	0.11	0.13	0.04	0.2	0.11885710177385629	0.163	0.071
4	['Ag', 'Ir', 'Pd', 'Pt', 'Ru']	21	[0.191 0.017 0.652 0.009 0.131]	[ 0.032 -0.026 -0.139 -0.006  0.138]	0.43	0.02	0.07	1.18	1.97	1.09	0.22	0.11	0.13	0.04	0.2	0.13565562497432906	0.178	0.071
0	['Ag', 'Ir', 'Pd', 'Pt', 'Ru']	22	[0.007 0.014 0.746 0.003 0.23 ]	[-0.154  0.014  0.126 -0.003  0.018]	0.43	0.02	0.07	1.18	1.97	1.09	0.22	0.11	0.13	0.04	0.2	0.1380871358195562	0.169	0.071
1	['Ag', 'Ir', 'Pd', 'Pt', 'Ru']	22	[0.103 0.188 0.602 0.011 0.096]	[ 0.002  0.136 -0.146  0.007  0.001]	0.43	0.02	0.07	1.18	1.97	1.09	0.22	0.11	0.13	0.04	0.2	0.09536631630084556	0.273	0.071
2	['Ag', 'Ir', 'Pd', 'Pt', 'Ru']	22	[0.085 0.023 0.699 0.135 0.058]	[ 0.045 -0.075 -0.125  0.126  0.03 ]	0.43	0.02	0.07	1.18	1.97	1.09	0.22	0.11	0.13	0.04	0.2	0.12039496665314736	0.176	0.071
3	['Ag', 'Ir', 'Pd', 'Pt', 'Ru']	22	[0.074 0.011 0.744 0.093 0.078]	[-0.054 -0.104  0.086  0.126 -0.054]	0.43	0.02	0.07	1.18	1.97	1.09	0.22	0.11	0.13	0.04	0.2	0.13735904194532667	0.114	0.071
4	['Ag', 'Ir', 'Pd', 'Pt', 'Ru']	22	[0.205 0.005 0.779 0.004 0.007]	[ 0.013  0.013  0.129 -0.003 -0.152]	0.43	0.02	0.07	1.18	1.97	1.09	0.22	0.11	0.13	0.04	0.2	0.14623642411420723	0.142	0.071
0	['Ag', 'Ir', 'Pd', 'Pt', 'Ru']	23	[0.14  0.011 0.619 0.016 0.214]	[ 0.12   0.022 -0.157 -0.003  0.018]	0.43	0.02	0.07	1.18	1.97	1.09	0.22	0.11	0.13	0.04	0.2	0.12077853553689426	0.218	0.071
1	['Ag', 'Ir', 'Pd', 'Pt', 'Ru']	23	[0.116 0.04  0.736 0.002 0.106]	[ 0.013 -0.148  0.133 -0.009  0.01 ]	0.43	0.02	0.07	1.18	1.97	1.09	0.22	0.11	0.13	0.04	0.2	0.14354307704706695	0.077	0.071
2	['Ag', 'Ir', 'Pd', 'Pt', 'Ru']	23	[0.012 0.135 0.712 0.087 0.054]	[-0.032  0.138 -0.136 -0.007  0.037]	0.43	0.02	0.07	1.18	1.97	1.09	0.22	0.11	0.13	0.04	0.2	0.10702293338424239	0.208	0.071
3	['Ag', 'Ir', 'Pd', 'Pt', 'Ru']	23	[0.098 0.065 0.673 0.062 0.102]	[ 0.002  0.037 -0.159  0.117  0.002]	0.43	0.02	0.07	1.18	1.97	1.09	0.22	0.11	0.13	0.04	0.2	0.12035631915448701	0.156	0.071
4	['Ag', 'Ir', 'Pd', 'Pt', 'Ru']	23	[0.212 0.026 0.591 0.008 0.163]	[ 0.016  0.025 -0.158 -0.001  0.119]	0.43	0.02	0.07	1.18	1.97	1.09	0.22	0.11	0.13	0.04	0.2	0.12197210476641555	0.247	0.071
0	['Ag', 'Ir', 'Pd', 'Pt', 'Ru']	24	[0.004 0.02  0.736 0.009 0.231]	[-0.155  0.018  0.123 -0.005  0.019]	0.43	0.02	0.07	1.18	1.97	1.09	0.22	0.11	0.13	0.04	0.2	0.13226458418602124	0.176	0.071
1	['Ag', 'Ir', 'Pd', 'Pt', 'Ru']	24	[0.104 0.131 0.669 0.007 0.089]	[ 0.006  0.136 -0.146  0.003  0.001]	0.43	0.02	0.07	1.18	1.97	1.09	0.22	0.11	0.13	0.04	0.2	0.11653340566898301	0.186	0.071
2	['Ag', 'Ir', 'Pd', 'Pt', 'Ru']	24	[0.056 0.039 0.76  0.032 0.113]	[ 0.043 -0.097 -0.114  0.11   0.058]	0.43	0.02	0.07	1.18	1.97	1.09	0.22	0.11	0.13	0.04	0.2	0.13859293381818227	0.079	0.071
3	['Ag', 'Ir', 'Pd', 'Pt', 'Ru']	24	[0.082 0.005 0.741 0.09  0.082]	[-0.04  -0.118  0.077  0.128 -0.046]	0.43	0.02	0.07	1.18	1.97	1.09	0.22	0.11	0.13	0.04	0.2	0.13938530215388345	0.111	0.071
4	['Ag', 'Ir', 'Pd', 'Pt', 'Ru']	24	[0.248 0.006 0.717 0.007 0.022]	[ 0.027  0.015  0.119 -0.002 -0.158]	0.43	0.02	0.07	1.18	1.97	1.09	0.22	0.11	0.13	0.04	0.2	0.14135358675418086	0.187	0.071
0	['Ag', 'Ir', 'Pd', 'Pt', 'Ru']	25	[0.141 0.003 0.627 0.022 0.207]	[ 0.126  0.02  -0.151 -0.017  0.023]	0.43	0.02	0.07	1.18	1.97	1.09	0.22	0.11	0.13	0.04	0.2	0.1250010445113752	0.209	0.071
1	['Ag', 'Ir', 'Pd', 'Pt', 'Ru']	25	[0.108 0.014 0.785 0.003 0.09 ]	[ 0.004  0.138 -0.144  0.001  0.001]	0.43	0.02	0.07	1.18	1.97	1.09	0.22	0.11	0.13	0.04	0.2	0.1539934207639214	0.024	0.071
2	['Ag', 'Ir', 'Pd', 'Pt', 'Ru']	25	[0.042 0.138 0.714 0.098 0.008]	[-0.008  0.105 -0.097  0.1   -0.1  ]	0.43	0.02	0.07	1.18	1.97	1.09	0.22	0.11	0.13	0.04	0.2	0.10956764162432425	0.219	0.071
3	['Ag', 'Ir', 'Pd', 'Pt', 'Ru']	25	[0.1   0.06  0.675 0.065 0.1  ]	[ 0.003  0.031 -0.157  0.12   0.003]	0.43	0.02	0.07	1.18	1.97	1.09	0.22	0.11	0.13	0.04	0.2	0.12040608035848081	0.153	0.071
4	['Ag', 'Ir', 'Pd', 'Pt', 'Ru']	25	[0.211 0.018 0.643 0.032 0.096]	[ 0.023  0.018 -0.156 -0.008  0.122]	0.43	0.02	0.07	1.18	1.97	1.09	0.22	0.11	0.13	0.04	0.2	0.1306650729640551	0.196	0.071
0	['Ag', 'Ir', 'Pd', 'Pt', 'Ru']	26	[0.004 0.027 0.735 0.012 0.222]	[-0.146  0.025  0.126 -0.037  0.031]	0.43	0.02	0.07	1.18	1.97	1.09	0.22	0.11	0.13	0.04	0.2	0.12983100212204174	0.171	0.071
1	['Ag', 'Ir', 'Pd', 'Pt', 'Ru']	26	[0.108 0.185 0.611 0.006 0.09 ]	[ 0.003  0.136 -0.147  0.005  0.003]	0.43	0.02	0.07	1.18	1.97	1.09	0.22	0.11	0.13	0.04	0.2	0.09883231599309117	0.265	0.071
2	['Ag', 'Ir', 'Pd', 'Pt', 'Ru']	26	[0.113 0.049 0.754 0.035 0.049]	[ 0.125 -0.073 -0.098 -0.041  0.088]	0.43	0.02	0.07	1.18	1.97	1.09	0.22	0.11	0.13	0.04	0.2	0.13929884570328657	0.092	0.071
3	['Ag', 'Ir', 'Pd', 'Pt', 'Ru']	26	[0.08  0.009 0.742 0.085 0.084]	[-0.045 -0.119  0.075  0.129 -0.04 ]	0.43	0.02	0.07	1.18	1.97	1.09	0.22	0.11	0.13	0.04	0.2	0.13853459399473297	0.106	0.071
4	['Ag', 'Ir', 'Pd', 'Pt', 'Ru']	26	[0.221 0.002 0.75  0.01  0.017]	[-0.036 -0.044  0.112 -0.125  0.093]	0.43	0.02	0.07	1.18	1.97	1.09	0.22	0.11	0.13	0.04	0.2	0.14367606168396146	0.155	0.071
0	['Ag', 'Ir', 'Pd', 'Pt', 'Ru']	27	[0.142 0.008 0.633 0.015 0.202]	[ 0.124  0.024 -0.152 -0.017  0.022]	0.43	0.02	0.07	1.18	1.97	1.09	0.22	0.11	0.13	0.04	0.2	0.1272190547933965	0.201	0.071
1	['Ag', 'Ir', 'Pd', 'Pt', 'Ru']	27	[0.118 0.037 0.744 0.004 0.097]	[ 0.008 -0.15   0.131  0.006  0.005]	0.43	0.02	0.07	1.18	1.97	1.09	0.22	0.11	0.13	0.04	0.2	0.1448495567138182	0.07	0.071
2	['Ag', 'Ir', 'Pd', 'Pt', 'Ru']	27	[0.148 0.1   0.671 0.03  0.051]	[ 0.027  0.105 -0.163  0.04  -0.009]	0.43	0.02	0.07	1.18	1.97	1.09	0.22	0.11	0.13	0.04	0.2	0.12095467763585366	0.18	0.071
3	['Ag', 'Ir', 'Pd', 'Pt', 'Ru']	27	[0.097 0.061 0.672 0.067 0.103]	[ 0.002  0.036 -0.158  0.117  0.004]	0.43	0.02	0.07	1.18	1.97	1.09	0.22	0.11	0.13	0.04	0.2	0.12005498498082254	0.157	0.071
4	['Ag', 'Ir', 'Pd', 'Pt', 'Ru']	27	[0.213 0.021 0.618 0.022 0.126]	[ 0.017  0.029 -0.161  0.001  0.115]	0.43	0.02	0.07	1.18	1.97	1.09	0.22	0.11	0.13	0.04	0.2	0.12722180505317177	0.218	0.071
0	['Ag', 'Ir', 'Pd', 'Pt', 'Ru']	28	[0.004 0.015 0.756 0.008 0.217]	[-0.153  0.012  0.127 -0.003  0.017]	0.43	0.02	0.07	1.18	1.97	1.09	0.22	0.11	0.13	0.04	0.2	0.13963001281754975	0.159	0.071
1	['Ag', 'Ir', 'Pd', 'Pt', 'Ru']	28	[0.11  0.141 0.661 0.003 0.085]	[ 0.004  0.136 -0.146  0.006 -0.   ]	0.43	0.02	0.07	1.18	1.97	1.09	0.22	0.11	0.13	0.04	0.2	0.11470062726447208	0.199	0.071
2	['Ag', 'Ir', 'Pd', 'Pt', 'Ru']	28	[0.178 0.038 0.708 0.064 0.012]	[ 0.052 -0.163  0.06   0.079 -0.028]	0.43	0.02	0.07	1.18	1.97	1.09	0.22	0.11	0.13	0.04	0.2	0.12866244045931613	0.167	0.071
3	['Ag', 'Ir', 'Pd', 'Pt', 'Ru']	28	[0.076 0.002 0.755 0.085 0.082]	[-0.054 -0.106  0.089  0.124 -0.053]	0.43	0.02	0.07	1.18	1.97	1.09	0.22	0.11	0.13	0.04	0.2	0.1417767833167933	0.101	0.071
4	['Ag', 'Ir', 'Pd', 'Pt', 'Ru']	28	[0.242 0.003 0.75  0.001 0.004]	[-0.04  -0.053  0.109 -0.116  0.1  ]	0.43	0.02	0.07	1.18	1.97	1.09	0.22	0.11	0.13	0.04	0.2	0.14417160880854366	0.179	0.071
0	['Ag', 'Ir', 'Pd', 'Pt', 'Ru']	29	[0.154 0.011 0.61  0.018 0.207]	[ 0.125  0.023 -0.152 -0.017  0.021]	0.43	0.02	0.07	1.18	1.97	1.09	0.22	0.11	0.13	0.04	0.2	0.12238225913603479	0.226	0.071
1	['Ag', 'Ir', 'Pd', 'Pt', 'Ru']	29	[0.116 0.002 0.791 0.004 0.087]	[-0.07   0.117  0.101 -0.073 -0.076]	0.43	0.02	0.07	1.18	1.97	1.09	0.22	0.11	0.13	0.04	0.2	0.16069945366316027	0.023	0.071
2	['Ag', 'Ir', 'Pd', 'Pt', 'Ru']	29	[0.186 0.08  0.705 0.014 0.015]	[ 0.068  0.128 -0.122 -0.063 -0.012]	0.43	0.02	0.07	1.18	1.97	1.09	0.22	0.11	0.13	0.04	0.2	0.12922923629575445	0.174	0.071
3	['Ag', 'Ir', 'Pd', 'Pt', 'Ru']	29	[0.095 0.07  0.658 0.073 0.104]	[ 0.001  0.033 -0.157  0.119  0.004]	0.43	0.02	0.07	1.18	1.97	1.09	0.22	0.11	0.13	0.04	0.2	0.11572831916448711	0.174	0.071
4	['Ag', 'Ir', 'Pd', 'Pt', 'Ru']	29	[0.227 0.003 0.613 0.018 0.139]	[ 0.019  0.023 -0.16   0.001  0.116]	0.43	0.02	0.07	1.18	1.97	1.09	0.22	0.11	0.13	0.04	0.2	0.1336026453736567	0.23	0.071
0	['Ag', 'Ir', 'Pd', 'Pt', 'Ru']	30	[0.009 0.018 0.738 0.011 0.224]	[-0.143  0.021  0.133 -0.031  0.021]	0.43	0.02	0.07	1.18	1.97	1.09	0.22	0.11	0.13	0.04	0.2	0.13443645860547973	0.167	0.071
1	['Ag', 'Ir', 'Pd', 'Pt', 'Ru']	30	[0.119 0.198 0.592 0.01  0.081]	[ 0.006  0.134 -0.147  0.011 -0.003]	0.43	0.02	0.07	1.18	1.97	1.09	0.22	0.11	0.13	0.04	0.2	0.0944170575714769	0.289	0.071
2	['Ag', 'Ir', 'Pd', 'Pt', 'Ru']	30	[0.201 0.016 0.707 0.056 0.02 ]	[ 0.068  0.057 -0.155  0.077 -0.046]	0.43	0.02	0.07	1.18	1.97	1.09	0.22	0.11	0.13	0.04	0.2	0.13321846705948667	0.169	0.071
3	['Ag', 'Ir', 'Pd', 'Pt', 'Ru']	30	[0.079 0.014 0.743 0.079 0.085]	[-0.051 -0.107  0.087  0.124 -0.055]	0.43	0.02	0.07	1.18	1.97	1.09	0.22	0.11	0.13	0.04	0.2	0.13859786149616368	0.102	0.071
4	['Ag', 'Ir', 'Pd', 'Pt', 'Ru']	30	[0.242 0.02  0.727 0.009 0.002]	[ 0.029  0.021  0.128 -0.03  -0.147]	0.43	0.02	0.07	1.18	1.97	1.09	0.22	0.11	0.13	0.04	0.2	0.13581464931679887	0.189	0.071
