	Iteration	Ag	Ir	Pd	Pt	Ru	Activity
0	1	0.0	0.04	0.46	0.39	0.11	0.12651499644032008
1	2	0.25	0.24	0.17	0.09	0.25	0.05965585266674948
2	3	0.06	0.2	0.18	0.05	0.51	0.02338403313658511
3	4	0.25	0.0	0.1	0.46	0.19	0.053409096698629505
4	5	0.31	0.48	0.11	0.06	0.04	0.03915264434830606
5	6	0.05	0.03	0.42	0.45	0.05	0.11756189491362809
6	7	0.0	0.04	0.49	0.36	0.11	0.12993731975164724
7	8	0.0	0.05	0.47000000000000003	0.4	0.08	0.12083523476811459
8	9	0.0	0.0	0.5	0.39	0.11	0.12827403509029478
9	10	0.0	0.06	0.53	0.4	0.01	0.09902015664506575
10	11	0.01	0.0	0.47000000000000003	0.3	0.22	0.14217761077521016
11	12	0.07	0.0	0.47000000000000003	0.37	0.09	0.13222405229900663
12	13	0.0	0.0	0.35000000000000003	0.54	0.11	0.11039593243686273
13	14	0.01	0.13	0.25	0.61	0.0	0.08790596600695647
14	15	1.0	0.0	0.0	0.0	0.0	0.008670746861456123
15	16	0.0	0.0	0.73	0.0	0.27	0.14838570414018784
16	17	0.27	0.01	0.67	0.05	0.0	0.14465015294408048
17	18	0.0	0.03	0.9400000000000001	0.03	0.0	0.08203815393790108
18	19	0.0	0.0	0.0	1.0	0.0	0.03824379969709924
19	20	0.0	0.0	0.58	0.17	0.25	0.1546330174407511
20	21	0.07	0.0	0.61	0.02	0.3	0.15044591216840986
21	22	0.0	0.0	0.67	0.11	0.22	0.1531824181675945
22	23	0.42	0.0	0.51	0.07	0.0	0.0974112508430582
23	24	0.0	1.0	0.0	0.0	0.0	5.75136112613373e-08
24	25	0.18	0.0	0.58	0.17	0.07	0.133698785289976
25	26	0.0	0.0	0.62	0.08	0.3	0.15867573693653853
26	27	0.15	0.0	0.71	0.0	0.14	0.13071623467430418
27	28	0.0	0.17	0.66	0.0	0.17	0.1505082385832432
28	29	0.0	0.0	0.62	0.0	0.38	0.15293482452881135
29	30	0.0	0.0	0.61	0.1	0.29	0.1599499628238469
30	31	0.26	0.13	0.61	0.0	0.0	0.14000056011916048
31	32	0.0	0.08	0.61	0.08	0.23	0.15600808790831863
32	33	0.02	0.49	0.49	0.0	0.0	0.0903360273001742
33	34	0.0	0.44	0.0	0.56	0.0	0.1492706317121778
34	35	0.0	0.36	0.64	0.0	0.0	0.11738684238714528
35	36	0.09	0.48	0.0	0.42	0.01	0.08575371534044576
36	37	0.0	0.34	0.0	0.65	0.01	0.13265196103571059
37	38	0.0	0.0	0.55	0.1	0.35	0.1501212447717419
38	39	0.0	0.07	0.67	0.01	0.25	0.15949271885207766
39	40	0.11	0.2	0.6	0.09	0.0	0.13277215452382704
40	41	0.0	0.05	0.65	0.05	0.25	0.15652267806742223
41	42	0.0	0.07	0.65	0.0	0.28	0.16284022814087618
42	43	0.0	0.0	0.63	0.08	0.29	0.15965123684379137
43	44	0.0	0.09	0.65	0.11	0.15	0.14481611423957247
44	45	0.0	0.0	0.63	0.06	0.31	0.15988471179769026
45	46	0.0	0.09	0.62	0.0	0.29	0.1609326389682223
46	47	0.66	0.33	0.0	0.0	0.01	0.025476964353913417
47	48	0.0	0.0	0.0	0.43	0.57	0.018302664954912326
48	49	0.6	0.0	0.0	0.4	0.0	0.013416269452260696
49	50	0.06	0.1	0.66	0.0	0.18	0.1543480029319143
50	51	0.0	0.39	0.26	0.35000000000000003	0.0	0.08720784859472532
51	52	0.08	0.14	0.5700000000000001	0.0	0.21	0.14703115505569586
52	53	0.0	0.08	0.64	0.0	0.28	0.1621758814387651
53	54	0.21	0.29	0.49	0.0	0.01	0.1256879990064289
54	55	0.4	0.0	0.0	0.0	0.6	0.019170235645915672
55	56	0.0	0.67	0.01	0.32	0.0	0.1161165870864462
56	57	0.04	0.0	0.61	0.11	0.24	0.15838739503021515
57	58	0.18	0.15	0.42	0.24	0.01	0.1140555227953049
58	59	0.26	0.01	0.0	0.73	0.0	0.03630426550636104
59	60	0.43	0.22	0.35000000000000003	0.0	0.0	0.100902691292259
60	61	0.31	0.02	0.67	0.0	0.0	0.1394440334653548
61	62	0.0	0.58	0.0	0.0	0.42	3.238528494890543e-08
62	63	0.71	0.0	0.29	0.0	0.0	0.024353181518136313
63	64	0.0	0.65	0.19	0.16	0.0	0.05253340903074245
64	65	0.0	0.22	0.48	0.14	0.16	0.12213889830852212
65	66	0.01	0.07	0.6	0.02	0.3	0.15644914040394442
66	67	0.0	0.35000000000000003	0.09	0.56	0.0	0.10870059036903379
67	68	0.27	0.0	0.36	0.37	0.0	0.11147024172653185
68	69	0.0	0.0	0.62	0.1	0.28	0.15799237879585884
69	70	0.24	0.0	0.5700000000000001	0.0	0.19	0.11961109454654395
70	71	0.02	0.0	0.62	0.08	0.28	0.15828354332515546
71	72	0.01	0.07	0.64	0.01	0.27	0.16066667045615987
72	73	0.0	0.0	0.62	0.09	0.29	0.15829307348967114
73	74	0.05	0.01	0.62	0.07	0.25	0.15697016386449436
74	75	0.0	0.0	0.6	0.12	0.28	0.15798331614189978
75	76	0.0	0.08	0.6900000000000001	0.0	0.23	0.15902901082964582
76	77	0.01	0.09	0.62	0.03	0.25	0.15715475778878074
77	78	0.05	0.05	0.58	0.12	0.2	0.15615469203181864
78	79	0.0	0.0	0.63	0.07	0.3	0.15983513821080977
79	80	0.38	0.15	0.19	0.27	0.01	0.0692663719205657
80	81	0.06	0.0	0.18	0.76	0.0	0.07544528597849602
81	82	0.01	0.0	0.31	0.37	0.31	0.1076019860397625
82	83	0.0	0.55	0.0	0.45	0.0	0.14828455288797843
83	84	0.0	0.08	0.65	0.0	0.27	0.1601683759086021
84	85	0.0	0.08	0.53	0.17	0.22	0.15137515689087658
85	86	0.02	0.03	0.67	0.0	0.28	0.15500394194659856
86	87	0.01	0.21	0.78	0.0	0.0	0.12181385604633421
87	88	0.05	0.0	0.62	0.08	0.25	0.15644703983677613
88	89	0.23	0.44	0.32	0.0	0.01	0.08409392274907346
89	90	0.0	0.06	0.65	0.0	0.29	0.16217528755063942
90	91	0.01	0.03	0.62	0.05	0.29	0.15651692397667707
91	92	0.01	0.06	0.67	0.0	0.26	0.15873273386243594
92	93	0.12	0.02	0.68	0.18	0.0	0.13582576690378834
93	94	0.12	0.08	0.6	0.08	0.12	0.14311856319750896
94	95	0.11	0.24	0.65	0.0	0.0	0.13978464383929046
95	96	0.0	0.11	0.58	0.01	0.3	0.15351049875034947
96	97	0.0	0.15	0.62	0.01	0.22	0.15215291102035008
97	98	0.03	0.0	0.63	0.11	0.23	0.15619571540131133
98	99	0.01	0.25	0.44	0.01	0.29	0.10985144674111055
99	100	0.0	0.21	0.52	0.0	0.27	0.135030332476459
100	101	0.0	0.02	0.61	0.09	0.28	0.15994119020498979
101	102	0.43	0.0	0.3	0.27	0.0	0.087475284523947
102	103	0.04	0.18	0.0	0.76	0.02	0.09386095389821916
103	104	0.03	0.11	0.64	0.0	0.22	0.15501371521260637
104	105	0.03	0.04	0.66	0.01	0.26	0.15785983246376062
