ID	Elements	Generation	Position	Velocity	F_damp	F_b_best	F_h_best	F_g_best	F_b_worst	F_h_worst	F_g_worst	mut_prob	flip_prob	mut_rate	v_max	Activity	Distance	v_min
0	['Ag', 'Ir', 'Pd', 'Pt', 'Ru']	0	[0.8  0.05 0.05 0.05 0.05]	[-0.179  0.045  0.045  0.045  0.045]	0.74	1.67	1.76	0.42	0.02	0.05	0.01	0.11	0.82	0.37	0.2	0.04718687326970261	1.034	0.071
1	['Ag', 'Ir', 'Pd', 'Pt', 'Ru']	0	[0.05 0.8  0.05 0.05 0.05]	[ 0.045 -0.179  0.045  0.045  0.045]	0.74	1.67	1.76	0.42	0.02	0.05	0.01	0.11	0.82	0.37	0.2	0.012897755965668866	1.138	0.071
2	['Ag', 'Ir', 'Pd', 'Pt', 'Ru']	0	[0.05 0.05 0.8  0.05 0.05]	[ 0.045  0.045 -0.179  0.045  0.045]	0.74	1.67	1.76	0.42	0.02	0.05	0.01	0.11	0.82	0.37	0.2	0.12550960571923736	0.141	0.071
3	['Ag', 'Ir', 'Pd', 'Pt', 'Ru']	0	[0.05 0.05 0.05 0.8  0.05]	[ 0.045  0.045  0.045 -0.179  0.045]	0.74	1.67	1.76	0.42	0.02	0.05	0.01	0.11	0.82	0.37	0.2	0.06781611567278917	1.138	0.071
4	['Ag', 'Ir', 'Pd', 'Pt', 'Ru']	0	[0.05 0.05 0.05 0.05 0.8 ]	[ 0.045  0.045  0.045  0.045 -0.179]	0.74	1.67	1.76	0.42	0.02	0.05	0.01	0.11	0.82	0.37	0.2	0.0009547274717013111	1.138	0.071
0	['Ag', 'Ir', 'Pd', 'Pt', 'Ru']	1	[0.656 0.053 0.189 0.053 0.049]	[-0.144  0.003  0.139  0.003 -0.001]	0.74	1.67	1.76	0.42	0.02	0.05	0.01	0.11	0.82	0.37	0.2	0.05733950866417015	0.837	0.071
1	['Ag', 'Ir', 'Pd', 'Pt', 'Ru']	1	[0.053 0.656 0.189 0.053 0.049]	[ 0.003 -0.144  0.139  0.003 -0.001]	0.74	1.67	1.76	0.42	0.02	0.05	0.01	0.11	0.82	0.37	0.2	0.03363694838349732	0.939	0.071
2	['Ag', 'Ir', 'Pd', 'Pt', 'Ru']	1	[0.083 0.083 0.713 0.083 0.038]	[ 0.033  0.033 -0.088  0.033 -0.012]	0.74	1.67	1.76	0.42	0.02	0.05	0.01	0.11	0.82	0.37	0.2	0.13778213228698927	0.196	0.071
3	['Ag', 'Ir', 'Pd', 'Pt', 'Ru']	1	[0.053 0.053 0.189 0.656 0.049]	[ 0.003  0.003  0.139 -0.144 -0.001]	0.74	1.67	1.76	0.42	0.02	0.05	0.01	0.11	0.82	0.37	0.2	0.0875579715589686	0.939	0.071
4	['Ag', 'Ir', 'Pd', 'Pt', 'Ru']	1	[0.054 0.048 0.189 0.054 0.655]	[ 0.004 -0.002  0.139  0.004 -0.144]	0.74	1.67	1.76	0.42	0.02	0.05	0.01	0.11	0.82	0.37	0.2	0.022844862858203644	0.938	0.071
0	['Ag', 'Ir', 'Pd', 'Pt', 'Ru']	2	[0.509 0.057 0.323 0.057 0.054]	[-0.148  0.004  0.134  0.004  0.005]	0.74	1.67	1.76	0.42	0.02	0.05	0.01	0.11	0.82	0.37	0.2	0.08224489030919596	0.645	0.071
1	['Ag', 'Ir', 'Pd', 'Pt', 'Ru']	2	[0.064 0.513 0.33  0.047 0.046]	[ 0.011 -0.142  0.141 -0.006 -0.003]	0.74	1.67	1.76	0.42	0.02	0.05	0.01	0.11	0.82	0.37	0.2	0.07104061876709779	0.738	0.071
2	['Ag', 'Ir', 'Pd', 'Pt', 'Ru']	2	[0.106 0.106 0.673 0.106 0.009]	[ 0.01   0.01  -0.064  0.01   0.034]	0.74	1.67	1.76	0.42	0.02	0.05	0.01	0.11	0.82	0.37	0.2	0.13704503280681735	0.236	0.071
3	['Ag', 'Ir', 'Pd', 'Pt', 'Ru']	2	[0.131 0.131 0.108 0.523 0.107]	[ 0.078  0.078 -0.081 -0.134  0.058]	0.74	1.67	1.76	0.42	0.02	0.05	0.01	0.11	0.82	0.37	0.2	0.07319777348499261	0.924	0.071
4	['Ag', 'Ir', 'Pd', 'Pt', 'Ru']	2	[0.061 0.056 0.319 0.061 0.503]	[ 0.007  0.008  0.13   0.007 -0.152]	0.74	1.67	1.76	0.42	0.02	0.05	0.01	0.11	0.82	0.37	0.2	0.07268403921821408	0.741	0.071
0	['Ag', 'Ir', 'Pd', 'Pt', 'Ru']	3	[0.362 0.069 0.456 0.072 0.041]	[-0.147  0.012  0.134  0.015 -0.013]	0.74	1.67	1.76	0.42	0.02	0.05	0.01	0.11	0.82	0.37	0.2	0.1102412227298164	0.46	0.071
1	['Ag', 'Ir', 'Pd', 'Pt', 'Ru']	3	[0.077 0.364 0.461 0.064 0.034]	[ 0.013 -0.149  0.131  0.017 -0.012]	0.74	1.67	1.76	0.42	0.02	0.05	0.01	0.11	0.82	0.37	0.2	0.1078549028583721	0.543	0.071
2	['Ag', 'Ir', 'Pd', 'Pt', 'Ru']	3	[0.069 0.047 0.73  0.07  0.084]	[-0.037 -0.059  0.057 -0.036  0.075]	0.74	1.67	1.76	0.42	0.02	0.05	0.01	0.11	0.82	0.37	0.2	0.13846815024425835	0.187	0.071
3	['Ag', 'Ir', 'Pd', 'Pt', 'Ru']	3	[0.142 0.104 0.27  0.417 0.067]	[ 0.011 -0.027  0.162 -0.106 -0.04 ]	0.74	1.67	1.76	0.42	0.02	0.05	0.01	0.11	0.82	0.37	0.2	0.099115544267533	0.725	0.071
4	['Ag', 'Ir', 'Pd', 'Pt', 'Ru']	3	[0.055 0.072 0.444 0.079 0.35 ]	[-0.006  0.016  0.126  0.018 -0.153]	0.74	1.67	1.76	0.42	0.02	0.05	0.01	0.11	0.82	0.37	0.2	0.1329273835867258	0.555	0.071
0	['Ag', 'Ir', 'Pd', 'Pt', 'Ru']	4	[0.219 0.061 0.595 0.07  0.055]	[-0.143 -0.008  0.139 -0.002  0.014]	0.74	1.67	1.76	0.42	0.02	0.05	0.01	0.11	0.82	0.37	0.2	0.13368330802510472	0.285	0.071
1	['Ag', 'Ir', 'Pd', 'Pt', 'Ru']	4	[0.075 0.215 0.593 0.066 0.051]	[-0.002 -0.149  0.132  0.002  0.017]	0.74	1.67	1.76	0.42	0.02	0.05	0.01	0.11	0.82	0.37	0.2	0.1312106074626373	0.353	0.071
2	['Ag', 'Ir', 'Pd', 'Pt', 'Ru']	4	[0.054 0.014 0.83  0.041 0.061]	[-0.015 -0.033  0.099 -0.029 -0.023]	0.74	1.67	1.76	0.42	0.02	0.05	0.01	0.11	0.82	0.37	0.2	0.12797278633270867	0.123	0.071
3	['Ag', 'Ir', 'Pd', 'Pt', 'Ru']	4	[0.121 0.084 0.429 0.299 0.067]	[-0.021 -0.02   0.159 -0.118  0.   ]	0.74	1.67	1.76	0.42	0.02	0.05	0.01	0.11	0.82	0.37	0.2	0.12421107678844584	0.528	0.071
4	['Ag', 'Ir', 'Pd', 'Pt', 'Ru']	4	[0.058 0.062 0.587 0.081 0.212]	[ 0.003 -0.01   0.144  0.002 -0.138]	0.74	1.67	1.76	0.42	0.02	0.05	0.01	0.11	0.82	0.37	0.2	0.156556778807033	0.365	0.071
0	['Ag', 'Ir', 'Pd', 'Pt', 'Ru']	5	[0.291 0.026 0.54  0.001 0.142]	[ 0.043  0.04  -0.176  0.024  0.069]	0.74	1.67	1.76	0.42	0.02	0.05	0.01	0.11	0.82	0.37	0.2	0.1155169282806921	0.37	0.071
1	['Ag', 'Ir', 'Pd', 'Pt', 'Ru']	5	[0.061 0.062 0.63  0.074 0.173]	[-0.014 -0.153  0.037  0.008  0.122]	0.74	1.67	1.76	0.42	0.02	0.05	0.01	0.11	0.82	0.37	0.2	0.15044029397943942	0.309	0.071
2	['Ag', 'Ir', 'Pd', 'Pt', 'Ru']	5	[0.102 0.098 0.683 0.115 0.002]	[ 0.048  0.084 -0.147  0.074 -0.059]	0.74	1.67	1.76	0.42	0.02	0.05	0.01	0.11	0.82	0.37	0.2	0.13425856821471063	0.23	0.071
3	['Ag', 'Ir', 'Pd', 'Pt', 'Ru']	5	[0.084 0.069 0.545 0.16  0.142]	[-0.037 -0.015  0.116 -0.139  0.075]	0.74	1.67	1.76	0.42	0.02	0.05	0.01	0.11	0.82	0.37	0.2	0.1428606398504336	0.385	0.071
4	['Ag', 'Ir', 'Pd', 'Pt', 'Ru']	5	[0.125 0.121 0.467 0.139 0.148]	[ 0.067  0.059 -0.12   0.058 -0.064]	0.74	1.67	1.76	0.42	0.02	0.05	0.01	0.11	0.82	0.37	0.2	0.13505432794924732	0.451	0.071
0	['Ag', 'Ir', 'Pd', 'Pt', 'Ru']	6	[0.134 0.003 0.602 0.105 0.156]	[-0.157 -0.023  0.063  0.104  0.014]	0.74	1.67	1.76	0.42	0.02	0.05	0.01	0.11	0.82	0.37	0.2	0.14146334578212547	0.312	0.071
1	['Ag', 'Ir', 'Pd', 'Pt', 'Ru']	6	[0.036 0.15  0.585 0.006 0.223]	[ 0.068  0.078 -0.077 -0.104  0.034]	0.74	1.67	1.76	0.42	0.02	0.05	0.01	0.11	0.82	0.37	0.2	0.15172522413566147	0.394	0.071
2	['Ag', 'Ir', 'Pd', 'Pt', 'Ru']	6	[0.057 0.061 0.625 0.077 0.18 ]	[-0.045 -0.037 -0.059 -0.038  0.178]	0.74	1.67	1.76	0.42	0.02	0.05	0.01	0.11	0.82	0.37	0.2	0.15377456948166615	0.318	0.071
3	['Ag', 'Ir', 'Pd', 'Pt', 'Ru']	6	[0.106 0.041 0.658 0.005 0.19 ]	[ 0.022 -0.028  0.112 -0.155  0.048]	0.74	1.67	1.76	0.42	0.02	0.05	0.01	0.11	0.82	0.37	0.2	0.14653481803597287	0.277	0.071
4	['Ag', 'Ir', 'Pd', 'Pt', 'Ru']	6	[0.054 0.061 0.629 0.077 0.179]	[-0.071 -0.06   0.163 -0.062  0.031]	0.74	1.67	1.76	0.42	0.02	0.05	0.01	0.11	0.82	0.37	0.2	0.15339066521045536	0.316	0.071
0	['Ag', 'Ir', 'Pd', 'Pt', 'Ru']	7	[0.041 0.047 0.637 0.096 0.179]	[ 0.169 -0.01  -0.021 -0.095 -0.043]	0.74	1.67	1.76	0.42	0.02	0.05	0.01	0.11	0.82	0.37	0.2	0.1542951864611368	0.317	0.071
1	['Ag', 'Ir', 'Pd', 'Pt', 'Ru']	7	[0.127 0.007 0.614 0.079 0.173]	[ 0.091 -0.143  0.029  0.073 -0.05 ]	0.74	1.67	1.76	0.42	0.02	0.05	0.01	0.11	0.82	0.37	0.2	0.14208967999879726	0.304	0.071
2	['Ag', 'Ir', 'Pd', 'Pt', 'Ru']	7	[0.021 0.037 0.569 0.05  0.323]	[-0.036 -0.024 -0.056 -0.027  0.143]	0.74	1.67	1.76	0.42	0.02	0.05	0.01	0.11	0.82	0.37	0.2	0.15612919244752094	0.451	0.071
3	['Ag', 'Ir', 'Pd', 'Pt', 'Ru']	7	[0.026 0.022 0.683 0.044 0.225]	[-0.08  -0.019  0.025  0.039  0.035]	0.74	1.67	1.76	0.42	0.02	0.05	0.01	0.11	0.82	0.37	0.2	0.1534320451086984	0.31	0.071
4	['Ag', 'Ir', 'Pd', 'Pt', 'Ru']	7	[0.007 0.001 0.654 0.1   0.238]	[ 0.042 -0.095  0.006  0.003  0.044]	0.74	1.67	1.76	0.42	0.02	0.05	0.01	0.11	0.82	0.37	0.2	0.15557557511762962	0.354	0.071
0	['Ag', 'Ir', 'Pd', 'Pt', 'Ru']	8	[0.185 0.108 0.592 0.036 0.079]	[ 0.144  0.061 -0.045 -0.06  -0.1  ]	0.74	1.67	1.76	0.42	0.02	0.05	0.01	0.11	0.82	0.37	0.2	0.1364002872234535	0.295	0.071
1	['Ag', 'Ir', 'Pd', 'Pt', 'Ru']	8	[0.207 0.021 0.495 0.031 0.246]	[ 0.059 -0.017 -0.168  0.076  0.051]	0.74	1.67	1.76	0.42	0.02	0.05	0.01	0.11	0.82	0.37	0.2	0.12718052911514327	0.437	0.071
2	['Ag', 'Ir', 'Pd', 'Pt', 'Ru']	8	[0.004 0.031 0.533 0.042 0.39 ]	[-0.017 -0.006 -0.036 -0.008  0.067]	0.74	1.67	1.76	0.42	0.02	0.05	0.01	0.11	0.82	0.37	0.2	0.14520636341168575	0.526	0.071
3	['Ag', 'Ir', 'Pd', 'Pt', 'Ru']	8	[0.016 0.034 0.537 0.062 0.351]	[ 0.026  0.003 -0.158  0.01   0.119]	0.74	1.67	1.76	0.42	0.02	0.05	0.01	0.11	0.82	0.37	0.2	0.15007069064582276	0.494	0.071
4	['Ag', 'Ir', 'Pd', 'Pt', 'Ru']	8	[0.091 0.065 0.511 0.033 0.3  ]	[ 0.084  0.064 -0.144 -0.067  0.062]	0.74	1.67	1.76	0.42	0.02	0.05	0.01	0.11	0.82	0.37	0.2	0.14112086045151973	0.462	0.071
0	['Ag', 'Ir', 'Pd', 'Pt', 'Ru']	9	[0.064 0.059 0.584 0.065 0.228]	[-0.121 -0.049 -0.009  0.029  0.149]	0.74	1.67	1.76	0.42	0.02	0.05	0.01	0.11	0.82	0.37	0.2	0.15451890554519032	0.371	0.071
1	['Ag', 'Ir', 'Pd', 'Pt', 'Ru']	9	[0.03  0.084 0.537 0.056 0.293]	[-0.177  0.063  0.042  0.025  0.047]	0.74	1.67	1.76	0.42	0.02	0.05	0.01	0.11	0.82	0.37	0.2	0.1455467506073516	0.457	0.071
2	['Ag', 'Ir', 'Pd', 'Pt', 'Ru']	9	[0.047 0.053 0.592 0.095 0.213]	[ 0.043  0.022  0.059  0.053 -0.177]	0.74	1.67	1.76	0.42	0.02	0.05	0.01	0.11	0.82	0.37	0.2	0.15743296024738623	0.367	0.071
3	['Ag', 'Ir', 'Pd', 'Pt', 'Ru']	9	[0.05  0.037 0.669 0.037 0.207]	[ 0.034  0.003  0.132 -0.025 -0.144]	0.74	1.67	1.76	0.42	0.02	0.05	0.01	0.11	0.82	0.37	0.2	0.1541519690879047	0.297	0.071
4	['Ag', 'Ir', 'Pd', 'Pt', 'Ru']	9	[0.04  0.035 0.593 0.107 0.225]	[ 0.097 -0.078  0.063  0.051 -0.134]	0.74	1.67	1.76	0.42	0.02	0.05	0.01	0.11	0.82	0.37	0.2	0.15719942100755604	0.376	0.071
0	['Ag', 'Ir', 'Pd', 'Pt', 'Ru']	10	[0.159 0.046 0.473 0.088 0.234]	[ 0.088  0.073 -0.15   0.005 -0.015]	0.74	1.67	1.76	0.42	0.02	0.05	0.01	0.11	0.82	0.37	0.2	0.13485620030585377	0.455	0.071
1	['Ag', 'Ir', 'Pd', 'Pt', 'Ru']	10	[0.046 0.11  0.656 0.052 0.136]	[ 0.016  0.026  0.12  -0.004 -0.157]	0.74	1.67	1.76	0.42	0.02	0.05	0.01	0.11	0.82	0.37	0.2	0.14672808820750025	0.286	0.071
2	['Ag', 'Ir', 'Pd', 'Pt', 'Ru']	10	[0.08  0.068 0.639 0.138 0.075]	[ 0.033  0.015  0.048  0.043 -0.138]	0.74	1.67	1.76	0.42	0.02	0.05	0.01	0.11	0.82	0.37	0.2	0.13421472327505357	0.281	0.071
3	['Ag', 'Ir', 'Pd', 'Pt', 'Ru']	10	[0.07  0.071 0.624 0.129 0.106]	[ 0.02   0.034 -0.045  0.092 -0.101]	0.74	1.67	1.76	0.42	0.02	0.05	0.01	0.11	0.82	0.37	0.2	0.14124170183059717	0.301	0.071
4	['Ag', 'Ir', 'Pd', 'Pt', 'Ru']	10	[0.127 0.015 0.656 0.123 0.079]	[ 0.087 -0.02   0.063  0.016 -0.146]	0.74	1.67	1.76	0.42	0.02	0.05	0.01	0.11	0.82	0.37	0.2	0.1356858519600411	0.244	0.071
0	['Ag', 'Ir', 'Pd', 'Pt', 'Ru']	11	[0.02  0.079 0.589 0.029 0.283]	[-0.139  0.033  0.117 -0.059  0.049]	0.74	1.67	1.76	0.42	0.02	0.05	0.01	0.11	0.82	0.37	0.2	0.15693013094870265	0.415	0.071
1	['Ag', 'Ir', 'Pd', 'Pt', 'Ru']	11	[0.033 0.154 0.611 0.014 0.188]	[-0.039  0.029 -0.077  0.047  0.039]	0.74	1.67	1.76	0.42	0.02	0.05	0.01	0.11	0.82	0.37	0.2	0.14804245639463257	0.361	0.071
2	['Ag', 'Ir', 'Pd', 'Pt', 'Ru']	11	[0.024 0.097 0.624 0.027 0.228]	[-0.056  0.029 -0.016 -0.111  0.153]	0.74	1.67	1.76	0.42	0.02	0.05	0.01	0.11	0.82	0.37	0.2	0.154299698227072	0.359	0.071
3	['Ag', 'Ir', 'Pd', 'Pt', 'Ru']	11	[0.075 0.143 0.746 0.014 0.022]	[ 0.005  0.072  0.121 -0.115 -0.084]	0.74	1.67	1.76	0.42	0.02	0.05	0.01	0.11	0.82	0.37	0.2	0.14142878312259546	0.194	0.071
4	['Ag', 'Ir', 'Pd', 'Pt', 'Ru']	11	[0.015 0.103 0.627 0.056 0.199]	[-0.112  0.088 -0.029 -0.067  0.12 ]	0.74	1.67	1.76	0.42	0.02	0.05	0.01	0.11	0.82	0.37	0.2	0.1532383198622489	0.348	0.071
0	['Ag', 'Ir', 'Pd', 'Pt', 'Ru']	12	[0.074 0.029 0.624 0.032 0.241]	[ 0.088 -0.044  0.069 -0.08  -0.033]	0.74	1.67	1.76	0.42	0.02	0.05	0.01	0.11	0.82	0.37	0.2	0.15511906656629226	0.342	0.071
1	['Ag', 'Ir', 'Pd', 'Pt', 'Ru']	12	[0.046 0.049 0.525 0.05  0.33 ]	[ 0.013 -0.105 -0.086  0.036  0.142]	0.74	1.67	1.76	0.42	0.02	0.05	0.01	0.11	0.82	0.37	0.2	0.1509299619947297	0.48	0.071
2	['Ag', 'Ir', 'Pd', 'Pt', 'Ru']	12	[0.021 0.019 0.516 0.075 0.369]	[-0.003 -0.078 -0.109  0.048  0.141]	0.74	1.67	1.76	0.42	0.02	0.05	0.01	0.11	0.82	0.37	0.2	0.1460041497131159	0.52	0.071
3	['Ag', 'Ir', 'Pd', 'Pt', 'Ru']	12	[0.043 0.083 0.667 0.014 0.193]	[-0.032 -0.06  -0.079 -0.     0.171]	0.74	1.67	1.76	0.42	0.02	0.05	0.01	0.11	0.82	0.37	0.2	0.15516047563211025	0.299	0.071
4	['Ag', 'Ir', 'Pd', 'Pt', 'Ru']	12	[0.001 0.036 0.538 0.06  0.365]	[-0.014 -0.067 -0.089  0.004  0.166]	0.74	1.67	1.76	0.42	0.02	0.05	0.01	0.11	0.82	0.37	0.2	0.14944704426098676	0.508	0.071
0	['Ag', 'Ir', 'Pd', 'Pt', 'Ru']	13	[0.003 0.143 0.668 0.024 0.162]	[ 0.042  0.108  0.009  0.003 -0.163]	0.74	1.67	1.76	0.42	0.02	0.05	0.01	0.11	0.82	0.37	0.2	0.14688436240728653	0.319	0.071
1	['Ag', 'Ir', 'Pd', 'Pt', 'Ru']	13	[0.042 0.103 0.652 0.014 0.189]	[-0.004  0.054  0.127 -0.036 -0.141]	0.74	1.67	1.76	0.42	0.02	0.05	0.01	0.11	0.82	0.37	0.2	0.15354015439495305	0.312	0.071
2	['Ag', 'Ir', 'Pd', 'Pt', 'Ru']	13	[0.004 0.069 0.634 0.077 0.216]	[-0.017  0.05   0.118  0.002 -0.153]	0.74	1.67	1.76	0.42	0.02	0.05	0.01	0.11	0.82	0.37	0.2	0.15891348837445454	0.354	0.071
3	['Ag', 'Ir', 'Pd', 'Pt', 'Ru']	13	[0.022 0.03  0.603 0.029 0.316]	[-0.021 -0.053 -0.064  0.015  0.123]	0.74	1.67	1.76	0.42	0.02	0.05	0.01	0.11	0.82	0.37	0.2	0.15724597199336474	0.423	0.071
4	['Ag', 'Ir', 'Pd', 'Pt', 'Ru']	13	[0.05  0.049 0.637 0.065 0.199]	[ 0.049  0.013  0.099  0.005 -0.166]	0.74	1.67	1.76	0.42	0.02	0.05	0.01	0.11	0.82	0.37	0.2	0.15797698150741882	0.319	0.071
0	['Ag', 'Ir', 'Pd', 'Pt', 'Ru']	14	[0.029 0.037 0.566 0.095 0.273]	[ 0.026 -0.106 -0.103  0.071  0.111]	0.74	1.67	1.76	0.42	0.02	0.05	0.01	0.11	0.82	0.37	0.2	0.15512020649042757	0.425	0.071
1	['Ag', 'Ir', 'Pd', 'Pt', 'Ru']	14	[0.042 0.032 0.703 0.102 0.121]	[ 0.056 -0.093  0.043  0.084 -0.09 ]	0.74	1.67	1.76	0.42	0.02	0.05	0.01	0.11	0.82	0.37	0.2	0.1368174850009858	0.244	0.071
2	['Ag', 'Ir', 'Pd', 'Pt', 'Ru']	14	[0.032 0.149 0.556 0.126 0.137]	[ 0.028  0.08  -0.078  0.049 -0.079]	0.74	1.67	1.76	0.42	0.02	0.05	0.01	0.11	0.82	0.37	0.2	0.1384144420211073	0.396	0.071
3	['Ag', 'Ir', 'Pd', 'Pt', 'Ru']	14	[0.003 0.02  0.588 0.169 0.22 ]	[ 0.015 -0.018 -0.024  0.133 -0.105]	0.74	1.67	1.76	0.42	0.02	0.05	0.01	0.11	0.82	0.37	0.2	0.15710585749285222	0.409	0.071
4	['Ag', 'Ir', 'Pd', 'Pt', 'Ru']	14	[0.013 0.092 0.711 0.092 0.092]	[ 0.04   0.025  0.062  0.008 -0.136]	0.74	1.67	1.76	0.42	0.02	0.05	0.01	0.11	0.82	0.37	0.2	0.13033126064842043	0.252	0.071
0	['Ag', 'Ir', 'Pd', 'Pt', 'Ru']	15	[0.033 0.01  0.58  0.138 0.239]	[ 0.049 -0.066  0.014  0.049 -0.045]	0.74	1.67	1.76	0.42	0.02	0.05	0.01	0.11	0.82	0.37	0.2	0.1598542402527891	0.404	0.071
1	['Ag', 'Ir', 'Pd', 'Pt', 'Ru']	15	[0.02  0.046 0.561 0.115 0.258]	[-0.022  0.014 -0.142  0.013  0.137]	0.74	1.67	1.76	0.42	0.02	0.05	0.01	0.11	0.82	0.37	0.2	0.1546797510170445	0.427	0.071
2	['Ag', 'Ir', 'Pd', 'Pt', 'Ru']	15	[0.056 0.016 0.599 0.106 0.223]	[-0.051  0.147 -0.022 -0.116  0.042]	0.74	1.67	1.76	0.42	0.02	0.05	0.01	0.11	0.82	0.37	0.2	0.15625987875003397	0.365	0.071
3	['Ag', 'Ir', 'Pd', 'Pt', 'Ru']	15	[0.059 0.054 0.559 0.01  0.318]	[ 0.056  0.034 -0.03  -0.159  0.098]	0.74	1.67	1.76	0.42	0.02	0.05	0.01	0.11	0.82	0.37	0.2	0.15079439268982803	0.444	0.071
4	['Ag', 'Ir', 'Pd', 'Pt', 'Ru']	15	[0.006 0.014 0.807 0.002 0.171]	[-0.064  0.077  0.076 -0.145  0.056]	0.74	1.67	1.76	0.42	0.02	0.05	0.01	0.11	0.82	0.37	0.2	0.13157442901046829	0.228	0.071
0	['Ag', 'Ir', 'Pd', 'Pt', 'Ru']	16	[0.035 0.04  0.574 0.164 0.187]	[ 0.002  0.036 -0.006  0.031 -0.063]	0.74	1.67	1.76	0.42	0.02	0.05	0.01	0.11	0.82	0.37	0.2	0.15107404020004878	0.391	0.071
1	['Ag', 'Ir', 'Pd', 'Pt', 'Ru']	16	[0.014 0.036 0.483 0.164 0.303]	[-0.024  0.058 -0.11   0.041  0.036]	0.74	1.67	1.76	0.42	0.02	0.05	0.01	0.11	0.82	0.37	0.2	0.1448902231817628	0.523	0.071
2	['Ag', 'Ir', 'Pd', 'Pt', 'Ru']	16	[0.074 0.118 0.555 0.025 0.228]	[ 0.096  0.107 -0.072 -0.119 -0.013]	0.74	1.67	1.76	0.42	0.02	0.05	0.01	0.11	0.82	0.37	0.2	0.14986453713962472	0.399	0.071
3	['Ag', 'Ir', 'Pd', 'Pt', 'Ru']	16	[0.013 0.024 0.616 0.124 0.223]	[-0.097  0.055  0.047  0.111 -0.115]	0.74	1.67	1.76	0.42	0.02	0.05	0.01	0.11	0.82	0.37	0.2	0.15490864093945983	0.373	0.071
4	['Ag', 'Ir', 'Pd', 'Pt', 'Ru']	16	[0.021 0.005 0.872 0.049 0.053]	[ 0.03   0.015  0.142 -0.068 -0.119]	0.74	1.67	1.76	0.42	0.02	0.05	0.01	0.11	0.82	0.37	0.2	0.10834695942526687	0.15	0.071
0	['Ag', 'Ir', 'Pd', 'Pt', 'Ru']	17	[0.009 0.012 0.636 0.049 0.294]	[ 0.01   0.018  0.042 -0.167  0.096]	0.74	1.67	1.76	0.42	0.02	0.05	0.01	0.11	0.82	0.37	0.2	0.15749577016030614	0.393	0.071
1	['Ag', 'Ir', 'Pd', 'Pt', 'Ru']	17	[0.028 0.012 0.575 0.021 0.364]	[ 0.015  0.005  0.091 -0.168  0.057]	0.74	1.67	1.76	0.42	0.02	0.05	0.01	0.11	0.82	0.37	0.2	0.1511792831159428	0.473	0.071
2	['Ag', 'Ir', 'Pd', 'Pt', 'Ru']	17	[0.012 0.006 0.643 0.131 0.208]	[ 0.056 -0.152  0.064  0.084 -0.052]	0.74	1.67	1.76	0.42	0.02	0.05	0.01	0.11	0.82	0.37	0.2	0.15191079961494286	0.35	0.071
3	['Ag', 'Ir', 'Pd', 'Pt', 'Ru']	17	[0.037 0.05  0.6   0.025 0.288]	[ 0.032  0.027 -0.019 -0.106  0.067]	0.74	1.67	1.76	0.42	0.02	0.05	0.01	0.11	0.82	0.37	0.2	0.15690279073464575	0.402	0.071
4	['Ag', 'Ir', 'Pd', 'Pt', 'Ru']	17	[0.019 0.026 0.89  0.037 0.028]	[ 0.062  0.051 -0.177  0.04   0.024]	0.74	1.67	1.76	0.42	0.02	0.05	0.01	0.11	0.82	0.37	0.2	0.10920517746149405	0.147	0.071
0	['Ag', 'Ir', 'Pd', 'Pt', 'Ru']	18	[0.05  0.019 0.556 0.112 0.263]	[ 0.041  0.007 -0.081  0.063 -0.031]	0.74	1.67	1.76	0.42	0.02	0.05	0.01	0.11	0.82	0.37	0.2	0.15494228081082187	0.423	0.071
1	['Ag', 'Ir', 'Pd', 'Pt', 'Ru']	18	[0.009 0.036 0.661 0.093 0.201]	[-0.019  0.024  0.085  0.072 -0.163]	0.74	1.67	1.76	0.42	0.02	0.05	0.01	0.11	0.82	0.37	0.2	0.15293569559377296	0.325	0.071
2	['Ag', 'Ir', 'Pd', 'Pt', 'Ru']	18	[0.111 0.075 0.69  0.017 0.107]	[ 0.099  0.069  0.048 -0.114 -0.101]	0.74	1.67	1.76	0.42	0.02	0.05	0.01	0.11	0.82	0.37	0.2	0.14311838977829527	0.211	0.071
3	['Ag', 'Ir', 'Pd', 'Pt', 'Ru']	18	[0.01  0.021 0.696 0.065 0.208]	[-0.05   0.047  0.086  0.024 -0.107]	0.74	1.67	1.76	0.42	0.02	0.05	0.01	0.11	0.82	0.37	0.2	0.14969039895934966	0.302	0.071
4	['Ag', 'Ir', 'Pd', 'Pt', 'Ru']	18	[0.031 0.032 0.732 0.057 0.148]	[ 0.012  0.006 -0.158  0.02   0.12 ]	0.74	1.67	1.76	0.42	0.02	0.05	0.01	0.11	0.82	0.37	0.2	0.13808597388184185	0.233	0.071
0	['Ag', 'Ir', 'Pd', 'Pt', 'Ru']	19	[0.025 0.028 0.547 0.212 0.188]	[-0.025  0.009 -0.009  0.1   -0.075]	0.74	1.67	1.76	0.42	0.02	0.05	0.01	0.11	0.82	0.37	0.2	0.14880124476793088	0.434	0.071
1	['Ag', 'Ir', 'Pd', 'Pt', 'Ru']	19	[0.007 0.048 0.497 0.18  0.268]	[ 0.01   0.01  -0.169  0.085  0.064]	0.74	1.67	1.76	0.42	0.02	0.05	0.01	0.11	0.82	0.37	0.2	0.14624871330715017	0.502	0.071
2	['Ag', 'Ir', 'Pd', 'Pt', 'Ru']	19	[0.048 0.064 0.597 0.025 0.266]	[-0.068 -0.015 -0.1    0.026  0.157]	0.74	1.67	1.76	0.42	0.02	0.05	0.01	0.11	0.82	0.37	0.2	0.15552549238709792	0.387	0.071
3	['Ag', 'Ir', 'Pd', 'Pt', 'Ru']	19	[0.038 0.039 0.527 0.091 0.305]	[ 0.028  0.018 -0.17   0.026  0.097]	0.74	1.67	1.76	0.42	0.02	0.05	0.01	0.11	0.82	0.37	0.2	0.15311584569690223	0.469	0.071
4	['Ag', 'Ir', 'Pd', 'Pt', 'Ru']	19	[0.05  0.032 0.567 0.099 0.252]	[ 0.019  0.    -0.165  0.042  0.104]	0.74	1.67	1.76	0.42	0.02	0.05	0.01	0.11	0.82	0.37	0.2	0.155968257975863	0.405	0.071
0	['Ag', 'Ir', 'Pd', 'Pt', 'Ru']	20	[0.074 0.045 0.486 0.08  0.315]	[ 0.049  0.017 -0.061 -0.132  0.127]	0.74	1.67	1.76	0.42	0.02	0.05	0.01	0.11	0.82	0.37	0.2	0.14386641084134455	0.496	0.071
1	['Ag', 'Ir', 'Pd', 'Pt', 'Ru']	20	[0.087 0.009 0.607 0.037 0.26 ]	[ 0.08  -0.039  0.108 -0.143 -0.008]	0.74	1.67	1.76	0.42	0.02	0.05	0.01	0.11	0.82	0.37	0.2	0.1477623361081799	0.363	0.071
2	['Ag', 'Ir', 'Pd', 'Pt', 'Ru']	20	[0.029 0.002 0.541 0.181 0.247]	[ 0.05  -0.087 -0.077  0.15  -0.036]	0.74	1.67	1.76	0.42	0.02	0.05	0.01	0.11	0.82	0.37	0.2	0.15405219533834513	0.452	0.071
3	['Ag', 'Ir', 'Pd', 'Pt', 'Ru']	20	[0.041 0.057 0.627 0.01  0.265]	[ 0.003  0.018  0.1   -0.081 -0.04 ]	0.74	1.67	1.76	0.42	0.02	0.05	0.01	0.11	0.82	0.37	0.2	0.15824893072434693	0.368	0.071
4	['Ag', 'Ir', 'Pd', 'Pt', 'Ru']	20	[0.055 0.046 0.582 0.105 0.212]	[ 0.005  0.014  0.015  0.006 -0.04 ]	0.74	1.67	1.76	0.42	0.02	0.05	0.01	0.11	0.82	0.37	0.2	0.15557070220705246	0.373	0.071
0	['Ag', 'Ir', 'Pd', 'Pt', 'Ru']	21	[0.002 0.009 0.644 0.115 0.23 ]	[-0.072 -0.036  0.158  0.035 -0.085]	0.74	1.67	1.76	0.42	0.02	0.05	0.01	0.11	0.82	0.37	0.2	0.15494006616534914	0.361	0.071
1	['Ag', 'Ir', 'Pd', 'Pt', 'Ru']	21	[0.072 0.069 0.616 0.014 0.229]	[ 0.142  0.048 -0.027 -0.076 -0.088]	0.74	1.67	1.76	0.42	0.02	0.05	0.01	0.11	0.82	0.37	0.2	0.1554136920267121	0.344	0.071
2	['Ag', 'Ir', 'Pd', 'Pt', 'Ru']	21	[0.035 0.061 0.652 0.028 0.224]	[ 0.006  0.059  0.111 -0.153 -0.023]	0.74	1.67	1.76	0.42	0.02	0.05	0.01	0.11	0.82	0.37	0.2	0.15664361688401207	0.327	0.071
3	['Ag', 'Ir', 'Pd', 'Pt', 'Ru']	21	[0.03  0.043 0.698 0.016 0.213]	[-0.014 -0.017  0.071  0.016 -0.056]	0.74	1.67	1.76	0.42	0.02	0.05	0.01	0.11	0.82	0.37	0.2	0.15100605518193874	0.292	0.071
4	['Ag', 'Ir', 'Pd', 'Pt', 'Ru']	21	[0.077 0.02  0.604 0.281 0.018]	[ 0.044 -0.002 -0.527  0.459  0.027]	0.74	1.67	1.76	0.42	0.02	0.05	0.01	0.11	0.82	0.37	0.2	0.12292877295395806	0.381	0.071
0	['Ag', 'Ir', 'Pd', 'Pt', 'Ru']	22	[0.037 0.081 0.664 0.031 0.187]	[ 0.024  0.078  0.025 -0.085 -0.042]	0.74	1.67	1.76	0.42	0.02	0.05	0.01	0.11	0.82	0.37	0.2	0.15213005788523762	0.3	0.071
1	['Ag', 'Ir', 'Pd', 'Pt', 'Ru']	22	[0.05  0.089 0.666 0.024 0.171]	[-0.022  0.02   0.049  0.01  -0.058]	0.74	1.67	1.76	0.42	0.02	0.05	0.01	0.11	0.82	0.37	0.2	0.15109308587089199	0.286	0.071
2	['Ag', 'Ir', 'Pd', 'Pt', 'Ru']	22	[0.005 0.032 0.699 0.044 0.22 ]	[ 0.028 -0.049  0.037  0.004 -0.019]	0.74	1.67	1.76	0.42	0.02	0.05	0.01	0.11	0.82	0.37	0.2	0.15208528154976036	0.309	0.071
3	['Ag', 'Ir', 'Pd', 'Pt', 'Ru']	22	[0.045 0.073 0.525 0.061 0.296]	[ 0.015  0.03  -0.172  0.045  0.083]	0.74	1.67	1.76	0.42	0.02	0.05	0.01	0.11	0.82	0.37	0.2	0.14867793362275988	0.462	0.071
4	['Ag', 'Ir', 'Pd', 'Pt', 'Ru']	22	[0.098 0.001 0.553 0.172 0.176]	[ 0.021 -0.019 -0.051 -0.109  0.158]	0.74	1.67	1.76	0.42	0.02	0.05	0.01	0.11	0.82	0.37	0.2	0.1458417917741775	0.389	0.071
0	['Ag', 'Ir', 'Pd', 'Pt', 'Ru']	23	[0.029 0.007 0.551 0.162 0.251]	[-0.008 -0.074 -0.114  0.131  0.064]	0.74	1.67	1.76	0.42	0.02	0.05	0.01	0.11	0.82	0.37	0.2	0.15450660837555064	0.44	0.071
1	['Ag', 'Ir', 'Pd', 'Pt', 'Ru']	23	[0.005 0.13  0.562 0.041 0.262]	[-0.045  0.041 -0.103  0.017  0.091]	0.74	1.67	1.76	0.42	0.02	0.05	0.01	0.11	0.82	0.37	0.2	0.1487890520030286	0.437	0.071
2	['Ag', 'Ir', 'Pd', 'Pt', 'Ru']	23	[0.237 0.326 0.18  0.24  0.017]	[ 0.232  0.295 -0.519  0.196 -0.203]	0.74	1.67	1.76	0.42	0.02	0.05	0.01	0.11	0.82	0.37	0.2	0.0692690693631689	0.788	0.071
3	['Ag', 'Ir', 'Pd', 'Pt', 'Ru']	23	[0.034 0.076 0.687 0.012 0.191]	[-0.011  0.003  0.163 -0.049 -0.105]	0.74	1.67	1.76	0.42	0.02	0.05	0.01	0.11	0.82	0.37	0.2	0.15148082109378536	0.287	0.071
4	['Ag', 'Ir', 'Pd', 'Pt', 'Ru']	23	[0.084 0.108 0.469 0.064 0.275]	[-0.014  0.107 -0.083 -0.108  0.099]	0.74	1.67	1.76	0.42	0.02	0.05	0.01	0.11	0.82	0.37	0.2	0.1328608990378274	0.491	0.071
0	['Ag', 'Ir', 'Pd', 'Pt', 'Ru']	24	[0.004 0.069 0.516 0.168 0.243]	[-0.033  0.07  -0.044  0.014 -0.007]	0.74	1.67	1.76	0.42	0.02	0.05	0.01	0.11	0.82	0.37	0.2	0.15152794166259528	0.474	0.071
1	['Ag', 'Ir', 'Pd', 'Pt', 'Ru']	24	[0.042 0.035 0.56  0.121 0.242]	[-0.017  0.147 -0.073  0.046 -0.103]	0.74	1.67	1.76	0.42	0.02	0.05	0.01	0.11	0.82	0.37	0.2	0.15734502952336932	0.413	0.071
2	['Ag', 'Ir', 'Pd', 'Pt', 'Ru']	24	[0.163 0.226 0.313 0.206 0.092]	[-0.074 -0.1    0.133 -0.034  0.075]	0.74	1.67	1.76	0.42	0.02	0.05	0.01	0.11	0.82	0.37	0.2	0.10156870983600629	0.625	0.071
3	['Ag', 'Ir', 'Pd', 'Pt', 'Ru']	24	[0.012 0.117 0.529 0.101 0.241]	[ 0.028  0.029 -0.175  0.078  0.039]	0.74	1.67	1.76	0.42	0.02	0.05	0.01	0.11	0.82	0.37	0.2	0.14471000496425346	0.452	0.071
4	['Ag', 'Ir', 'Pd', 'Pt', 'Ru']	24	[0.016 0.02  0.624 0.106 0.234]	[-0.068 -0.088  0.155  0.042 -0.041]	0.74	1.67	1.76	0.42	0.02	0.05	0.01	0.11	0.82	0.37	0.2	0.15628969307342358	0.368	0.071
0	['Ag', 'Ir', 'Pd', 'Pt', 'Ru']	25	[0.044 0.027 0.642 0.064 0.223]	[ 0.017  0.064  0.112 -0.144 -0.049]	0.74	1.67	1.76	0.42	0.02	0.05	0.01	0.11	0.82	0.37	0.2	0.15722451321835426	0.33	0.071
1	['Ag', 'Ir', 'Pd', 'Pt', 'Ru']	25	[0.02  0.11  0.542 0.158 0.17 ]	[-0.022  0.075 -0.017  0.037 -0.072]	0.74	1.67	1.76	0.42	0.02	0.05	0.01	0.11	0.82	0.37	0.2	0.14070853989567217	0.422	0.071
2	['Ag', 'Ir', 'Pd', 'Pt', 'Ru']	25	[0.093 0.136 0.454 0.156 0.161]	[-0.07  -0.09   0.141 -0.05   0.069]	0.74	1.67	1.76	0.42	0.02	0.05	0.01	0.11	0.82	0.37	0.2	0.13228728909475596	0.478	0.071
3	['Ag', 'Ir', 'Pd', 'Pt', 'Ru']	25	[0.09  0.027 0.615 0.068 0.2  ]	[ 0.044  0.113  0.054 -0.1   -0.111]	0.74	1.67	1.76	0.42	0.02	0.05	0.01	0.11	0.82	0.37	0.2	0.1513891537051508	0.323	0.071
4	['Ag', 'Ir', 'Pd', 'Pt', 'Ru']	25	[0.005 0.032 0.684 0.124 0.155]	[ 0.013  0.007  0.054  0.013 -0.087]	0.74	1.67	1.76	0.42	0.02	0.05	0.01	0.11	0.82	0.37	0.2	0.1428805807683115	0.298	0.071
0	['Ag', 'Ir', 'Pd', 'Pt', 'Ru']	26	[0.016 0.033 0.622 0.108 0.221]	[-0.028  0.006 -0.02   0.044 -0.002]	0.74	1.67	1.76	0.42	0.02	0.05	0.01	0.11	0.82	0.37	0.2	0.15595767320387688	0.363	0.071
1	['Ag', 'Ir', 'Pd', 'Pt', 'Ru']	26	[0.043 0.01  0.637 0.063 0.247]	[-0.024  0.085  0.062 -0.164  0.04 ]	0.74	1.67	1.76	0.42	0.02	0.05	0.01	0.11	0.82	0.37	0.2	0.15483065208757166	0.349	0.071
2	['Ag', 'Ir', 'Pd', 'Pt', 'Ru']	26	[0.054 0.072 0.345 0.273 0.256]	[-0.039 -0.064 -0.108  0.117  0.095]	0.74	1.67	1.76	0.42	0.02	0.05	0.01	0.11	0.82	0.37	0.2	0.11966166497182974	0.64	0.071
3	['Ag', 'Ir', 'Pd', 'Pt', 'Ru']	26	[0.009 0.075 0.66  0.034 0.222]	[ 0.074 -0.023 -0.032  0.118 -0.138]	0.74	1.67	1.76	0.42	0.02	0.05	0.01	0.11	0.82	0.37	0.2	0.15799923256441334	0.335	0.071
4	['Ag', 'Ir', 'Pd', 'Pt', 'Ru']	26	[0.107 0.038 0.605 0.003 0.247]	[ 0.102  0.006 -0.081 -0.121  0.092]	0.74	1.67	1.76	0.42	0.02	0.05	0.01	0.11	0.82	0.37	0.2	0.14722626956968143	0.353	0.071
0	['Ag', 'Ir', 'Pd', 'Pt', 'Ru']	27	[0.023 0.083 0.301 0.265 0.328]	[-0.147  0.104 -0.533  0.354  0.221]	0.74	1.67	1.76	0.42	0.02	0.05	0.01	0.11	0.82	0.37	0.2	0.09455618040253355	0.709	0.071
1	['Ag', 'Ir', 'Pd', 'Pt', 'Ru']	27	[0.061 0.096 0.563 0.1   0.18 ]	[-0.048  0.113 -0.091  0.104 -0.077]	0.74	1.67	1.76	0.42	0.02	0.05	0.01	0.11	0.82	0.37	0.2	0.1482564557150643	0.377	0.071
2	['Ag', 'Ir', 'Pd', 'Pt', 'Ru']	27	[0.073 0.047 0.498 0.149 0.233]	[ 0.019 -0.025  0.152 -0.124 -0.023]	0.74	1.67	1.76	0.42	0.02	0.05	0.01	0.11	0.82	0.37	0.2	0.1470627095159949	0.457	0.071
3	['Ag', 'Ir', 'Pd', 'Pt', 'Ru']	27	[0.124 0.002 0.581 0.098 0.195]	[ 0.115 -0.073 -0.078  0.064 -0.027]	0.74	1.67	1.76	0.42	0.02	0.05	0.01	0.11	0.82	0.37	0.2	0.1470761238665739	0.347	0.071
4	['Ag', 'Ir', 'Pd', 'Pt', 'Ru']	27	[0.046 0.074 0.642 0.064 0.174]	[ 0.126 -0.003 -0.002  0.031 -0.152]	0.74	1.67	1.76	0.42	0.02	0.05	0.01	0.11	0.82	0.37	0.2	0.15182194164512622	0.306	0.071
0	['Ag', 'Ir', 'Pd', 'Pt', 'Ru']	28	[0.009 0.064 0.473 0.189 0.265]	[-0.014 -0.019  0.172 -0.076 -0.063]	0.74	1.67	1.76	0.42	0.02	0.05	0.01	0.11	0.82	0.37	0.2	0.14210202695103302	0.522	0.071
1	['Ag', 'Ir', 'Pd', 'Pt', 'Ru']	28	[0.005 0.024 0.483 0.209 0.279]	[ 0.042 -0.1   -0.11   0.089  0.079]	0.74	1.67	1.76	0.42	0.02	0.05	0.01	0.11	0.82	0.37	0.2	0.1470360227162441	0.527	0.071
2	['Ag', 'Ir', 'Pd', 'Pt', 'Ru']	28	[0.035 0.038 0.669 0.059 0.199]	[-0.038 -0.009  0.171 -0.09  -0.034]	0.74	1.67	1.76	0.42	0.02	0.05	0.01	0.11	0.82	0.37	0.2	0.15328220559694486	0.301	0.071
3	['Ag', 'Ir', 'Pd', 'Pt', 'Ru']	28	[0.002 0.091 0.668 0.007 0.232]	[-0.122  0.089  0.086 -0.091  0.037]	0.74	1.67	1.76	0.42	0.02	0.05	0.01	0.11	0.82	0.37	0.2	0.15915374520808923	0.342	0.071
4	['Ag', 'Ir', 'Pd', 'Pt', 'Ru']	28	[0.141 0.003 0.642 0.11  0.104]	[ 0.095 -0.071 -0.001  0.046 -0.07 ]	0.74	1.67	1.76	0.42	0.02	0.05	0.01	0.11	0.82	0.37	0.2	0.13416515416315364	0.257	0.071
0	['Ag', 'Ir', 'Pd', 'Pt', 'Ru']	29	[0.01  0.046 0.635 0.079 0.23 ]	[ 0.001 -0.018  0.162 -0.11  -0.035]	0.74	1.67	1.76	0.42	0.02	0.05	0.01	0.11	0.82	0.37	0.2	0.1551812388074733	0.356	0.071
1	['Ag', 'Ir', 'Pd', 'Pt', 'Ru']	29	[0.016 0.042 0.62  0.069 0.253]	[ 0.013  0.018  0.137 -0.141 -0.027]	0.74	1.67	1.76	0.42	0.02	0.05	0.01	0.11	0.82	0.37	0.2	0.1547534095862317	0.376	0.071
2	['Ag', 'Ir', 'Pd', 'Pt', 'Ru']	29	[0.068 0.074 0.64  0.018 0.2  ]	[ 0.123  0.059 -0.137  0.005 -0.05 ]	0.74	1.67	1.76	0.42	0.02	0.05	0.01	0.11	0.82	0.37	0.2	0.15343013833780317	0.311	0.071
3	['Ag', 'Ir', 'Pd', 'Pt', 'Ru']	29	[0.063 0.066 0.652 0.015 0.204]	[ 0.101 -0.027 -0.003 -0.037 -0.034]	0.74	1.67	1.76	0.42	0.02	0.05	0.01	0.11	0.82	0.37	0.2	0.15447103731893969	0.305	0.071
4	['Ag', 'Ir', 'Pd', 'Pt', 'Ru']	29	[0.016 0.064 0.652 0.039 0.229]	[-0.125  0.061  0.01  -0.071  0.125]	0.74	1.67	1.76	0.42	0.02	0.05	0.01	0.11	0.82	0.37	0.2	0.16106846471946415	0.339	0.071
0	['Ag', 'Ir', 'Pd', 'Pt', 'Ru']	30	[0.038 0.005 0.713 0.007 0.237]	[ 0.028 -0.041  0.078 -0.072  0.007]	0.74	1.67	1.76	0.42	0.02	0.05	0.01	0.11	0.82	0.37	0.2	0.1463437862648571	0.296	0.071
1	['Ag', 'Ir', 'Pd', 'Pt', 'Ru']	30	[0.06  0.07  0.701 0.011 0.158]	[ 0.019  0.001  0.062  0.054 -0.135]	0.74	1.67	1.76	0.42	0.02	0.05	0.01	0.11	0.82	0.37	0.2	0.14970199092918937	0.246	0.071
2	['Ag', 'Ir', 'Pd', 'Pt', 'Ru']	30	[0.056 0.054 0.546 0.124 0.22 ]	[ 0.089 -0.05  -0.139  0.101 -0.002]	0.74	1.67	1.76	0.42	0.02	0.05	0.01	0.11	0.82	0.37	0.2	0.15214030624366096	0.41	0.071
3	['Ag', 'Ir', 'Pd', 'Pt', 'Ru']	30	[0.054 0.038 0.653 0.023 0.232]	[ 0.115 -0.051 -0.012 -0.084  0.032]	0.74	1.67	1.76	0.42	0.02	0.05	0.01	0.11	0.82	0.37	0.2	0.15567263289388408	0.322	0.071
4	['Ag', 'Ir', 'Pd', 'Pt', 'Ru']	30	[0.06  0.049 0.618 0.027 0.246]	[ 0.096 -0.037 -0.087 -0.019  0.046]	0.74	1.67	1.76	0.42	0.02	0.05	0.01	0.11	0.82	0.37	0.2	0.1566899331260358	0.354	0.071
