ID	Elements	Generation	Position	Velocity	F_damp	F_b_best	F_h_best	F_g_best	F_b_worst	F_h_worst	F_g_worst	mut_prob	flip_prob	mut_rate	v_max	Activity	Distance	v_min
0	['Ag', 'Ir', 'Pd', 'Pt', 'Ru']	0	[0.8  0.05 0.05 0.05 0.05]	[-0.179  0.045  0.045  0.045  0.045]	0.43	0.02	0.07	1.18	1.97	1.09	0.22	0.11	0.13	0.04	0.2	0.04718687326970261	1.034	0.071
1	['Ag', 'Ir', 'Pd', 'Pt', 'Ru']	0	[0.05 0.8  0.05 0.05 0.05]	[ 0.045 -0.179  0.045  0.045  0.045]	0.43	0.02	0.07	1.18	1.97	1.09	0.22	0.11	0.13	0.04	0.2	0.012897755965668866	1.138	0.071
2	['Ag', 'Ir', 'Pd', 'Pt', 'Ru']	0	[0.05 0.05 0.8  0.05 0.05]	[ 0.045  0.045 -0.179  0.045  0.045]	0.43	0.02	0.07	1.18	1.97	1.09	0.22	0.11	0.13	0.04	0.2	0.12550960571923736	0.141	0.071
3	['Ag', 'Ir', 'Pd', 'Pt', 'Ru']	0	[0.05 0.05 0.05 0.8  0.05]	[ 0.045  0.045  0.045 -0.179  0.045]	0.43	0.02	0.07	1.18	1.97	1.09	0.22	0.11	0.13	0.04	0.2	0.06781611567278917	1.138	0.071
4	['Ag', 'Ir', 'Pd', 'Pt', 'Ru']	0	[0.05 0.05 0.05 0.05 0.8 ]	[ 0.045  0.045  0.045  0.045 -0.179]	0.43	0.02	0.07	1.18	1.97	1.09	0.22	0.11	0.13	0.04	0.2	0.0009547274717013111	1.138	0.071
0	['Ag', 'Ir', 'Pd', 'Pt', 'Ru']	1	[0.749 0.007 0.145 0.007 0.092]	[-0.08  -0.07   0.109 -0.07   0.11 ]	0.43	0.02	0.07	1.18	1.97	1.09	0.22	0.11	0.13	0.04	0.2	0.05061249451068306	0.93	0.071
1	['Ag', 'Ir', 'Pd', 'Pt', 'Ru']	1	[0.007 0.749 0.145 0.007 0.092]	[-0.07  -0.08   0.109 -0.07   0.11 ]	0.43	0.02	0.07	1.18	1.97	1.09	0.22	0.11	0.13	0.04	0.2	0.007612225552760489	1.043	0.071
2	['Ag', 'Ir', 'Pd', 'Pt', 'Ru']	1	[0.006 0.006 0.885 0.006 0.097]	[-0.073 -0.073  0.102 -0.073  0.117]	0.43	0.02	0.07	1.18	1.97	1.09	0.22	0.11	0.13	0.04	0.2	0.1100669835572788	0.177	0.071
3	['Ag', 'Ir', 'Pd', 'Pt', 'Ru']	1	[0.007 0.007 0.145 0.749 0.092]	[-0.07  -0.07   0.109 -0.08   0.11 ]	0.43	0.02	0.07	1.18	1.97	1.09	0.22	0.11	0.13	0.04	0.2	0.07265315016937547	1.043	0.071
4	['Ag', 'Ir', 'Pd', 'Pt', 'Ru']	1	[0.053 0.053 0.187 0.053 0.654]	[ 0.003  0.003  0.137  0.003 -0.145]	0.43	0.02	0.07	1.18	1.97	1.09	0.22	0.11	0.13	0.04	0.2	0.022573010813104106	0.939	0.071
0	['Ag', 'Ir', 'Pd', 'Pt', 'Ru']	2	[0.65  0.085 0.206 0.051 0.008]	[-0.078  0.09   0.126 -0.055 -0.083]	0.43	0.02	0.07	1.18	1.97	1.09	0.22	0.11	0.13	0.04	0.2	0.059814207670758096	0.821	0.071
1	['Ag', 'Ir', 'Pd', 'Pt', 'Ru']	2	[0.009 0.621 0.296 0.009 0.065]	[ 0.002 -0.128  0.151  0.002 -0.027]	0.43	0.02	0.07	1.18	1.97	1.09	0.22	0.11	0.13	0.04	0.2	0.040481827998613246	0.847	0.071
2	['Ag', 'Ir', 'Pd', 'Pt', 'Ru']	2	[0.014 0.102 0.863 0.014 0.007]	[ 0.011  0.138 -0.143  0.011 -0.016]	0.43	0.02	0.07	1.18	1.97	1.09	0.22	0.11	0.13	0.04	0.2	0.11609170970904167	0.171	0.071
3	['Ag', 'Ir', 'Pd', 'Pt', 'Ru']	2	[0.051 0.085 0.206 0.65  0.008]	[-0.055  0.09   0.126 -0.078 -0.083]	0.43	0.02	0.07	1.18	1.97	1.09	0.22	0.11	0.13	0.04	0.2	0.08836478278970475	0.924	0.071
4	['Ag', 'Ir', 'Pd', 'Pt', 'Ru']	2	[0.036 0.048 0.32  0.036 0.56 ]	[-0.037  0.068  0.131 -0.037 -0.124]	0.43	0.02	0.07	1.18	1.97	1.09	0.22	0.11	0.13	0.04	0.2	0.059920150185575824	0.782	0.071
0	['Ag', 'Ir', 'Pd', 'Pt', 'Ru']	3	[0.579 0.019 0.346 0.024 0.032]	[-0.062 -0.105  0.154 -0.017  0.031]	0.43	0.02	0.07	1.18	1.97	1.09	0.22	0.11	0.13	0.04	0.2	0.06353345535927699	0.663	0.071
1	['Ag', 'Ir', 'Pd', 'Pt', 'Ru']	3	[0.015 0.494 0.446 0.015 0.03 ]	[ 0.006 -0.127  0.15   0.006 -0.035]	0.43	0.02	0.07	1.18	1.97	1.09	0.22	0.11	0.13	0.04	0.2	0.08105077972458286	0.653	0.071
2	['Ag', 'Ir', 'Pd', 'Pt', 'Ru']	3	[0.005 0.009 0.916 0.005 0.065]	[ 0.041 -0.069 -0.133  0.041  0.12 ]	0.43	0.02	0.07	1.18	1.97	1.09	0.22	0.11	0.13	0.04	0.2	0.10171889173800175	0.172	0.071
3	['Ag', 'Ir', 'Pd', 'Pt', 'Ru']	3	[0.024 0.019 0.346 0.579 0.032]	[-0.017 -0.105  0.154 -0.062  0.031]	0.43	0.02	0.07	1.18	1.97	1.09	0.22	0.11	0.13	0.04	0.2	0.0998588302042684	0.779	0.071
4	['Ag', 'Ir', 'Pd', 'Pt', 'Ru']	3	[0.022 0.028 0.469 0.022 0.459]	[-0.032  0.048  0.141 -0.032 -0.125]	0.43	0.02	0.07	1.18	1.97	1.09	0.22	0.11	0.13	0.04	0.2	0.12053421837734753	0.611	0.071
0	['Ag', 'Ir', 'Pd', 'Pt', 'Ru']	4	[0.455 0.01  0.5   0.02  0.015]	[-0.124 -0.009  0.155 -0.004 -0.017]	0.43	0.02	0.07	1.18	1.97	1.09	0.22	0.11	0.13	0.04	0.2	0.08617527713206688	0.465	0.071
1	['Ag', 'Ir', 'Pd', 'Pt', 'Ru']	4	[0.038 0.376 0.565 0.002 0.019]	[ 0.036 -0.126  0.145 -0.043 -0.011]	0.43	0.02	0.07	1.18	1.97	1.09	0.22	0.11	0.13	0.04	0.2	0.11780384465359502	0.485	0.071
2	['Ag', 'Ir', 'Pd', 'Pt', 'Ru']	4	[0.131 0.01  0.845 0.001 0.013]	[ 0.14   0.002 -0.141  0.012 -0.014]	0.43	0.02	0.07	1.18	1.97	1.09	0.22	0.11	0.13	0.04	0.2	0.1853439532759241	0.026	0.071
3	['Ag', 'Ir', 'Pd', 'Pt', 'Ru']	4	[0.042 0.013 0.464 0.474 0.007]	[ 0.057 -0.048  0.147 -0.097 -0.058]	0.43	0.02	0.07	1.18	1.97	1.09	0.22	0.11	0.13	0.04	0.2	0.10749409536938842	0.621	0.071
4	['Ag', 'Ir', 'Pd', 'Pt', 'Ru']	4	[0.045 0.001 0.604 0.008 0.342]	[ 0.045 -0.029  0.143 -0.035 -0.124]	0.43	0.02	0.07	1.18	1.97	1.09	0.22	0.11	0.13	0.04	0.2	0.1541407932875398	0.434	0.071
0	['Ag', 'Ir', 'Pd', 'Pt', 'Ru']	5	[0.331 0.004 0.653 0.003 0.009]	[-0.127 -0.02   0.151 -0.02   0.016]	0.43	0.02	0.07	1.18	1.97	1.09	0.22	0.11	0.13	0.04	0.2	0.13187418299067266	0.268	0.071
1	['Ag', 'Ir', 'Pd', 'Pt', 'Ru']	5	[0.004 0.265 0.717 0.002 0.012]	[-0.051 -0.114  0.155 -0.011  0.021]	0.43	0.02	0.07	1.18	1.97	1.09	0.22	0.11	0.13	0.04	0.2	0.12596887024017142	0.331	0.071
2	['Ag', 'Ir', 'Pd', 'Pt', 'Ru']	5	[0.007 0.035 0.888 0.014 0.056]	[-0.087 -0.076  0.127 -0.053  0.088]	0.43	0.02	0.07	1.18	1.97	1.09	0.22	0.11	0.13	0.04	0.2	0.10830210450213608	0.163	0.071
3	['Ag', 'Ir', 'Pd', 'Pt', 'Ru']	5	[0.006 0.008 0.609 0.362 0.015]	[-0.056 -0.027  0.161 -0.099  0.021]	0.43	0.02	0.07	1.18	1.97	1.09	0.22	0.11	0.13	0.04	0.2	0.09759519218100172	0.458	0.071
4	['Ag', 'Ir', 'Pd', 'Pt', 'Ru']	5	[0.005 0.008 0.76  0.001 0.226]	[-0.042  0.002  0.155  0.002 -0.118]	0.43	0.02	0.07	1.18	1.97	1.09	0.22	0.11	0.13	0.04	0.2	0.14141623183834345	0.283	0.071
0	['Ag', 'Ir', 'Pd', 'Pt', 'Ru']	6	[0.192 0.019 0.77  0.019 0.   ]	[-0.129 -0.026  0.149  0.018 -0.012]	0.43	0.02	0.07	1.18	1.97	1.09	0.22	0.11	0.13	0.04	0.2	0.17660664088788214	0.094	0.071
1	['Ag', 'Ir', 'Pd', 'Pt', 'Ru']	6	[0.011 0.123 0.84  0.02  0.006]	[-0.02  -0.138  0.142  0.014  0.001]	0.43	0.02	0.07	1.18	1.97	1.09	0.22	0.11	0.13	0.04	0.2	0.11623072367644008	0.187	0.071
2	['Ag', 'Ir', 'Pd', 'Pt', 'Ru']	6	[0.011 0.004 0.875 0.095 0.015]	[ 0.038  0.007 -0.136  0.135 -0.042]	0.43	0.02	0.07	1.18	1.97	1.09	0.22	0.11	0.13	0.04	0.2	0.08834556512529833	0.171	0.071
3	['Ag', 'Ir', 'Pd', 'Pt', 'Ru']	6	[0.004 0.001 0.758 0.232 0.005]	[-0.01  -0.003  0.143 -0.139  0.008]	0.43	0.02	0.07	1.18	1.97	1.09	0.22	0.11	0.13	0.04	0.2	0.08270484558963599	0.289	0.071
4	['Ag', 'Ir', 'Pd', 'Pt', 'Ru']	6	[0.002 0.014 0.883 0.024 0.077]	[-0.014 -0.025  0.146  0.025 -0.131]	0.43	0.02	0.07	1.18	1.97	1.09	0.22	0.11	0.13	0.04	0.2	0.10572940607521648	0.172	0.071
0	['Ag', 'Ir', 'Pd', 'Pt', 'Ru']	7	[0.066 0.005 0.913 0.    0.016]	[-0.13  -0.03   0.149  0.007  0.004]	0.43	0.02	0.07	1.18	1.97	1.09	0.22	0.11	0.13	0.04	0.2	0.15002492649689333	0.106	0.071
1	['Ag', 'Ir', 'Pd', 'Pt', 'Ru']	7	[0.    0.004 0.983 0.001 0.012]	[ 0.06  -0.075 -0.134  0.05   0.1  ]	0.43	0.02	0.07	1.18	1.97	1.09	0.22	0.11	0.13	0.04	0.2	0.07038412668426144	0.201	0.071
2	['Ag', 'Ir', 'Pd', 'Pt', 'Ru']	7	[0.019 0.023 0.905 0.011 0.042]	[ 0.017 -0.176  0.067  0.056  0.035]	0.43	0.02	0.07	1.18	1.97	1.09	0.22	0.11	0.13	0.04	0.2	0.11002945333965726	0.15	0.071
3	['Ag', 'Ir', 'Pd', 'Pt', 'Ru']	7	[0.003 0.001 0.896 0.09  0.01 ]	[-0.007 -0.003  0.142 -0.141  0.01 ]	0.43	0.02	0.07	1.18	1.97	1.09	0.22	0.11	0.13	0.04	0.2	0.07704291502322268	0.179	0.071
4	['Ag', 'Ir', 'Pd', 'Pt', 'Ru']	7	[0.001 0.001 0.933 0.003 0.062]	[ 0.014  0.004 -0.144 -0.013  0.138]	0.43	0.02	0.07	1.18	1.97	1.09	0.22	0.11	0.13	0.04	0.2	0.09592287264431658	0.182	0.071
0	['Ag', 'Ir', 'Pd', 'Pt', 'Ru']	8	[0.079 0.006 0.893 0.015 0.007]	[ 0.119  0.009 -0.159  0.01   0.021]	0.43	0.02	0.07	1.18	1.97	1.09	0.22	0.11	0.13	0.04	0.2	0.15950717198314607	0.085	0.071
1	['Ag', 'Ir', 'Pd', 'Pt', 'Ru']	8	[0.002 0.183 0.799 0.007 0.009]	[ 0.008  0.128 -0.151 -0.006  0.02 ]	0.43	0.02	0.07	1.18	1.97	1.09	0.22	0.11	0.13	0.04	0.2	0.1215947174555763	0.241	0.071
2	['Ag', 'Ir', 'Pd', 'Pt', 'Ru']	8	[0.034 0.044 0.879 0.035 0.008]	[ 0.111 -0.15   0.005  0.065 -0.03 ]	0.43	0.02	0.07	1.18	1.97	1.09	0.22	0.11	0.13	0.04	0.2	0.12111279524958153	0.132	0.071
3	['Ag', 'Ir', 'Pd', 'Pt', 'Ru']	8	[0.004 0.008 0.923 0.051 0.014]	[ 0.003  0.007 -0.155  0.125  0.02 ]	0.43	0.02	0.07	1.18	1.97	1.09	0.22	0.11	0.13	0.04	0.2	0.08216677783114247	0.172	0.071
4	['Ag', 'Ir', 'Pd', 'Pt', 'Ru']	8	[0.003 0.006 0.879 0.005 0.107]	[ 0.003  0.005 -0.149  0.006  0.133]	0.43	0.02	0.07	1.18	1.97	1.09	0.22	0.11	0.13	0.04	0.2	0.11076320253735408	0.184	0.071
0	['Ag', 'Ir', 'Pd', 'Pt', 'Ru']	9	[0.054 0.003 0.917 0.002 0.024]	[ 0.121  0.014 -0.156 -0.007  0.029]	0.43	0.02	0.07	1.18	1.97	1.09	0.22	0.11	0.13	0.04	0.2	0.13690801952667914	0.12	0.071
1	['Ag', 'Ir', 'Pd', 'Pt', 'Ru']	9	[0.005 0.032 0.927 0.014 0.022]	[-0.008 -0.15   0.13   0.014  0.014]	0.43	0.02	0.07	1.18	1.97	1.09	0.22	0.11	0.13	0.04	0.2	0.09658201898675378	0.169	0.071
2	['Ag', 'Ir', 'Pd', 'Pt', 'Ru']	9	[0.071 0.02  0.84  0.011 0.058]	[ 0.11  -0.147 -0.042  0.013  0.066]	0.43	0.02	0.07	1.18	1.97	1.09	0.22	0.11	0.13	0.04	0.2	0.1355557712664045	0.101	0.071
3	['Ag', 'Ir', 'Pd', 'Pt', 'Ru']	9	[0.003 0.004 0.88  0.109 0.004]	[ 0.006 -0.006 -0.151  0.129  0.022]	0.43	0.02	0.07	1.18	1.97	1.09	0.22	0.11	0.13	0.04	0.2	0.07703912977328188	0.186	0.071
4	['Ag', 'Ir', 'Pd', 'Pt', 'Ru']	9	[0.089 0.075 0.756 0.067 0.013]	[ 0.086  0.069 -0.123  0.062 -0.094]	0.43	0.02	0.07	1.18	1.97	1.09	0.22	0.11	0.13	0.04	0.2	0.13912227844362157	0.151	0.071
0	['Ag', 'Ir', 'Pd', 'Pt', 'Ru']	10	[0.067 0.023 0.854 0.046 0.01 ]	[ 0.051  0.033 -0.179  0.048  0.046]	0.43	0.02	0.07	1.18	1.97	1.09	0.22	0.11	0.13	0.04	0.2	0.14005322139984427	0.098	0.071
1	['Ag', 'Ir', 'Pd', 'Pt', 'Ru']	10	[0.    0.127 0.867 0.004 0.002]	[ 0.011  0.127 -0.152 -0.01   0.025]	0.43	0.02	0.07	1.18	1.97	1.09	0.22	0.11	0.13	0.04	0.2	0.11253444986903616	0.197	0.071
2	['Ag', 'Ir', 'Pd', 'Pt', 'Ru']	10	[0.118 0.041 0.759 0.08  0.002]	[ 0.118 -0.082 -0.04   0.097 -0.093]	0.43	0.02	0.07	1.18	1.97	1.09	0.22	0.11	0.13	0.04	0.2	0.1490350284358189	0.132	0.071
3	['Ag', 'Ir', 'Pd', 'Pt', 'Ru']	10	[0.004 0.002 0.948 0.023 0.023]	[ 0.003  0.006 -0.154  0.125  0.02 ]	0.43	0.02	0.07	1.18	1.97	1.09	0.22	0.11	0.13	0.04	0.2	0.08204081422010878	0.179	0.071
4	['Ag', 'Ir', 'Pd', 'Pt', 'Ru']	10	[0.039 0.009 0.81  0.007 0.135]	[-0.052 -0.073  0.09  -0.09   0.125]	0.43	0.02	0.07	1.18	1.97	1.09	0.22	0.11	0.13	0.04	0.2	0.12684339214324775	0.18	0.071
0	['Ag', 'Ir', 'Pd', 'Pt', 'Ru']	11	[0.044 0.007 0.943 0.002 0.004]	[ 0.127 -0.001 -0.152  0.001  0.027]	0.43	0.02	0.07	1.18	1.97	1.09	0.22	0.11	0.13	0.04	0.2	0.13134040341755157	0.141	0.071
1	['Ag', 'Ir', 'Pd', 'Pt', 'Ru']	11	[0.001 0.001 0.956 0.005 0.037]	[ 0.07  -0.091 -0.123  0.048  0.096]	0.43	0.02	0.07	1.18	1.97	1.09	0.22	0.11	0.13	0.04	0.2	0.08508586713561078	0.187	0.071
2	['Ag', 'Ir', 'Pd', 'Pt', 'Ru']	11	[0.23  0.01  0.638 0.028 0.094]	[ 0.133 -0.025 -0.124 -0.048  0.064]	0.43	0.02	0.07	1.18	1.97	1.09	0.22	0.11	0.13	0.04	0.2	0.12592160434394353	0.247	0.071
3	['Ag', 'Ir', 'Pd', 'Pt', 'Ru']	11	[0.001 0.001 0.843 0.151 0.004]	[ 0.011  0.014 -0.146  0.135 -0.014]	0.43	0.02	0.07	1.18	1.97	1.09	0.22	0.11	0.13	0.04	0.2	0.07692096476164673	0.212	0.071
4	['Ag', 'Ir', 'Pd', 'Pt', 'Ru']	11	[0.043 0.001 0.951 0.004 0.001]	[ 0.     0.     0.139  0.004 -0.144]	0.43	0.02	0.07	1.18	1.97	1.09	0.22	0.11	0.13	0.04	0.2	0.12833615041941768	0.147	0.071
0	['Ag', 'Ir', 'Pd', 'Pt', 'Ru']	12	[0.101 0.001 0.84  0.032 0.026]	[ 0.114 -0.004 -0.16   0.026  0.024]	0.43	0.02	0.07	1.18	1.97	1.09	0.22	0.11	0.13	0.04	0.2	0.15488360353320735	0.065	0.071
1	['Ag', 'Ir', 'Pd', 'Pt', 'Ru']	12	[0.    0.174 0.823 0.002 0.001]	[ 0.016  0.132 -0.147  0.015 -0.018]	0.43	0.02	0.07	1.18	1.97	1.09	0.22	0.11	0.13	0.04	0.2	0.11721610958389675	0.231	0.071
2	['Ag', 'Ir', 'Pd', 'Pt', 'Ru']	12	[0.088 0.103 0.609 0.006 0.194]	[-0.142  0.093 -0.029 -0.022  0.1  ]	0.43	0.02	0.07	1.18	1.97	1.09	0.22	0.11	0.13	0.04	0.2	0.1482006994301124	0.332	0.071
3	['Ag', 'Ir', 'Pd', 'Pt', 'Ru']	12	[0.006 0.001 0.976 0.006 0.011]	[-0.008 -0.005  0.142 -0.14   0.011]	0.43	0.02	0.07	1.18	1.97	1.09	0.22	0.11	0.13	0.04	0.2	0.0767579620806396	0.192	0.071
4	['Ag', 'Ir', 'Pd', 'Pt', 'Ru']	12	[0.014 0.012 0.811 0.006 0.157]	[ 0.005  0.004 -0.154  0.016  0.128]	0.43	0.02	0.07	1.18	1.97	1.09	0.22	0.11	0.13	0.04	0.2	0.12984210483569453	0.212	0.071
0	['Ag', 'Ir', 'Pd', 'Pt', 'Ru']	13	[0.009 0.004 0.974 0.006 0.007]	[ 0.086 -0.053  0.129 -0.07  -0.091]	0.43	0.02	0.07	1.18	1.97	1.09	0.22	0.11	0.13	0.04	0.2	0.08072303395273703	0.188	0.071
1	['Ag', 'Ir', 'Pd', 'Pt', 'Ru']	13	[0.006 0.015 0.938 0.015 0.026]	[-0.001 -0.142  0.137 -0.019  0.026]	0.43	0.02	0.07	1.18	1.97	1.09	0.22	0.11	0.13	0.04	0.2	0.09151240965964834	0.172	0.071
2	['Ag', 'Ir', 'Pd', 'Pt', 'Ru']	13	[0.132 0.146 0.433 0.053 0.236]	[ 0.048  0.048 -0.179  0.037  0.046]	0.43	0.02	0.07	1.18	1.97	1.09	0.22	0.11	0.13	0.04	0.2	0.1290103217694371	0.504	0.071
3	['Ag', 'Ir', 'Pd', 'Pt', 'Ru']	13	[0.005 0.005 0.804 0.179 0.007]	[ 0.002  0.006 -0.153  0.127  0.017]	0.43	0.02	0.07	1.18	1.97	1.09	0.22	0.11	0.13	0.04	0.2	0.08354885359120838	0.235	0.071
4	['Ag', 'Ir', 'Pd', 'Pt', 'Ru']	13	[0.02  0.004 0.955 0.003 0.018]	[ 0.004 -0.011  0.142  0.005 -0.141]	0.43	0.02	0.07	1.18	1.97	1.09	0.22	0.11	0.13	0.04	0.2	0.10087621874732915	0.168	0.071
0	['Ag', 'Ir', 'Pd', 'Pt', 'Ru']	14	[0.162 0.008 0.798 0.008 0.024]	[ 0.117  0.009 -0.16   0.011  0.023]	0.43	0.02	0.07	1.18	1.97	1.09	0.22	0.11	0.13	0.04	0.2	0.16929926395050507	0.06	0.071
1	['Ag', 'Ir', 'Pd', 'Pt', 'Ru']	14	[0.005 0.146 0.84  0.001 0.008]	[ 0.018  0.139 -0.142  0.005 -0.019]	0.43	0.02	0.07	1.18	1.97	1.09	0.22	0.11	0.13	0.04	0.2	0.11772442531289048	0.206	0.071
2	['Ag', 'Ir', 'Pd', 'Pt', 'Ru']	14	[0.105 0.092 0.548 0.073 0.182]	[-0.05  -0.083  0.124  0.092 -0.083]	0.43	0.02	0.07	1.18	1.97	1.09	0.22	0.11	0.13	0.04	0.2	0.14225229937000458	0.374	0.071
3	['Ag', 'Ir', 'Pd', 'Pt', 'Ru']	14	[0.002 0.004 0.944 0.038 0.012]	[-0.007 -0.004  0.141 -0.141  0.012]	0.43	0.02	0.07	1.18	1.97	1.09	0.22	0.11	0.13	0.04	0.2	0.07685616397804647	0.18	0.071
4	['Ag', 'Ir', 'Pd', 'Pt', 'Ru']	14	[0.006 0.006 0.829 0.002 0.157]	[ 0.004  0.004 -0.148  0.005  0.134]	0.43	0.02	0.07	1.18	1.97	1.09	0.22	0.11	0.13	0.04	0.2	0.1238611984542794	0.214	0.071
0	['Ag', 'Ir', 'Pd', 'Pt', 'Ru']	15	[0.041 0.001 0.954 0.003 0.001]	[-0.125 -0.     0.153  0.005 -0.032]	0.43	0.02	0.07	1.18	1.97	1.09	0.22	0.11	0.13	0.04	0.2	0.12593920265316375	0.151	0.071
1	['Ag', 'Ir', 'Pd', 'Pt', 'Ru']	15	[0.    0.    0.97  0.008 0.022]	[-0.001 -0.145  0.136 -0.011  0.021]	0.43	0.02	0.07	1.18	1.97	1.09	0.22	0.11	0.13	0.04	0.2	0.07612490350862583	0.194	0.071
2	['Ag', 'Ir', 'Pd', 'Pt', 'Ru']	15	[0.204 0.133 0.384 0.058 0.221]	[ 0.099  0.041 -0.164 -0.015  0.039]	0.43	0.02	0.07	1.18	1.97	1.09	0.22	0.11	0.13	0.04	0.2	0.11668462417291373	0.538	0.071
3	['Ag', 'Ir', 'Pd', 'Pt', 'Ru']	15	[0.003 0.002 0.855 0.133 0.007]	[ 0.003  0.006 -0.153  0.127  0.017]	0.43	0.02	0.07	1.18	1.97	1.09	0.22	0.11	0.13	0.04	0.2	0.07833061656722821	0.198	0.071
4	['Ag', 'Ir', 'Pd', 'Pt', 'Ru']	15	[0.004 0.003 0.969 0.009 0.015]	[-0.002  0.     0.14   0.005 -0.143]	0.43	0.02	0.07	1.18	1.97	1.09	0.22	0.11	0.13	0.04	0.2	0.07814618308896956	0.189	0.071
0	['Ag', 'Ir', 'Pd', 'Pt', 'Ru']	16	[0.117 0.01  0.83  0.008 0.035]	[ 0.119  0.007 -0.159  0.008  0.024]	0.43	0.02	0.07	1.18	1.97	1.09	0.22	0.11	0.13	0.04	0.2	0.15906513164396907	0.054	0.071
1	['Ag', 'Ir', 'Pd', 'Pt', 'Ru']	16	[0.    0.186 0.812 0.002 0.   ]	[ 0.007  0.127 -0.152 -0.005  0.024]	0.43	0.02	0.07	1.18	1.97	1.09	0.22	0.11	0.13	0.04	0.2	0.11743499110929177	0.242	0.071
2	['Ag', 'Ir', 'Pd', 'Pt', 'Ru']	16	[0.3   0.178 0.219 0.042 0.261]	[ 0.095  0.045 -0.165 -0.016  0.04 ]	0.43	0.02	0.07	1.18	1.97	1.09	0.22	0.11	0.13	0.04	0.2	0.0719881997685679	0.723	0.071
3	['Ag', 'Ir', 'Pd', 'Pt', 'Ru']	16	[0.    0.002 0.977 0.001 0.02 ]	[ 0.063  0.067 -0.126 -0.091  0.087]	0.43	0.02	0.07	1.18	1.97	1.09	0.22	0.11	0.13	0.04	0.2	0.07509630233768022	0.198	0.071
4	['Ag', 'Ir', 'Pd', 'Pt', 'Ru']	16	[0.001 0.001 0.82  0.003 0.175]	[ 0.005  0.008 -0.145 -0.006  0.137]	0.43	0.02	0.07	1.18	1.97	1.09	0.22	0.11	0.13	0.04	0.2	0.12770730521249288	0.232	0.071
0	['Ag', 'Ir', 'Pd', 'Pt', 'Ru']	17	[0.004 0.005 0.987 0.001 0.003]	[-0.116  0.008  0.156 -0.002 -0.046]	0.43	0.02	0.07	1.18	1.97	1.09	0.22	0.11	0.13	0.04	0.2	0.07023264062420641	0.2	0.071
1	['Ag', 'Ir', 'Pd', 'Pt', 'Ru']	17	[0.003 0.033 0.924 0.022 0.018]	[-0.013 -0.132  0.147 -0.024  0.022]	0.43	0.02	0.07	1.18	1.97	1.09	0.22	0.11	0.13	0.04	0.2	0.09316287860891463	0.17	0.071
2	['Ag', 'Ir', 'Pd', 'Pt', 'Ru']	17	[0.273 0.141 0.389 0.029 0.168]	[-0.027 -0.037  0.17  -0.013 -0.093]	0.43	0.02	0.07	1.18	1.97	1.09	0.22	0.11	0.13	0.04	0.2	0.11208094925278345	0.526	0.071
3	['Ag', 'Ir', 'Pd', 'Pt', 'Ru']	17	[0.024 0.021 0.785 0.156 0.014]	[ 0.016  0.016 -0.166  0.105  0.029]	0.43	0.02	0.07	1.18	1.97	1.09	0.22	0.11	0.13	0.04	0.2	0.10543480201765879	0.212	0.071
4	['Ag', 'Ir', 'Pd', 'Pt', 'Ru']	17	[0.001 0.    0.955 0.01  0.034]	[-0.001  0.     0.146 -0.009 -0.136]	0.43	0.02	0.07	1.18	1.97	1.09	0.22	0.11	0.13	0.04	0.2	0.08384604480677535	0.186	0.071
0	['Ag', 'Ir', 'Pd', 'Pt', 'Ru']	18	[0.045 0.045 0.78  0.054 0.076]	[ 0.056  0.033 -0.178  0.035  0.054]	0.43	0.02	0.07	1.18	1.97	1.09	0.22	0.11	0.13	0.04	0.2	0.129304610981601	0.163	0.071
1	['Ag', 'Ir', 'Pd', 'Pt', 'Ru']	18	[0.001 0.125 0.869 0.001 0.004]	[ 0.007  0.129 -0.152 -0.005  0.02 ]	0.43	0.02	0.07	1.18	1.97	1.09	0.22	0.11	0.13	0.04	0.2	0.11307004375734792	0.195	0.071
2	['Ag', 'Ir', 'Pd', 'Pt', 'Ru']	18	[0.311 0.113 0.528 0.015 0.033]	[ 0.038 -0.028  0.139 -0.014 -0.135]	0.43	0.02	0.07	1.18	1.97	1.09	0.22	0.11	0.13	0.04	0.2	0.12805377544113425	0.379	0.071
3	['Ag', 'Ir', 'Pd', 'Pt', 'Ru']	18	[0.032 0.012 0.928 0.019 0.009]	[ 0.004 -0.014  0.139 -0.142  0.014]	0.43	0.02	0.07	1.18	1.97	1.09	0.22	0.11	0.13	0.04	0.2	0.11724881438902673	0.144	0.071
4	['Ag', 'Ir', 'Pd', 'Pt', 'Ru']	18	[0.001 0.006 0.844 0.001 0.148]	[ 0.006  0.008 -0.145 -0.006  0.137]	0.43	0.02	0.07	1.18	1.97	1.09	0.22	0.11	0.13	0.04	0.2	0.11854463507521289	0.21	0.071
0	['Ag', 'Ir', 'Pd', 'Pt', 'Ru']	19	[0.08  0.011 0.882 0.007 0.02 ]	[ 0.097 -0.081  0.121 -0.062 -0.075]	0.43	0.02	0.07	1.18	1.97	1.09	0.22	0.11	0.13	0.04	0.2	0.15505777983868144	0.081	0.071
1	['Ag', 'Ir', 'Pd', 'Pt', 'Ru']	19	[0.003 0.002 0.961 0.004 0.03 ]	[ 0.008  0.124 -0.155 -0.004  0.026]	0.43	0.02	0.07	1.18	1.97	1.09	0.22	0.11	0.13	0.04	0.2	0.08349113614811543	0.187	0.071
2	['Ag', 'Ir', 'Pd', 'Pt', 'Ru']	19	[0.281 0.001 0.609 0.041 0.068]	[-0.015 -0.116  0.116 -0.072  0.087]	0.43	0.02	0.07	1.18	1.97	1.09	0.22	0.11	0.13	0.04	0.2	0.12129086433835107	0.286	0.071
3	['Ag', 'Ir', 'Pd', 'Pt', 'Ru']	19	[0.011 0.009 0.849 0.131 0.   ]	[ 0.006  0.014 -0.157  0.123  0.015]	0.43	0.02	0.07	1.18	1.97	1.09	0.22	0.11	0.13	0.04	0.2	0.08499832569643936	0.191	0.071
4	['Ag', 'Ir', 'Pd', 'Pt', 'Ru']	19	[0.005 0.006 0.982 0.001 0.006]	[-0.007  0.008  0.142 -0.002 -0.141]	0.43	0.02	0.07	1.18	1.97	1.09	0.22	0.11	0.13	0.04	0.2	0.0738465084280253	0.196	0.071
0	['Ag', 'Ir', 'Pd', 'Pt', 'Ru']	20	[0.052 0.    0.936 0.006 0.006]	[ 0.12  -0.007 -0.157  0.015  0.028]	0.43	0.02	0.07	1.18	1.97	1.09	0.22	0.11	0.13	0.04	0.2	0.1400427621287928	0.131	0.071
1	['Ag', 'Ir', 'Pd', 'Pt', 'Ru']	20	[0.004 0.174 0.817 0.004 0.001]	[ 0.019  0.139 -0.141  0.004 -0.02 ]	0.43	0.02	0.07	1.18	1.97	1.09	0.22	0.11	0.13	0.04	0.2	0.11867146359690738	0.23	0.071
2	['Ag', 'Ir', 'Pd', 'Pt', 'Ru']	20	[0.237 0.047 0.701 0.013 0.002]	[-0.073  0.012  0.137 -0.118  0.041]	0.43	0.02	0.07	1.18	1.97	1.09	0.22	0.11	0.13	0.04	0.2	0.15184879726163372	0.179	0.071
3	['Ag', 'Ir', 'Pd', 'Pt', 'Ru']	20	[0.003 0.006 0.975 0.    0.016]	[ 0.07   0.052 -0.124 -0.091  0.093]	0.43	0.02	0.07	1.18	1.97	1.09	0.22	0.11	0.13	0.04	0.2	0.07732156747806103	0.194	0.071
4	['Ag', 'Ir', 'Pd', 'Pt', 'Ru']	20	[0.002 0.005 0.801 0.003 0.189]	[ 0.005 -0.006 -0.146  0.008  0.137]	0.43	0.02	0.07	1.18	1.97	1.09	0.22	0.11	0.13	0.04	0.2	0.13308624229582533	0.245	0.071
0	['Ag', 'Ir', 'Pd', 'Pt', 'Ru']	21	[0.1   0.013 0.859 0.003 0.025]	[ 0.119  0.009 -0.159  0.008  0.023]	0.43	0.02	0.07	1.18	1.97	1.09	0.22	0.11	0.13	0.04	0.2	0.1621412931450107	0.058	0.071
1	['Ag', 'Ir', 'Pd', 'Pt', 'Ru']	21	[0.038 0.126 0.798 0.011 0.027]	[-0.135  0.018  0.104 -0.066  0.078]	0.43	0.02	0.07	1.18	1.97	1.09	0.22	0.11	0.13	0.04	0.2	0.1360947367771475	0.179	0.071
2	['Ag', 'Ir', 'Pd', 'Pt', 'Ru']	21	[0.136 0.025 0.763 0.022 0.054]	[-0.058 -0.109  0.136 -0.038  0.069]	0.43	0.02	0.07	1.18	1.97	1.09	0.22	0.11	0.13	0.04	0.2	0.14533199143834047	0.109	0.071
3	['Ag', 'Ir', 'Pd', 'Pt', 'Ru']	21	[0.001 0.004 0.805 0.189 0.001]	[ 0.007 -0.007 -0.149  0.132  0.016]	0.43	0.02	0.07	1.18	1.97	1.09	0.22	0.11	0.13	0.04	0.2	0.07823911873489488	0.245	0.071
4	['Ag', 'Ir', 'Pd', 'Pt', 'Ru']	21	[0.003 0.002 0.941 0.005 0.049]	[-0.001  0.002  0.14   0.002 -0.143]	0.43	0.02	0.07	1.18	1.97	1.09	0.22	0.11	0.13	0.04	0.2	0.0913825029068032	0.18	0.071
0	['Ag', 'Ir', 'Pd', 'Pt', 'Ru']	22	[0.009 0.001 0.958 0.031 0.001]	[ 0.121  0.004 -0.154  0.038 -0.008]	0.43	0.02	0.07	1.18	1.97	1.09	0.22	0.11	0.13	0.04	0.2	0.07806229489465909	0.18	0.071
1	['Ag', 'Ir', 'Pd', 'Pt', 'Ru']	22	[0.044 0.001 0.943 0.009 0.003]	[ 0.006 -0.131  0.146  0.014 -0.035]	0.43	0.02	0.07	1.18	1.97	1.09	0.22	0.11	0.13	0.04	0.2	0.12970144505240966	0.141	0.071
2	['Ag', 'Ir', 'Pd', 'Pt', 'Ru']	22	[0.081 0.002 0.91  0.004 0.003]	[-0.116 -0.02   0.157 -0.035  0.014]	0.43	0.02	0.07	1.18	1.97	1.09	0.22	0.11	0.13	0.04	0.2	0.1684318060918358	0.092	0.071
3	['Ag', 'Ir', 'Pd', 'Pt', 'Ru']	22	[0.004 0.002 0.938 0.043 0.013]	[-0.008 -0.004  0.142 -0.14   0.01 ]	0.43	0.02	0.07	1.18	1.97	1.09	0.22	0.11	0.13	0.04	0.2	0.0783838815695025	0.176	0.071
4	['Ag', 'Ir', 'Pd', 'Pt', 'Ru']	22	[0.004 0.004 0.854 0.024 0.114]	[ 0.002  0.005 -0.155  0.021  0.125]	0.43	0.02	0.07	1.18	1.97	1.09	0.22	0.11	0.13	0.04	0.2	0.11309311448686041	0.187	0.071
0	['Ag', 'Ir', 'Pd', 'Pt', 'Ru']	23	[0.048 0.051 0.821 0.002 0.078]	[ 0.057  0.035 -0.178  0.032  0.054]	0.43	0.02	0.07	1.18	1.97	1.09	0.22	0.11	0.13	0.04	0.2	0.13236545572709768	0.141	0.071
1	['Ag', 'Ir', 'Pd', 'Pt', 'Ru']	23	[0.011 0.144 0.814 0.026 0.005]	[ 0.012  0.125 -0.153 -0.009  0.026]	0.43	0.02	0.07	1.18	1.97	1.09	0.22	0.11	0.13	0.04	0.2	0.11889098965386288	0.205	0.071
2	['Ag', 'Ir', 'Pd', 'Pt', 'Ru']	23	[0.019 0.037 0.852 0.003 0.089]	[-0.024  0.058 -0.161  0.032  0.095]	0.43	0.02	0.07	1.18	1.97	1.09	0.22	0.11	0.13	0.04	0.2	0.12120012127300023	0.163	0.071
3	['Ag', 'Ir', 'Pd', 'Pt', 'Ru']	23	[0.004 0.005 0.863 0.125 0.003]	[ 0.002  0.006 -0.153  0.127  0.016]	0.43	0.02	0.07	1.18	1.97	1.09	0.22	0.11	0.13	0.04	0.2	0.07838710164661954	0.193	0.071
4	['Ag', 'Ir', 'Pd', 'Pt', 'Ru']	23	[0.    0.004 0.981 0.    0.015]	[ 0.006  0.009 -0.146 -0.007  0.136]	0.43	0.02	0.07	1.18	1.97	1.09	0.22	0.11	0.13	0.04	0.2	0.07259825275902164	0.2	0.071
0	['Ag', 'Ir', 'Pd', 'Pt', 'Ru']	24	[0.058 0.011 0.901 0.03  0.   ]	[ 0.099 -0.071  0.119 -0.062 -0.085]	0.43	0.02	0.07	1.18	1.97	1.09	0.22	0.11	0.13	0.04	0.2	0.14116133077931617	0.11	0.071
1	['Ag', 'Ir', 'Pd', 'Pt', 'Ru']	24	[0.011 0.003 0.943 0.011 0.032]	[ 0.003 -0.147  0.133 -0.012  0.023]	0.43	0.02	0.07	1.18	1.97	1.09	0.22	0.11	0.13	0.04	0.2	0.09323092165338913	0.171	0.071
2	['Ag', 'Ir', 'Pd', 'Pt', 'Ru']	24	[0.042 0.008 0.943 0.005 0.002]	[ 0.114  0.006 -0.15   0.059 -0.03 ]	0.43	0.02	0.07	1.18	1.97	1.09	0.22	0.11	0.13	0.04	0.2	0.12861031086547453	0.143	0.071
3	['Ag', 'Ir', 'Pd', 'Pt', 'Ru']	24	[0.002 0.002 0.968 0.003 0.025]	[ 0.064  0.066 -0.125 -0.091  0.086]	0.43	0.02	0.07	1.18	1.97	1.09	0.22	0.11	0.13	0.04	0.2	0.08003981286459706	0.191	0.071
4	['Ag', 'Ir', 'Pd', 'Pt', 'Ru']	24	[0.002 0.003 0.805 0.012 0.178]	[ 0.002  0.005 -0.149  0.007  0.133]	0.43	0.02	0.07	1.18	1.97	1.09	0.22	0.11	0.13	0.04	0.2	0.1304684619823388	0.236	0.071
0	['Ag', 'Ir', 'Pd', 'Pt', 'Ru']	25	[0.073 0.001 0.896 0.    0.03 ]	[ 0.121  0.008 -0.155 -0.009  0.034]	0.43	0.02	0.07	1.18	1.97	1.09	0.22	0.11	0.13	0.04	0.2	0.14886476702045842	0.095	0.071
1	['Ag', 'Ir', 'Pd', 'Pt', 'Ru']	25	[0.058 0.099 0.779 0.038 0.026]	[ 0.062  0.069 -0.173  0.04   0.002]	0.43	0.02	0.07	1.18	1.97	1.09	0.22	0.11	0.13	0.04	0.2	0.1355238137356118	0.159	0.071
2	['Ag', 'Ir', 'Pd', 'Pt', 'Ru']	25	[0.002 0.047 0.827 0.002 0.122]	[-0.023  0.057 -0.159  0.024  0.102]	0.43	0.02	0.07	1.18	1.97	1.09	0.22	0.11	0.13	0.04	0.2	0.12628127600982286	0.199	0.071
3	['Ag', 'Ir', 'Pd', 'Pt', 'Ru']	25	[0.001 0.002 0.813 0.183 0.001]	[ 0.011  0.01  -0.145  0.137 -0.012]	0.43	0.02	0.07	1.18	1.97	1.09	0.22	0.11	0.13	0.04	0.2	0.07763832938541776	0.239	0.071
4	['Ag', 'Ir', 'Pd', 'Pt', 'Ru']	25	[0.004 0.006 0.949 0.001 0.04 ]	[ 0.001  0.005  0.144 -0.012 -0.139]	0.43	0.02	0.07	1.18	1.97	1.09	0.22	0.11	0.13	0.04	0.2	0.09048751582611039	0.181	0.071
0	['Ag', 'Ir', 'Pd', 'Pt', 'Ru']	26	[0.053 0.002 0.906 0.038 0.001]	[ 0.12   0.011 -0.154  0.037 -0.014]	0.43	0.02	0.07	1.18	1.97	1.09	0.22	0.11	0.13	0.04	0.2	0.13511968146019696	0.118	0.071
1	['Ag', 'Ir', 'Pd', 'Pt', 'Ru']	26	[0.063 0.024 0.901 0.    0.012]	[-0.05   0.096  0.116 -0.112 -0.049]	0.43	0.02	0.07	1.18	1.97	1.09	0.22	0.11	0.13	0.04	0.2	0.1489780290250444	0.104	0.071
2	['Ag', 'Ir', 'Pd', 'Pt', 'Ru']	26	[0.026 0.025 0.933 0.005 0.011]	[ 0.099  0.002 -0.156  0.075 -0.02 ]	0.43	0.02	0.07	1.18	1.97	1.09	0.22	0.11	0.13	0.04	0.2	0.11513396254419915	0.152	0.071
3	['Ag', 'Ir', 'Pd', 'Pt', 'Ru']	26	[0.007 0.002 0.945 0.037 0.009]	[-0.009 -0.006  0.144 -0.138  0.01 ]	0.43	0.02	0.07	1.18	1.97	1.09	0.22	0.11	0.13	0.04	0.2	0.08023876805126127	0.176	0.071
4	['Ag', 'Ir', 'Pd', 'Pt', 'Ru']	26	[0.002 0.004 0.843 0.027 0.124]	[ 0.005 -0.005 -0.151  0.024  0.128]	0.43	0.02	0.07	1.18	1.97	1.09	0.22	0.11	0.13	0.04	0.2	0.11600200102021416	0.195	0.071
0	['Ag', 'Ir', 'Pd', 'Pt', 'Ru']	27	[0.08  0.007 0.882 0.014 0.017]	[ 0.121  0.01  -0.156 -0.003  0.027]	0.43	0.02	0.07	1.18	1.97	1.09	0.22	0.11	0.13	0.04	0.2	0.15525360393874596	0.08	0.071
1	['Ag', 'Ir', 'Pd', 'Pt', 'Ru']	27	[0.045 0.022 0.874 0.019 0.04 ]	[-0.06   0.072 -0.147  0.054  0.081]	0.43	0.02	0.07	1.18	1.97	1.09	0.22	0.11	0.13	0.04	0.2	0.12695649914757934	0.119	0.071
2	['Ag', 'Ir', 'Pd', 'Pt', 'Ru']	27	[0.026 0.018 0.84  0.009 0.107]	[ 0.043  0.037 -0.173  0.011  0.082]	0.43	0.02	0.07	1.18	1.97	1.09	0.22	0.11	0.13	0.04	0.2	0.1253019544511722	0.165	0.071
3	['Ag', 'Ir', 'Pd', 'Pt', 'Ru']	27	[0.01  0.004 0.849 0.133 0.004]	[-0.007  0.013 -0.148  0.134  0.009]	0.43	0.02	0.07	1.18	1.97	1.09	0.22	0.11	0.13	0.04	0.2	0.08357651331658307	0.193	0.071
4	['Ag', 'Ir', 'Pd', 'Pt', 'Ru']	27	[0.001 0.001 0.982 0.01  0.006]	[-0.07  -0.063  0.118 -0.085  0.1  ]	0.43	0.02	0.07	1.18	1.97	1.09	0.22	0.11	0.13	0.04	0.2	0.06706017218879594	0.199	0.071
0	['Ag', 'Ir', 'Pd', 'Pt', 'Ru']	28	[0.056 0.001 0.938 0.001 0.004]	[ 0.123  0.011 -0.155 -0.006  0.025]	0.43	0.02	0.07	1.18	1.97	1.09	0.22	0.11	0.13	0.04	0.2	0.14511837683203965	0.129	0.071
1	['Ag', 'Ir', 'Pd', 'Pt', 'Ru']	28	[0.019 0.083 0.885 0.003 0.01 ]	[ 0.02   0.14  -0.14   0.003 -0.023]	0.43	0.02	0.07	1.18	1.97	1.09	0.22	0.11	0.13	0.04	0.2	0.11767318987671077	0.159	0.071
2	['Ag', 'Ir', 'Pd', 'Pt', 'Ru']	28	[0.013 0.009 0.948 0.017 0.013]	[ 0.084  0.073 -0.156  0.039 -0.04 ]	0.43	0.02	0.07	1.18	1.97	1.09	0.22	0.11	0.13	0.04	0.2	0.09205344390970328	0.17	0.071
3	['Ag', 'Ir', 'Pd', 'Pt', 'Ru']	28	[0.    0.003 0.981 0.    0.016]	[ 0.057  0.069 -0.128 -0.088  0.089]	0.43	0.02	0.07	1.18	1.97	1.09	0.22	0.11	0.13	0.04	0.2	0.07268169187691952	0.2	0.071
4	['Ag', 'Ir', 'Pd', 'Pt', 'Ru']	28	[0.002 0.013 0.798 0.001 0.186]	[ 0.001  0.01  -0.151  0.011  0.13 ]	0.43	0.02	0.07	1.18	1.97	1.09	0.22	0.11	0.13	0.04	0.2	0.13475533125209269	0.244	0.071
0	['Ag', 'Ir', 'Pd', 'Pt', 'Ru']	29	[0.091 0.012 0.854 0.013 0.03 ]	[ 0.117  0.009 -0.16   0.01   0.024]	0.43	0.02	0.07	1.18	1.97	1.09	0.22	0.11	0.13	0.04	0.2	0.15162464480775148	0.069	0.071
1	['Ag', 'Ir', 'Pd', 'Pt', 'Ru']	29	[0.009 0.04  0.922 0.019 0.01 ]	[ 0.012  0.123 -0.155 -0.009  0.029]	0.43	0.02	0.07	1.18	1.97	1.09	0.22	0.11	0.13	0.04	0.2	0.10007848848335783	0.165	0.071
2	['Ag', 'Ir', 'Pd', 'Pt', 'Ru']	29	[0.045 0.053 0.782 0.112 0.008]	[ 0.028  0.04  -0.171  0.091  0.013]	0.43	0.02	0.07	1.18	1.97	1.09	0.22	0.11	0.13	0.04	0.2	0.11813794192398047	0.176	0.071
3	['Ag', 'Ir', 'Pd', 'Pt', 'Ru']	29	[0.003 0.    0.801 0.195 0.001]	[ 0.004  0.003 -0.151  0.13   0.015]	0.43	0.02	0.07	1.18	1.97	1.09	0.22	0.11	0.13	0.04	0.2	0.07728616739717205	0.249	0.071
4	['Ag', 'Ir', 'Pd', 'Pt', 'Ru']	29	[0.003 0.001 0.941 0.009 0.046]	[ 0.002 -0.011  0.143  0.006 -0.139]	0.43	0.02	0.07	1.18	1.97	1.09	0.22	0.11	0.13	0.04	0.2	0.0892351796483183	0.179	0.071
0	['Ag', 'Ir', 'Pd', 'Pt', 'Ru']	30	[0.021 0.003 0.965 0.01  0.001]	[ 0.122  0.004 -0.154  0.037 -0.008]	0.43	0.02	0.07	1.18	1.97	1.09	0.22	0.11	0.13	0.04	0.2	0.09633972651582813	0.173	0.071
1	['Ag', 'Ir', 'Pd', 'Pt', 'Ru']	30	[0.006 0.106 0.867 0.011 0.01 ]	[ 0.016  0.124 -0.152 -0.016  0.03 ]	0.43	0.02	0.07	1.18	1.97	1.09	0.22	0.11	0.13	0.04	0.2	0.11318946334721457	0.18	0.071
2	['Ag', 'Ir', 'Pd', 'Pt', 'Ru']	30	[0.03  0.001 0.882 0.036 0.051]	[-0.01  -0.106  0.146 -0.074  0.044]	0.43	0.02	0.07	1.18	1.97	1.09	0.22	0.11	0.13	0.04	0.2	0.11448380120620898	0.139	0.071
3	['Ag', 'Ir', 'Pd', 'Pt', 'Ru']	30	[0.006 0.002 0.932 0.048 0.012]	[-0.008 -0.004  0.142 -0.14   0.01 ]	0.43	0.02	0.07	1.18	1.97	1.09	0.22	0.11	0.13	0.04	0.2	0.08093220357283806	0.173	0.071
4	['Ag', 'Ir', 'Pd', 'Pt', 'Ru']	30	[0.003 0.007 0.857 0.017 0.116]	[ 0.002  0.006 -0.155  0.021  0.124]	0.43	0.02	0.07	1.18	1.97	1.09	0.22	0.11	0.13	0.04	0.2	0.11337970312988169	0.188	0.071
