ID	Elements	Generation	Position	Velocity	F_damp	F_b_best	F_h_best	F_g_best	F_b_worst	F_h_worst	F_g_worst	mut_prob	flip_prob	mut_rate	v_max	Activity	Distance	v_min
0	['Ag', 'Ir', 'Pd', 'Pt', 'Ru']	0	[0.8  0.05 0.05 0.05 0.05]	[-0.179  0.045  0.045  0.045  0.045]	0.63	1.11	1.0	1.76	0.08	0.11	0.02	0.13	0.54	0.19	0.2	0.04718687326970261	1.034	0.071
1	['Ag', 'Ir', 'Pd', 'Pt', 'Ru']	0	[0.05 0.8  0.05 0.05 0.05]	[ 0.045 -0.179  0.045  0.045  0.045]	0.63	1.11	1.0	1.76	0.08	0.11	0.02	0.13	0.54	0.19	0.2	0.012897755965668866	1.138	0.071
2	['Ag', 'Ir', 'Pd', 'Pt', 'Ru']	0	[0.05 0.05 0.8  0.05 0.05]	[ 0.045  0.045 -0.179  0.045  0.045]	0.63	1.11	1.0	1.76	0.08	0.11	0.02	0.13	0.54	0.19	0.2	0.12550960571923736	0.141	0.071
3	['Ag', 'Ir', 'Pd', 'Pt', 'Ru']	0	[0.05 0.05 0.05 0.8  0.05]	[ 0.045  0.045  0.045 -0.179  0.045]	0.63	1.11	1.0	1.76	0.08	0.11	0.02	0.13	0.54	0.19	0.2	0.06781611567278917	1.138	0.071
4	['Ag', 'Ir', 'Pd', 'Pt', 'Ru']	0	[0.05 0.05 0.05 0.05 0.8 ]	[ 0.045  0.045  0.045  0.045 -0.179]	0.63	1.11	1.0	1.76	0.08	0.11	0.02	0.13	0.54	0.19	0.2	0.0009547274717013111	1.138	0.071
0	['Ag', 'Ir', 'Pd', 'Pt', 'Ru']	1	[0.659 0.052 0.192 0.052 0.045]	[-0.141  0.002  0.142  0.002 -0.005]	0.63	1.11	1.0	1.76	0.08	0.11	0.02	0.13	0.54	0.19	0.2	0.05727179646456119	0.836	0.071
1	['Ag', 'Ir', 'Pd', 'Pt', 'Ru']	1	[0.052 0.659 0.192 0.052 0.045]	[ 0.002 -0.141  0.142  0.002 -0.005]	0.63	1.11	1.0	1.76	0.08	0.11	0.02	0.13	0.54	0.19	0.2	0.03387340720486614	0.939	0.071
2	['Ag', 'Ir', 'Pd', 'Pt', 'Ru']	1	[0.085 0.029 0.789 0.085 0.012]	[ 0.021 -0.052 -0.039  0.021  0.049]	0.63	1.11	1.0	1.76	0.08	0.11	0.02	0.13	0.54	0.19	0.2	0.13906545987311691	0.127	0.071
3	['Ag', 'Ir', 'Pd', 'Pt', 'Ru']	1	[0.052 0.052 0.192 0.659 0.045]	[ 0.002  0.002  0.142 -0.141 -0.005]	0.63	1.11	1.0	1.76	0.08	0.11	0.02	0.13	0.54	0.19	0.2	0.08710791242668992	0.939	0.071
4	['Ag', 'Ir', 'Pd', 'Pt', 'Ru']	1	[0.052 0.052 0.189 0.052 0.655]	[ 0.002  0.002  0.139  0.002 -0.144]	0.63	1.11	1.0	1.76	0.08	0.11	0.02	0.13	0.54	0.19	0.2	0.02265585680293738	0.939	0.071
0	['Ag', 'Ir', 'Pd', 'Pt', 'Ru']	2	[0.524 0.047 0.339 0.06  0.03 ]	[-0.135 -0.005  0.147  0.008 -0.015]	0.63	1.11	1.0	1.76	0.08	0.11	0.02	0.13	0.54	0.19	0.2	0.08010621280020308	0.639	0.071
1	['Ag', 'Ir', 'Pd', 'Pt', 'Ru']	2	[0.059 0.518 0.333 0.059 0.031]	[ 0.007 -0.141  0.141  0.007 -0.014]	0.63	1.11	1.0	1.76	0.08	0.11	0.02	0.13	0.54	0.19	0.2	0.07027230988313535	0.74	0.071
2	['Ag', 'Ir', 'Pd', 'Pt', 'Ru']	2	[0.07  0.016 0.809 0.07  0.035]	[-0.046 -0.003  0.042 -0.046  0.052]	0.63	1.11	1.0	1.76	0.08	0.11	0.02	0.13	0.54	0.19	0.2	0.1331371986453395	0.12	0.071
3	['Ag', 'Ir', 'Pd', 'Pt', 'Ru']	2	[0.058 0.055 0.337 0.522 0.028]	[ 0.006  0.003  0.145 -0.137 -0.017]	0.63	1.11	1.0	1.76	0.08	0.11	0.02	0.13	0.54	0.19	0.2	0.10767515223395037	0.74	0.071
4	['Ag', 'Ir', 'Pd', 'Pt', 'Ru']	2	[0.059 0.047 0.326 0.058 0.51 ]	[ 0.007 -0.005  0.137  0.006 -0.146]	0.63	1.11	1.0	1.76	0.08	0.11	0.02	0.13	0.54	0.19	0.2	0.07476619776502196	0.741	0.071
0	['Ag', 'Ir', 'Pd', 'Pt', 'Ru']	3	[0.389 0.034 0.487 0.066 0.024]	[-0.135 -0.013  0.147  0.006 -0.006]	0.63	1.11	1.0	1.76	0.08	0.11	0.02	0.13	0.54	0.19	0.2	0.10598198522126547	0.442	0.071
1	['Ag', 'Ir', 'Pd', 'Pt', 'Ru']	3	[0.065 0.373 0.472 0.065 0.025]	[ 0.006 -0.145  0.138  0.006 -0.006]	0.63	1.11	1.0	1.76	0.08	0.11	0.02	0.13	0.54	0.19	0.2	0.1095235439832735	0.542	0.071
2	['Ag', 'Ir', 'Pd', 'Pt', 'Ru']	3	[0.077 0.    0.836 0.077 0.01 ]	[-0.029 -0.014  0.021 -0.029  0.051]	0.63	1.11	1.0	1.76	0.08	0.11	0.02	0.13	0.54	0.19	0.2	0.14040379402960199	0.107	0.071
3	['Ag', 'Ir', 'Pd', 'Pt', 'Ru']	3	[0.065 0.041 0.483 0.388 0.023]	[ 0.007 -0.014  0.147 -0.134 -0.005]	0.63	1.11	1.0	1.76	0.08	0.11	0.02	0.13	0.54	0.19	0.2	0.11690254862516256	0.543	0.071
4	['Ag', 'Ir', 'Pd', 'Pt', 'Ru']	3	[0.009 0.017 0.379 0.007 0.588]	[-0.092  0.     0.038 -0.092  0.147]	0.63	1.11	1.0	1.76	0.08	0.11	0.02	0.13	0.54	0.19	0.2	0.0649639469531962	0.767	0.071
0	['Ag', 'Ir', 'Pd', 'Pt', 'Ru']	4	[0.262 0.02  0.639 0.072 0.007]	[-0.127 -0.014  0.152  0.006 -0.017]	0.63	1.11	1.0	1.76	0.08	0.11	0.02	0.13	0.54	0.19	0.2	0.13373934570621274	0.25	0.071
1	['Ag', 'Ir', 'Pd', 'Pt', 'Ru']	4	[0.071 0.234 0.615 0.071 0.009]	[ 0.006 -0.139  0.143  0.006 -0.016]	0.63	1.11	1.0	1.76	0.08	0.11	0.02	0.13	0.54	0.19	0.2	0.12855717509105033	0.348	0.071
2	['Ag', 'Ir', 'Pd', 'Pt', 'Ru']	4	[0.    0.123 0.353 0.    0.524]	[-0.01   0.141 -0.541 -0.01   0.42 ]	0.63	1.11	1.0	1.76	0.08	0.11	0.02	0.13	0.54	0.19	0.2	0.05813131377326448	0.748	0.071
3	['Ag', 'Ir', 'Pd', 'Pt', 'Ru']	4	[0.035 0.008 0.522 0.421 0.014]	[-0.175  0.023  0.068  0.06   0.023]	0.63	1.11	1.0	1.76	0.08	0.11	0.02	0.13	0.54	0.19	0.2	0.110597868840322	0.546	0.071
4	['Ag', 'Ir', 'Pd', 'Pt', 'Ru']	4	[0.001 0.022 0.507 0.032 0.438]	[ 0.006  0.001  0.126  0.021 -0.154]	0.63	1.11	1.0	1.76	0.08	0.11	0.02	0.13	0.54	0.19	0.2	0.1312016804778925	0.577	0.071
0	['Ag', 'Ir', 'Pd', 'Pt', 'Ru']	5	[0.244 0.011 0.668 0.039 0.038]	[ 0.03  -0.012  0.093 -0.165  0.054]	0.63	1.11	1.0	1.76	0.08	0.11	0.02	0.13	0.54	0.19	0.2	0.13350701186960626	0.212	0.071
1	['Ag', 'Ir', 'Pd', 'Pt', 'Ru']	5	[0.111 0.081 0.736 0.066 0.006]	[ 0.037 -0.156  0.118 -0.008  0.009]	0.63	1.11	1.0	1.76	0.08	0.11	0.02	0.13	0.54	0.19	0.2	0.1407047149706683	0.16	0.071
2	['Ag', 'Ir', 'Pd', 'Pt', 'Ru']	5	[0.042 0.091 0.47  0.025 0.372]	[ 0.042 -0.032  0.117  0.025 -0.152]	0.63	1.11	1.0	1.76	0.08	0.11	0.02	0.13	0.54	0.19	0.2	0.1293801127317352	0.551	0.071
3	['Ag', 'Ir', 'Pd', 'Pt', 'Ru']	5	[0.075 0.005 0.646 0.269 0.005]	[ 0.04  -0.003  0.124 -0.152 -0.009]	0.63	1.11	1.0	1.76	0.08	0.11	0.02	0.13	0.54	0.19	0.2	0.1226056649737941	0.346	0.071
4	['Ag', 'Ir', 'Pd', 'Pt', 'Ru']	5	[0.027 0.023 0.464 0.004 0.482]	[-0.122  0.053 -0.051 -0.02   0.14 ]	0.63	1.11	1.0	1.76	0.08	0.11	0.02	0.13	0.54	0.19	0.2	0.1177329130873344	0.63	0.071
0	['Ag', 'Ir', 'Pd', 'Pt', 'Ru']	6	[0.1   0.073 0.773 0.032 0.022]	[-0.163  0.051  0.095 -0.021  0.038]	0.63	1.11	1.0	1.76	0.08	0.11	0.02	0.13	0.54	0.19	0.2	0.147293090349226	0.124	0.071
1	['Ag', 'Ir', 'Pd', 'Pt', 'Ru']	6	[0.097 0.018 0.836 0.022 0.027]	[-0.065  0.087  0.12  -0.115 -0.027]	0.63	1.11	1.0	1.76	0.08	0.11	0.02	0.13	0.54	0.19	0.2	0.15297945239090377	0.067	0.071
2	['Ag', 'Ir', 'Pd', 'Pt', 'Ru']	6	[0.062 0.099 0.589 0.038 0.212]	[ 0.02   0.008  0.118  0.013 -0.16 ]	0.63	1.11	1.0	1.76	0.08	0.11	0.02	0.13	0.54	0.19	0.2	0.1494304828741806	0.363	0.071
3	['Ag', 'Ir', 'Pd', 'Pt', 'Ru']	6	[0.1   0.048 0.739 0.1   0.013]	[ 0.025  0.042  0.092 -0.17   0.011]	0.63	1.11	1.0	1.76	0.08	0.11	0.02	0.13	0.54	0.19	0.2	0.14073925327996656	0.165	0.071
4	['Ag', 'Ir', 'Pd', 'Pt', 'Ru']	6	[0.048 0.053 0.572 0.008 0.319]	[ 0.02   0.029  0.108  0.007 -0.164]	0.63	1.11	1.0	1.76	0.08	0.11	0.02	0.13	0.54	0.19	0.2	0.15424396035579913	0.439	0.071
0	['Ag', 'Ir', 'Pd', 'Pt', 'Ru']	7	[0.039 0.069 0.687 0.014 0.191]	[-0.061 -0.004 -0.086 -0.018  0.169]	0.63	1.11	1.0	1.76	0.08	0.11	0.02	0.13	0.54	0.19	0.2	0.15206078756612934	0.283	0.071
1	['Ag', 'Ir', 'Pd', 'Pt', 'Ru']	7	[0.061 0.034 0.72  0.002 0.183]	[-0.045  0.007 -0.125  0.014  0.148]	0.63	1.11	1.0	1.76	0.08	0.11	0.02	0.13	0.54	0.19	0.2	0.14631101675941527	0.244	0.071
2	['Ag', 'Ir', 'Pd', 'Pt', 'Ru']	7	[0.019 0.014 0.6   0.022 0.345]	[-0.132  0.05  -0.051  0.     0.133]	0.63	1.11	1.0	1.76	0.08	0.11	0.02	0.13	0.54	0.19	0.2	0.15527526807461275	0.447	0.071
3	['Ag', 'Ir', 'Pd', 'Pt', 'Ru']	7	[0.075 0.056 0.672 0.017 0.18 ]	[-0.025  0.008 -0.067 -0.083  0.167]	0.63	1.11	1.0	1.76	0.08	0.11	0.02	0.13	0.54	0.19	0.2	0.15229175745298282	0.27	0.071
4	['Ag', 'Ir', 'Pd', 'Pt', 'Ru']	7	[0.054 0.071 0.673 0.002 0.2  ]	[ 0.003  0.015  0.098  0.006 -0.122]	0.63	1.11	1.0	1.76	0.08	0.11	0.02	0.13	0.54	0.19	0.2	0.1537420195298435	0.293	0.071
0	['Ag', 'Ir', 'Pd', 'Pt', 'Ru']	8	[0.012 0.015 0.606 0.011 0.356]	[ 0.032 -0.07  -0.099 -0.018  0.155]	0.63	1.11	1.0	1.76	0.08	0.11	0.02	0.13	0.54	0.19	0.2	0.15280288747365425	0.453	0.071
1	['Ag', 'Ir', 'Pd', 'Pt', 'Ru']	8	[0.016 0.001 0.626 0.014 0.343]	[-0.059  0.018 -0.11  -0.005  0.155]	0.63	1.11	1.0	1.76	0.08	0.11	0.02	0.13	0.54	0.19	0.2	0.15428886393483568	0.431	0.071
2	['Ag', 'Ir', 'Pd', 'Pt', 'Ru']	8	[0.061 0.004 0.546 0.007 0.382]	[ 0.069 -0.019 -0.065 -0.041  0.057]	0.63	1.11	1.0	1.76	0.08	0.11	0.02	0.13	0.54	0.19	0.2	0.14271475552355853	0.496	0.071
3	['Ag', 'Ir', 'Pd', 'Pt', 'Ru']	8	[0.014 0.014 0.607 0.015 0.35 ]	[-0.066 -0.047 -0.073  0.019  0.167]	0.63	1.11	1.0	1.76	0.08	0.11	0.02	0.13	0.54	0.19	0.2	0.1533105421478878	0.448	0.071
4	['Ag', 'Ir', 'Pd', 'Pt', 'Ru']	8	[0.014 0.    0.595 0.028 0.363]	[-0.04  -0.071 -0.078  0.026  0.163]	0.63	1.11	1.0	1.76	0.08	0.11	0.02	0.13	0.54	0.19	0.2	0.1530506056273606	0.465	0.071
0	['Ag', 'Ir', 'Pd', 'Pt', 'Ru']	9	[0.005 0.025 0.57  0.011 0.389]	[-0.008  0.04  -0.049 -0.05   0.067]	0.63	1.11	1.0	1.76	0.08	0.11	0.02	0.13	0.54	0.19	0.2	0.14655865401452003	0.501	0.071
1	['Ag', 'Ir', 'Pd', 'Pt', 'Ru']	9	[0.003 0.003 0.586 0.048 0.36 ]	[ 0.028  0.011 -0.017 -0.1    0.078]	0.63	1.11	1.0	1.76	0.08	0.11	0.02	0.13	0.54	0.19	0.2	0.1521908653904285	0.472	0.071
2	['Ag', 'Ir', 'Pd', 'Pt', 'Ru']	9	[0.02  0.005 0.689 0.01  0.276]	[ 0.054 -0.034  0.132 -0.017 -0.135]	0.63	1.11	1.0	1.76	0.08	0.11	0.02	0.13	0.54	0.19	0.2	0.15232922627536305	0.345	0.071
3	['Ag', 'Ir', 'Pd', 'Pt', 'Ru']	9	[0.    0.003 0.591 0.003 0.403]	[-0.024 -0.011 -0.05  -0.024  0.109]	0.63	1.11	1.0	1.76	0.08	0.11	0.02	0.13	0.54	0.19	0.2	0.14771278559929718	0.502	0.071
4	['Ag', 'Ir', 'Pd', 'Pt', 'Ru']	9	[0.028 0.033 0.619 0.002 0.318]	[ 0.003  0.024  0.014  0.02  -0.061]	0.63	1.11	1.0	1.76	0.08	0.11	0.02	0.13	0.54	0.19	0.2	0.1565630033904454	0.413	0.071
0	['Ag', 'Ir', 'Pd', 'Pt', 'Ru']	10	[0.036 0.055 0.546 0.019 0.344]	[-0.063 -0.14   0.085  0.091  0.027]	0.63	1.11	1.0	1.76	0.08	0.11	0.02	0.13	0.54	0.19	0.2	0.1500076791137423	0.477	0.071
1	['Ag', 'Ir', 'Pd', 'Pt', 'Ru']	10	[0.003 0.031 0.639 0.078 0.249]	[ 0.007 -0.056  0.076  0.11  -0.137]	0.63	1.11	1.0	1.76	0.08	0.11	0.02	0.13	0.54	0.19	0.2	0.15675453209902707	0.368	0.071
2	['Ag', 'Ir', 'Pd', 'Pt', 'Ru']	10	[0.073 0.053 0.528 0.01  0.336]	[ 0.05   0.045 -0.165  0.012  0.057]	0.63	1.11	1.0	1.76	0.08	0.11	0.02	0.13	0.54	0.19	0.2	0.14662011414870568	0.475	0.071
3	['Ag', 'Ir', 'Pd', 'Pt', 'Ru']	10	[0.032 0.037 0.654 0.05  0.227]	[ 0.037  0.039  0.069  0.033 -0.177]	0.63	1.11	1.0	1.76	0.08	0.11	0.02	0.13	0.54	0.19	0.2	0.15703839195230587	0.328	0.071
4	['Ag', 'Ir', 'Pd', 'Pt', 'Ru']	10	[0.012 0.041 0.766 0.007 0.174]	[-0.045  0.032 -0.479 -0.015  0.507]	0.63	1.11	1.0	1.76	0.08	0.11	0.02	0.13	0.54	0.19	0.2	0.1406185692144558	0.241	0.071
0	['Ag', 'Ir', 'Pd', 'Pt', 'Ru']	11	[0.008 0.001 0.69  0.056 0.245]	[ 0.004  0.021  0.126  0.003 -0.153]	0.63	1.11	1.0	1.76	0.08	0.11	0.02	0.13	0.54	0.19	0.2	0.15401184697719017	0.33	0.071
1	['Ag', 'Ir', 'Pd', 'Pt', 'Ru']	11	[0.058 0.043 0.732 0.062 0.105]	[ 0.05   0.047  0.091 -0.026 -0.162]	0.63	1.11	1.0	1.76	0.08	0.11	0.02	0.13	0.54	0.19	0.2	0.13718684959590122	0.198	0.071
2	['Ag', 'Ir', 'Pd', 'Pt', 'Ru']	11	[0.017 0.026 0.666 0.071 0.22 ]	[-0.056 -0.027  0.138  0.061 -0.116]	0.63	1.11	1.0	1.76	0.08	0.11	0.02	0.13	0.54	0.19	0.2	0.15559617768524406	0.325	0.071
3	['Ag', 'Ir', 'Pd', 'Pt', 'Ru']	11	[0.065 0.022 0.755 0.025 0.133]	[ 0.033 -0.015  0.102 -0.025 -0.094]	0.63	1.11	1.0	1.76	0.08	0.11	0.02	0.13	0.54	0.19	0.2	0.1376491353157374	0.187	0.071
4	['Ag', 'Ir', 'Pd', 'Pt', 'Ru']	11	[0.021 0.041 0.611 0.029 0.298]	[ 0.009 -0.    -0.155  0.022  0.124]	0.63	1.11	1.0	1.76	0.08	0.11	0.02	0.13	0.54	0.19	0.2	0.15739659749189314	0.406	0.071
0	['Ag', 'Ir', 'Pd', 'Pt', 'Ru']	12	[0.007 0.152 0.638 0.011 0.192]	[-0.001  0.151 -0.052 -0.045 -0.053]	0.63	1.11	1.0	1.76	0.08	0.11	0.02	0.13	0.54	0.19	0.2	0.15172394233702863	0.354	0.071
1	['Ag', 'Ir', 'Pd', 'Pt', 'Ru']	12	[0.081 0.111 0.655 0.109 0.044]	[-0.02   0.041 -0.154  0.013  0.12 ]	0.63	1.11	1.0	1.76	0.08	0.11	0.02	0.13	0.54	0.19	0.2	0.1332748894204385	0.263	0.071
2	['Ag', 'Ir', 'Pd', 'Pt', 'Ru']	12	[0.009 0.031 0.624 0.006 0.33 ]	[ 0.018  0.002 -0.045 -0.084  0.109]	0.63	1.11	1.0	1.76	0.08	0.11	0.02	0.13	0.54	0.19	0.2	0.15749100139704916	0.425	0.071
3	['Ag', 'Ir', 'Pd', 'Pt', 'Ru']	12	[0.023 0.039 0.638 0.011 0.289]	[-0.042  0.017 -0.116 -0.014  0.156]	0.63	1.11	1.0	1.76	0.08	0.11	0.02	0.13	0.54	0.19	0.2	0.15919561443319694	0.382	0.071
4	['Ag', 'Ir', 'Pd', 'Pt', 'Ru']	12	[0.02  0.04  0.556 0.037 0.347]	[-0.001 -0.001 -0.055  0.008  0.049]	0.63	1.11	1.0	1.76	0.08	0.11	0.02	0.13	0.54	0.19	0.2	0.15187700223658102	0.476	0.071
0	['Ag', 'Ir', 'Pd', 'Pt', 'Ru']	13	[0.004 0.001 0.671 0.01  0.314]	[ 0.007 -0.156  0.031 -0.003  0.12 ]	0.63	1.11	1.0	1.76	0.08	0.11	0.02	0.13	0.54	0.19	0.2	0.157532020347186	0.39	0.071
1	['Ag', 'Ir', 'Pd', 'Pt', 'Ru']	13	[0.031 0.058 0.638 0.052 0.221]	[-0.05  -0.053 -0.017 -0.057  0.177]	0.63	1.11	1.0	1.76	0.08	0.11	0.02	0.13	0.54	0.19	0.2	0.15861087654840922	0.338	0.071
2	['Ag', 'Ir', 'Pd', 'Pt', 'Ru']	13	[0.029 0.016 0.64  0.045 0.27 ]	[ 0.025 -0.016  0.023  0.036 -0.069]	0.63	1.11	1.0	1.76	0.08	0.11	0.02	0.13	0.54	0.19	0.2	0.1564040365304786	0.366	0.071
3	['Ag', 'Ir', 'Pd', 'Pt', 'Ru']	13	[0.018 0.01  0.561 0.049 0.362]	[-0.016 -0.061 -0.085  0.048  0.114]	0.63	1.11	1.0	1.76	0.08	0.11	0.02	0.13	0.54	0.19	0.2	0.15039846541136806	0.484	0.071
4	['Ag', 'Ir', 'Pd', 'Pt', 'Ru']	13	[0.012 0.026 0.711 0.013 0.238]	[-0.023 -0.029  0.148  0.031 -0.126]	0.63	1.11	1.0	1.76	0.08	0.11	0.02	0.13	0.54	0.19	0.2	0.1505244678716862	0.31	0.071
0	['Ag', 'Ir', 'Pd', 'Pt', 'Ru']	14	[0.003 0.021 0.673 0.044 0.259]	[-0.001  0.02   0.003  0.034 -0.055]	0.63	1.11	1.0	1.76	0.08	0.11	0.02	0.13	0.54	0.19	0.2	0.1557346845864918	0.35	0.071
1	['Ag', 'Ir', 'Pd', 'Pt', 'Ru']	14	[0.028 0.002 0.642 0.004 0.324]	[-0.15   0.034 -0.025  0.017  0.124]	0.63	1.11	1.0	1.76	0.08	0.11	0.02	0.13	0.54	0.19	0.2	0.15710972151544833	0.404	0.071
2	['Ag', 'Ir', 'Pd', 'Pt', 'Ru']	14	[0.004 0.084 0.663 0.025 0.224]	[-0.048  0.062  0.008  0.049 -0.072]	0.63	1.11	1.0	1.76	0.08	0.11	0.02	0.13	0.54	0.19	0.2	0.15802659775120914	0.338	0.071
3	['Ag', 'Ir', 'Pd', 'Pt', 'Ru']	14	[0.015 0.043 0.693 0.016 0.233]	[-0.022  0.016  0.118  0.041 -0.153]	0.63	1.11	1.0	1.76	0.08	0.11	0.02	0.13	0.54	0.19	0.2	0.15411953083985425	0.315	0.071
4	['Ag', 'Ir', 'Pd', 'Pt', 'Ru']	14	[0.04  0.076 0.575 0.082 0.227]	[ 0.028  0.05  -0.136  0.069 -0.011]	0.63	1.11	1.0	1.76	0.08	0.11	0.02	0.13	0.54	0.19	0.2	0.15503775446995413	0.39	0.071
0	['Ag', 'Ir', 'Pd', 'Pt', 'Ru']	15	[0.066 0.114 0.292 0.315 0.213]	[-0.163  0.269 -0.509  0.362  0.041]	0.63	1.11	1.0	1.76	0.08	0.11	0.02	0.13	0.54	0.19	0.2	0.10550002060226579	0.69	0.071
1	['Ag', 'Ir', 'Pd', 'Pt', 'Ru']	15	[0.059 0.084 0.646 0.038 0.173]	[ 0.057  0.084 -0.002  0.031 -0.17 ]	0.63	1.11	1.0	1.76	0.08	0.11	0.02	0.13	0.54	0.19	0.2	0.14921888267261393	0.297	0.071
2	['Ag', 'Ir', 'Pd', 'Pt', 'Ru']	15	[0.006 0.046 0.657 0.034 0.257]	[ 0.002 -0.038 -0.006  0.009  0.033]	0.63	1.11	1.0	1.76	0.08	0.11	0.02	0.13	0.54	0.19	0.2	0.15757455549660385	0.357	0.071
3	['Ag', 'Ir', 'Pd', 'Pt', 'Ru']	15	[0.003 0.067 0.628 0.025 0.277]	[-0.024  0.024 -0.073  0.028  0.045]	0.63	1.11	1.0	1.76	0.08	0.11	0.02	0.13	0.54	0.19	0.2	0.16139984450689118	0.391	0.071
4	['Ag', 'Ir', 'Pd', 'Pt', 'Ru']	15	[0.016 0.008 0.671 0.03  0.275]	[-0.033 -0.155  0.087  0.083  0.018]	0.63	1.11	1.0	1.76	0.08	0.11	0.02	0.13	0.54	0.19	0.2	0.15619214012193328	0.356	0.071
0	['Ag', 'Ir', 'Pd', 'Pt', 'Ru']	16	[0.011 0.103 0.435 0.195 0.256]	[-0.055 -0.011  0.143 -0.12   0.043]	0.63	1.11	1.0	1.76	0.08	0.11	0.02	0.13	0.54	0.19	0.2	0.13117593880349107	0.553	0.071
1	['Ag', 'Ir', 'Pd', 'Pt', 'Ru']	16	[0.042 0.    0.648 0.006 0.304]	[ 0.07  -0.112 -0.016 -0.072  0.13 ]	0.63	1.11	1.0	1.76	0.08	0.11	0.02	0.13	0.54	0.19	0.2	0.15407748828245832	0.381	0.071
2	['Ag', 'Ir', 'Pd', 'Pt', 'Ru']	16	[0.094 0.221 0.332 0.323 0.03 ]	[-0.164  0.399 -0.371  0.349 -0.213]	0.63	1.11	1.0	1.76	0.08	0.11	0.02	0.13	0.54	0.19	0.2	0.10471025353571473	0.652	0.071
3	['Ag', 'Ir', 'Pd', 'Pt', 'Ru']	16	[0.002 0.04  0.638 0.039 0.281]	[-0.031 -0.064  0.016  0.076  0.003]	0.63	1.11	1.0	1.76	0.08	0.11	0.02	0.13	0.54	0.19	0.2	0.159064561816333	0.386	0.071
4	['Ag', 'Ir', 'Pd', 'Pt', 'Ru']	16	[0.044 0.072 0.622 0.012 0.25 ]	[ 0.041  0.071 -0.059 -0.023 -0.031]	0.63	1.11	1.0	1.76	0.08	0.11	0.02	0.13	0.54	0.19	0.2	0.15999298211874804	0.362	0.071
0	['Ag', 'Ir', 'Pd', 'Pt', 'Ru']	17	[0.021 0.061 0.579 0.065 0.274]	[ 0.01  -0.042  0.144 -0.13   0.018]	0.63	1.11	1.0	1.76	0.08	0.11	0.02	0.13	0.54	0.19	0.2	0.15509419928316656	0.416	0.071
1	['Ag', 'Ir', 'Pd', 'Pt', 'Ru']	17	[0.001 0.094 0.66  0.012 0.233]	[-0.041  0.094  0.012  0.006 -0.071]	0.63	1.11	1.0	1.76	0.08	0.11	0.02	0.13	0.54	0.19	0.2	0.15733469945579603	0.349	0.071
2	['Ag', 'Ir', 'Pd', 'Pt', 'Ru']	17	[0.042 0.182 0.453 0.206 0.117]	[-0.052 -0.039  0.121 -0.117  0.087]	0.63	1.11	1.0	1.76	0.08	0.11	0.02	0.13	0.54	0.19	0.2	0.12265509936797085	0.508	0.071
3	['Ag', 'Ir', 'Pd', 'Pt', 'Ru']	17	[0.024 0.04  0.646 0.061 0.229]	[-0.05   0.005  0.018  0.1   -0.073]	0.63	1.11	1.0	1.76	0.08	0.11	0.02	0.13	0.54	0.19	0.2	0.15711422044738194	0.339	0.071
4	['Ag', 'Ir', 'Pd', 'Pt', 'Ru']	17	[0.001 0.081 0.671 0.013 0.234]	[ 0.033 -0.018  0.052 -0.006 -0.061]	0.63	1.11	1.0	1.76	0.08	0.11	0.02	0.13	0.54	0.19	0.2	0.15864627233798112	0.34	0.071
0	['Ag', 'Ir', 'Pd', 'Pt', 'Ru']	18	[0.006 0.001 0.7   0.03  0.263]	[-0.02  -0.122  0.132  0.064 -0.054]	0.63	1.11	1.0	1.76	0.08	0.11	0.02	0.13	0.54	0.19	0.2	0.15359169738443257	0.337	0.071
1	['Ag', 'Ir', 'Pd', 'Pt', 'Ru']	18	[0.006 0.009 0.673 0.051 0.261]	[-0.067  0.099 -0.032  0.009 -0.008]	0.63	1.11	1.0	1.76	0.08	0.11	0.02	0.13	0.54	0.19	0.2	0.15651128203621384	0.351	0.071
2	['Ag', 'Ir', 'Pd', 'Pt', 'Ru']	18	[0.015 0.118 0.58  0.092 0.195]	[-0.027 -0.064  0.127 -0.114  0.078]	0.63	1.11	1.0	1.76	0.08	0.11	0.02	0.13	0.54	0.19	0.2	0.14858793367745368	0.389	0.071
3	['Ag', 'Ir', 'Pd', 'Pt', 'Ru']	18	[0.036 0.055 0.63  0.03  0.249]	[ 0.019 -0.023 -0.136  0.143 -0.004]	0.63	1.11	1.0	1.76	0.08	0.11	0.02	0.13	0.54	0.19	0.2	0.15809834293990604	0.357	0.071
4	['Ag', 'Ir', 'Pd', 'Pt', 'Ru']	18	[0.064 0.027 0.66  0.004 0.245]	[ 0.063 -0.054 -0.011 -0.009  0.011]	0.63	1.11	1.0	1.76	0.08	0.11	0.02	0.13	0.54	0.19	0.2	0.15220375770499747	0.323	0.071
0	['Ag', 'Ir', 'Pd', 'Pt', 'Ru']	19	[0.054 0.051 0.61  0.002 0.283]	[ 0.04   0.059 -0.096 -0.028  0.025]	0.63	1.11	1.0	1.76	0.08	0.11	0.02	0.13	0.54	0.19	0.2	0.1559393801204056	0.387	0.071
1	['Ag', 'Ir', 'Pd', 'Pt', 'Ru']	19	[0.007 0.171 0.575 0.006 0.241]	[-0.019  0.147 -0.122  0.035 -0.041]	0.63	1.11	1.0	1.76	0.08	0.11	0.02	0.13	0.54	0.19	0.2	0.14865827492540612	0.428	0.071
2	['Ag', 'Ir', 'Pd', 'Pt', 'Ru']	19	[0.005 0.024 0.685 0.018 0.268]	[-0.063 -0.145  0.083  0.078  0.047]	0.63	1.11	1.0	1.76	0.08	0.11	0.02	0.13	0.54	0.19	0.2	0.15582267002980912	0.348	0.071
3	['Ag', 'Ir', 'Pd', 'Pt', 'Ru']	19	[0.046 0.046 0.579 0.014 0.315]	[ 0.061 -0.023 -0.075 -0.032  0.069]	0.63	1.11	1.0	1.76	0.08	0.11	0.02	0.13	0.54	0.19	0.2	0.1560696450613613	0.431	0.071
4	['Ag', 'Ir', 'Pd', 'Pt', 'Ru']	19	[0.047 0.106 0.57  0.032 0.245]	[ 0.081  0.07  -0.134  0.009 -0.026]	0.63	1.11	1.0	1.76	0.08	0.11	0.02	0.13	0.54	0.19	0.2	0.15476986806666881	0.402	0.071
0	['Ag', 'Ir', 'Pd', 'Pt', 'Ru']	20	[0.098 0.003 0.597 0.014 0.288]	[ 0.155 -0.115 -0.007 -0.05   0.017]	0.63	1.11	1.0	1.76	0.08	0.11	0.02	0.13	0.54	0.19	0.2	0.1448291730389556	0.387	0.071
1	['Ag', 'Ir', 'Pd', 'Pt', 'Ru']	20	[0.026 0.006 0.629 0.056 0.283]	[-0.081  0.174 -0.021 -0.03  -0.043]	0.63	1.11	1.0	1.76	0.08	0.11	0.02	0.13	0.54	0.19	0.2	0.15781380073023665	0.384	0.071
2	['Ag', 'Ir', 'Pd', 'Pt', 'Ru']	20	[0.001 0.072 0.559 0.085 0.283]	[-0.004  0.048 -0.127  0.067  0.015]	0.63	1.11	1.0	1.76	0.08	0.11	0.02	0.13	0.54	0.19	0.2	0.1567646888073498	0.447	0.071
3	['Ag', 'Ir', 'Pd', 'Pt', 'Ru']	20	[0.058 0.03  0.683 0.01  0.219]	[ 0.072 -0.033  0.106 -0.019 -0.126]	0.63	1.11	1.0	1.76	0.08	0.11	0.02	0.13	0.54	0.19	0.2	0.15078065819200936	0.292	0.071
4	['Ag', 'Ir', 'Pd', 'Pt', 'Ru']	20	[0.018 0.03  0.661 0.04  0.251]	[-0.137  0.114  0.081 -0.028 -0.031]	0.63	1.11	1.0	1.76	0.08	0.11	0.02	0.13	0.54	0.19	0.2	0.15696199243560954	0.344	0.071
0	['Ag', 'Ir', 'Pd', 'Pt', 'Ru']	21	[0.055 0.007 0.675 0.    0.263]	[ 0.138 -0.065  0.076 -0.075 -0.074]	0.63	1.11	1.0	1.76	0.08	0.11	0.02	0.13	0.54	0.19	0.2	0.1518014812520606	0.33	0.071
1	['Ag', 'Ir', 'Pd', 'Pt', 'Ru']	21	[0.061 0.078 0.579 0.008 0.274]	[ 0.06   0.114 -0.14   0.022 -0.056]	0.63	1.11	1.0	1.76	0.08	0.11	0.02	0.13	0.54	0.19	0.2	0.15111187863042294	0.403	0.071
2	['Ag', 'Ir', 'Pd', 'Pt', 'Ru']	21	[0.009 0.049 0.719 0.009 0.214]	[-0.028 -0.061  0.138  0.062 -0.112]	0.63	1.11	1.0	1.76	0.08	0.11	0.02	0.13	0.54	0.19	0.2	0.15189813098587054	0.292	0.071
3	['Ag', 'Ir', 'Pd', 'Pt', 'Ru']	21	[0.024 0.148 0.651 0.072 0.105]	[ 0.053  0.104 -0.056  0.044 -0.145]	0.63	1.11	1.0	1.76	0.08	0.11	0.02	0.13	0.54	0.19	0.2	0.1391421701448298	0.306	0.071
4	['Ag', 'Ir', 'Pd', 'Pt', 'Ru']	21	[0.057 0.128 0.614 0.015 0.186]	[ 0.046  0.135 -0.077  0.    -0.104]	0.63	1.11	1.0	1.76	0.08	0.11	0.02	0.13	0.54	0.19	0.2	0.15144372271963608	0.34	0.071
0	['Ag', 'Ir', 'Pd', 'Pt', 'Ru']	22	[0.082 0.016 0.673 0.046 0.183]	[ 0.141  0.03   0.013 -0.083 -0.101]	0.63	1.11	1.0	1.76	0.08	0.11	0.02	0.13	0.54	0.19	0.2	0.14751346692682482	0.268	0.071
1	['Ag', 'Ir', 'Pd', 'Pt', 'Ru']	22	[0.029 0.026 0.709 0.052 0.184]	[ 0.059 -0.081  0.12   0.024 -0.122]	0.63	1.11	1.0	1.76	0.08	0.11	0.02	0.13	0.54	0.19	0.2	0.1458588492658053	0.268	0.071
2	['Ag', 'Ir', 'Pd', 'Pt', 'Ru']	22	[0.02  0.029 0.629 0.084 0.238]	[ 0.018 -0.022 -0.093  0.075  0.023]	0.63	1.11	1.0	1.76	0.08	0.11	0.02	0.13	0.54	0.19	0.2	0.15478266994467277	0.361	0.071
3	['Ag', 'Ir', 'Pd', 'Pt', 'Ru']	22	[0.005 0.165 0.59  0.031 0.209]	[-0.023 -0.02  -0.144  0.076  0.112]	0.63	1.11	1.0	1.76	0.08	0.11	0.02	0.13	0.54	0.19	0.2	0.14772819879512608	0.401	0.071
4	['Ag', 'Ir', 'Pd', 'Pt', 'Ru']	22	[0.029 0.002 0.698 0.001 0.27 ]	[ 0.057 -0.158  0.071 -0.039  0.07 ]	0.63	1.11	1.0	1.76	0.08	0.11	0.02	0.13	0.54	0.19	0.2	0.1500636123351063	0.333	0.071
0	['Ag', 'Ir', 'Pd', 'Pt', 'Ru']	23	[0.029 0.037 0.618 0.017 0.299]	[ 0.085  0.    -0.09  -0.109  0.114]	0.63	1.11	1.0	1.76	0.08	0.11	0.02	0.13	0.54	0.19	0.2	0.15771778633947373	0.399	0.071
1	['Ag', 'Ir', 'Pd', 'Pt', 'Ru']	23	[0.015 0.024 0.576 0.052 0.333]	[-0.014 -0.002 -0.133 -0.     0.149]	0.63	1.11	1.0	1.76	0.08	0.11	0.02	0.13	0.54	0.19	0.2	0.15501588632801333	0.455	0.071
2	['Ag', 'Ir', 'Pd', 'Pt', 'Ru']	23	[0.002 0.114 0.61  0.019 0.255]	[-0.039  0.08  -0.097  0.089 -0.034]	0.63	1.11	1.0	1.76	0.08	0.11	0.02	0.13	0.54	0.19	0.2	0.15714048378124332	0.397	0.071
3	['Ag', 'Ir', 'Pd', 'Pt', 'Ru']	23	[0.    0.007 0.629 0.038 0.326]	[-0.005 -0.158  0.038  0.007  0.117]	0.63	1.11	1.0	1.76	0.08	0.11	0.02	0.13	0.54	0.19	0.2	0.15989583070311053	0.423	0.071
4	['Ag', 'Ir', 'Pd', 'Pt', 'Ru']	23	[0.025 0.099 0.552 0.09  0.234]	[-0.004  0.097 -0.146  0.089 -0.036]	0.63	1.11	1.0	1.76	0.08	0.11	0.02	0.13	0.54	0.19	0.2	0.1469390773221304	0.421	0.071
0	['Ag', 'Ir', 'Pd', 'Pt', 'Ru']	24	[0.043 0.007 0.611 0.006 0.333]	[ 0.075 -0.077 -0.031 -0.023  0.056]	0.63	1.11	1.0	1.76	0.08	0.11	0.02	0.13	0.54	0.19	0.2	0.15483246668717615	0.424	0.071
1	['Ag', 'Ir', 'Pd', 'Pt', 'Ru']	24	[0.006 0.037 0.729 0.002 0.226]	[-0.01  -0.013  0.138  0.027 -0.142]	0.63	1.11	1.0	1.76	0.08	0.11	0.02	0.13	0.54	0.19	0.2	0.14897086408682275	0.296	0.071
2	['Ag', 'Ir', 'Pd', 'Pt', 'Ru']	24	[0.001 0.034 0.655 0.066 0.244]	[-0.089  0.153  0.014  0.012 -0.091]	0.63	1.11	1.0	1.76	0.08	0.11	0.02	0.13	0.54	0.19	0.2	0.15686625328466197	0.354	0.071
3	['Ag', 'Ir', 'Pd', 'Pt', 'Ru']	24	[0.029 0.018 0.67  0.047 0.236]	[-0.049  0.022  0.059  0.074 -0.106]	0.63	1.11	1.0	1.76	0.08	0.11	0.02	0.13	0.54	0.19	0.2	0.15446278840769093	0.324	0.071
4	['Ag', 'Ir', 'Pd', 'Pt', 'Ru']	24	[0.008 0.021 0.677 0.014 0.28 ]	[-0.035 -0.149  0.108  0.069  0.007]	0.63	1.11	1.0	1.76	0.08	0.11	0.02	0.13	0.54	0.19	0.2	0.15929422732100273	0.359	0.071
0	['Ag', 'Ir', 'Pd', 'Pt', 'Ru']	25	[0.063 0.055 0.681 0.004 0.197]	[ 0.072  0.042  0.069 -0.015 -0.167]	0.63	1.11	1.0	1.76	0.08	0.11	0.02	0.13	0.54	0.19	0.2	0.15258590035248762	0.279	0.071
1	['Ag', 'Ir', 'Pd', 'Pt', 'Ru']	25	[0.016 0.042 0.566 0.11  0.266]	[ 0.01   0.005 -0.163  0.108  0.04 ]	0.63	1.11	1.0	1.76	0.08	0.11	0.02	0.13	0.54	0.19	0.2	0.15437952044235165	0.428	0.071
2	['Ag', 'Ir', 'Pd', 'Pt', 'Ru']	25	[0.01  0.132 0.613 0.041 0.204]	[-0.04   0.123 -0.086  0.091 -0.087]	0.63	1.11	1.0	1.76	0.08	0.11	0.02	0.13	0.54	0.19	0.2	0.1495503124109281	0.369	0.071
3	['Ag', 'Ir', 'Pd', 'Pt', 'Ru']	25	[0.054 0.086 0.596 0.002 0.262]	[ 0.05   0.09  -0.17   0.018  0.011]	0.63	1.11	1.0	1.76	0.08	0.11	0.02	0.13	0.54	0.19	0.2	0.1541365094575501	0.387	0.071
4	['Ag', 'Ir', 'Pd', 'Pt', 'Ru']	25	[0.006 0.062 0.656 0.074 0.202]	[-0.002  0.041 -0.02   0.06  -0.078]	0.63	1.11	1.0	1.76	0.08	0.11	0.02	0.13	0.54	0.19	0.2	0.15658646258779407	0.329	0.071
0	['Ag', 'Ir', 'Pd', 'Pt', 'Ru']	26	[0.105 0.002 0.665 0.001 0.227]	[ 0.156 -0.11  -0.046 -0.027  0.026]	0.63	1.11	1.0	1.76	0.08	0.11	0.02	0.13	0.54	0.19	0.2	0.1427701204818482	0.296	0.071
1	['Ag', 'Ir', 'Pd', 'Pt', 'Ru']	26	[0.104 0.127 0.437 0.026 0.306]	[ 0.088  0.085 -0.128 -0.084  0.04 ]	0.63	1.11	1.0	1.76	0.08	0.11	0.02	0.13	0.54	0.19	0.2	0.12299166216511623	0.532	0.071
2	['Ag', 'Ir', 'Pd', 'Pt', 'Ru']	26	[0.026 0.002 0.684 0.058 0.23 ]	[-0.072  0.157  0.043 -0.074 -0.054]	0.63	1.11	1.0	1.76	0.08	0.11	0.02	0.13	0.54	0.19	0.2	0.15273872583554265	0.315	0.071
3	['Ag', 'Ir', 'Pd', 'Pt', 'Ru']	26	[0.101 0.012 0.642 0.03  0.215]	[ 0.129 -0.118  0.047  0.024 -0.082]	0.63	1.11	1.0	1.76	0.08	0.11	0.02	0.13	0.54	0.19	0.2	0.1474049966179794	0.305	0.071
4	['Ag', 'Ir', 'Pd', 'Pt', 'Ru']	26	[0.018 0.082 0.603 0.037 0.26 ]	[-0.018 -0.008 -0.107  0.09   0.043]	0.63	1.11	1.0	1.76	0.08	0.11	0.02	0.13	0.54	0.19	0.2	0.1571944519320409	0.393	0.071
0	['Ag', 'Ir', 'Pd', 'Pt', 'Ru']	27	[0.04  0.051 0.589 0.014 0.306]	[ 0.114  0.015 -0.151 -0.032  0.054]	0.63	1.11	1.0	1.76	0.08	0.11	0.02	0.13	0.54	0.19	0.2	0.15830817125378063	0.42	0.071
1	['Ag', 'Ir', 'Pd', 'Pt', 'Ru']	27	[0.027 0.066 0.607 0.035 0.265]	[-0.077 -0.061  0.169  0.009 -0.041]	0.63	1.11	1.0	1.76	0.08	0.11	0.02	0.13	0.54	0.19	0.2	0.15842538252014016	0.387	0.071
2	['Ag', 'Ir', 'Pd', 'Pt', 'Ru']	27	[0.02  0.157 0.617 0.004 0.202]	[ 0.006  0.15  -0.112  0.022 -0.067]	0.63	1.11	1.0	1.76	0.08	0.11	0.02	0.13	0.54	0.19	0.2	0.14935792384851487	0.37	0.071
3	['Ag', 'Ir', 'Pd', 'Pt', 'Ru']	27	[0.041 0.048 0.618 0.027 0.266]	[ 0.131  0.02  -0.062 -0.13   0.041]	0.63	1.11	1.0	1.76	0.08	0.11	0.02	0.13	0.54	0.19	0.2	0.15717927107333055	0.373	0.071
4	['Ag', 'Ir', 'Pd', 'Pt', 'Ru']	27	[0.003 0.037 0.672 0.044 0.244]	[ 0.013 -0.054  0.064 -0.    -0.023]	0.63	1.11	1.0	1.76	0.08	0.11	0.02	0.13	0.54	0.19	0.2	0.15565982118601243	0.341	0.071
0	['Ag', 'Ir', 'Pd', 'Pt', 'Ru']	28	[0.025 0.08  0.619 0.018 0.258]	[ 0.049  0.019  0.02  -0.011 -0.077]	0.63	1.11	1.0	1.76	0.08	0.11	0.02	0.13	0.54	0.19	0.2	0.15735175156837053	0.377	0.071
1	['Ag', 'Ir', 'Pd', 'Pt', 'Ru']	28	[0.028 0.003 0.748 0.013 0.208]	[ 0.008  0.031  0.145 -0.069 -0.115]	0.63	1.11	1.0	1.76	0.08	0.11	0.02	0.13	0.54	0.19	0.2	0.14142949731973137	0.262	0.071
2	['Ag', 'Ir', 'Pd', 'Pt', 'Ru']	28	[0.004 0.001 0.629 0.072 0.294]	[-0.083  0.147 -0.101 -0.002  0.039]	0.63	1.11	1.0	1.76	0.08	0.11	0.02	0.13	0.54	0.19	0.2	0.15986210737809248	0.402	0.071
3	['Ag', 'Ir', 'Pd', 'Pt', 'Ru']	28	[0.054 0.038 0.57  0.085 0.253]	[-0.132  0.024 -0.027  0.115  0.02 ]	0.63	1.11	1.0	1.76	0.08	0.11	0.02	0.13	0.54	0.19	0.2	0.15375888229754342	0.4	0.071
4	['Ag', 'Ir', 'Pd', 'Pt', 'Ru']	28	[0.105 0.007 0.597 0.001 0.29 ]	[ 0.086  0.01  -0.127  0.013  0.018]	0.63	1.11	1.0	1.76	0.08	0.11	0.02	0.13	0.54	0.19	0.2	0.1438241923323501	0.388	0.071
0	['Ag', 'Ir', 'Pd', 'Pt', 'Ru']	29	[0.034 0.006 0.627 0.03  0.303]	[ 0.002  0.123 -0.089 -0.075  0.039]	0.63	1.11	1.0	1.76	0.08	0.11	0.02	0.13	0.54	0.19	0.2	0.15661661657543186	0.395	0.071
1	['Ag', 'Ir', 'Pd', 'Pt', 'Ru']	29	[0.005 0.072 0.585 0.054 0.284]	[ 0.02   0.059 -0.175  0.031  0.065]	0.63	1.11	1.0	1.76	0.08	0.11	0.02	0.13	0.54	0.19	0.2	0.1581936493781671	0.424	0.071
2	['Ag', 'Ir', 'Pd', 'Pt', 'Ru']	29	[0.04  0.148 0.558 0.014 0.24 ]	[ 0.031  0.161 -0.062 -0.085 -0.046]	0.63	1.11	1.0	1.76	0.08	0.11	0.02	0.13	0.54	0.19	0.2	0.14851070414328835	0.421	0.071
3	['Ag', 'Ir', 'Pd', 'Pt', 'Ru']	29	[0.061 0.017 0.631 0.027 0.264]	[ 0.095 -0.027  0.075 -0.156  0.013]	0.63	1.11	1.0	1.76	0.08	0.11	0.02	0.13	0.54	0.19	0.2	0.15258002608885068	0.356	0.071
4	['Ag', 'Ir', 'Pd', 'Pt', 'Ru']	29	[0.047 0.068 0.617 0.05  0.218]	[ 0.124  0.033 -0.024  0.017 -0.15 ]	0.63	1.11	1.0	1.76	0.08	0.11	0.02	0.13	0.54	0.19	0.2	0.16155310937950423	0.346	0.071
0	['Ag', 'Ir', 'Pd', 'Pt', 'Ru']	30	[0.024 0.169 0.59  0.024 0.193]	[-0.01   0.163 -0.036 -0.006 -0.11 ]	0.63	1.11	1.0	1.76	0.08	0.11	0.02	0.13	0.54	0.19	0.2	0.14624027331512243	0.387	0.071
1	['Ag', 'Ir', 'Pd', 'Pt', 'Ru']	30	[0.118 0.034 0.657 0.05  0.141]	[ 0.113 -0.038  0.072 -0.004 -0.143]	0.63	1.11	1.0	1.76	0.08	0.11	0.02	0.13	0.54	0.19	0.2	0.1415285441131978	0.249	0.071
2	['Ag', 'Ir', 'Pd', 'Pt', 'Ru']	30	[0.041 0.003 0.677 0.072 0.207]	[ 0.001 -0.145  0.12   0.058 -0.033]	0.63	1.11	1.0	1.76	0.08	0.11	0.02	0.13	0.54	0.19	0.2	0.15049165912432644	0.3	0.071
3	['Ag', 'Ir', 'Pd', 'Pt', 'Ru']	30	[0.004 0.125 0.66  0.062 0.149]	[-0.076  0.116  0.029  0.06  -0.129]	0.63	1.11	1.0	1.76	0.08	0.11	0.02	0.13	0.54	0.19	0.2	0.14395690242400092	0.315	0.071
4	['Ag', 'Ir', 'Pd', 'Pt', 'Ru']	30	[0.132 0.088 0.671 0.04  0.069]	[ 0.085  0.02   0.054 -0.01  -0.149]	0.63	1.11	1.0	1.76	0.08	0.11	0.02	0.13	0.54	0.19	0.2	0.14138071380304956	0.216	0.071
