ID	Elements	Generation	Position	Velocity	F_damp	F_b_best	F_h_best	F_g_best	F_b_worst	F_h_worst	F_g_worst	mut_prob	flip_prob	mut_rate	v_max	Activity	Distance	v_min
0	['Ag', 'Ir', 'Pd', 'Pt', 'Ru']	0	[0.8  0.05 0.05 0.05 0.05]	[-0.179  0.045  0.045  0.045  0.045]	0.63	1.11	1.0	1.76	0.08	0.11	0.02	0.13	0.54	0.19	0.2	0.04718687326970261	1.034	0.071
1	['Ag', 'Ir', 'Pd', 'Pt', 'Ru']	0	[0.05 0.8  0.05 0.05 0.05]	[ 0.045 -0.179  0.045  0.045  0.045]	0.63	1.11	1.0	1.76	0.08	0.11	0.02	0.13	0.54	0.19	0.2	0.012897755965668866	1.138	0.071
2	['Ag', 'Ir', 'Pd', 'Pt', 'Ru']	0	[0.05 0.05 0.8  0.05 0.05]	[ 0.045  0.045 -0.179  0.045  0.045]	0.63	1.11	1.0	1.76	0.08	0.11	0.02	0.13	0.54	0.19	0.2	0.12550960571923736	0.141	0.071
3	['Ag', 'Ir', 'Pd', 'Pt', 'Ru']	0	[0.05 0.05 0.05 0.8  0.05]	[ 0.045  0.045  0.045 -0.179  0.045]	0.63	1.11	1.0	1.76	0.08	0.11	0.02	0.13	0.54	0.19	0.2	0.06781611567278917	1.138	0.071
4	['Ag', 'Ir', 'Pd', 'Pt', 'Ru']	0	[0.05 0.05 0.05 0.05 0.8 ]	[ 0.045  0.045  0.045  0.045 -0.179]	0.63	1.11	1.0	1.76	0.08	0.11	0.02	0.13	0.54	0.19	0.2	0.0009547274717013111	1.138	0.071
0	['Ag', 'Ir', 'Pd', 'Pt', 'Ru']	1	[0.658 0.05  0.19  0.05  0.052]	[-0.143  0.     0.14   0.     0.002]	0.63	1.11	1.0	1.76	0.08	0.11	0.02	0.13	0.54	0.19	0.2	0.05598441505040774	0.837	0.071
1	['Ag', 'Ir', 'Pd', 'Pt', 'Ru']	1	[0.052 0.659 0.192 0.052 0.045]	[ 0.002 -0.141  0.142  0.002 -0.005]	0.63	1.11	1.0	1.76	0.08	0.11	0.02	0.13	0.54	0.19	0.2	0.03387340720486614	0.939	0.071
2	['Ag', 'Ir', 'Pd', 'Pt', 'Ru']	1	[0.001 0.064 0.765 0.064 0.106]	[ 0.036 -0.006 -0.065 -0.006  0.042]	0.63	1.11	1.0	1.76	0.08	0.11	0.02	0.13	0.54	0.19	0.2	0.12690019993297336	0.221	0.071
3	['Ag', 'Ir', 'Pd', 'Pt', 'Ru']	1	[0.052 0.052 0.192 0.659 0.045]	[ 0.002  0.002  0.142 -0.141 -0.005]	0.63	1.11	1.0	1.76	0.08	0.11	0.02	0.13	0.54	0.19	0.2	0.08710791242668992	0.939	0.071
4	['Ag', 'Ir', 'Pd', 'Pt', 'Ru']	1	[0.051 0.051 0.19  0.051 0.657]	[ 0.001  0.001  0.14   0.001 -0.143]	0.63	1.11	1.0	1.76	0.08	0.11	0.02	0.13	0.54	0.19	0.2	0.022276026488885804	0.939	0.071
0	['Ag', 'Ir', 'Pd', 'Pt', 'Ru']	2	[0.511 0.053 0.325 0.053 0.058]	[-0.147  0.003  0.135  0.003  0.006]	0.63	1.11	1.0	1.76	0.08	0.11	0.02	0.13	0.54	0.19	0.2	0.08108829998963239	0.644	0.071
1	['Ag', 'Ir', 'Pd', 'Pt', 'Ru']	2	[0.04  0.519 0.334 0.055 0.052]	[-0.012 -0.14   0.142  0.003  0.007]	0.63	1.11	1.0	1.76	0.08	0.11	0.02	0.13	0.54	0.19	0.2	0.06773279149815305	0.744	0.071
2	['Ag', 'Ir', 'Pd', 'Pt', 'Ru']	2	[0.013 0.063 0.799 0.063 0.062]	[ 0.012 -0.001  0.034 -0.001 -0.044]	0.63	1.11	1.0	1.76	0.08	0.11	0.02	0.13	0.54	0.19	0.2	0.11754506602895823	0.182	0.071
3	['Ag', 'Ir', 'Pd', 'Pt', 'Ru']	2	[0.04  0.055 0.334 0.519 0.052]	[-0.012  0.003  0.142 -0.14   0.007]	0.63	1.11	1.0	1.76	0.08	0.11	0.02	0.13	0.54	0.19	0.2	0.10723965656665357	0.744	0.071
4	['Ag', 'Ir', 'Pd', 'Pt', 'Ru']	2	[0.041 0.056 0.335 0.049 0.519]	[-0.01   0.005  0.145 -0.002 -0.137]	0.63	1.11	1.0	1.76	0.08	0.11	0.02	0.13	0.54	0.19	0.2	0.07203859021819899	0.743	0.071
0	['Ag', 'Ir', 'Pd', 'Pt', 'Ru']	3	[0.365 0.051 0.462 0.056 0.066]	[-0.146 -0.002  0.137  0.003  0.008]	0.63	1.11	1.0	1.76	0.08	0.11	0.02	0.13	0.54	0.19	0.2	0.10687617449375911	0.455	0.071
1	['Ag', 'Ir', 'Pd', 'Pt', 'Ru']	3	[0.029 0.377 0.474 0.058 0.062]	[-0.011 -0.142  0.14   0.003  0.01 ]	0.63	1.11	1.0	1.76	0.08	0.11	0.02	0.13	0.54	0.19	0.2	0.10363292070788106	0.553	0.071
2	['Ag', 'Ir', 'Pd', 'Pt', 'Ru']	3	[0.007 0.087 0.43  0.144 0.332]	[-0.003  0.154 -0.385 -0.264  0.498]	0.63	1.11	1.0	1.76	0.08	0.11	0.02	0.13	0.54	0.19	0.2	0.12697751223577144	0.579	0.071
3	['Ag', 'Ir', 'Pd', 'Pt', 'Ru']	3	[0.012 0.008 0.391 0.569 0.02 ]	[-0.01  -0.055  0.112  0.085 -0.131]	0.63	1.11	1.0	1.76	0.08	0.11	0.02	0.13	0.54	0.19	0.2	0.09548439920137874	0.744	0.071
4	['Ag', 'Ir', 'Pd', 'Pt', 'Ru']	3	[0.03  0.053 0.481 0.053 0.383]	[-0.011 -0.003  0.146  0.004 -0.136]	0.63	1.11	1.0	1.76	0.08	0.11	0.02	0.13	0.54	0.19	0.2	0.13756103155821098	0.55	0.071
0	['Ag', 'Ir', 'Pd', 'Pt', 'Ru']	4	[0.216 0.052 0.489 0.047 0.196]	[-0.149  0.001  0.028 -0.009  0.13 ]	0.63	1.11	1.0	1.76	0.08	0.11	0.02	0.13	0.54	0.19	0.2	0.12723587747129098	0.422	0.071
1	['Ag', 'Ir', 'Pd', 'Pt', 'Ru']	4	[0.029 0.231 0.496 0.048 0.196]	[-0.    -0.146  0.022 -0.01   0.134]	0.63	1.11	1.0	1.76	0.08	0.11	0.02	0.13	0.54	0.19	0.2	0.12956660985856627	0.484	0.071
2	['Ag', 'Ir', 'Pd', 'Pt', 'Ru']	4	[0.108 0.169 0.458 0.034 0.231]	[ 0.101  0.082  0.028 -0.11  -0.101]	0.63	1.11	1.0	1.76	0.08	0.11	0.02	0.13	0.54	0.19	0.2	0.13161041740159862	0.488	0.071
3	['Ag', 'Ir', 'Pd', 'Pt', 'Ru']	4	[0.041 0.046 0.451 0.405 0.057]	[ 0.028  0.037  0.063 -0.178  0.049]	0.63	1.11	1.0	1.76	0.08	0.11	0.02	0.13	0.54	0.19	0.2	0.1188488122046415	0.583	0.071
4	['Ag', 'Ir', 'Pd', 'Pt', 'Ru']	4	[0.022 0.056 0.625 0.001 0.296]	[-0.03  -0.019  0.128  0.034 -0.113]	0.63	1.11	1.0	1.76	0.08	0.11	0.02	0.13	0.54	0.19	0.2	0.16042827005363455	0.397	0.071
0	['Ag', 'Ir', 'Pd', 'Pt', 'Ru']	5	[0.069 0.055 0.588 0.008 0.28 ]	[-0.147  0.003  0.099 -0.039  0.084]	0.63	1.11	1.0	1.76	0.08	0.11	0.02	0.13	0.54	0.19	0.2	0.15187513887503976	0.396	0.071
1	['Ag', 'Ir', 'Pd', 'Pt', 'Ru']	5	[0.024 0.089 0.596 0.006 0.285]	[-0.005 -0.142  0.1   -0.042  0.089]	0.63	1.11	1.0	1.76	0.08	0.11	0.02	0.13	0.54	0.19	0.2	0.1563994319986474	0.412	0.071
2	['Ag', 'Ir', 'Pd', 'Pt', 'Ru']	5	[0.038 0.073 0.594 0.035 0.26 ]	[-0.085 -0.112  0.134  0.044  0.019]	0.63	1.11	1.0	1.76	0.08	0.11	0.02	0.13	0.54	0.19	0.2	0.15472503257346093	0.39	0.071
3	['Ag', 'Ir', 'Pd', 'Pt', 'Ru']	5	[0.036 0.053 0.525 0.241 0.145]	[-0.005  0.007  0.073 -0.164  0.088]	0.63	1.11	1.0	1.76	0.08	0.11	0.02	0.13	0.54	0.19	0.2	0.1435108815733793	0.448	0.071
4	['Ag', 'Ir', 'Pd', 'Pt', 'Ru']	5	[0.055 0.108 0.501 0.107 0.229]	[ 0.033  0.052 -0.125  0.106 -0.067]	0.63	1.11	1.0	1.76	0.08	0.11	0.02	0.13	0.54	0.19	0.2	0.1430877479036273	0.454	0.071
0	['Ag', 'Ir', 'Pd', 'Pt', 'Ru']	6	[0.063 0.01  0.635 0.02  0.272]	[ 0.14  -0.097  0.064 -0.076 -0.032]	0.63	1.11	1.0	1.76	0.08	0.11	0.02	0.13	0.54	0.19	0.2	0.15068256557307722	0.358	0.071
1	['Ag', 'Ir', 'Pd', 'Pt', 'Ru']	6	[0.021 0.02  0.66  0.01  0.289]	[-0.128  0.114  0.085 -0.057 -0.014]	0.63	1.11	1.0	1.76	0.08	0.11	0.02	0.13	0.54	0.19	0.2	0.15705926176994026	0.37	0.071
2	['Ag', 'Ir', 'Pd', 'Pt', 'Ru']	6	[0.006 0.028 0.664 0.012 0.29 ]	[-0.023 -0.051  0.164 -0.1    0.01 ]	0.63	1.11	1.0	1.76	0.08	0.11	0.02	0.13	0.54	0.19	0.2	0.16074965790722803	0.375	0.071
3	['Ag', 'Ir', 'Pd', 'Pt', 'Ru']	6	[0.027 0.061 0.596 0.079 0.237]	[-0.009  0.008  0.071 -0.162  0.092]	0.63	1.11	1.0	1.76	0.08	0.11	0.02	0.13	0.54	0.19	0.2	0.156417927025686	0.382	0.071
4	['Ag', 'Ir', 'Pd', 'Pt', 'Ru']	6	[0.067 0.035 0.62  0.024 0.254]	[-0.035 -0.14   0.097  0.097 -0.019]	0.63	1.11	1.0	1.76	0.08	0.11	0.02	0.13	0.54	0.19	0.2	0.15423509172869254	0.355	0.071
0	['Ag', 'Ir', 'Pd', 'Pt', 'Ru']	7	[0.016 0.016 0.691 0.028 0.249]	[ 0.091 -0.114  0.105  0.006 -0.088]	0.63	1.11	1.0	1.76	0.08	0.11	0.02	0.13	0.54	0.19	0.2	0.15276567038085226	0.326	0.071
1	['Ag', 'Ir', 'Pd', 'Pt', 'Ru']	7	[0.074 0.    0.699 0.022 0.205]	[ 0.103 -0.055  0.1   -0.05  -0.098]	0.63	1.11	1.0	1.76	0.08	0.11	0.02	0.13	0.54	0.19	0.2	0.1432311934855675	0.267	0.071
2	['Ag', 'Ir', 'Pd', 'Pt', 'Ru']	7	[0.029 0.016 0.715 0.006 0.234]	[ 0.01   0.032  0.079 -0.018 -0.103]	0.63	1.11	1.0	1.76	0.08	0.11	0.02	0.13	0.54	0.19	0.2	0.1470000910707025	0.297	0.071
3	['Ag', 'Ir', 'Pd', 'Pt', 'Ru']	7	[0.021 0.014 0.66  0.036 0.269]	[-0.055 -0.144  0.071  0.104  0.024]	0.63	1.11	1.0	1.76	0.08	0.11	0.02	0.13	0.54	0.19	0.2	0.1543941268170415	0.356	0.071
4	['Ag', 'Ir', 'Pd', 'Pt', 'Ru']	7	[0.045 0.019 0.695 0.    0.241]	[ 0.106 -0.047  0.104 -0.117 -0.047]	0.63	1.11	1.0	1.76	0.08	0.11	0.02	0.13	0.54	0.19	0.2	0.1529898589979803	0.306	0.071
0	['Ag', 'Ir', 'Pd', 'Pt', 'Ru']	8	[0.003 0.022 0.707 0.008 0.26 ]	[-0.01   0.035  0.03  -0.077  0.022]	0.63	1.11	1.0	1.76	0.08	0.11	0.02	0.13	0.54	0.19	0.2	0.1518235508505642	0.332	0.071
1	['Ag', 'Ir', 'Pd', 'Pt', 'Ru']	8	[0.094 0.028 0.571 0.036 0.271]	[ 0.032  0.002 -0.168  0.039  0.096]	0.63	1.11	1.0	1.76	0.08	0.11	0.02	0.13	0.54	0.19	0.2	0.1484074481461474	0.396	0.071
2	['Ag', 'Ir', 'Pd', 'Pt', 'Ru']	8	[0.037 0.044 0.565 0.014 0.34 ]	[ 0.041  0.02  -0.165  0.     0.103]	0.63	1.11	1.0	1.76	0.08	0.11	0.02	0.13	0.54	0.19	0.2	0.15365452052207806	0.46	0.071
3	['Ag', 'Ir', 'Pd', 'Pt', 'Ru']	8	[0.029 0.003 0.695 0.044 0.229]	[ 0.038 -0.028  0.039  0.005 -0.054]	0.63	1.11	1.0	1.76	0.08	0.11	0.02	0.13	0.54	0.19	0.2	0.1515256562787934	0.305	0.071
4	['Ag', 'Ir', 'Pd', 'Pt', 'Ru']	8	[0.003 0.025 0.637 0.016 0.319]	[ 0.028 -0.009 -0.085 -0.011  0.077]	0.63	1.11	1.0	1.76	0.08	0.11	0.02	0.13	0.54	0.19	0.2	0.16212787333235532	0.412	0.071
0	['Ag', 'Ir', 'Pd', 'Pt', 'Ru']	9	[0.043 0.004 0.557 0.025 0.371]	[ 0.036 -0.011 -0.141 -0.019  0.136]	0.63	1.11	1.0	1.76	0.08	0.11	0.02	0.13	0.54	0.19	0.2	0.14507082645409272	0.485	0.071
1	['Ag', 'Ir', 'Pd', 'Pt', 'Ru']	9	[0.031 0.018 0.625 0.003 0.323]	[ 0.112 -0.11   0.052 -0.101  0.048]	0.63	1.11	1.0	1.76	0.08	0.11	0.02	0.13	0.54	0.19	0.2	0.15594345152496092	0.412	0.071
2	['Ag', 'Ir', 'Pd', 'Pt', 'Ru']	9	[0.035 0.014 0.682 0.004 0.265]	[ 0.047 -0.009  0.143 -0.072 -0.109]	0.63	1.11	1.0	1.76	0.08	0.11	0.02	0.13	0.54	0.19	0.2	0.15257422579493923	0.334	0.071
3	['Ag', 'Ir', 'Pd', 'Pt', 'Ru']	9	[0.    0.054 0.576 0.012 0.358]	[-0.002  0.027 -0.161  0.023  0.113]	0.63	1.11	1.0	1.76	0.08	0.11	0.02	0.13	0.54	0.19	0.2	0.15286884653966068	0.478	0.071
4	['Ag', 'Ir', 'Pd', 'Pt', 'Ru']	9	[0.006 0.016 0.65  0.003 0.325]	[ 0.003 -0.009  0.012 -0.013  0.006]	0.63	1.11	1.0	1.76	0.08	0.11	0.02	0.13	0.54	0.19	0.2	0.15802221594710528	0.408	0.071
0	['Ag', 'Ir', 'Pd', 'Pt', 'Ru']	10	[0.053 0.007 0.677 0.008 0.255]	[ 0.066 -0.025  0.124 -0.027 -0.138]	0.63	1.11	1.0	1.76	0.08	0.11	0.02	0.13	0.54	0.19	0.2	0.15090226339020474	0.323	0.071
1	['Ag', 'Ir', 'Pd', 'Pt', 'Ru']	10	[0.034 0.038 0.694 0.012 0.222]	[-0.095  0.065  0.139 -0.028 -0.081]	0.63	1.11	1.0	1.76	0.08	0.11	0.02	0.13	0.54	0.19	0.2	0.15324996041469446	0.298	0.071
2	['Ag', 'Ir', 'Pd', 'Pt', 'Ru']	10	[0.039 0.003 0.618 0.006 0.334]	[ 0.058 -0.023 -0.094 -0.028  0.087]	0.63	1.11	1.0	1.76	0.08	0.11	0.02	0.13	0.54	0.19	0.2	0.15396129436716274	0.422	0.071
3	['Ag', 'Ir', 'Pd', 'Pt', 'Ru']	10	[0.026 0.003 0.714 0.031 0.226]	[ 0.026 -0.051  0.138  0.019 -0.132]	0.63	1.11	1.0	1.76	0.08	0.11	0.02	0.13	0.54	0.19	0.2	0.1476520489408213	0.293	0.071
4	['Ag', 'Ir', 'Pd', 'Pt', 'Ru']	10	[0.004 0.006 0.816 0.012 0.162]	[-0.285 -0.236  0.141 -0.171  0.551]	0.63	1.11	1.0	1.76	0.08	0.11	0.02	0.13	0.54	0.19	0.2	0.12742109498592682	0.221	0.071
0	['Ag', 'Ir', 'Pd', 'Pt', 'Ru']	11	[0.061 0.032 0.612 0.001 0.294]	[ 0.126 -0.078 -0.067 -0.066  0.085]	0.63	1.11	1.0	1.76	0.08	0.11	0.02	0.13	0.54	0.19	0.2	0.1554962840047115	0.39	0.071
1	['Ag', 'Ir', 'Pd', 'Pt', 'Ru']	11	[0.008 0.009 0.611 0.018 0.354]	[ 0.018 -0.    -0.119 -0.05   0.152]	0.63	1.11	1.0	1.76	0.08	0.11	0.02	0.13	0.54	0.19	0.2	0.15504933245961114	0.451	0.071
2	['Ag', 'Ir', 'Pd', 'Pt', 'Ru']	11	[0.017 0.038 0.607 0.004 0.334]	[ 0.048  0.032 -0.031 -0.032 -0.017]	0.63	1.11	1.0	1.76	0.08	0.11	0.02	0.13	0.54	0.19	0.2	0.15468087792529917	0.436	0.071
3	['Ag', 'Ir', 'Pd', 'Pt', 'Ru']	11	[0.084 0.123 0.598 0.06  0.135]	[ 0.058  0.12  -0.115  0.029 -0.091]	0.63	1.11	1.0	1.76	0.08	0.11	0.02	0.13	0.54	0.19	0.2	0.14472601834402427	0.324	0.071
4	['Ag', 'Ir', 'Pd', 'Pt', 'Ru']	11	[0.042 0.058 0.745 0.126 0.029]	[ 0.038  0.052 -0.071  0.114 -0.133]	0.63	1.11	1.0	1.76	0.08	0.11	0.02	0.13	0.54	0.19	0.2	0.11844915471087517	0.207	0.071
0	['Ag', 'Ir', 'Pd', 'Pt', 'Ru']	12	[0.014 0.    0.606 0.001 0.379]	[ 0.018 -0.013 -0.064 -0.084  0.143]	0.63	1.11	1.0	1.76	0.08	0.11	0.02	0.13	0.54	0.19	0.2	0.1517932178775576	0.471	0.071
1	['Ag', 'Ir', 'Pd', 'Pt', 'Ru']	12	[0.028 0.026 0.636 0.045 0.265]	[ 0.037 -0.043  0.043  0.054 -0.091]	0.63	1.11	1.0	1.76	0.08	0.11	0.02	0.13	0.54	0.19	0.2	0.15474954469694877	0.366	0.071
2	['Ag', 'Ir', 'Pd', 'Pt', 'Ru']	12	[0.034 0.041 0.673 0.018 0.234]	[ 0.018  0.003  0.066  0.014 -0.101]	0.63	1.11	1.0	1.76	0.08	0.11	0.02	0.13	0.54	0.19	0.2	0.15680664675935477	0.319	0.071
3	['Ag', 'Ir', 'Pd', 'Pt', 'Ru']	12	[0.027 0.048 0.612 0.01  0.303]	[-0.057 -0.075  0.014 -0.05   0.168]	0.63	1.11	1.0	1.76	0.08	0.11	0.02	0.13	0.54	0.19	0.2	0.1571290106499176	0.407	0.071
4	['Ag', 'Ir', 'Pd', 'Pt', 'Ru']	12	[0.029 0.042 0.669 0.06  0.2  ]	[-0.013 -0.016 -0.077 -0.066  0.171]	0.63	1.11	1.0	1.76	0.08	0.11	0.02	0.13	0.54	0.19	0.2	0.15321342684735306	0.305	0.071
0	['Ag', 'Ir', 'Pd', 'Pt', 'Ru']	13	[0.    0.094 0.671 0.019 0.216]	[-0.013  0.096  0.066  0.012 -0.162]	0.63	1.11	1.0	1.76	0.08	0.11	0.02	0.13	0.54	0.19	0.2	0.15640615731774135	0.332	0.071
1	['Ag', 'Ir', 'Pd', 'Pt', 'Ru']	13	[0.02  0.01  0.773 0.005 0.192]	[-0.039  0.003  0.129  0.021 -0.115]	0.63	1.11	1.0	1.76	0.08	0.11	0.02	0.13	0.54	0.19	0.2	0.13879149203605728	0.245	0.071
2	['Ag', 'Ir', 'Pd', 'Pt', 'Ru']	13	[0.026 0.003 0.58  0.006 0.385]	[ 0.041 -0.055 -0.101 -0.038  0.153]	0.63	1.11	1.0	1.76	0.08	0.11	0.02	0.13	0.54	0.19	0.2	0.14659071318213732	0.486	0.071
3	['Ag', 'Ir', 'Pd', 'Pt', 'Ru']	13	[0.003 0.007 0.776 0.008 0.206]	[ 0.01  -0.054  0.156  0.    -0.112]	0.63	1.11	1.0	1.76	0.08	0.11	0.02	0.13	0.54	0.19	0.2	0.13855157872410115	0.264	0.071
4	['Ag', 'Ir', 'Pd', 'Pt', 'Ru']	13	[0.003 0.012 0.61  0.012 0.363]	[-0.011 -0.071 -0.104  0.037  0.15 ]	0.63	1.11	1.0	1.76	0.08	0.11	0.02	0.13	0.54	0.19	0.2	0.155636420685799	0.46	0.071
0	['Ag', 'Ir', 'Pd', 'Pt', 'Ru']	14	[0.061 0.006 0.662 0.014 0.257]	[ 0.047 -0.086  0.006 -0.03   0.063]	0.63	1.11	1.0	1.76	0.08	0.11	0.02	0.13	0.54	0.19	0.2	0.14957501405793455	0.331	0.071
1	['Ag', 'Ir', 'Pd', 'Pt', 'Ru']	14	[0.014 0.031 0.621 0.02  0.314]	[ 0.021  0.015 -0.16   0.008  0.117]	0.63	1.11	1.0	1.76	0.08	0.11	0.02	0.13	0.54	0.19	0.2	0.15839352378423566	0.413	0.071
2	['Ag', 'Ir', 'Pd', 'Pt', 'Ru']	14	[0.008 0.067 0.686 0.006 0.233]	[ 0.02   0.055  0.098 -0.01  -0.164]	0.63	1.11	1.0	1.76	0.08	0.11	0.02	0.13	0.54	0.19	0.2	0.15846138115466904	0.325	0.071
3	['Ag', 'Ir', 'Pd', 'Pt', 'Ru']	14	[0.01  0.058 0.614 0.008 0.31 ]	[ 0.005  0.049 -0.165  0.01   0.102]	0.63	1.11	1.0	1.76	0.08	0.11	0.02	0.13	0.54	0.19	0.2	0.15648825318624043	0.418	0.071
4	['Ag', 'Ir', 'Pd', 'Pt', 'Ru']	14	[0.008 0.067 0.693 0.04  0.192]	[ 0.007  0.055  0.083  0.028 -0.172]	0.63	1.11	1.0	1.76	0.08	0.11	0.02	0.13	0.54	0.19	0.2	0.1528625340603782	0.296	0.071
0	['Ag', 'Ir', 'Pd', 'Pt', 'Ru']	15	[0.079 0.015 0.619 0.053 0.234]	[ 0.149  0.032 -0.045 -0.12  -0.016]	0.63	1.11	1.0	1.76	0.08	0.11	0.02	0.13	0.54	0.19	0.2	0.15326264021379088	0.341	0.071
1	['Ag', 'Ir', 'Pd', 'Pt', 'Ru']	15	[0.011 0.005 0.65  0.018 0.316]	[ 0.01   0.019  0.035 -0.037 -0.027]	0.63	1.11	1.0	1.76	0.08	0.11	0.02	0.13	0.54	0.19	0.2	0.15820530707859112	0.399	0.071
2	['Ag', 'Ir', 'Pd', 'Pt', 'Ru']	15	[0.001 0.007 0.638 0.014 0.34 ]	[-0.04   0.051 -0.082 -0.021  0.092]	0.63	1.11	1.0	1.76	0.08	0.11	0.02	0.13	0.54	0.19	0.2	0.15796537771928307	0.428	0.071
3	['Ag', 'Ir', 'Pd', 'Pt', 'Ru']	15	[0.01  0.012 0.648 0.031 0.299]	[-0.023 -0.047  0.046  0.031 -0.007]	0.63	1.11	1.0	1.76	0.08	0.11	0.02	0.13	0.54	0.19	0.2	0.15663581993603323	0.388	0.071
4	['Ag', 'Ir', 'Pd', 'Pt', 'Ru']	15	[0.001 0.006 0.634 0.014 0.345]	[-0.018 -0.098 -0.073  0.035  0.153]	0.63	1.11	1.0	1.76	0.08	0.11	0.02	0.13	0.54	0.19	0.2	0.1572159209024218	0.434	0.071
0	['Ag', 'Ir', 'Pd', 'Pt', 'Ru']	16	[0.086 0.02  0.594 0.062 0.238]	[ 0.168 -0.091 -0.06  -0.004 -0.012]	0.63	1.11	1.0	1.76	0.08	0.11	0.02	0.13	0.54	0.19	0.2	0.14965027509337414	0.361	0.071
1	['Ag', 'Ir', 'Pd', 'Pt', 'Ru']	16	[0.03  0.126 0.511 0.292 0.041]	[ 0.138  0.046 -0.567  0.383  0.   ]	0.63	1.11	1.0	1.76	0.08	0.11	0.02	0.13	0.54	0.19	0.2	0.11486381949613851	0.482	0.071
2	['Ag', 'Ir', 'Pd', 'Pt', 'Ru']	16	[0.012 0.074 0.615 0.005 0.294]	[ 0.004  0.07  -0.027  0.004 -0.05 ]	0.63	1.11	1.0	1.76	0.08	0.11	0.02	0.13	0.54	0.19	0.2	0.16050505218196706	0.408	0.071
3	['Ag', 'Ir', 'Pd', 'Pt', 'Ru']	16	[0.022 0.008 0.617 0.049 0.304]	[-0.057 -0.048 -0.032  0.102  0.036]	0.63	1.11	1.0	1.76	0.08	0.11	0.02	0.13	0.54	0.19	0.2	0.15825733103776565	0.407	0.071
4	['Ag', 'Ir', 'Pd', 'Pt', 'Ru']	16	[0.005 0.003 0.663 0.031 0.298]	[ 0.     0.004  0.032  0.016 -0.052]	0.63	1.11	1.0	1.76	0.08	0.11	0.02	0.13	0.54	0.19	0.2	0.15625817788381224	0.382	0.071
0	['Ag', 'Ir', 'Pd', 'Pt', 'Ru']	17	[0.015 0.021 0.655 0.017 0.292]	[ 0.103 -0.166  0.026  0.033  0.004]	0.63	1.11	1.0	1.76	0.08	0.11	0.02	0.13	0.54	0.19	0.2	0.15673547571443402	0.377	0.071
1	['Ag', 'Ir', 'Pd', 'Pt', 'Ru']	17	[0.03  0.073 0.532 0.173 0.192]	[ 0.    -0.053  0.02  -0.119  0.151]	0.63	1.11	1.0	1.76	0.08	0.11	0.02	0.13	0.54	0.19	0.2	0.14689028923475483	0.433	0.071
2	['Ag', 'Ir', 'Pd', 'Pt', 'Ru']	17	[0.005 0.006 0.67  0.011 0.308]	[-0.051  0.083  0.058 -0.078 -0.013]	0.63	1.11	1.0	1.76	0.08	0.11	0.02	0.13	0.54	0.19	0.2	0.15605294281870125	0.385	0.071
3	['Ag', 'Ir', 'Pd', 'Pt', 'Ru']	17	[0.017 0.012 0.625 0.039 0.307]	[ 0.    -0.123 -0.007  0.148 -0.018]	0.63	1.11	1.0	1.76	0.08	0.11	0.02	0.13	0.54	0.19	0.2	0.15825949284423135	0.405	0.071
4	['Ag', 'Ir', 'Pd', 'Pt', 'Ru']	17	[0.171 0.261 0.26  0.292 0.016]	[-0.183  0.451 -0.354  0.293 -0.206]	0.63	1.11	1.0	1.76	0.08	0.11	0.02	0.13	0.54	0.19	0.2	0.08968211678385579	0.709	0.071
0	['Ag', 'Ir', 'Pd', 'Pt', 'Ru']	18	[0.016 0.064 0.606 0.025 0.289]	[-0.059  0.12  -0.017 -0.109  0.065]	0.63	1.11	1.0	1.76	0.08	0.11	0.02	0.13	0.54	0.19	0.2	0.15677181297488108	0.407	0.071
1	['Ag', 'Ir', 'Pd', 'Pt', 'Ru']	18	[0.01  0.014 0.628 0.049 0.299]	[-0.02  -0.059  0.096 -0.124  0.107]	0.63	1.11	1.0	1.76	0.08	0.11	0.02	0.13	0.54	0.19	0.2	0.1594142024636596	0.401	0.071
2	['Ag', 'Ir', 'Pd', 'Pt', 'Ru']	18	[0.025 0.032 0.638 0.023 0.282]	[ 0.02   0.065 -0.065  0.032 -0.052]	0.63	1.11	1.0	1.76	0.08	0.11	0.02	0.13	0.54	0.19	0.2	0.1566585695616004	0.376	0.071
3	['Ag', 'Ir', 'Pd', 'Pt', 'Ru']	18	[0.015 0.024 0.653 0.036 0.272]	[-0.01   0.049  0.089 -0.127 -0.   ]	0.63	1.11	1.0	1.76	0.08	0.11	0.02	0.13	0.54	0.19	0.2	0.1578035987626049	0.365	0.071
4	['Ag', 'Ir', 'Pd', 'Pt', 'Ru']	18	[0.098 0.2   0.383 0.209 0.11 ]	[-0.073 -0.061  0.123 -0.083  0.094]	0.63	1.11	1.0	1.76	0.08	0.11	0.02	0.13	0.54	0.19	0.2	0.11592540186905483	0.563	0.071
0	['Ag', 'Ir', 'Pd', 'Pt', 'Ru']	19	[0.037 0.033 0.622 0.016 0.292]	[ 0.059 -0.171  0.068 -0.006  0.051]	0.63	1.11	1.0	1.76	0.08	0.11	0.02	0.13	0.54	0.19	0.2	0.1562288092870845	0.389	0.071
1	['Ag', 'Ir', 'Pd', 'Pt', 'Ru']	19	[0.04  0.002 0.653 0.001 0.304]	[-0.158 -0.032  0.087  0.073  0.03 ]	0.63	1.11	1.0	1.76	0.08	0.11	0.02	0.13	0.54	0.19	0.2	0.1537226285807728	0.379	0.071
2	['Ag', 'Ir', 'Pd', 'Pt', 'Ru']	19	[0.045 0.014 0.6   0.01  0.331]	[ 0.057 -0.023 -0.048 -0.048  0.062]	0.63	1.11	1.0	1.76	0.08	0.11	0.02	0.13	0.54	0.19	0.2	0.15704576056286287	0.428	0.071
3	['Ag', 'Ir', 'Pd', 'Pt', 'Ru']	19	[0.01  0.029 0.601 0.053 0.307]	[-0.054 -0.121 -0.031  0.106  0.1  ]	0.63	1.11	1.0	1.76	0.08	0.11	0.02	0.13	0.54	0.19	0.2	0.1575097592559581	0.424	0.071
4	['Ag', 'Ir', 'Pd', 'Pt', 'Ru']	19	[0.051 0.119 0.508 0.122 0.2  ]	[-0.047 -0.081  0.125 -0.087  0.09 ]	0.63	1.11	1.0	1.76	0.08	0.11	0.02	0.13	0.54	0.19	0.2	0.14300811093469584	0.443	0.071
0	['Ag', 'Ir', 'Pd', 'Pt', 'Ru']	20	[0.032 0.01  0.626 0.029 0.303]	[ 0.091  0.035  0.011 -0.171  0.035]	0.63	1.11	1.0	1.76	0.08	0.11	0.02	0.13	0.54	0.19	0.2	0.15566560441675503	0.396	0.071
1	['Ag', 'Ir', 'Pd', 'Pt', 'Ru']	20	[0.089 0.049 0.58  0.022 0.26 ]	[ 0.141 -0.088 -0.082  0.065 -0.036]	0.63	1.11	1.0	1.76	0.08	0.11	0.02	0.13	0.54	0.19	0.2	0.1497705783104968	0.384	0.071
2	['Ag', 'Ir', 'Pd', 'Pt', 'Ru']	20	[0.057 0.007 0.665 0.012 0.259]	[ 0.088 -0.034  0.085 -0.048 -0.09 ]	0.63	1.11	1.0	1.76	0.08	0.11	0.02	0.13	0.54	0.19	0.2	0.1517300206033781	0.332	0.071
3	['Ag', 'Ir', 'Pd', 'Pt', 'Ru']	20	[0.003 0.022 0.638 0.025 0.312]	[-0.142  0.048  0.123 -0.045  0.016]	0.63	1.11	1.0	1.76	0.08	0.11	0.02	0.13	0.54	0.19	0.2	0.16089939031436054	0.406	0.071
4	['Ag', 'Ir', 'Pd', 'Pt', 'Ru']	20	[0.074 0.017 0.615 0.016 0.278]	[ 0.023 -0.102  0.108 -0.106  0.078]	0.63	1.11	1.0	1.76	0.08	0.11	0.02	0.13	0.54	0.19	0.2	0.15255625853731045	0.373	0.071
0	['Ag', 'Ir', 'Pd', 'Pt', 'Ru']	21	[0.005 0.071 0.659 0.053 0.212]	[ 0.006  0.08   0.032  0.054 -0.172]	0.63	1.11	1.0	1.76	0.08	0.11	0.02	0.13	0.54	0.19	0.2	0.15746136978532058	0.332	0.071
1	['Ag', 'Ir', 'Pd', 'Pt', 'Ru']	21	[0.008 0.041 0.639 0.009 0.303]	[ 0.071  0.059  0.044 -0.172 -0.002]	0.63	1.11	1.0	1.76	0.08	0.11	0.02	0.13	0.54	0.19	0.2	0.16011290063120562	0.398	0.071
2	['Ag', 'Ir', 'Pd', 'Pt', 'Ru']	21	[0.054 0.019 0.578 0.03  0.319]	[ 0.113 -0.038 -0.106 -0.068  0.1  ]	0.63	1.11	1.0	1.76	0.08	0.11	0.02	0.13	0.54	0.19	0.2	0.15743525117238194	0.432	0.071
3	['Ag', 'Ir', 'Pd', 'Pt', 'Ru']	21	[0.04  0.036 0.669 0.01  0.245]	[ 0.042 -0.114  0.119  0.047 -0.094]	0.63	1.11	1.0	1.76	0.08	0.11	0.02	0.13	0.54	0.19	0.2	0.1566388565307258	0.326	0.071
4	['Ag', 'Ir', 'Pd', 'Pt', 'Ru']	21	[0.042 0.11  0.531 0.089 0.228]	[ 0.081  0.079 -0.127  0.056 -0.089]	0.63	1.11	1.0	1.76	0.08	0.11	0.02	0.13	0.54	0.19	0.2	0.14942993452207398	0.431	0.071
0	['Ag', 'Ir', 'Pd', 'Pt', 'Ru']	22	[0.029 0.018 0.634 0.005 0.314]	[ 0.01  -0.141 -0.03   0.026  0.135]	0.63	1.11	1.0	1.76	0.08	0.11	0.02	0.13	0.54	0.19	0.2	0.15600381142203695	0.4	0.071
1	['Ag', 'Ir', 'Pd', 'Pt', 'Ru']	22	[0.007 0.021 0.647 0.064 0.261]	[-0.095 -0.02   0.067  0.101 -0.054]	0.63	1.11	1.0	1.76	0.08	0.11	0.02	0.13	0.54	0.19	0.2	0.1585155328030431	0.366	0.071
2	['Ag', 'Ir', 'Pd', 'Pt', 'Ru']	22	[0.009 0.095 0.447 0.022 0.427]	[-0.056  0.068 -0.145  0.032  0.101]	0.63	1.11	1.0	1.76	0.08	0.11	0.02	0.13	0.54	0.19	0.2	0.11306982066435795	0.612	0.071
3	['Ag', 'Ir', 'Pd', 'Pt', 'Ru']	22	[0.004 0.008 0.62  0.034 0.334]	[ 0.03   0.004 -0.086 -0.097  0.149]	0.63	1.11	1.0	1.76	0.08	0.11	0.02	0.13	0.54	0.19	0.2	0.15933247602402262	0.432	0.071
4	['Ag', 'Ir', 'Pd', 'Pt', 'Ru']	22	[0.009 0.021 0.663 0.002 0.305]	[-0.033 -0.089  0.132 -0.087  0.077]	0.63	1.11	1.0	1.76	0.08	0.11	0.02	0.13	0.54	0.19	0.2	0.15805626514693852	0.385	0.071
0	['Ag', 'Ir', 'Pd', 'Pt', 'Ru']	23	[0.075 0.112 0.608 0.024 0.181]	[ 0.061  0.096 -0.026  0.028 -0.159]	0.63	1.11	1.0	1.76	0.08	0.11	0.02	0.13	0.54	0.19	0.2	0.15058250635753273	0.332	0.071
1	['Ag', 'Ir', 'Pd', 'Pt', 'Ru']	23	[0.009 0.005 0.635 0.015 0.336]	[-0.056 -0.069 -0.061  0.017  0.168]	0.63	1.11	1.0	1.76	0.08	0.11	0.02	0.13	0.54	0.19	0.2	0.15815745968421896	0.423	0.071
2	['Ag', 'Ir', 'Pd', 'Pt', 'Ru']	23	[0.088 0.102 0.304 0.127 0.379]	[ 0.079  0.007 -0.143  0.105 -0.047]	0.63	1.11	1.0	1.76	0.08	0.11	0.02	0.13	0.54	0.19	0.2	0.08714059503875948	0.687	0.071
3	['Ag', 'Ir', 'Pd', 'Pt', 'Ru']	23	[0.023 0.038 0.64  0.07  0.229]	[-0.013 -0.084  0.076  0.116 -0.095]	0.63	1.11	1.0	1.76	0.08	0.11	0.02	0.13	0.54	0.19	0.2	0.15686358215654123	0.345	0.071
4	['Ag', 'Ir', 'Pd', 'Pt', 'Ru']	23	[0.001 0.014 0.658 0.029 0.298]	[ 0.002  0.06   0.018 -0.092  0.012]	0.63	1.11	1.0	1.76	0.08	0.11	0.02	0.13	0.54	0.19	0.2	0.15857810895545868	0.386	0.071
0	['Ag', 'Ir', 'Pd', 'Pt', 'Ru']	24	[0.001 0.064 0.754 0.084 0.097]	[ 0.048 -0.083  0.123  0.032 -0.121]	0.63	1.11	1.0	1.76	0.08	0.11	0.02	0.13	0.54	0.19	0.2	0.12503442207640192	0.228	0.071
1	['Ag', 'Ir', 'Pd', 'Pt', 'Ru']	24	[0.026 0.012 0.66  0.019 0.283]	[ 0.044 -0.011  0.076 -0.059 -0.049]	0.63	1.11	1.0	1.76	0.08	0.11	0.02	0.13	0.54	0.19	0.2	0.1551502101930201	0.363	0.071
2	['Ag', 'Ir', 'Pd', 'Pt', 'Ru']	24	[0.049 0.059 0.482 0.077 0.333]	[-0.039 -0.043  0.179 -0.05  -0.046]	0.63	1.11	1.0	1.76	0.08	0.11	0.02	0.13	0.54	0.19	0.2	0.14132413637588226	0.516	0.071
3	['Ag', 'Ir', 'Pd', 'Pt', 'Ru']	24	[0.    0.    0.679 0.005 0.316]	[-0.11  -0.06  -0.011  0.029  0.152]	0.63	1.11	1.0	1.76	0.08	0.11	0.02	0.13	0.54	0.19	0.2	0.15658754358987365	0.389	0.071
4	['Ag', 'Ir', 'Pd', 'Pt', 'Ru']	24	[0.035 0.013 0.643 0.06  0.249]	[-0.063  0.021 -0.002  0.1   -0.056]	0.63	1.11	1.0	1.76	0.08	0.11	0.02	0.13	0.54	0.19	0.2	0.15522853791029867	0.349	0.071
0	['Ag', 'Ir', 'Pd', 'Pt', 'Ru']	25	[0.007 0.014 0.686 0.025 0.268]	[ 0.005 -0.05  -0.067 -0.059  0.172]	0.63	1.11	1.0	1.76	0.08	0.11	0.02	0.13	0.54	0.19	0.2	0.15549150943763482	0.346	0.071
1	['Ag', 'Ir', 'Pd', 'Pt', 'Ru']	25	[0.008 0.017 0.641 0.009 0.325]	[-0.017 -0.091 -0.037  0.015  0.13 ]	0.63	1.11	1.0	1.76	0.08	0.11	0.02	0.13	0.54	0.19	0.2	0.15915214007440687	0.412	0.071
2	['Ag', 'Ir', 'Pd', 'Pt', 'Ru']	25	[0.003 0.017 0.659 0.012 0.309]	[-0.046 -0.042  0.177 -0.065 -0.024]	0.63	1.11	1.0	1.76	0.08	0.11	0.02	0.13	0.54	0.19	0.2	0.15794348928322155	0.392	0.071
3	['Ag', 'Ir', 'Pd', 'Pt', 'Ru']	25	[0.028 0.001 0.62  0.026 0.325]	[ 0.056 -0.059 -0.043 -0.072  0.118]	0.63	1.11	1.0	1.76	0.08	0.11	0.02	0.13	0.54	0.19	0.2	0.15864105366302306	0.417	0.071
4	['Ag', 'Ir', 'Pd', 'Pt', 'Ru']	25	[0.048 0.013 0.619 0.006 0.314]	[ 0.072 -0.128 -0.07   0.01   0.116]	0.63	1.11	1.0	1.76	0.08	0.11	0.02	0.13	0.54	0.19	0.2	0.15638949430925198	0.403	0.071
0	['Ag', 'Ir', 'Pd', 'Pt', 'Ru']	26	[0.034 0.017 0.546 0.017 0.386]	[ 0.021  0.005 -0.152 -0.003  0.129]	0.63	1.11	1.0	1.76	0.08	0.11	0.02	0.13	0.54	0.19	0.2	0.14441735269733433	0.505	0.071
1	['Ag', 'Ir', 'Pd', 'Pt', 'Ru']	26	[0.009 0.04  0.608 0.005 0.338]	[-0.033  0.071 -0.038 -0.046  0.047]	0.63	1.11	1.0	1.76	0.08	0.11	0.02	0.13	0.54	0.19	0.2	0.1568536173396924	0.441	0.071
2	['Ag', 'Ir', 'Pd', 'Pt', 'Ru']	26	[0.003 0.02  0.714 0.011 0.252]	[-0.002 -0.047  0.084  0.022 -0.056]	0.63	1.11	1.0	1.76	0.08	0.11	0.02	0.13	0.54	0.19	0.2	0.14992905732101533	0.323	0.071
3	['Ag', 'Ir', 'Pd', 'Pt', 'Ru']	26	[0.014 0.018 0.608 0.071 0.289]	[-0.057 -0.101  0.034  0.152 -0.028]	0.63	1.11	1.0	1.76	0.08	0.11	0.02	0.13	0.54	0.19	0.2	0.1578009764136986	0.407	0.071
4	['Ag', 'Ir', 'Pd', 'Pt', 'Ru']	26	[0.044 0.004 0.636 0.01  0.306]	[ 0.126 -0.048  0.031 -0.082 -0.027]	0.63	1.11	1.0	1.76	0.08	0.11	0.02	0.13	0.54	0.19	0.2	0.1556006521628692	0.388	0.071
0	['Ag', 'Ir', 'Pd', 'Pt', 'Ru']	27	[0.032 0.033 0.658 0.038 0.239]	[ 0.041  0.006  0.106  0.011 -0.165]	0.63	1.11	1.0	1.76	0.08	0.11	0.02	0.13	0.54	0.19	0.2	0.15611433391596763	0.332	0.071
1	['Ag', 'Ir', 'Pd', 'Pt', 'Ru']	27	[0.009 0.016 0.706 0.036 0.233]	[-0.009  0.032  0.097  0.019 -0.139]	0.63	1.11	1.0	1.76	0.08	0.11	0.02	0.13	0.54	0.19	0.2	0.1497442610367056	0.311	0.071
2	['Ag', 'Ir', 'Pd', 'Pt', 'Ru']	27	[0.004 0.001 0.56  0.074 0.361]	[ 0.001 -0.019 -0.154  0.063  0.109]	0.63	1.11	1.0	1.76	0.08	0.11	0.02	0.13	0.54	0.19	0.2	0.15057389014279304	0.491	0.071
3	['Ag', 'Ir', 'Pd', 'Pt', 'Ru']	27	[0.013 0.001 0.695 0.012 0.279]	[-0.038 -0.085  0.162  0.028 -0.066]	0.63	1.11	1.0	1.76	0.08	0.11	0.02	0.13	0.54	0.19	0.2	0.15237269924779318	0.348	0.071
4	['Ag', 'Ir', 'Pd', 'Pt', 'Ru']	27	[0.024 0.03  0.687 0.02  0.239]	[ 0.048  0.013  0.042 -0.006 -0.096]	0.63	1.11	1.0	1.76	0.08	0.11	0.02	0.13	0.54	0.19	0.2	0.15348307788953486	0.318	0.071
0	['Ag', 'Ir', 'Pd', 'Pt', 'Ru']	28	[0.058 0.015 0.708 0.008 0.211]	[ 0.081 -0.076  0.076 -0.059 -0.023]	0.63	1.11	1.0	1.76	0.08	0.11	0.02	0.13	0.54	0.19	0.2	0.146668097092372	0.271	0.071
1	['Ag', 'Ir', 'Pd', 'Pt', 'Ru']	28	[0.002 0.024 0.581 0.017 0.376]	[-0.02  -0.004 -0.142  0.033  0.134]	0.63	1.11	1.0	1.76	0.08	0.11	0.02	0.13	0.54	0.19	0.2	0.15195881389951443	0.486	0.071
2	['Ag', 'Ir', 'Pd', 'Pt', 'Ru']	28	[0.008 0.038 0.691 0.013 0.25 ]	[-0.026  0.009  0.113  0.057 -0.152]	0.63	1.11	1.0	1.76	0.08	0.11	0.02	0.13	0.54	0.19	0.2	0.15498751564995086	0.331	0.071
3	['Ag', 'Ir', 'Pd', 'Pt', 'Ru']	28	[0.024 0.028 0.645 0.    0.303]	[ 0.025  0.027 -0.058 -0.017  0.024]	0.63	1.11	1.0	1.76	0.08	0.11	0.02	0.13	0.54	0.19	0.2	0.15567633884308105	0.388	0.071
4	['Ag', 'Ir', 'Pd', 'Pt', 'Ru']	28	[0.001 0.026 0.602 0.018 0.353]	[-0.023 -0.004 -0.085 -0.002  0.114]	0.63	1.11	1.0	1.76	0.08	0.11	0.02	0.13	0.54	0.19	0.2	0.15684581656070876	0.458	0.071
0	['Ag', 'Ir', 'Pd', 'Pt', 'Ru']	29	[0.045 0.012 0.605 0.001 0.337]	[ 0.07  -0.025 -0.137 -0.03   0.122]	0.63	1.11	1.0	1.76	0.08	0.11	0.02	0.13	0.54	0.19	0.2	0.15589594046815256	0.43	0.071
1	['Ag', 'Ir', 'Pd', 'Pt', 'Ru']	29	[0.002 0.013 0.698 0.013 0.274]	[-0.01   0.022  0.114 -0.012 -0.115]	0.63	1.11	1.0	1.76	0.08	0.11	0.02	0.13	0.54	0.19	0.2	0.15433324312712224	0.347	0.071
2	['Ag', 'Ir', 'Pd', 'Pt', 'Ru']	29	[0.029 0.015 0.56  0.019 0.377]	[ 0.012  0.008 -0.15  -0.001  0.131]	0.63	1.11	1.0	1.76	0.08	0.11	0.02	0.13	0.54	0.19	0.2	0.1482638943326926	0.491	0.071
3	['Ag', 'Ir', 'Pd', 'Pt', 'Ru']	29	[0.05  0.015 0.53  0.027 0.378]	[ 0.028  0.005 -0.125  0.01   0.082]	0.63	1.11	1.0	1.76	0.08	0.11	0.02	0.13	0.54	0.19	0.2	0.14298117163586105	0.506	0.071
4	['Ag', 'Ir', 'Pd', 'Pt', 'Ru']	29	[0.019 0.009 0.683 0.001 0.288]	[ 0.012 -0.015  0.083 -0.017 -0.064]	0.63	1.11	1.0	1.76	0.08	0.11	0.02	0.13	0.54	0.19	0.2	0.15441967939018786	0.358	0.071
0	['Ag', 'Ir', 'Pd', 'Pt', 'Ru']	30	[0.046 0.003 0.68  0.039 0.232]	[ 0.064 -0.022  0.086  0.035 -0.164]	0.63	1.11	1.0	1.76	0.08	0.11	0.02	0.13	0.54	0.19	0.2	0.15269129987625096	0.308	0.071
1	['Ag', 'Ir', 'Pd', 'Pt', 'Ru']	30	[0.035 0.023 0.691 0.012 0.239]	[-0.12  -0.017  0.074  0.059  0.003]	0.63	1.11	1.0	1.76	0.08	0.11	0.02	0.13	0.54	0.19	0.2	0.15324547612350253	0.31	0.071
2	['Ag', 'Ir', 'Pd', 'Pt', 'Ru']	30	[0.003 0.025 0.709 0.005 0.258]	[ 0.011 -0.009  0.139  0.002 -0.143]	0.63	1.11	1.0	1.76	0.08	0.11	0.02	0.13	0.54	0.19	0.2	0.15198993268278926	0.33	0.071
3	['Ag', 'Ir', 'Pd', 'Pt', 'Ru']	30	[0.002 0.01  0.682 0.015 0.291]	[ 0.021 -0.037  0.144  0.004 -0.132]	0.63	1.11	1.0	1.76	0.08	0.11	0.02	0.13	0.54	0.19	0.2	0.1558606419246661	0.368	0.071
4	['Ag', 'Ir', 'Pd', 'Pt', 'Ru']	30	[0.    0.044 0.605 0.026 0.325]	[-0.019  0.035 -0.077  0.025  0.037]	0.63	1.11	1.0	1.76	0.08	0.11	0.02	0.13	0.54	0.19	0.2	0.16021095669740373	0.437	0.071
