ID	Elements	Generation	Position	Velocity	F_damp	F_b_best	F_h_best	F_g_best	F_b_worst	F_h_worst	F_g_worst	mut_prob	flip_prob	mut_rate	v_max	Activity	Distance	v_min
0	['Ag', 'Ir', 'Pd', 'Pt', 'Ru']	0	[0.8  0.05 0.05 0.05 0.05]	[-0.179  0.045  0.045  0.045  0.045]	0.63	1.11	1.0	1.76	0.08	0.11	0.02	0.13	0.54	0.19	0.2	0.04718687326970261	1.034	0.071
1	['Ag', 'Ir', 'Pd', 'Pt', 'Ru']	0	[0.05 0.8  0.05 0.05 0.05]	[ 0.045 -0.179  0.045  0.045  0.045]	0.63	1.11	1.0	1.76	0.08	0.11	0.02	0.13	0.54	0.19	0.2	0.012897755965668866	1.138	0.071
2	['Ag', 'Ir', 'Pd', 'Pt', 'Ru']	0	[0.05 0.05 0.8  0.05 0.05]	[ 0.045  0.045 -0.179  0.045  0.045]	0.63	1.11	1.0	1.76	0.08	0.11	0.02	0.13	0.54	0.19	0.2	0.12550960571923736	0.141	0.071
3	['Ag', 'Ir', 'Pd', 'Pt', 'Ru']	0	[0.05 0.05 0.05 0.8  0.05]	[ 0.045  0.045  0.045 -0.179  0.045]	0.63	1.11	1.0	1.76	0.08	0.11	0.02	0.13	0.54	0.19	0.2	0.06781611567278917	1.138	0.071
4	['Ag', 'Ir', 'Pd', 'Pt', 'Ru']	0	[0.05 0.05 0.05 0.05 0.8 ]	[ 0.045  0.045  0.045  0.045 -0.179]	0.63	1.11	1.0	1.76	0.08	0.11	0.02	0.13	0.54	0.19	0.2	0.0009547274717013111	1.138	0.071
0	['Ag', 'Ir', 'Pd', 'Pt', 'Ru']	1	[0.659 0.052 0.192 0.052 0.045]	[-0.141  0.002  0.142  0.002 -0.005]	0.63	1.11	1.0	1.76	0.08	0.11	0.02	0.13	0.54	0.19	0.2	0.05727179646456119	0.836	0.071
1	['Ag', 'Ir', 'Pd', 'Pt', 'Ru']	1	[0.052 0.659 0.192 0.052 0.045]	[ 0.002 -0.141  0.142  0.002 -0.005]	0.63	1.11	1.0	1.76	0.08	0.11	0.02	0.13	0.54	0.19	0.2	0.03387340720486614	0.939	0.071
2	['Ag', 'Ir', 'Pd', 'Pt', 'Ru']	1	[0.039 0.042 0.802 0.108 0.009]	[-0.039 -0.035 -0.02   0.049  0.045]	0.63	1.11	1.0	1.76	0.08	0.11	0.02	0.13	0.54	0.19	0.2	0.11634531889194866	0.168	0.071
3	['Ag', 'Ir', 'Pd', 'Pt', 'Ru']	1	[0.052 0.052 0.192 0.659 0.045]	[ 0.002  0.002  0.142 -0.141 -0.005]	0.63	1.11	1.0	1.76	0.08	0.11	0.02	0.13	0.54	0.19	0.2	0.08710791242668992	0.939	0.071
4	['Ag', 'Ir', 'Pd', 'Pt', 'Ru']	1	[0.053 0.049 0.189 0.053 0.656]	[ 0.003 -0.001  0.139  0.003 -0.143]	0.63	1.11	1.0	1.76	0.08	0.11	0.02	0.13	0.54	0.19	0.2	0.022585163375990272	0.939	0.071
0	['Ag', 'Ir', 'Pd', 'Pt', 'Ru']	2	[0.517 0.047 0.332 0.052 0.052]	[-0.142 -0.005  0.14   0.     0.007]	0.63	1.11	1.0	1.76	0.08	0.11	0.02	0.13	0.54	0.19	0.2	0.08028031056959457	0.641	0.071
1	['Ag', 'Ir', 'Pd', 'Pt', 'Ru']	2	[0.051 0.521 0.336 0.056 0.036]	[-0.001 -0.138  0.144  0.004 -0.009]	0.63	1.11	1.0	1.76	0.08	0.11	0.02	0.13	0.54	0.19	0.2	0.06881236114403548	0.742	0.071
2	['Ag', 'Ir', 'Pd', 'Pt', 'Ru']	2	[0.034 0.032 0.856 0.02  0.058]	[-0.069 -0.076  0.019  0.114  0.012]	0.63	1.11	1.0	1.76	0.08	0.11	0.02	0.13	0.54	0.19	0.2	0.12239780657808391	0.135	0.071
3	['Ag', 'Ir', 'Pd', 'Pt', 'Ru']	2	[0.051 0.051 0.339 0.523 0.036]	[-0.001 -0.001  0.147 -0.135 -0.009]	0.63	1.11	1.0	1.76	0.08	0.11	0.02	0.13	0.54	0.19	0.2	0.10809849226368298	0.741	0.071
4	['Ag', 'Ir', 'Pd', 'Pt', 'Ru']	2	[0.052 0.049 0.329 0.057 0.513]	[-0.001 -0.     0.14   0.004 -0.143]	0.63	1.11	1.0	1.76	0.08	0.11	0.02	0.13	0.54	0.19	0.2	0.07520059345123296	0.742	0.071
0	['Ag', 'Ir', 'Pd', 'Pt', 'Ru']	3	[0.571 0.004 0.42  0.002 0.003]	[ 0.021 -0.092  0.164 -0.038 -0.055]	0.63	1.11	1.0	1.76	0.08	0.11	0.02	0.13	0.54	0.19	0.2	0.05163229285474098	0.602	0.071
1	['Ag', 'Ir', 'Pd', 'Pt', 'Ru']	3	[0.049 0.381 0.479 0.052 0.039]	[-0.002 -0.14   0.143 -0.004  0.003]	0.63	1.11	1.0	1.76	0.08	0.11	0.02	0.13	0.54	0.19	0.2	0.10612394508344891	0.545	0.071
2	['Ag', 'Ir', 'Pd', 'Pt', 'Ru']	3	[0.025 0.019 0.775 0.156 0.025]	[-0.021  0.032 -0.095  0.13  -0.046]	0.63	1.11	1.0	1.76	0.08	0.11	0.02	0.13	0.54	0.19	0.2	0.11014668924413601	0.216	0.071
3	['Ag', 'Ir', 'Pd', 'Pt', 'Ru']	3	[0.049 0.044 0.484 0.385 0.038]	[-0.002 -0.007  0.145 -0.138  0.002]	0.63	1.11	1.0	1.76	0.08	0.11	0.02	0.13	0.54	0.19	0.2	0.11867106436122732	0.544	0.071
4	['Ag', 'Ir', 'Pd', 'Pt', 'Ru']	3	[0.    0.005 0.414 0.005 0.576]	[-0.082 -0.054  0.153 -0.068  0.05 ]	0.63	1.11	1.0	1.76	0.08	0.11	0.02	0.13	0.54	0.19	0.2	0.07526853244617253	0.738	0.071
0	['Ag', 'Ir', 'Pd', 'Pt', 'Ru']	4	[0.401 0.016 0.509 0.058 0.016]	[-0.17   0.012  0.088  0.056  0.013]	0.63	1.11	1.0	1.76	0.08	0.11	0.02	0.13	0.54	0.19	0.2	0.10091970754901278	0.428	0.071
1	['Ag', 'Ir', 'Pd', 'Pt', 'Ru']	4	[0.054 0.221 0.587 0.101 0.037]	[ 0.005 -0.16   0.109  0.049 -0.002]	0.63	1.11	1.0	1.76	0.08	0.11	0.02	0.13	0.54	0.19	0.2	0.12837479958641013	0.373	0.071
2	['Ag', 'Ir', 'Pd', 'Pt', 'Ru']	4	[0.063 0.05  0.608 0.198 0.081]	[ 0.037  0.044 -0.178  0.041  0.056]	0.63	1.11	1.0	1.76	0.08	0.11	0.02	0.13	0.54	0.19	0.2	0.13647120797914047	0.338	0.071
3	['Ag', 'Ir', 'Pd', 'Pt', 'Ru']	4	[0.037 0.046 0.629 0.248 0.04 ]	[-0.012  0.002  0.145 -0.137  0.002]	0.63	1.11	1.0	1.76	0.08	0.11	0.02	0.13	0.54	0.19	0.2	0.12320188370129703	0.356	0.071
4	['Ag', 'Ir', 'Pd', 'Pt', 'Ru']	4	[0.002 0.013 0.519 0.054 0.412]	[ 0.002  0.008  0.104  0.049 -0.164]	0.63	1.11	1.0	1.76	0.08	0.11	0.02	0.13	0.54	0.19	0.2	0.13765091106524419	0.552	0.071
0	['Ag', 'Ir', 'Pd', 'Pt', 'Ru']	5	[0.251 0.016 0.524 0.061 0.148]	[-0.15  -0.     0.016  0.003  0.132]	0.63	1.11	1.0	1.76	0.08	0.11	0.02	0.13	0.54	0.19	0.2	0.12191873473024076	0.377	0.071
1	['Ag', 'Ir', 'Pd', 'Pt', 'Ru']	5	[0.026 0.11  0.577 0.087 0.2  ]	[-0.028 -0.111 -0.009 -0.014  0.163]	0.63	1.11	1.0	1.76	0.08	0.11	0.02	0.13	0.54	0.19	0.2	0.1472601415503754	0.387	0.071
2	['Ag', 'Ir', 'Pd', 'Pt', 'Ru']	5	[0.041 0.051 0.697 0.141 0.07 ]	[-0.064 -0.033  0.086 -0.112  0.123]	0.63	1.11	1.0	1.76	0.08	0.11	0.02	0.13	0.54	0.19	0.2	0.12764230391103215	0.25	0.071
3	['Ag', 'Ir', 'Pd', 'Pt', 'Ru']	5	[0.013 0.032 0.606 0.143 0.206]	[-0.024 -0.014 -0.023 -0.105  0.166]	0.63	1.11	1.0	1.76	0.08	0.11	0.02	0.13	0.54	0.19	0.2	0.15307825531892222	0.377	0.071
4	['Ag', 'Ir', 'Pd', 'Pt', 'Ru']	5	[0.041 0.008 0.606 0.058 0.287]	[ 0.029 -0.019  0.099  0.012 -0.121]	0.63	1.11	1.0	1.76	0.08	0.11	0.02	0.13	0.54	0.19	0.2	0.15667128772243488	0.397	0.071
0	['Ag', 'Ir', 'Pd', 'Pt', 'Ru']	6	[0.092 0.01  0.587 0.06  0.251]	[-0.159 -0.006  0.063 -0.001  0.103]	0.63	1.11	1.0	1.76	0.08	0.11	0.02	0.13	0.54	0.19	0.2	0.14840203200883734	0.373	0.071
1	['Ag', 'Ir', 'Pd', 'Pt', 'Ru']	6	[0.008 0.034 0.608 0.04  0.31 ]	[-0.077  0.113 -0.013 -0.114  0.091]	0.63	1.11	1.0	1.76	0.08	0.11	0.02	0.13	0.54	0.19	0.2	0.15875175956557835	0.421	0.071
2	['Ag', 'Ir', 'Pd', 'Pt', 'Ru']	6	[0.03  0.016 0.628 0.082 0.244]	[-0.011 -0.035 -0.07  -0.059  0.174]	0.63	1.11	1.0	1.76	0.08	0.11	0.02	0.13	0.54	0.19	0.2	0.15608470632289692	0.361	0.071
3	['Ag', 'Ir', 'Pd', 'Pt', 'Ru']	6	[0.026 0.001 0.627 0.003 0.343]	[ 0.013 -0.031  0.02  -0.14   0.137]	0.63	1.11	1.0	1.76	0.08	0.11	0.02	0.13	0.54	0.19	0.2	0.15468476661878514	0.428	0.071
4	['Ag', 'Ir', 'Pd', 'Pt', 'Ru']	6	[0.031 0.011 0.726 0.062 0.17 ]	[-0.013  0.011  0.12   0.001 -0.119]	0.63	1.11	1.0	1.76	0.08	0.11	0.02	0.13	0.54	0.19	0.2	0.1400977435237593	0.25	0.071
0	['Ag', 'Ir', 'Pd', 'Pt', 'Ru']	7	[0.044 0.024 0.609 0.004 0.319]	[ 0.125 -0.076  0.001 -0.118  0.068]	0.63	1.11	1.0	1.76	0.08	0.11	0.02	0.13	0.54	0.19	0.2	0.15542586841693945	0.414	0.071
1	['Ag', 'Ir', 'Pd', 'Pt', 'Ru']	7	[0.037 0.006 0.6   0.005 0.352]	[ 0.017 -0.091 -0.04   0.043  0.07 ]	0.63	1.11	1.0	1.76	0.08	0.11	0.02	0.13	0.54	0.19	0.2	0.15251723627290215	0.446	0.071
2	['Ag', 'Ir', 'Pd', 'Pt', 'Ru']	7	[0.035 0.018 0.493 0.103 0.351]	[ 0.042 -0.02  -0.156  0.019  0.115]	0.63	1.11	1.0	1.76	0.08	0.11	0.02	0.13	0.54	0.19	0.2	0.14174592643452918	0.524	0.071
3	['Ag', 'Ir', 'Pd', 'Pt', 'Ru']	7	[0.009 0.027 0.592 0.04  0.332]	[ 0.007  0.055 -0.073  0.036 -0.025]	0.63	1.11	1.0	1.76	0.08	0.11	0.02	0.13	0.54	0.19	0.2	0.15814689688107456	0.446	0.071
4	['Ag', 'Ir', 'Pd', 'Pt', 'Ru']	7	[0.005 0.024 0.587 0.076 0.308]	[ 0.022  0.001 -0.152  0.003  0.127]	0.63	1.11	1.0	1.76	0.08	0.11	0.02	0.13	0.54	0.19	0.2	0.15806769688871722	0.438	0.071
0	['Ag', 'Ir', 'Pd', 'Pt', 'Ru']	8	[0.023 0.009 0.631 0.    0.337]	[ 0.076 -0.03   0.017 -0.07   0.008]	0.63	1.11	1.0	1.76	0.08	0.11	0.02	0.13	0.54	0.19	0.2	0.15623766436621822	0.422	0.071
1	['Ag', 'Ir', 'Pd', 'Pt', 'Ru']	8	[0.058 0.062 0.597 0.094 0.189]	[ 0.026  0.043  0.001  0.097 -0.167]	0.63	1.11	1.0	1.76	0.08	0.11	0.02	0.13	0.54	0.19	0.2	0.1546810799333555	0.348	0.071
2	['Ag', 'Ir', 'Pd', 'Pt', 'Ru']	8	[0.01  0.029 0.658 0.011 0.292]	[-0.025  0.011  0.165 -0.092 -0.059]	0.63	1.11	1.0	1.76	0.08	0.11	0.02	0.13	0.54	0.19	0.2	0.1566523714782696	0.378	0.071
3	['Ag', 'Ir', 'Pd', 'Pt', 'Ru']	8	[0.003 0.07  0.635 0.005 0.287]	[-0.025  0.031  0.032  0.03  -0.068]	0.63	1.11	1.0	1.76	0.08	0.11	0.02	0.13	0.54	0.19	0.2	0.16285946347904723	0.394	0.071
4	['Ag', 'Ir', 'Pd', 'Pt', 'Ru']	8	[0.01  0.032 0.585 0.022 0.351]	[-0.036 -0.031 -0.047  0.091  0.023]	0.63	1.11	1.0	1.76	0.08	0.11	0.02	0.13	0.54	0.19	0.2	0.15392511969228273	0.463	0.071
0	['Ag', 'Ir', 'Pd', 'Pt', 'Ru']	9	[0.022 0.102 0.671 0.015 0.19 ]	[ 0.027  0.101  0.042 -0.004 -0.166]	0.63	1.11	1.0	1.76	0.08	0.11	0.02	0.13	0.54	0.19	0.2	0.15359356933447482	0.308	0.071
1	['Ag', 'Ir', 'Pd', 'Pt', 'Ru']	9	[0.019 0.026 0.656 0.003 0.296]	[ 0.015 -0.168  0.006  0.053  0.094]	0.63	1.11	1.0	1.76	0.08	0.11	0.02	0.13	0.54	0.19	0.2	0.15765050371920156	0.378	0.071
2	['Ag', 'Ir', 'Pd', 'Pt', 'Ru']	9	[0.012 0.091 0.651 0.058 0.188]	[-0.017  0.094  0.001  0.051 -0.129]	0.63	1.11	1.0	1.76	0.08	0.11	0.02	0.13	0.54	0.19	0.2	0.15533708364063264	0.325	0.071
3	['Ag', 'Ir', 'Pd', 'Pt', 'Ru']	9	[0.012 0.029 0.703 0.028 0.228]	[-0.012 -0.038  0.083  0.024 -0.057]	0.63	1.11	1.0	1.76	0.08	0.11	0.02	0.13	0.54	0.19	0.2	0.14875794181244578	0.307	0.071
4	['Ag', 'Ir', 'Pd', 'Pt', 'Ru']	9	[0.031 0.062 0.675 0.048 0.184]	[ 0.025  0.03   0.092  0.025 -0.172]	0.63	1.11	1.0	1.76	0.08	0.11	0.02	0.13	0.54	0.19	0.2	0.1519453317970916	0.291	0.071
0	['Ag', 'Ir', 'Pd', 'Pt', 'Ru']	10	[0.013 0.002 0.634 0.003 0.348]	[ 0.014 -0.118 -0.05   0.     0.154]	0.63	1.11	1.0	1.76	0.08	0.11	0.02	0.13	0.54	0.19	0.2	0.15608246309547236	0.432	0.071
1	['Ag', 'Ir', 'Pd', 'Pt', 'Ru']	10	[0.014 0.042 0.582 0.032 0.33 ]	[-0.02   0.053 -0.114  0.037  0.044]	0.63	1.11	1.0	1.76	0.08	0.11	0.02	0.13	0.54	0.19	0.2	0.15491389280979523	0.449	0.071
2	['Ag', 'Ir', 'Pd', 'Pt', 'Ru']	10	[0.016 0.012 0.616 0.026 0.33 ]	[-0.033 -0.108 -0.059  0.058  0.143]	0.63	1.11	1.0	1.76	0.08	0.11	0.02	0.13	0.54	0.19	0.2	0.15715042731134998	0.427	0.071
3	['Ag', 'Ir', 'Pd', 'Pt', 'Ru']	10	[0.001 0.014 0.596 0.03  0.359]	[-0.046 -0.012 -0.124  0.036  0.146]	0.63	1.11	1.0	1.76	0.08	0.11	0.02	0.13	0.54	0.19	0.2	0.15672980008298565	0.466	0.071
4	['Ag', 'Ir', 'Pd', 'Pt', 'Ru']	10	[0.015 0.019 0.611 0.008 0.347]	[ 0.012 -0.077 -0.1    0.011  0.154]	0.63	1.11	1.0	1.76	0.08	0.11	0.02	0.13	0.54	0.19	0.2	0.15386720839424017	0.443	0.071
0	['Ag', 'Ir', 'Pd', 'Pt', 'Ru']	11	[0.045 0.034 0.621 0.002 0.298]	[ 0.044  0.041 -0.017 -0.007 -0.061]	0.63	1.11	1.0	1.76	0.08	0.11	0.02	0.13	0.54	0.19	0.2	0.16000883660556406	0.392	0.071
1	['Ag', 'Ir', 'Pd', 'Pt', 'Ru']	11	[0.026 0.015 0.7   0.001 0.258]	[ 0.024 -0.031  0.121 -0.037 -0.077]	0.63	1.11	1.0	1.76	0.08	0.11	0.02	0.13	0.54	0.19	0.2	0.15011611941062464	0.324	0.071
2	['Ag', 'Ir', 'Pd', 'Pt', 'Ru']	11	[0.029 0.03  0.596 0.003 0.342]	[ 0.035  0.018 -0.03  -0.035  0.012]	0.63	1.11	1.0	1.76	0.08	0.11	0.02	0.13	0.54	0.19	0.2	0.1547249666129964	0.444	0.071
3	['Ag', 'Ir', 'Pd', 'Pt', 'Ru']	11	[0.02  0.086 0.636 0.046 0.212]	[-0.033  0.087  0.05   0.056 -0.16 ]	0.63	1.11	1.0	1.76	0.08	0.11	0.02	0.13	0.54	0.19	0.2	0.15513646490205876	0.342	0.071
4	['Ag', 'Ir', 'Pd', 'Pt', 'Ru']	11	[0.013 0.054 0.617 0.09  0.226]	[ 0.017  0.031  0.001  0.079 -0.127]	0.63	1.11	1.0	1.76	0.08	0.11	0.02	0.13	0.54	0.19	0.2	0.15505373226581914	0.368	0.071
0	['Ag', 'Ir', 'Pd', 'Pt', 'Ru']	12	[0.045 0.079 0.639 0.028 0.209]	[ 0.078  0.059  0.024 -0.05  -0.111]	0.63	1.11	1.0	1.76	0.08	0.11	0.02	0.13	0.54	0.19	0.2	0.1578523180718086	0.326	0.071
1	['Ag', 'Ir', 'Pd', 'Pt', 'Ru']	12	[0.041 0.058 0.534 0.013 0.354]	[ 0.015  0.043 -0.167  0.012  0.096]	0.63	1.11	1.0	1.76	0.08	0.11	0.02	0.13	0.54	0.19	0.2	0.14729513845042172	0.49	0.071
2	['Ag', 'Ir', 'Pd', 'Pt', 'Ru']	12	[0.02  0.12  0.749 0.065 0.046]	[-0.285  0.062  0.179 -0.409  0.454]	0.63	1.11	1.0	1.76	0.08	0.11	0.02	0.13	0.54	0.19	0.2	0.12249907601137365	0.219	0.071
3	['Ag', 'Ir', 'Pd', 'Pt', 'Ru']	12	[0.028 0.001 0.619 0.062 0.29 ]	[-0.046 -0.129 -0.028  0.093  0.109]	0.63	1.11	1.0	1.76	0.08	0.11	0.02	0.13	0.54	0.19	0.2	0.15806675356733046	0.395	0.071
4	['Ag', 'Ir', 'Pd', 'Pt', 'Ru']	12	[0.014 0.01  0.618 0.065 0.293]	[-0.08  -0.094 -0.031  0.14   0.065]	0.63	1.11	1.0	1.76	0.08	0.11	0.02	0.13	0.54	0.19	0.2	0.15871046824931498	0.403	0.071
0	['Ag', 'Ir', 'Pd', 'Pt', 'Ru']	13	[0.016 0.005 0.624 0.    0.355]	[ 0.03  -0.128 -0.044 -0.003  0.145]	0.63	1.11	1.0	1.76	0.08	0.11	0.02	0.13	0.54	0.19	0.2	0.15220743980524834	0.442	0.071
1	['Ag', 'Ir', 'Pd', 'Pt', 'Ru']	13	[0.029 0.069 0.399 0.159 0.344]	[-0.012  0.011 -0.135  0.146 -0.01 ]	0.63	1.11	1.0	1.76	0.08	0.11	0.02	0.13	0.54	0.19	0.2	0.11874092995068695	0.605	0.071
2	['Ag', 'Ir', 'Pd', 'Pt', 'Ru']	13	[0.011 0.076 0.694 0.001 0.218]	[ 0.019 -0.051 -0.063 -0.071  0.167]	0.63	1.11	1.0	1.76	0.08	0.11	0.02	0.13	0.54	0.19	0.2	0.15756323995442711	0.311	0.071
3	['Ag', 'Ir', 'Pd', 'Pt', 'Ru']	13	[0.03  0.022 0.611 0.033 0.304]	[ 0.014 -0.009 -0.122  0.154 -0.036]	0.63	1.11	1.0	1.76	0.08	0.11	0.02	0.13	0.54	0.19	0.2	0.15518975791223685	0.407	0.071
4	['Ag', 'Ir', 'Pd', 'Pt', 'Ru']	13	[0.059 0.008 0.643 0.02  0.27 ]	[ 0.059 -0.003  0.035 -0.061 -0.03 ]	0.63	1.11	1.0	1.76	0.08	0.11	0.02	0.13	0.54	0.19	0.2	0.15208262372266967	0.353	0.071
0	['Ag', 'Ir', 'Pd', 'Pt', 'Ru']	14	[0.009 0.081 0.713 0.001 0.196]	[ 0.014  0.073  0.084 -0.007 -0.165]	0.63	1.11	1.0	1.76	0.08	0.11	0.02	0.13	0.54	0.19	0.2	0.15490616559387232	0.289	0.071
1	['Ag', 'Ir', 'Pd', 'Pt', 'Ru']	14	[0.038 0.047 0.563 0.064 0.288]	[ 0.009 -0.022  0.165 -0.095 -0.056]	0.63	1.11	1.0	1.76	0.08	0.11	0.02	0.13	0.54	0.19	0.2	0.15392460092114899	0.429	0.071
2	['Ag', 'Ir', 'Pd', 'Pt', 'Ru']	14	[0.021 0.01  0.573 0.044 0.352]	[-0.028 -0.052 -0.108  0.034  0.154]	0.63	1.11	1.0	1.76	0.08	0.11	0.02	0.13	0.54	0.19	0.2	0.15235204139740124	0.468	0.071
3	['Ag', 'Ir', 'Pd', 'Pt', 'Ru']	14	[0.007 0.113 0.688 0.016 0.176]	[ 0.007  0.081  0.065  0.018 -0.17 ]	0.63	1.11	1.0	1.76	0.08	0.11	0.02	0.13	0.54	0.19	0.2	0.15165812468213719	0.301	0.071
4	['Ag', 'Ir', 'Pd', 'Pt', 'Ru']	14	[0.041 0.09  0.687 0.01  0.172]	[ 0.072  0.085  0.034 -0.031 -0.16 ]	0.63	1.11	1.0	1.76	0.08	0.11	0.02	0.13	0.54	0.19	0.2	0.1516319267927955	0.276	0.071
0	['Ag', 'Ir', 'Pd', 'Pt', 'Ru']	15	[0.015 0.045 0.587 0.008 0.345]	[ 0.017 -0.034 -0.124 -0.01   0.152]	0.63	1.11	1.0	1.76	0.08	0.11	0.02	0.13	0.54	0.19	0.2	0.15367393078308	0.457	0.071
1	['Ag', 'Ir', 'Pd', 'Pt', 'Ru']	15	[0.052 0.019 0.66  0.058 0.211]	[ 0.06  -0.007  0.123 -0.033 -0.142]	0.63	1.11	1.0	1.76	0.08	0.11	0.02	0.13	0.54	0.19	0.2	0.15407082568831487	0.307	0.071
2	['Ag', 'Ir', 'Pd', 'Pt', 'Ru']	15	[0.002 0.082 0.684 0.01  0.222]	[-0.005  0.053  0.094  0.025 -0.167]	0.63	1.11	1.0	1.76	0.08	0.11	0.02	0.13	0.54	0.19	0.2	0.15877455198569365	0.325	0.071
3	['Ag', 'Ir', 'Pd', 'Pt', 'Ru']	15	[0.025 0.002 0.628 0.042 0.303]	[-0.025 -0.113 -0.053  0.043  0.148]	0.63	1.11	1.0	1.76	0.08	0.11	0.02	0.13	0.54	0.19	0.2	0.15805933806154912	0.398	0.071
4	['Ag', 'Ir', 'Pd', 'Pt', 'Ru']	15	[0.031 0.01  0.623 0.012 0.324]	[ 0.046 -0.098 -0.082 -0.012  0.147]	0.63	1.11	1.0	1.76	0.08	0.11	0.02	0.13	0.54	0.19	0.2	0.15632087506567935	0.413	0.071
0	['Ag', 'Ir', 'Pd', 'Pt', 'Ru']	16	[0.03  0.053 0.594 0.003 0.32 ]	[ 0.062 -0.17   0.081  0.007  0.02 ]	0.63	1.11	1.0	1.76	0.08	0.11	0.02	0.13	0.54	0.19	0.2	0.15699227380119385	0.43	0.071
1	['Ag', 'Ir', 'Pd', 'Pt', 'Ru']	16	[0.006 0.07  0.597 0.031 0.296]	[ 0.012  0.024 -0.172  0.052  0.085]	0.63	1.11	1.0	1.76	0.08	0.11	0.02	0.13	0.54	0.19	0.2	0.1580566755236461	0.422	0.071
2	['Ag', 'Ir', 'Pd', 'Pt', 'Ru']	16	[0.004 0.102 0.672 0.003 0.219]	[ 0.004  0.02  -0.013 -0.007 -0.003]	0.63	1.11	1.0	1.76	0.08	0.11	0.02	0.13	0.54	0.19	0.2	0.15640864502171256	0.334	0.071
3	['Ag', 'Ir', 'Pd', 'Pt', 'Ru']	16	[0.008 0.076 0.641 0.049 0.226]	[-0.007  0.1   -0.003  0.069 -0.159]	0.63	1.11	1.0	1.76	0.08	0.11	0.02	0.13	0.54	0.19	0.2	0.16159115457854623	0.351	0.071
4	['Ag', 'Ir', 'Pd', 'Pt', 'Ru']	16	[0.03  0.092 0.684 0.027 0.167]	[ 0.038  0.075  0.054  0.006 -0.173]	0.63	1.11	1.0	1.76	0.08	0.11	0.02	0.13	0.54	0.19	0.2	0.1495087873964033	0.281	0.071
0	['Ag', 'Ir', 'Pd', 'Pt', 'Ru']	17	[0.016 0.009 0.741 0.018 0.216]	[ 0.031 -0.074  0.145  0.01  -0.112]	0.63	1.11	1.0	1.76	0.08	0.11	0.02	0.13	0.54	0.19	0.2	0.14390990457986685	0.277	0.071
1	['Ag', 'Ir', 'Pd', 'Pt', 'Ru']	17	[0.001 0.009 0.652 0.04  0.298]	[-0.046  0.067  0.04  -0.026 -0.035]	0.63	1.11	1.0	1.76	0.08	0.11	0.02	0.13	0.54	0.19	0.2	0.1596323180150813	0.39	0.071
2	['Ag', 'Ir', 'Pd', 'Pt', 'Ru']	17	[0.09  0.149 0.18  0.015 0.566]	[-0.13   0.199 -0.503  0.01   0.425]	0.63	1.11	1.0	1.76	0.08	0.11	0.02	0.13	0.54	0.19	0.2	0.023235995368004886	0.892	0.071
3	['Ag', 'Ir', 'Pd', 'Pt', 'Ru']	17	[0.011 0.128 0.683 0.056 0.122]	[-0.039  0.054  0.04   0.081 -0.135]	0.63	1.11	1.0	1.76	0.08	0.11	0.02	0.13	0.54	0.19	0.2	0.13823776367839696	0.286	0.071
4	['Ag', 'Ir', 'Pd', 'Pt', 'Ru']	17	[0.03  0.008 0.689 0.007 0.266]	[ 0.012  0.05  -0.039 -0.145  0.122]	0.63	1.11	1.0	1.76	0.08	0.11	0.02	0.13	0.54	0.19	0.2	0.15212342664446096	0.333	0.071
0	['Ag', 'Ir', 'Pd', 'Pt', 'Ru']	18	[0.008 0.02  0.608 0.009 0.355]	[-0.002  0.014 -0.141 -0.012  0.141]	0.63	1.11	1.0	1.76	0.08	0.11	0.02	0.13	0.54	0.19	0.2	0.15477148979760724	0.453	0.071
1	['Ag', 'Ir', 'Pd', 'Pt', 'Ru']	18	[0.021 0.041 0.722 0.016 0.2  ]	[-0.008  0.03   0.078  0.038 -0.138]	0.63	1.11	1.0	1.76	0.08	0.11	0.02	0.13	0.54	0.19	0.2	0.1488822173485627	0.274	0.071
2	['Ag', 'Ir', 'Pd', 'Pt', 'Ru']	18	[0.044 0.124 0.347 0.016 0.469]	[-0.046 -0.025  0.167  0.001 -0.097]	0.63	1.11	1.0	1.76	0.08	0.11	0.02	0.13	0.54	0.19	0.2	0.07605077845594488	0.707	0.071
3	['Ag', 'Ir', 'Pd', 'Pt', 'Ru']	18	[0.018 0.031 0.662 0.009 0.28 ]	[-0.014 -0.124 -0.046  0.041  0.143]	0.63	1.11	1.0	1.76	0.08	0.11	0.02	0.13	0.54	0.19	0.2	0.15736147734661043	0.364	0.071
4	['Ag', 'Ir', 'Pd', 'Pt', 'Ru']	18	[0.046 0.082 0.539 0.026 0.307]	[ 0.058  0.088 -0.156 -0.042  0.052]	0.63	1.11	1.0	1.76	0.08	0.11	0.02	0.13	0.54	0.19	0.2	0.15000979047534574	0.457	0.071
0	['Ag', 'Ir', 'Pd', 'Pt', 'Ru']	19	[0.024 0.167 0.547 0.025 0.237]	[ 0.016  0.147 -0.062  0.016 -0.118]	0.63	1.11	1.0	1.76	0.08	0.11	0.02	0.13	0.54	0.19	0.2	0.1441690196896952	0.439	0.071
1	['Ag', 'Ir', 'Pd', 'Pt', 'Ru']	19	[0.024 0.007 0.609 0.014 0.346]	[ 0.03  -0.055 -0.119 -0.005  0.148]	0.63	1.11	1.0	1.76	0.08	0.11	0.02	0.13	0.54	0.19	0.2	0.15452614780277116	0.44	0.071
2	['Ag', 'Ir', 'Pd', 'Pt', 'Ru']	19	[0.022 0.093 0.511 0.012 0.362]	[-0.022 -0.031  0.164 -0.004 -0.107]	0.63	1.11	1.0	1.76	0.08	0.11	0.02	0.13	0.54	0.19	0.2	0.1391109420399485	0.521	0.071
3	['Ag', 'Ir', 'Pd', 'Pt', 'Ru']	19	[0.019 0.012 0.611 0.022 0.336]	[ 0.023 -0.033 -0.085  0.012  0.084]	0.63	1.11	1.0	1.76	0.08	0.11	0.02	0.13	0.54	0.19	0.2	0.15555686914898015	0.433	0.071
4	['Ag', 'Ir', 'Pd', 'Pt', 'Ru']	19	[0.004 0.033 0.714 0.006 0.243]	[ 0.031 -0.069  0.16  -0.039 -0.084]	0.63	1.11	1.0	1.76	0.08	0.11	0.02	0.13	0.54	0.19	0.2	0.15089033512854144	0.316	0.071
0	['Ag', 'Ir', 'Pd', 'Pt', 'Ru']	20	[0.002 0.026 0.667 0.003 0.302]	[ 0.016 -0.152  0.112 -0.032  0.056]	0.63	1.11	1.0	1.76	0.08	0.11	0.02	0.13	0.54	0.19	0.2	0.16085522375355824	0.384	0.071
1	['Ag', 'Ir', 'Pd', 'Pt', 'Ru']	20	[0.027 0.004 0.682 0.016 0.271]	[ 0.033 -0.011  0.072 -0.006 -0.088]	0.63	1.11	1.0	1.76	0.08	0.11	0.02	0.13	0.54	0.19	0.2	0.1525672000538093	0.342	0.071
2	['Ag', 'Ir', 'Pd', 'Pt', 'Ru']	20	[0.002 0.053 0.676 0.01  0.259]	[-0.02  -0.04   0.165 -0.002 -0.103]	0.63	1.11	1.0	1.76	0.08	0.11	0.02	0.13	0.54	0.19	0.2	0.15674300149193438	0.35	0.071
3	['Ag', 'Ir', 'Pd', 'Pt', 'Ru']	20	[0.024 0.084 0.632 0.058 0.202]	[-0.025  0.095  0.033  0.058 -0.161]	0.63	1.11	1.0	1.76	0.08	0.11	0.02	0.13	0.54	0.19	0.2	0.1550872460843982	0.339	0.071
4	['Ag', 'Ir', 'Pd', 'Pt', 'Ru']	20	[0.002 0.033 0.755 0.031 0.179]	[-0.068  0.091  0.125 -0.088 -0.06 ]	0.63	1.11	1.0	1.76	0.08	0.11	0.02	0.13	0.54	0.19	0.2	0.13980265006855397	0.255	0.071
0	['Ag', 'Ir', 'Pd', 'Pt', 'Ru']	21	[0.028 0.005 0.598 0.015 0.354]	[ 0.024 -0.012 -0.062 -0.016  0.066]	0.63	1.11	1.0	1.76	0.08	0.11	0.02	0.13	0.54	0.19	0.2	0.15314811178157964	0.452	0.071
1	['Ag', 'Ir', 'Pd', 'Pt', 'Ru']	21	[0.046 0.018 0.65  0.02  0.266]	[ 0.087  0.028 -0.064 -0.04  -0.011]	0.63	1.11	1.0	1.76	0.08	0.11	0.02	0.13	0.54	0.19	0.2	0.15614641661443593	0.35	0.071
2	['Ag', 'Ir', 'Pd', 'Pt', 'Ru']	21	[0.012 0.043 0.738 0.002 0.205]	[ 0.003 -0.013  0.064  0.006 -0.061]	0.63	1.11	1.0	1.76	0.08	0.11	0.02	0.13	0.54	0.19	0.2	0.1474315986977307	0.275	0.071
3	['Ag', 'Ir', 'Pd', 'Pt', 'Ru']	21	[0.015 0.057 0.563 0.035 0.33 ]	[-0.029 -0.059 -0.113  0.064  0.137]	0.63	1.11	1.0	1.76	0.08	0.11	0.02	0.13	0.54	0.19	0.2	0.15351954303667936	0.463	0.071
4	['Ag', 'Ir', 'Pd', 'Pt', 'Ru']	21	[0.008 0.06  0.617 0.002 0.313]	[-0.007  0.016 -0.154  0.018  0.126]	0.63	1.11	1.0	1.76	0.08	0.11	0.02	0.13	0.54	0.19	0.2	0.15940270945261245	0.42	0.071
0	['Ag', 'Ir', 'Pd', 'Pt', 'Ru']	22	[0.076 0.007 0.591 0.008 0.318]	[ 0.16   0.007 -0.028 -0.025 -0.114]	0.63	1.11	1.0	1.76	0.08	0.11	0.02	0.13	0.54	0.19	0.2	0.1507222167837101	0.417	0.071
1	['Ag', 'Ir', 'Pd', 'Pt', 'Ru']	22	[0.044 0.045 0.559 0.    0.352]	[ 0.061  0.013 -0.154 -0.017  0.097]	0.63	1.11	1.0	1.76	0.08	0.11	0.02	0.13	0.54	0.19	0.2	0.15283463517900006	0.471	0.071
2	['Ag', 'Ir', 'Pd', 'Pt', 'Ru']	22	[0.01  0.094 0.578 0.006 0.312]	[ 0.013  0.047 -0.165  0.     0.104]	0.63	1.11	1.0	1.76	0.08	0.11	0.02	0.13	0.54	0.19	0.2	0.15215715346128064	0.447	0.071
3	['Ag', 'Ir', 'Pd', 'Pt', 'Ru']	22	[0.001 0.011 0.678 0.05  0.26 ]	[-0.017 -0.074  0.14   0.057 -0.106]	0.63	1.11	1.0	1.76	0.08	0.11	0.02	0.13	0.54	0.19	0.2	0.15628845927941987	0.349	0.071
4	['Ag', 'Ir', 'Pd', 'Pt', 'Ru']	22	[0.01  0.086 0.59  0.009 0.305]	[ 0.012  0.026 -0.031  0.005 -0.011]	0.63	1.11	1.0	1.76	0.08	0.11	0.02	0.13	0.54	0.19	0.2	0.1568029363308926	0.433	0.071
0	['Ag', 'Ir', 'Pd', 'Pt', 'Ru']	23	[0.031 0.082 0.659 0.014 0.214]	[ 0.079  0.066  0.057 -0.047 -0.156]	0.63	1.11	1.0	1.76	0.08	0.11	0.02	0.13	0.54	0.19	0.2	0.1551461669357479	0.321	0.071
1	['Ag', 'Ir', 'Pd', 'Pt', 'Ru']	23	[0.039 0.023 0.69  0.012 0.236]	[ 0.054 -0.038  0.126 -0.001 -0.14 ]	0.63	1.11	1.0	1.76	0.08	0.11	0.02	0.13	0.54	0.19	0.2	0.15317696548326049	0.307	0.071
2	['Ag', 'Ir', 'Pd', 'Pt', 'Ru']	23	[0.016 0.059 0.731 0.002 0.192]	[ 0.016 -0.038  0.152 -0.006 -0.123]	0.63	1.11	1.0	1.76	0.08	0.11	0.02	0.13	0.54	0.19	0.2	0.15221579760753423	0.269	0.071
3	['Ag', 'Ir', 'Pd', 'Pt', 'Ru']	23	[0.037 0.087 0.58  0.063 0.233]	[-0.064  0.107 -0.118  0.1   -0.025]	0.63	1.11	1.0	1.76	0.08	0.11	0.02	0.13	0.54	0.19	0.2	0.15338164230660328	0.389	0.071
4	['Ag', 'Ir', 'Pd', 'Pt', 'Ru']	23	[0.097 0.045 0.725 0.085 0.048]	[ 0.075  0.116 -0.594  0.066  0.337]	0.63	1.11	1.0	1.76	0.08	0.11	0.02	0.13	0.54	0.19	0.2	0.1377132048457019	0.173	0.071
0	['Ag', 'Ir', 'Pd', 'Pt', 'Ru']	24	[0.035 0.014 0.646 0.013 0.292]	[ 0.05  -0.152 -0.018  0.002  0.119]	0.63	1.11	1.0	1.76	0.08	0.11	0.02	0.13	0.54	0.19	0.2	0.15453670439484457	0.375	0.071
1	['Ag', 'Ir', 'Pd', 'Pt', 'Ru']	24	[0.046 0.034 0.633 0.004 0.283]	[ 0.067  0.003 -0.085 -0.034  0.049]	0.63	1.11	1.0	1.76	0.08	0.11	0.02	0.13	0.54	0.19	0.2	0.15804449522489425	0.373	0.071
2	['Ag', 'Ir', 'Pd', 'Pt', 'Ru']	24	[0.013 0.09  0.587 0.006 0.304]	[ 0.018  0.027 -0.152 -0.001  0.108]	0.63	1.11	1.0	1.76	0.08	0.11	0.02	0.13	0.54	0.19	0.2	0.15551736148537246	0.434	0.071
3	['Ag', 'Ir', 'Pd', 'Pt', 'Ru']	24	[0.019 0.047 0.641 0.032 0.261]	[ 0.007 -0.164  0.071  0.09  -0.003]	0.63	1.11	1.0	1.76	0.08	0.11	0.02	0.13	0.54	0.19	0.2	0.15823004085612025	0.364	0.071
4	['Ag', 'Ir', 'Pd', 'Pt', 'Ru']	24	[0.053 0.072 0.624 0.044 0.207]	[-0.044  0.027 -0.102 -0.041  0.159]	0.63	1.11	1.0	1.76	0.08	0.11	0.02	0.13	0.54	0.19	0.2	0.15581318026632823	0.332	0.071
0	['Ag', 'Ir', 'Pd', 'Pt', 'Ru']	25	[0.072 0.017 0.61  0.039 0.262]	[ 0.128 -0.016 -0.013 -0.099 -0.001]	0.63	1.11	1.0	1.76	0.08	0.11	0.02	0.13	0.54	0.19	0.2	0.151147290949054	0.366	0.071
1	['Ag', 'Ir', 'Pd', 'Pt', 'Ru']	25	[0.06  0.007 0.634 0.012 0.287]	[ 0.101 -0.081 -0.012 -0.002 -0.006]	0.63	1.11	1.0	1.76	0.08	0.11	0.02	0.13	0.54	0.19	0.2	0.15408680420509024	0.371	0.071
2	['Ag', 'Ir', 'Pd', 'Pt', 'Ru']	25	[0.018 0.003 0.658 0.015 0.306]	[-0.028  0.07   0.125 -0.133 -0.033]	0.63	1.11	1.0	1.76	0.08	0.11	0.02	0.13	0.54	0.19	0.2	0.15540779453214013	0.385	0.071
3	['Ag', 'Ir', 'Pd', 'Pt', 'Ru']	25	[0.01  0.02  0.672 0.018 0.28 ]	[-0.007 -0.129  0.053  0.046  0.037]	0.63	1.11	1.0	1.76	0.08	0.11	0.02	0.13	0.54	0.19	0.2	0.1579387586706828	0.361	0.071
4	['Ag', 'Ir', 'Pd', 'Pt', 'Ru']	25	[0.027 0.03  0.601 0.007 0.335]	[ 0.04  -0.107 -0.083  0.008  0.141]	0.63	1.11	1.0	1.76	0.08	0.11	0.02	0.13	0.54	0.19	0.2	0.15538465890044525	0.436	0.071
0	['Ag', 'Ir', 'Pd', 'Pt', 'Ru']	26	[0.02  0.014 0.668 0.03  0.268]	[ 0.108 -0.118  0.076  0.023 -0.09 ]	0.63	1.11	1.0	1.76	0.08	0.11	0.02	0.13	0.54	0.19	0.2	0.15461402183872505	0.351	0.071
1	['Ag', 'Ir', 'Pd', 'Pt', 'Ru']	26	[0.069 0.02  0.678 0.002 0.231]	[ 0.13  -0.073  0.074 -0.063 -0.069]	0.63	1.11	1.0	1.76	0.08	0.11	0.02	0.13	0.54	0.19	0.2	0.14997728233266894	0.3	0.071
2	['Ag', 'Ir', 'Pd', 'Pt', 'Ru']	26	[0.005 0.104 0.696 0.029 0.166]	[ 0.004  0.106  0.036  0.018 -0.165]	0.63	1.11	1.0	1.76	0.08	0.11	0.02	0.13	0.54	0.19	0.2	0.14913914197371989	0.29	0.071
3	['Ag', 'Ir', 'Pd', 'Pt', 'Ru']	26	[0.002 0.035 0.631 0.043 0.289]	[-0.017  0.027 -0.088  0.063  0.015]	0.63	1.11	1.0	1.76	0.08	0.11	0.02	0.13	0.54	0.19	0.2	0.16137867302496703	0.396	0.071
4	['Ag', 'Ir', 'Pd', 'Pt', 'Ru']	26	[0.029 0.033 0.727 0.012 0.199]	[ 0.039  0.001  0.131 -0.027 -0.144]	0.63	1.11	1.0	1.76	0.08	0.11	0.02	0.13	0.54	0.19	0.2	0.14582779331318416	0.266	0.071
0	['Ag', 'Ir', 'Pd', 'Pt', 'Ru']	27	[0.031 0.022 0.62  0.056 0.271]	[ 0.007  0.002 -0.078  0.074 -0.005]	0.63	1.11	1.0	1.76	0.08	0.11	0.02	0.13	0.54	0.19	0.2	0.1550915361592021	0.38	0.071
1	['Ag', 'Ir', 'Pd', 'Pt', 'Ru']	27	[0.078 0.074 0.564 0.004 0.28 ]	[ 0.024  0.078 -0.159 -0.028  0.085]	0.63	1.11	1.0	1.76	0.08	0.11	0.02	0.13	0.54	0.19	0.2	0.1506315388666234	0.413	0.071
2	['Ag', 'Ir', 'Pd', 'Pt', 'Ru']	27	[0.08  0.029 0.624 0.026 0.241]	[ 0.068 -0.096 -0.089 -0.017  0.134]	0.63	1.11	1.0	1.76	0.08	0.11	0.02	0.13	0.54	0.19	0.2	0.15413771827775574	0.34	0.071
3	['Ag', 'Ir', 'Pd', 'Pt', 'Ru']	27	[0.028 0.088 0.572 0.063 0.249]	[-0.061  0.087 -0.078  0.103 -0.05 ]	0.63	1.11	1.0	1.76	0.08	0.11	0.02	0.13	0.54	0.19	0.2	0.15247713208237937	0.407	0.071
4	['Ag', 'Ir', 'Pd', 'Pt', 'Ru']	27	[0.012 0.08  0.585 0.003 0.32 ]	[ 0.026  0.04  -0.155 -0.025  0.114]	0.63	1.11	1.0	1.76	0.08	0.11	0.02	0.13	0.54	0.19	0.2	0.1562261967156311	0.445	0.071
0	['Ag', 'Ir', 'Pd', 'Pt', 'Ru']	28	[0.05  0.055 0.595 0.013 0.287]	[ 0.074  0.039 -0.164  0.074 -0.024]	0.63	1.11	1.0	1.76	0.08	0.11	0.02	0.13	0.54	0.19	0.2	0.1573332593037137	0.401	0.071
1	['Ag', 'Ir', 'Pd', 'Pt', 'Ru']	28	[0.058 0.004 0.613 0.013 0.312]	[ 0.12  -0.137  0.049 -0.061  0.029]	0.63	1.11	1.0	1.76	0.08	0.11	0.02	0.13	0.54	0.19	0.2	0.15410206114208344	0.403	0.071
2	['Ag', 'Ir', 'Pd', 'Pt', 'Ru']	28	[0.049 0.036 0.603 0.01  0.302]	[ 0.14  -0.046 -0.101 -0.06   0.068]	0.63	1.11	1.0	1.76	0.08	0.11	0.02	0.13	0.54	0.19	0.2	0.1587372038440804	0.405	0.071
3	['Ag', 'Ir', 'Pd', 'Pt', 'Ru']	28	[0.019 0.035 0.631 0.034 0.281]	[-0.006 -0.165  0.07   0.088  0.013]	0.63	1.11	1.0	1.76	0.08	0.11	0.02	0.13	0.54	0.19	0.2	0.1580295019229973	0.383	0.071
4	['Ag', 'Ir', 'Pd', 'Pt', 'Ru']	28	[0.005 0.058 0.655 0.011 0.271]	[ 0.002 -0.025  0.072  0.005 -0.054]	0.63	1.11	1.0	1.76	0.08	0.11	0.02	0.13	0.54	0.19	0.2	0.16102609916654265	0.369	0.071
0	['Ag', 'Ir', 'Pd', 'Pt', 'Ru']	29	[0.085 0.001 0.673 0.01  0.231]	[ 0.114 -0.093  0.101 -0.049 -0.074]	0.63	1.11	1.0	1.76	0.08	0.11	0.02	0.13	0.54	0.19	0.2	0.14400761334861348	0.298	0.071
1	['Ag', 'Ir', 'Pd', 'Pt', 'Ru']	29	[0.031 0.002 0.736 0.009 0.222]	[ 0.064 -0.038  0.133 -0.033 -0.125]	0.63	1.11	1.0	1.76	0.08	0.11	0.02	0.13	0.54	0.19	0.2	0.14327271101845346	0.277	0.071
2	['Ag', 'Ir', 'Pd', 'Pt', 'Ru']	29	[0.006 0.103 0.473 0.012 0.406]	[ 0.03   0.052 -0.166 -0.009  0.093]	0.63	1.11	1.0	1.76	0.08	0.11	0.02	0.13	0.54	0.19	0.2	0.12213881833452876	0.582	0.071
3	['Ag', 'Ir', 'Pd', 'Pt', 'Ru']	29	[0.01  0.008 0.703 0.046 0.233]	[-0.003 -0.093  0.123  0.068 -0.095]	0.63	1.11	1.0	1.76	0.08	0.11	0.02	0.13	0.54	0.19	0.2	0.14997545160763504	0.313	0.071
4	['Ag', 'Ir', 'Pd', 'Pt', 'Ru']	29	[0.006 0.064 0.725 0.003 0.202]	[ 0.003  0.002  0.067  0.002 -0.075]	0.63	1.11	1.0	1.76	0.08	0.11	0.02	0.13	0.54	0.19	0.2	0.1522803132244567	0.285	0.071
0	['Ag', 'Ir', 'Pd', 'Pt', 'Ru']	30	[0.059 0.017 0.683 0.021 0.22 ]	[ 0.167 -0.003 -0.014 -0.093 -0.057]	0.63	1.11	1.0	1.76	0.08	0.11	0.02	0.13	0.54	0.19	0.2	0.15037671400564898	0.292	0.071
1	['Ag', 'Ir', 'Pd', 'Pt', 'Ru']	30	[0.03  0.066 0.612 0.013 0.279]	[ 0.043  0.067 -0.136 -0.033  0.059]	0.63	1.11	1.0	1.76	0.08	0.11	0.02	0.13	0.54	0.19	0.2	0.15877837427481206	0.392	0.071
2	['Ag', 'Ir', 'Pd', 'Pt', 'Ru']	30	[0.09  0.158 0.338 0.086 0.328]	[ 0.084  0.055 -0.136  0.074 -0.078]	0.63	1.11	1.0	1.76	0.08	0.11	0.02	0.13	0.54	0.19	0.2	0.0960225245865882	0.637	0.071
3	['Ag', 'Ir', 'Pd', 'Pt', 'Ru']	30	[0.033 0.067 0.628 0.073 0.199]	[-0.063  0.098 -0.107  0.115 -0.042]	0.63	1.11	1.0	1.76	0.08	0.11	0.02	0.13	0.54	0.19	0.2	0.1548953030576185	0.335	0.071
4	['Ag', 'Ir', 'Pd', 'Pt', 'Ru']	30	[0.003 0.064 0.625 0.01  0.298]	[ 0.006 -0.001 -0.103  0.005  0.094]	0.63	1.11	1.0	1.76	0.08	0.11	0.02	0.13	0.54	0.19	0.2	0.1626269654158585	0.406	0.071
