ID	Elements	Generation	Position	Velocity	F_damp	F_b_best	F_h_best	F_g_best	F_b_worst	F_h_worst	F_g_worst	mut_prob	flip_prob	mut_rate	v_max	Activity	Distance	v_min
0	['Ag', 'Ir', 'Pd', 'Pt', 'Ru']	0	[0.8  0.05 0.05 0.05 0.05]	[-0.179  0.045  0.045  0.045  0.045]	0.63	1.11	1.0	1.76	0.08	0.11	0.02	0.13	0.54	0.19	0.2	0.04718687326970261	1.034	0.071
1	['Ag', 'Ir', 'Pd', 'Pt', 'Ru']	0	[0.05 0.8  0.05 0.05 0.05]	[ 0.045 -0.179  0.045  0.045  0.045]	0.63	1.11	1.0	1.76	0.08	0.11	0.02	0.13	0.54	0.19	0.2	0.012897755965668866	1.138	0.071
2	['Ag', 'Ir', 'Pd', 'Pt', 'Ru']	0	[0.05 0.05 0.8  0.05 0.05]	[ 0.045  0.045 -0.179  0.045  0.045]	0.63	1.11	1.0	1.76	0.08	0.11	0.02	0.13	0.54	0.19	0.2	0.12550960571923736	0.141	0.071
3	['Ag', 'Ir', 'Pd', 'Pt', 'Ru']	0	[0.05 0.05 0.05 0.8  0.05]	[ 0.045  0.045  0.045 -0.179  0.045]	0.63	1.11	1.0	1.76	0.08	0.11	0.02	0.13	0.54	0.19	0.2	0.06781611567278917	1.138	0.071
4	['Ag', 'Ir', 'Pd', 'Pt', 'Ru']	0	[0.05 0.05 0.05 0.05 0.8 ]	[ 0.045  0.045  0.045  0.045 -0.179]	0.63	1.11	1.0	1.76	0.08	0.11	0.02	0.13	0.54	0.19	0.2	0.0009547274717013111	1.138	0.071
0	['Ag', 'Ir', 'Pd', 'Pt', 'Ru']	1	[0.659 0.049 0.193 0.053 0.046]	[-0.14  -0.001  0.143  0.003 -0.004]	0.63	1.11	1.0	1.76	0.08	0.11	0.02	0.13	0.54	0.19	0.2	0.05667102675357675	0.835	0.071
1	['Ag', 'Ir', 'Pd', 'Pt', 'Ru']	1	[0.052 0.659 0.192 0.052 0.045]	[ 0.002 -0.141  0.142  0.002 -0.005]	0.63	1.11	1.0	1.76	0.08	0.11	0.02	0.13	0.54	0.19	0.2	0.03387340720486614	0.939	0.071
2	['Ag', 'Ir', 'Pd', 'Pt', 'Ru']	1	[0.068 0.068 0.777 0.068 0.019]	[ 0.001  0.001 -0.061  0.001  0.06 ]	0.63	1.11	1.0	1.76	0.08	0.11	0.02	0.13	0.54	0.19	0.2	0.1340458613326259	0.147	0.071
3	['Ag', 'Ir', 'Pd', 'Pt', 'Ru']	1	[0.047 0.051 0.191 0.657 0.054]	[-0.003  0.001  0.141 -0.142  0.004]	0.63	1.11	1.0	1.76	0.08	0.11	0.02	0.13	0.54	0.19	0.2	0.08917538521240997	0.939	0.071
4	['Ag', 'Ir', 'Pd', 'Pt', 'Ru']	1	[0.052 0.052 0.189 0.052 0.655]	[ 0.002  0.002  0.139  0.002 -0.144]	0.63	1.11	1.0	1.76	0.08	0.11	0.02	0.13	0.54	0.19	0.2	0.02265585680293738	0.939	0.071
0	['Ag', 'Ir', 'Pd', 'Pt', 'Ru']	2	[0.52  0.053 0.337 0.057 0.033]	[-0.138  0.004  0.144  0.004 -0.013]	0.63	1.11	1.0	1.76	0.08	0.11	0.02	0.13	0.54	0.19	0.2	0.08107413957604148	0.638	0.071
1	['Ag', 'Ir', 'Pd', 'Pt', 'Ru']	2	[0.056 0.52  0.336 0.056 0.032]	[ 0.004 -0.138  0.144  0.004 -0.013]	0.63	1.11	1.0	1.76	0.08	0.11	0.02	0.13	0.54	0.19	0.2	0.07056213415788956	0.74	0.071
2	['Ag', 'Ir', 'Pd', 'Pt', 'Ru']	2	[0.056 0.056 0.8   0.056 0.032]	[-0.023 -0.023  0.026 -0.023  0.043]	0.63	1.11	1.0	1.76	0.08	0.11	0.02	0.13	0.54	0.19	0.2	0.12982797892300546	0.136	0.071
3	['Ag', 'Ir', 'Pd', 'Pt', 'Ru']	2	[0.056 0.06  0.328 0.513 0.043]	[ 0.009  0.009  0.137 -0.144 -0.011]	0.63	1.11	1.0	1.76	0.08	0.11	0.02	0.13	0.54	0.19	0.2	0.10795926163702808	0.742	0.071
4	['Ag', 'Ir', 'Pd', 'Pt', 'Ru']	2	[0.056 0.056 0.325 0.056 0.507]	[ 0.004  0.004  0.136  0.004 -0.147]	0.63	1.11	1.0	1.76	0.08	0.11	0.02	0.13	0.54	0.19	0.2	0.07439613801216081	0.74	0.071
0	['Ag', 'Ir', 'Pd', 'Pt', 'Ru']	3	[0.381 0.051 0.481 0.059 0.028]	[-0.139 -0.002  0.144  0.002 -0.005]	0.63	1.11	1.0	1.76	0.08	0.11	0.02	0.13	0.54	0.19	0.2	0.10830810034895763	0.443	0.071
1	['Ag', 'Ir', 'Pd', 'Pt', 'Ru']	3	[0.008 0.589 0.379 0.008 0.016]	[-0.08   0.154  0.044 -0.08  -0.039]	0.63	1.11	1.0	1.76	0.08	0.11	0.02	0.13	0.54	0.19	0.2	0.059186005197791276	0.768	0.071
2	['Ag', 'Ir', 'Pd', 'Pt', 'Ru']	3	[0.007 0.165 0.642 0.004 0.182]	[ 0.067  0.237 -0.611  0.087  0.219]	0.63	1.11	1.0	1.76	0.08	0.11	0.02	0.13	0.54	0.19	0.2	0.15201600593036096	0.352	0.071
3	['Ag', 'Ir', 'Pd', 'Pt', 'Ru']	3	[0.059 0.056 0.474 0.376 0.035]	[ 0.003 -0.004  0.145 -0.137 -0.008]	0.63	1.11	1.0	1.76	0.08	0.11	0.02	0.13	0.54	0.19	0.2	0.11893166358067045	0.544	0.071
4	['Ag', 'Ir', 'Pd', 'Pt', 'Ru']	3	[0.006 0.    0.394 0.    0.6  ]	[-0.086 -0.058  0.05  -0.058  0.153]	0.63	1.11	1.0	1.76	0.08	0.11	0.02	0.13	0.54	0.19	0.2	0.06589300526315325	0.767	0.071
0	['Ag', 'Ir', 'Pd', 'Pt', 'Ru']	4	[0.217 0.089 0.568 0.038 0.088]	[-0.164  0.038  0.087 -0.021  0.06 ]	0.63	1.11	1.0	1.76	0.08	0.11	0.02	0.13	0.54	0.19	0.2	0.1353657463186497	0.318	0.071
1	['Ag', 'Ir', 'Pd', 'Pt', 'Ru']	4	[0.007 0.428 0.483 0.006 0.076]	[-0.001 -0.161  0.103 -0.002  0.06 ]	0.63	1.11	1.0	1.76	0.08	0.11	0.02	0.13	0.54	0.19	0.2	0.09719557736427908	0.587	0.071
2	['Ag', 'Ir', 'Pd', 'Pt', 'Ru']	4	[0.042 0.072 0.733 0.031 0.122]	[ 0.029 -0.116  0.143  0.015 -0.07 ]	0.63	1.11	1.0	1.76	0.08	0.11	0.02	0.13	0.54	0.19	0.2	0.14148489063793374	0.215	0.071
3	['Ag', 'Ir', 'Pd', 'Pt', 'Ru']	4	[0.056 0.038 0.577 0.222 0.107]	[-0.003 -0.018  0.104 -0.154  0.072]	0.63	1.11	1.0	1.76	0.08	0.11	0.02	0.13	0.54	0.19	0.2	0.14140853159170824	0.381	0.071
4	['Ag', 'Ir', 'Pd', 'Pt', 'Ru']	4	[0.052 0.111 0.317 0.051 0.469]	[ 0.046  0.111 -0.077  0.051 -0.131]	0.63	1.11	1.0	1.76	0.08	0.11	0.02	0.13	0.54	0.19	0.2	0.07417022974007936	0.727	0.071
0	['Ag', 'Ir', 'Pd', 'Pt', 'Ru']	5	[0.082 0.173 0.499 0.062 0.184]	[-0.135  0.084 -0.069  0.024  0.096]	0.63	1.11	1.0	1.76	0.08	0.11	0.02	0.13	0.54	0.19	0.2	0.13812568233810565	0.442	0.071
1	['Ag', 'Ir', 'Pd', 'Pt', 'Ru']	5	[0.066 0.295 0.403 0.062 0.174]	[ 0.059 -0.133 -0.079  0.056  0.098]	0.63	1.11	1.0	1.76	0.08	0.11	0.02	0.13	0.54	0.19	0.2	0.10713951213848363	0.573	0.071
2	['Ag', 'Ir', 'Pd', 'Pt', 'Ru']	5	[0.01  0.195 0.621 0.013 0.161]	[ 0.019  0.116 -0.161  0.009  0.017]	0.63	1.11	1.0	1.76	0.08	0.11	0.02	0.13	0.54	0.19	0.2	0.14448826630137912	0.369	0.071
3	['Ag', 'Ir', 'Pd', 'Pt', 'Ru']	5	[0.033 0.093 0.673 0.061 0.14 ]	[-0.023  0.055  0.097 -0.161  0.033]	0.63	1.11	1.0	1.76	0.08	0.11	0.02	0.13	0.54	0.19	0.2	0.14566246000452385	0.277	0.071
4	['Ag', 'Ir', 'Pd', 'Pt', 'Ru']	5	[0.044 0.122 0.461 0.041 0.332]	[-0.008  0.011  0.145 -0.01  -0.137]	0.63	1.11	1.0	1.76	0.08	0.11	0.02	0.13	0.54	0.19	0.2	0.12965671227084022	0.538	0.071
0	['Ag', 'Ir', 'Pd', 'Pt', 'Ru']	6	[0.046 0.124 0.628 0.056 0.146]	[ 0.094 -0.093  0.12  -0.041 -0.08 ]	0.63	1.11	1.0	1.76	0.08	0.11	0.02	0.13	0.54	0.19	0.2	0.14792126257231497	0.316	0.071
1	['Ag', 'Ir', 'Pd', 'Pt', 'Ru']	6	[0.044 0.17  0.556 0.047 0.183]	[-0.022 -0.125  0.154 -0.015  0.009]	0.63	1.11	1.0	1.76	0.08	0.11	0.02	0.13	0.54	0.19	0.2	0.1440759368526997	0.403	0.071
2	['Ag', 'Ir', 'Pd', 'Pt', 'Ru']	6	[0.034 0.091 0.66  0.001 0.214]	[ 0.019 -0.11   0.035  0.008  0.048]	0.63	1.11	1.0	1.76	0.08	0.11	0.02	0.13	0.54	0.19	0.2	0.15498174763024442	0.322	0.071
3	['Ag', 'Ir', 'Pd', 'Pt', 'Ru']	6	[0.003 0.002 0.735 0.064 0.196]	[-0.068 -0.141  0.063  0.095  0.052]	0.63	1.11	1.0	1.76	0.08	0.11	0.02	0.13	0.54	0.19	0.2	0.1441773544272526	0.278	0.071
4	['Ag', 'Ir', 'Pd', 'Pt', 'Ru']	6	[0.017 0.015 0.546 0.04  0.382]	[-0.007 -0.168  0.087  0.048  0.041]	0.63	1.11	1.0	1.76	0.08	0.11	0.02	0.13	0.54	0.19	0.2	0.14751943733392328	0.508	0.071
0	['Ag', 'Ir', 'Pd', 'Pt', 'Ru']	7	[0.    0.022 0.736 0.048 0.194]	[-0.072 -0.135  0.102  0.07   0.034]	0.63	1.11	1.0	1.76	0.08	0.11	0.02	0.13	0.54	0.19	0.2	0.14333788686559698	0.276	0.071
1	['Ag', 'Ir', 'Pd', 'Pt', 'Ru']	7	[0.026 0.057 0.71  0.001 0.206]	[-0.038 -0.135  0.139  0.03   0.004]	0.63	1.11	1.0	1.76	0.08	0.11	0.02	0.13	0.54	0.19	0.2	0.15179480748523297	0.284	0.071
2	['Ag', 'Ir', 'Pd', 'Pt', 'Ru']	7	[0.041 0.015 0.693 0.004 0.247]	[ 0.007 -0.076  0.032  0.003  0.033]	0.63	1.11	1.0	1.76	0.08	0.11	0.02	0.13	0.54	0.19	0.2	0.15232247197947504	0.313	0.071
3	['Ag', 'Ir', 'Pd', 'Pt', 'Ru']	7	[0.023 0.122 0.626 0.04  0.189]	[-0.002  0.111 -0.147  0.07  -0.033]	0.63	1.11	1.0	1.76	0.08	0.11	0.02	0.13	0.54	0.19	0.2	0.15060516888611447	0.344	0.071
4	['Ag', 'Ir', 'Pd', 'Pt', 'Ru']	7	[0.028 0.041 0.679 0.015 0.237]	[ 0.011  0.026  0.132 -0.025 -0.145]	0.63	1.11	1.0	1.76	0.08	0.11	0.02	0.13	0.54	0.19	0.2	0.1556674447166549	0.32	0.071
0	['Ag', 'Ir', 'Pd', 'Pt', 'Ru']	8	[0.019 0.096 0.593 0.01  0.282]	[ 0.019  0.074 -0.145 -0.038  0.088]	0.63	1.11	1.0	1.76	0.08	0.11	0.02	0.13	0.54	0.19	0.2	0.15685230665674757	0.415	0.071
1	['Ag', 'Ir', 'Pd', 'Pt', 'Ru']	8	[0.034 0.076 0.681 0.011 0.198]	[-0.124  0.151 -0.011 -0.037  0.022]	0.63	1.11	1.0	1.76	0.08	0.11	0.02	0.13	0.54	0.19	0.2	0.15240211291301833	0.295	0.071
2	['Ag', 'Ir', 'Pd', 'Pt', 'Ru']	8	[0.005 0.119 0.638 0.024 0.214]	[-0.036  0.104 -0.055  0.02  -0.033]	0.63	1.11	1.0	1.76	0.08	0.11	0.02	0.13	0.54	0.19	0.2	0.15428377277404182	0.356	0.071
3	['Ag', 'Ir', 'Pd', 'Pt', 'Ru']	8	[0.004 0.019 0.687 0.03  0.26 ]	[-0.166  0.099  0.023 -0.003  0.047]	0.63	1.11	1.0	1.76	0.08	0.11	0.02	0.13	0.54	0.19	0.2	0.1547832946216144	0.342	0.071
4	['Ag', 'Ir', 'Pd', 'Pt', 'Ru']	8	[0.032 0.055 0.813 0.008 0.092]	[-0.001  0.009  0.129  0.014 -0.151]	0.63	1.11	1.0	1.76	0.08	0.11	0.02	0.13	0.54	0.19	0.2	0.1302111315712485	0.164	0.071
0	['Ag', 'Ir', 'Pd', 'Pt', 'Ru']	9	[0.043 0.121 0.496 0.006 0.334]	[ 0.041  0.023 -0.111 -0.007  0.054]	0.63	1.11	1.0	1.76	0.08	0.11	0.02	0.13	0.54	0.19	0.2	0.13682007327636217	0.513	0.071
1	['Ag', 'Ir', 'Pd', 'Pt', 'Ru']	9	[0.024 0.104 0.546 0.011 0.315]	[ 0.036  0.021 -0.155 -0.018  0.116]	0.63	1.11	1.0	1.76	0.08	0.11	0.02	0.13	0.54	0.19	0.2	0.14775353045088968	0.467	0.071
2	['Ag', 'Ir', 'Pd', 'Pt', 'Ru']	9	[0.128 0.18  0.543 0.043 0.106]	[ 0.123  0.061 -0.095  0.019 -0.108]	0.63	1.11	1.0	1.76	0.08	0.11	0.02	0.13	0.54	0.19	0.2	0.1402959150729452	0.374	0.071
3	['Ag', 'Ir', 'Pd', 'Pt', 'Ru']	9	[0.002 0.123 0.543 0.05  0.282]	[-0.013  0.105 -0.16   0.052  0.017]	0.63	1.11	1.0	1.76	0.08	0.11	0.02	0.13	0.54	0.19	0.2	0.14665341903301354	0.462	0.071
4	['Ag', 'Ir', 'Pd', 'Pt', 'Ru']	9	[0.021 0.081 0.663 0.013 0.222]	[-0.011  0.026 -0.15   0.005  0.13 ]	0.63	1.11	1.0	1.76	0.08	0.11	0.02	0.13	0.54	0.19	0.2	0.1565360364066173	0.328	0.071
0	['Ag', 'Ir', 'Pd', 'Pt', 'Ru']	10	[0.063 0.17  0.352 0.126 0.289]	[ 0.02   0.049 -0.144  0.12  -0.045]	0.63	1.11	1.0	1.76	0.08	0.11	0.02	0.13	0.54	0.19	0.2	0.10157051485488404	0.62	0.071
1	['Ag', 'Ir', 'Pd', 'Pt', 'Ru']	10	[0.006 0.01  0.644 0.016 0.324]	[-0.1    0.071  0.138 -0.058 -0.052]	0.63	1.11	1.0	1.76	0.08	0.11	0.02	0.13	0.54	0.19	0.2	0.15908977123164061	0.41	0.071
2	['Ag', 'Ir', 'Pd', 'Pt', 'Ru']	10	[0.032 0.104 0.623 0.004 0.237]	[-0.096 -0.076  0.08  -0.039  0.131]	0.63	1.11	1.0	1.76	0.08	0.11	0.02	0.13	0.54	0.19	0.2	0.15480468122440114	0.364	0.071
3	['Ag', 'Ir', 'Pd', 'Pt', 'Ru']	10	[0.005 0.045 0.698 0.016 0.236]	[-0.026 -0.101  0.151  0.043 -0.067]	0.63	1.11	1.0	1.76	0.08	0.11	0.02	0.13	0.54	0.19	0.2	0.15463474932027124	0.32	0.071
4	['Ag', 'Ir', 'Pd', 'Pt', 'Ru']	10	[0.005 0.122 0.526 0.008 0.339]	[-0.016  0.041 -0.138 -0.005  0.117]	0.63	1.11	1.0	1.76	0.08	0.11	0.02	0.13	0.54	0.19	0.2	0.1420245424647261	0.506	0.071
0	['Ag', 'Ir', 'Pd', 'Pt', 'Ru']	11	[0.051 0.296 0.208 0.104 0.341]	[-0.012  0.126 -0.144 -0.022  0.053]	0.63	1.11	1.0	1.76	0.08	0.11	0.02	0.13	0.54	0.19	0.2	0.04533138332701246	0.798	0.071
1	['Ag', 'Ir', 'Pd', 'Pt', 'Ru']	11	[0.01  0.014 0.745 0.004 0.227]	[ 0.002 -0.033  0.159 -0.012 -0.116]	0.63	1.11	1.0	1.76	0.08	0.11	0.02	0.13	0.54	0.19	0.2	0.14329185240422695	0.287	0.071
2	['Ag', 'Ir', 'Pd', 'Pt', 'Ru']	11	[0.009 0.006 0.652 0.02  0.313]	[-0.043  0.111 -0.007 -0.14   0.079]	0.63	1.11	1.0	1.76	0.08	0.11	0.02	0.13	0.54	0.19	0.2	0.15746941594545807	0.397	0.071
3	['Ag', 'Ir', 'Pd', 'Pt', 'Ru']	11	[0.036 0.054 0.775 0.042 0.093]	[ 0.021  0.066  0.072  0.015 -0.173]	0.63	1.11	1.0	1.76	0.08	0.11	0.02	0.13	0.54	0.19	0.2	0.13085881342935168	0.179	0.071
4	['Ag', 'Ir', 'Pd', 'Pt', 'Ru']	11	[0.    0.001 0.652 0.004 0.343]	[-0.074  0.101  0.118 -0.077 -0.067]	0.63	1.11	1.0	1.76	0.08	0.11	0.02	0.13	0.54	0.19	0.2	0.15606076550255568	0.424	0.071
0	['Ag', 'Ir', 'Pd', 'Pt', 'Ru']	12	[0.02  0.175 0.363 0.125 0.317]	[-0.031 -0.121  0.153  0.021 -0.024]	0.63	1.11	1.0	1.76	0.08	0.11	0.02	0.13	0.54	0.19	0.2	0.10129913639904237	0.633	0.071
1	['Ag', 'Ir', 'Pd', 'Pt', 'Ru']	12	[0.023 0.04  0.602 0.002 0.333]	[-0.026  0.045 -0.134 -0.022  0.137]	0.63	1.11	1.0	1.76	0.08	0.11	0.02	0.13	0.54	0.19	0.2	0.15600401197172103	0.436	0.071
2	['Ag', 'Ir', 'Pd', 'Pt', 'Ru']	12	[0.005 0.007 0.61  0.059 0.319]	[-0.043 -0.043 -0.066  0.11   0.041]	0.63	1.11	1.0	1.76	0.08	0.11	0.02	0.13	0.54	0.19	0.2	0.15975888702161767	0.429	0.071
3	['Ag', 'Ir', 'Pd', 'Pt', 'Ru']	12	[0.009 0.015 0.701 0.006 0.269]	[-0.027 -0.039 -0.073 -0.036  0.176]	0.63	1.11	1.0	1.76	0.08	0.11	0.02	0.13	0.54	0.19	0.2	0.15205376268857584	0.339	0.071
4	['Ag', 'Ir', 'Pd', 'Pt', 'Ru']	12	[0.006 0.068 0.745 0.001 0.18 ]	[ 0.001  0.068  0.093  0.002 -0.164]	0.63	1.11	1.0	1.76	0.08	0.11	0.02	0.13	0.54	0.19	0.2	0.1499934373487737	0.262	0.071
0	['Ag', 'Ir', 'Pd', 'Pt', 'Ru']	13	[0.01  0.075 0.528 0.079 0.308]	[-0.01  -0.1    0.166 -0.046 -0.009]	0.63	1.11	1.0	1.76	0.08	0.11	0.02	0.13	0.54	0.19	0.2	0.15123988347483522	0.48	0.071
1	['Ag', 'Ir', 'Pd', 'Pt', 'Ru']	13	[0.002 0.072 0.582 0.041 0.303]	[-0.032  0.135 -0.075  0.072 -0.1  ]	0.63	1.11	1.0	1.76	0.08	0.11	0.02	0.13	0.54	0.19	0.2	0.15832363984546766	0.439	0.071
2	['Ag', 'Ir', 'Pd', 'Pt', 'Ru']	13	[0.006 0.029 0.558 0.086 0.321]	[-0.     0.026 -0.08   0.047  0.008]	0.63	1.11	1.0	1.76	0.08	0.11	0.02	0.13	0.54	0.19	0.2	0.1564666365010083	0.466	0.071
3	['Ag', 'Ir', 'Pd', 'Pt', 'Ru']	13	[0.003 0.015 0.557 0.031 0.394]	[-0.001  0.013 -0.156  0.02   0.124]	0.63	1.11	1.0	1.76	0.08	0.11	0.02	0.13	0.54	0.19	0.2	0.1469342267096281	0.514	0.071
4	['Ag', 'Ir', 'Pd', 'Pt', 'Ru']	13	[0.01  0.012 0.61  0.073 0.295]	[ 0.004 -0.056 -0.136  0.072  0.115]	0.63	1.11	1.0	1.76	0.08	0.11	0.02	0.13	0.54	0.19	0.2	0.15914689446845967	0.412	0.071
0	['Ag', 'Ir', 'Pd', 'Pt', 'Ru']	14	[0.    0.015 0.688 0.016 0.281]	[-0.043  0.059  0.145 -0.1   -0.061]	0.63	1.11	1.0	1.76	0.08	0.11	0.02	0.13	0.54	0.19	0.2	0.1573043890796443	0.358	0.071
1	['Ag', 'Ir', 'Pd', 'Pt', 'Ru']	14	[0.03  0.055 0.477 0.13  0.308]	[ 0.006  0.092 -0.157  0.08  -0.022]	0.63	1.11	1.0	1.76	0.08	0.11	0.02	0.13	0.54	0.19	0.2	0.14499531392246234	0.518	0.071
2	['Ag', 'Ir', 'Pd', 'Pt', 'Ru']	14	[0.015 0.028 0.674 0.01  0.273]	[-0.031  0.041  0.124 -0.082 -0.052]	0.63	1.11	1.0	1.76	0.08	0.11	0.02	0.13	0.54	0.19	0.2	0.1568411681790977	0.353	0.071
3	['Ag', 'Ir', 'Pd', 'Pt', 'Ru']	14	[0.009 0.014 0.682 0.055 0.24 ]	[ 0.006 -0.001  0.125  0.024 -0.154]	0.63	1.11	1.0	1.76	0.08	0.11	0.02	0.13	0.54	0.19	0.2	0.15389322957817955	0.33	0.071
4	['Ag', 'Ir', 'Pd', 'Pt', 'Ru']	14	[0.002 0.024 0.581 0.043 0.35 ]	[-0.016  0.024 -0.034 -0.034  0.059]	0.63	1.11	1.0	1.76	0.08	0.11	0.02	0.13	0.54	0.19	0.2	0.1562670908402602	0.468	0.071
0	['Ag', 'Ir', 'Pd', 'Pt', 'Ru']	15	[0.022 0.001 0.7   0.004 0.273]	[ 0.02  -0.019  0.021 -0.022 -0.   ]	0.63	1.11	1.0	1.76	0.08	0.11	0.02	0.13	0.54	0.19	0.2	0.1510829492699602	0.337	0.071
1	['Ag', 'Ir', 'Pd', 'Pt', 'Ru']	15	[0.001 0.003 0.646 0.04  0.31 ]	[-0.029 -0.052  0.168 -0.09   0.002]	0.63	1.11	1.0	1.76	0.08	0.11	0.02	0.13	0.54	0.19	0.2	0.15884767719413137	0.402	0.071
2	['Ag', 'Ir', 'Pd', 'Pt', 'Ru']	15	[0.04  0.002 0.566 0.048 0.344]	[ 0.025  0.006 -0.148  0.038  0.08 ]	0.63	1.11	1.0	1.76	0.08	0.11	0.02	0.13	0.54	0.19	0.2	0.1525392066194377	0.462	0.071
3	['Ag', 'Ir', 'Pd', 'Pt', 'Ru']	15	[0.005 0.027 0.667 0.022 0.279]	[-0.065 -0.083 -0.023  0.094  0.077]	0.63	1.11	1.0	1.76	0.08	0.11	0.02	0.13	0.54	0.19	0.2	0.15911601126419841	0.365	0.071
4	['Ag', 'Ir', 'Pd', 'Pt', 'Ru']	15	[0.    0.003 0.732 0.042 0.223]	[-0.009  0.015  0.143 -0.011 -0.138]	0.63	1.11	1.0	1.76	0.08	0.11	0.02	0.13	0.54	0.19	0.2	0.14753500620426227	0.297	0.071
0	['Ag', 'Ir', 'Pd', 'Pt', 'Ru']	16	[0.362 0.039 0.498 0.073 0.028]	[ 0.416  0.071 -0.554  0.071 -0.004]	0.63	1.11	1.0	1.76	0.08	0.11	0.02	0.13	0.54	0.19	0.2	0.11136962941687457	0.42	0.071
1	['Ag', 'Ir', 'Pd', 'Pt', 'Ru']	16	[0.028 0.011 0.685 0.017 0.259]	[-0.083  0.009  0.102  0.027 -0.055]	0.63	1.11	1.0	1.76	0.08	0.11	0.02	0.13	0.54	0.19	0.2	0.15174560453264258	0.331	0.071
2	['Ag', 'Ir', 'Pd', 'Pt', 'Ru']	16	[0.076 0.002 0.635 0.04  0.247]	[ 0.086 -0.01   0.075 -0.02  -0.131]	0.63	1.11	1.0	1.76	0.08	0.11	0.02	0.13	0.54	0.19	0.2	0.14972594091433386	0.338	0.071
3	['Ag', 'Ir', 'Pd', 'Pt', 'Ru']	16	[0.013 0.038 0.556 0.031 0.362]	[-0.008  0.043 -0.147  0.009  0.104]	0.63	1.11	1.0	1.76	0.08	0.11	0.02	0.13	0.54	0.19	0.2	0.14928994290481148	0.489	0.071
4	['Ag', 'Ir', 'Pd', 'Pt', 'Ru']	16	[0.005 0.034 0.567 0.066 0.328]	[ 0.003  0.031 -0.165  0.025  0.105]	0.63	1.11	1.0	1.76	0.08	0.11	0.02	0.13	0.54	0.19	0.2	0.1563198487703351	0.463	0.071
0	['Ag', 'Ir', 'Pd', 'Pt', 'Ru']	17	[0.219 0.031 0.518 0.066 0.166]	[-0.143 -0.008  0.021 -0.007  0.138]	0.63	1.11	1.0	1.76	0.08	0.11	0.02	0.13	0.54	0.19	0.2	0.13033885791277672	0.385	0.071
1	['Ag', 'Ir', 'Pd', 'Pt', 'Ru']	17	[0.073 0.016 0.544 0.031 0.336]	[ 0.075 -0.034 -0.155  0.021  0.093]	0.63	1.11	1.0	1.76	0.08	0.11	0.02	0.13	0.54	0.19	0.2	0.14898896901162276	0.462	0.071
2	['Ag', 'Ir', 'Pd', 'Pt', 'Ru']	17	[0.043 0.02  0.556 0.039 0.342]	[ 0.099 -0.061 -0.123 -0.02   0.105]	0.63	1.11	1.0	1.76	0.08	0.11	0.02	0.13	0.54	0.19	0.2	0.1510324834331978	0.466	0.071
3	['Ag', 'Ir', 'Pd', 'Pt', 'Ru']	17	[0.041 0.027 0.683 0.001 0.248]	[ 0.029 -0.004  0.144 -0.036 -0.132]	0.63	1.11	1.0	1.76	0.08	0.11	0.02	0.13	0.54	0.19	0.2	0.15463814120631464	0.319	0.071
4	['Ag', 'Ir', 'Pd', 'Pt', 'Ru']	17	[0.021 0.004 0.62  0.053 0.302]	[-0.     0.029  0.069 -0.039 -0.059]	0.63	1.11	1.0	1.76	0.08	0.11	0.02	0.13	0.54	0.19	0.2	0.15805571244461156	0.404	0.071
0	['Ag', 'Ir', 'Pd', 'Pt', 'Ru']	18	[0.069 0.011 0.602 0.053 0.265]	[-0.15  -0.02   0.084 -0.013  0.099]	0.63	1.11	1.0	1.76	0.08	0.11	0.02	0.13	0.54	0.19	0.2	0.1511136493878096	0.376	0.071
1	['Ag', 'Ir', 'Pd', 'Pt', 'Ru']	18	[0.078 0.014 0.629 0.001 0.278]	[ 0.123 -0.032  0.086 -0.07  -0.108]	0.63	1.11	1.0	1.76	0.08	0.11	0.02	0.13	0.54	0.19	0.2	0.1522002560898117	0.363	0.071
2	['Ag', 'Ir', 'Pd', 'Pt', 'Ru']	18	[0.047 0.068 0.614 0.016 0.255]	[ 0.     0.068  0.096 -0.005 -0.158]	0.63	1.11	1.0	1.76	0.08	0.11	0.02	0.13	0.54	0.19	0.2	0.1599985173133028	0.369	0.071
3	['Ag', 'Ir', 'Pd', 'Pt', 'Ru']	18	[0.055 0.005 0.596 0.021 0.323]	[ 0.071 -0.017 -0.159  0.01   0.096]	0.63	1.11	1.0	1.76	0.08	0.11	0.02	0.13	0.54	0.19	0.2	0.1554094188718303	0.422	0.071
4	['Ag', 'Ir', 'Pd', 'Pt', 'Ru']	18	[0.044 0.007 0.681 0.038 0.23 ]	[ 0.045 -0.001  0.065 -0.022 -0.087]	0.63	1.11	1.0	1.76	0.08	0.11	0.02	0.13	0.54	0.19	0.2	0.15133609614728227	0.307	0.071
0	['Ag', 'Ir', 'Pd', 'Pt', 'Ru']	19	[0.088 0.011 0.644 0.074 0.183]	[ 0.133 -0.027  0.034  0.003 -0.143]	0.63	1.11	1.0	1.76	0.08	0.11	0.02	0.13	0.54	0.19	0.2	0.14734726175265392	0.292	0.071
1	['Ag', 'Ir', 'Pd', 'Pt', 'Ru']	19	[0.031 0.01  0.658 0.005 0.296]	[ 0.128 -0.057  0.007 -0.066 -0.012]	0.63	1.11	1.0	1.76	0.08	0.11	0.02	0.13	0.54	0.19	0.2	0.15475553258674307	0.373	0.071
2	['Ag', 'Ir', 'Pd', 'Pt', 'Ru']	19	[0.044 0.119 0.672 0.005 0.16 ]	[-0.003  0.051  0.058 -0.011 -0.095]	0.63	1.11	1.0	1.76	0.08	0.11	0.02	0.13	0.54	0.19	0.2	0.15188194941783015	0.288	0.071
3	['Ag', 'Ir', 'Pd', 'Pt', 'Ru']	19	[0.012 0.125 0.641 0.034 0.188]	[-0.05   0.119  0.041  0.034 -0.144]	0.63	1.11	1.0	1.76	0.08	0.11	0.02	0.13	0.54	0.19	0.2	0.15111677219802427	0.339	0.071
4	['Ag', 'Ir', 'Pd', 'Pt', 'Ru']	19	[0.041 0.153 0.55  0.004 0.252]	[-0.003  0.146 -0.131 -0.034  0.022]	0.63	1.11	1.0	1.76	0.08	0.11	0.02	0.13	0.54	0.19	0.2	0.14660525095645854	0.435	0.071
0	['Ag', 'Ir', 'Pd', 'Pt', 'Ru']	20	[0.015 0.008 0.668 0.048 0.261]	[-0.156 -0.023  0.007  0.096  0.076]	0.63	1.11	1.0	1.76	0.08	0.11	0.02	0.13	0.54	0.19	0.2	0.15559508477083248	0.349	0.071
1	['Ag', 'Ir', 'Pd', 'Pt', 'Ru']	20	[0.043 0.019 0.661 0.012 0.265]	[ 0.067  0.001 -0.007 -0.002 -0.058]	0.63	1.11	1.0	1.76	0.08	0.11	0.02	0.13	0.54	0.19	0.2	0.15593403908383888	0.343	0.071
2	['Ag', 'Ir', 'Pd', 'Pt', 'Ru']	20	[0.041 0.015 0.611 0.014 0.319]	[-0.003 -0.104 -0.061  0.009  0.159]	0.63	1.11	1.0	1.76	0.08	0.11	0.02	0.13	0.54	0.19	0.2	0.15639387052538795	0.414	0.071
3	['Ag', 'Ir', 'Pd', 'Pt', 'Ru']	20	[0.011 0.004 0.672 0.02  0.293]	[-0.119  0.113 -0.055 -0.034  0.095]	0.63	1.11	1.0	1.76	0.08	0.11	0.02	0.13	0.54	0.19	0.2	0.15675927411191778	0.37	0.071
4	['Ag', 'Ir', 'Pd', 'Pt', 'Ru']	20	[0.022 0.004 0.664 0.035 0.275]	[-0.112  0.132  0.073 -0.042 -0.053]	0.63	1.11	1.0	1.76	0.08	0.11	0.02	0.13	0.54	0.19	0.2	0.15708797276245173	0.358	0.071
0	['Ag', 'Ir', 'Pd', 'Pt', 'Ru']	21	[0.03  0.049 0.615 0.019 0.287]	[ 0.022  0.047 -0.104  0.012  0.023]	0.63	1.11	1.0	1.76	0.08	0.11	0.02	0.13	0.54	0.19	0.2	0.15559184217945965	0.393	0.071
1	['Ag', 'Ir', 'Pd', 'Pt', 'Ru']	21	[0.056 0.022 0.618 0.007 0.297]	[ 0.01  -0.002 -0.049  0.012  0.029]	0.63	1.11	1.0	1.76	0.08	0.11	0.02	0.13	0.54	0.19	0.2	0.15656474964534656	0.389	0.071
2	['Ag', 'Ir', 'Pd', 'Pt', 'Ru']	21	[0.064 0.033 0.622 0.069 0.212]	[ 0.022  0.03   0.008  0.056 -0.116]	0.63	1.11	1.0	1.76	0.08	0.11	0.02	0.13	0.54	0.19	0.2	0.15552966520155226	0.332	0.071
3	['Ag', 'Ir', 'Pd', 'Pt', 'Ru']	21	[0.022 0.143 0.565 0.034 0.236]	[-0.037  0.153 -0.104  0.041 -0.052]	0.63	1.11	1.0	1.76	0.08	0.11	0.02	0.13	0.54	0.19	0.2	0.14950061588352556	0.418	0.071
4	['Ag', 'Ir', 'Pd', 'Pt', 'Ru']	21	[0.041 0.107 0.546 0.006 0.3  ]	[ 0.029  0.113 -0.162  0.004  0.015]	0.63	1.11	1.0	1.76	0.08	0.11	0.02	0.13	0.54	0.19	0.2	0.14945251997558673	0.454	0.071
0	['Ag', 'Ir', 'Pd', 'Pt', 'Ru']	22	[0.048 0.058 0.669 0.011 0.214]	[ 0.012  0.002  0.05   0.019 -0.082]	0.63	1.11	1.0	1.76	0.08	0.11	0.02	0.13	0.54	0.19	0.2	0.15614787698953922	0.304	0.071
1	['Ag', 'Ir', 'Pd', 'Pt', 'Ru']	22	[0.152 0.105 0.574 0.122 0.047]	[ 0.29   0.047 -0.037 -0.573  0.272]	0.63	1.11	1.0	1.76	0.08	0.11	0.02	0.13	0.54	0.19	0.2	0.13722438987429603	0.323	0.071
2	['Ag', 'Ir', 'Pd', 'Pt', 'Ru']	22	[0.006 0.076 0.568 0.071 0.279]	[-0.118  0.033 -0.092  0.112  0.065]	0.63	1.11	1.0	1.76	0.08	0.11	0.02	0.13	0.54	0.19	0.2	0.15716908162508264	0.435	0.071
3	['Ag', 'Ir', 'Pd', 'Pt', 'Ru']	22	[0.026 0.005 0.674 0.017 0.278]	[-0.006 -0.164  0.104  0.033  0.034]	0.63	1.11	1.0	1.76	0.08	0.11	0.02	0.13	0.54	0.19	0.2	0.15438202664469003	0.352	0.071
4	['Ag', 'Ir', 'Pd', 'Pt', 'Ru']	22	[0.044 0.007 0.673 0.06  0.216]	[-0.046  0.079  0.1    0.013 -0.146]	0.63	1.11	1.0	1.76	0.08	0.11	0.02	0.13	0.54	0.19	0.2	0.15241186150416286	0.305	0.071
0	['Ag', 'Ir', 'Pd', 'Pt', 'Ru']	23	[0.048 0.004 0.568 0.048 0.332]	[ 0.064 -0.076 -0.127  0.025  0.115]	0.63	1.11	1.0	1.76	0.08	0.11	0.02	0.13	0.54	0.19	0.2	0.1531046200477117	0.45	0.071
1	['Ag', 'Ir', 'Pd', 'Pt', 'Ru']	23	[0.107 0.072 0.6   0.016 0.205]	[-0.045 -0.033  0.025 -0.106  0.158]	0.63	1.11	1.0	1.76	0.08	0.11	0.02	0.13	0.54	0.19	0.2	0.14784921355433422	0.334	0.071
2	['Ag', 'Ir', 'Pd', 'Pt', 'Ru']	23	[0.019 0.063 0.624 0.02  0.274]	[-0.019 -0.056  0.041  0.078 -0.044]	0.63	1.11	1.0	1.76	0.08	0.11	0.02	0.13	0.54	0.19	0.2	0.15980907037156483	0.384	0.071
3	['Ag', 'Ir', 'Pd', 'Pt', 'Ru']	23	[0.001 0.092 0.593 0.02  0.294]	[ 0.017  0.078 -0.093 -0.007  0.005]	0.63	1.11	1.0	1.76	0.08	0.11	0.02	0.13	0.54	0.19	0.2	0.15713586850096609	0.428	0.071
4	['Ag', 'Ir', 'Pd', 'Pt', 'Ru']	23	[0.024 0.071 0.704 0.007 0.194]	[-0.016  0.079  0.091 -0.158  0.004]	0.63	1.11	1.0	1.76	0.08	0.11	0.02	0.13	0.54	0.19	0.2	0.15118320312970085	0.283	0.071
0	['Ag', 'Ir', 'Pd', 'Pt', 'Ru']	24	[0.008 0.06  0.698 0.017 0.217]	[-0.06   0.04   0.118  0.041 -0.139]	0.63	1.11	1.0	1.76	0.08	0.11	0.02	0.13	0.54	0.19	0.2	0.1555970750740881	0.307	0.071
1	['Ag', 'Ir', 'Pd', 'Pt', 'Ru']	24	[0.006 0.006 0.651 0.002 0.335]	[ 0.077 -0.146  0.005 -0.042  0.105]	0.63	1.11	1.0	1.76	0.08	0.11	0.02	0.13	0.54	0.19	0.2	0.15664017526190904	0.415	0.071
2	['Ag', 'Ir', 'Pd', 'Pt', 'Ru']	24	[0.075 0.042 0.621 0.055 0.207]	[ 0.056 -0.021 -0.003  0.035 -0.067]	0.63	1.11	1.0	1.76	0.08	0.11	0.02	0.13	0.54	0.19	0.2	0.15629119150637316	0.325	0.071
3	['Ag', 'Ir', 'Pd', 'Pt', 'Ru']	24	[0.105 0.03  0.467 0.018 0.38 ]	[ 0.099 -0.069 -0.135  0.023  0.081]	0.63	1.11	1.0	1.76	0.08	0.11	0.02	0.13	0.54	0.19	0.2	0.1282876058174486	0.543	0.071
4	['Ag', 'Ir', 'Pd', 'Pt', 'Ru']	24	[0.025 0.053 0.573 0.005 0.344]	[ 0.001 -0.018 -0.131 -0.002  0.15 ]	0.63	1.11	1.0	1.76	0.08	0.11	0.02	0.13	0.54	0.19	0.2	0.1531948048152989	0.462	0.071
0	['Ag', 'Ir', 'Pd', 'Pt', 'Ru']	25	[0.003 0.02  0.634 0.007 0.336]	[-0.03   0.054 -0.096 -0.036  0.108]	0.63	1.11	1.0	1.76	0.08	0.11	0.02	0.13	0.54	0.19	0.2	0.15825088380692087	0.426	0.071
1	['Ag', 'Ir', 'Pd', 'Pt', 'Ru']	25	[0.086 0.028 0.639 0.016 0.231]	[ 0.094  0.026 -0.005 -0.015 -0.099]	0.63	1.11	1.0	1.76	0.08	0.11	0.02	0.13	0.54	0.19	0.2	0.150437536412834	0.321	0.071
2	['Ag', 'Ir', 'Pd', 'Pt', 'Ru']	25	[0.017 0.033 0.582 0.026 0.342]	[-0.121 -0.021 -0.054  0.059  0.137]	0.63	1.11	1.0	1.76	0.08	0.11	0.02	0.13	0.54	0.19	0.2	0.15512198645527434	0.456	0.071
3	['Ag', 'Ir', 'Pd', 'Pt', 'Ru']	25	[0.032 0.031 0.634 0.003 0.3  ]	[-0.073  0.001  0.167 -0.015 -0.08 ]	0.63	1.11	1.0	1.76	0.08	0.11	0.02	0.13	0.54	0.19	0.2	0.1580372720477713	0.389	0.071
4	['Ag', 'Ir', 'Pd', 'Pt', 'Ru']	25	[0.018 0.002 0.699 0.067 0.214]	[-0.029  0.034  0.109  0.042 -0.156]	0.63	1.11	1.0	1.76	0.08	0.11	0.02	0.13	0.54	0.19	0.2	0.14973337877129622	0.301	0.071
0	['Ag', 'Ir', 'Pd', 'Pt', 'Ru']	26	[0.048 0.111 0.568 0.015 0.258]	[ 0.044  0.09  -0.066  0.013 -0.081]	0.63	1.11	1.0	1.76	0.08	0.11	0.02	0.13	0.54	0.19	0.2	0.15311849278708842	0.411	0.071
1	['Ag', 'Ir', 'Pd', 'Pt', 'Ru']	26	[0.029 0.006 0.607 0.01  0.348]	[ 0.092 -0.085 -0.08  -0.05   0.123]	0.63	1.11	1.0	1.76	0.08	0.11	0.02	0.13	0.54	0.19	0.2	0.15454008302086306	0.442	0.071
2	['Ag', 'Ir', 'Pd', 'Pt', 'Ru']	26	[0.011 0.102 0.677 0.01  0.2  ]	[-0.006  0.069  0.094 -0.016 -0.142]	0.63	1.11	1.0	1.76	0.08	0.11	0.02	0.13	0.54	0.19	0.2	0.15264413776973063	0.316	0.071
3	['Ag', 'Ir', 'Pd', 'Pt', 'Ru']	26	[0.029 0.045 0.748 0.006 0.172]	[ 0.037  0.007  0.122 -0.013 -0.153]	0.63	1.11	1.0	1.76	0.08	0.11	0.02	0.13	0.54	0.19	0.2	0.14405342054762726	0.238	0.071
4	['Ag', 'Ir', 'Pd', 'Pt', 'Ru']	26	[0.016 0.106 0.573 0.011 0.294]	[-0.029  0.083 -0.162  0.05   0.058]	0.63	1.11	1.0	1.76	0.08	0.11	0.02	0.13	0.54	0.19	0.2	0.15237765111173096	0.439	0.071
0	['Ag', 'Ir', 'Pd', 'Pt', 'Ru']	27	[0.002 0.031 0.652 0.01  0.305]	[-0.114  0.119  0.068 -0.089  0.017]	0.63	1.11	1.0	1.76	0.08	0.11	0.02	0.13	0.54	0.19	0.2	0.16122803861998472	0.394	0.071
1	['Ag', 'Ir', 'Pd', 'Pt', 'Ru']	27	[0.085 0.001 0.645 0.006 0.263]	[ 0.053 -0.002  0.033  0.008 -0.092]	0.63	1.11	1.0	1.76	0.08	0.11	0.02	0.13	0.54	0.19	0.2	0.145632754283338	0.34	0.071
2	['Ag', 'Ir', 'Pd', 'Pt', 'Ru']	27	[0.083 0.021 0.563 0.01  0.323]	[ 0.072 -0.081 -0.114 -0.     0.123]	0.63	1.11	1.0	1.76	0.08	0.11	0.02	0.13	0.54	0.19	0.2	0.1499268212096814	0.438	0.071
3	['Ag', 'Ir', 'Pd', 'Pt', 'Ru']	27	[0.021 0.041 0.614 0.004 0.32 ]	[-0.01  -0.006 -0.136  0.006  0.146]	0.63	1.11	1.0	1.76	0.08	0.11	0.02	0.13	0.54	0.19	0.2	0.15667481911638054	0.42	0.071
4	['Ag', 'Ir', 'Pd', 'Pt', 'Ru']	27	[0.044 0.004 0.635 0.039 0.278]	[-0.024  0.133  0.059 -0.039 -0.129]	0.63	1.11	1.0	1.76	0.08	0.11	0.02	0.13	0.54	0.19	0.2	0.1554979891445913	0.369	0.071
0	['Ag', 'Ir', 'Pd', 'Pt', 'Ru']	28	[0.057 0.019 0.674 0.012 0.238]	[ 0.056 -0.006  0.066  0.009 -0.124]	0.63	1.11	1.0	1.76	0.08	0.11	0.02	0.13	0.54	0.19	0.2	0.15269570926781356	0.311	0.071
1	['Ag', 'Ir', 'Pd', 'Pt', 'Ru']	28	[0.062 0.014 0.636 0.011 0.277]	[ 0.16  -0.081 -0.013 -0.085  0.019]	0.63	1.11	1.0	1.76	0.08	0.11	0.02	0.13	0.54	0.19	0.2	0.15088124003765713	0.361	0.071
2	['Ag', 'Ir', 'Pd', 'Pt', 'Ru']	28	[0.049 0.002 0.666 0.017 0.266]	[ 0.109 -0.049  0.108 -0.07  -0.097]	0.63	1.11	1.0	1.76	0.08	0.11	0.02	0.13	0.54	0.19	0.2	0.1508701075546122	0.339	0.071
3	['Ag', 'Ir', 'Pd', 'Pt', 'Ru']	28	[0.037 0.008 0.693 0.032 0.23 ]	[ 0.008  0.031  0.092  0.003 -0.134]	0.63	1.11	1.0	1.76	0.08	0.11	0.02	0.13	0.54	0.19	0.2	0.15055657715957188	0.302	0.071
4	['Ag', 'Ir', 'Pd', 'Pt', 'Ru']	28	[0.062 0.061 0.655 0.034 0.188]	[ 0.091  0.078  0.021 -0.036 -0.155]	0.63	1.11	1.0	1.76	0.08	0.11	0.02	0.13	0.54	0.19	0.2	0.15345912602742928	0.293	0.071
0	['Ag', 'Ir', 'Pd', 'Pt', 'Ru']	29	[0.055 0.045 0.64  0.001 0.259]	[ 0.101  0.014 -0.075 -0.045  0.006]	0.63	1.11	1.0	1.76	0.08	0.11	0.02	0.13	0.54	0.19	0.2	0.15556607978348688	0.35	0.071
1	['Ag', 'Ir', 'Pd', 'Pt', 'Ru']	29	[0.034 0.006 0.689 0.015 0.256]	[ 0.086 -0.03   0.057 -0.065 -0.048]	0.63	1.11	1.0	1.76	0.08	0.11	0.02	0.13	0.54	0.19	0.2	0.15186235016362104	0.324	0.071
2	['Ag', 'Ir', 'Pd', 'Pt', 'Ru']	29	[0.032 0.134 0.625 0.029 0.18 ]	[-0.021  0.132 -0.047  0.028 -0.093]	0.63	1.11	1.0	1.76	0.08	0.11	0.02	0.13	0.54	0.19	0.2	0.14816156999295374	0.34	0.071
3	['Ag', 'Ir', 'Pd', 'Pt', 'Ru']	29	[0.007 0.081 0.619 0.057 0.236]	[-0.004  0.102 -0.15   0.065 -0.013]	0.63	1.11	1.0	1.76	0.08	0.11	0.02	0.13	0.54	0.19	0.2	0.16015361828935146	0.373	0.071
4	['Ag', 'Ir', 'Pd', 'Pt', 'Ru']	29	[0.095 0.023 0.584 0.017 0.281]	[ 0.005  0.053 -0.163  0.003  0.102]	0.63	1.11	1.0	1.76	0.08	0.11	0.02	0.13	0.54	0.19	0.2	0.14826791078570334	0.392	0.071
0	['Ag', 'Ir', 'Pd', 'Pt', 'Ru']	30	[0.107 0.049 0.539 0.019 0.286]	[ 0.066  0.078 -0.132 -0.046  0.034]	0.63	1.11	1.0	1.76	0.08	0.11	0.02	0.13	0.54	0.19	0.2	0.14425995334799033	0.428	0.071
1	['Ag', 'Ir', 'Pd', 'Pt', 'Ru']	30	[0.022 0.013 0.592 0.011 0.362]	[ 0.04   0.001 -0.109 -0.039  0.107]	0.63	1.11	1.0	1.76	0.08	0.11	0.02	0.13	0.54	0.19	0.2	0.1517458847734498	0.463	0.071
2	['Ag', 'Ir', 'Pd', 'Pt', 'Ru']	30	[0.008 0.015 0.619 0.023 0.335]	[ 0.024 -0.133 -0.018 -0.018  0.145]	0.63	1.11	1.0	1.76	0.08	0.11	0.02	0.13	0.54	0.19	0.2	0.155951134601594	0.432	0.071
3	['Ag', 'Ir', 'Pd', 'Pt', 'Ru']	30	[0.014 0.036 0.584 0.025 0.341]	[-0.037 -0.072 -0.062  0.061  0.109]	0.63	1.11	1.0	1.76	0.08	0.11	0.02	0.13	0.54	0.19	0.2	0.15506231660722228	0.455	0.071
4	['Ag', 'Ir', 'Pd', 'Pt', 'Ru']	30	[0.058 0.068 0.505 0.067 0.302]	[ 0.126  0.018 -0.152  0.024 -0.015]	0.63	1.11	1.0	1.76	0.08	0.11	0.02	0.13	0.54	0.19	0.2	0.14687732500473005	0.477	0.071
