	Iteration	Ag	Ir	Pd	Pt	Ru	Activity
0	1	0.74	0.02	0.13	0.01	0.1	0.05633656298252848
1	2	0.11	0.24	0.01	0.2	0.44	0.016978377579648835
2	3	0.36	0.54	0.02	0.06	0.02	0.005932087601414974
3	4	0.16	0.0	0.14	0.03	0.67	0.028245811358487354
4	5	0.06	0.5	0.16	0.02	0.26	0.010180998311734014
5	6	0.77	0.0	0.01	0.22	0.0	0.0480038059012359
6	7	0.75	0.0	0.23	0.0	0.02	0.10606765967383135
7	8	0.76	0.0	0.11	0.0	0.13	0.05021678122456664
8	9	0.79	0.0	0.15	0.0	0.06	0.07214427789785424
9	10	0.76	0.0	0.16	0.0	0.08	0.0740087056303208
10	11	0.66	0.0	0.3	0.04	0.0	0.11617015227055752
11	12	0.0	0.0	0.79	0.21	0.0	0.12247480208668109
12	13	0.0	0.0	0.21	0.79	0.0	0.014586717065614672
13	14	0.35000000000000003	0.01	0.0	0.64	0.0	0.013963624377567204
14	15	0.0	0.0	0.5	0.5	0.0	0.05212375819360727
15	16	0.19	0.0	0.79	0.02	0.0	0.14459510635257722
16	17	0.0	0.12	0.75	0.12	0.01	0.10907504935564706
17	18	0.47000000000000003	0.01	0.51	0.01	0.0	0.13683109514130531
18	19	0.0	0.0	0.73	0.27	0.0	0.10366992097175408
19	20	0.0	0.0	0.79	0.12	0.09	0.139311899279146
20	21	0.0	0.0	0.79	0.0	0.21	0.1557692068392384
21	22	0.28	0.0	0.66	0.06	0.0	0.12395525136330707
22	23	0.11	0.0	0.79	0.07	0.03	0.1429628496004868
23	24	0.21	0.0	0.79	0.0	0.0	0.14711982318377387
24	25	0.02	0.01	0.79	0.0	0.18	0.1534238963451948
25	26	0.0	0.0	0.71	0.0	0.29	0.12908957211527144
26	27	0.0	0.79	0.0	0.21	0.0	0.021296119728975146
27	28	0.31	0.23	0.46	0.0	0.0	0.08550922456004924
28	29	0.02	0.35000000000000003	0.05	0.58	0.0	0.07296093980064063
29	30	0.28	0.09	0.36	0.27	0.0	0.06441727112512796
30	31	0.01	0.04	0.0	0.44	0.51	0.037032864725180276
31	32	0.0	0.38	0.33	0.27	0.02	0.03572146664888394
32	33	0.02	0.28	0.62	0.02	0.06	0.0713492515523301
33	34	0.04	0.43	0.53	0.0	0.0	0.0474810267189397
34	35	0.13	0.07	0.79	0.01	0.0	0.1374411965513523
35	36	0.36	0.0	0.4	0.0	0.24	0.09042188100922166
36	37	0.0	0.01	0.39	0.05	0.55	0.06127650660007411
37	38	0.05	0.17	0.01	0.77	0.0	0.05434317132697927
38	39	0.24	0.31	0.01	0.44	0.0	0.02555343826495311
39	40	0.01	0.08	0.79	0.0	0.12	0.13719328007980822
40	41	0.05	0.79	0.0	0.01	0.15	0.0016047427567450138
41	42	0.51	0.08	0.4	0.0	0.01	0.10897727124951512
42	43	0.47000000000000003	0.03	0.24	0.26	0.0	0.05706797585791275
43	44	0.0	0.71	0.26	0.0	0.03	0.004558959691922725
44	45	0.02	0.19	0.28	0.5	0.01	0.03233214171839741
45	46	0.0	0.07	0.01	0.05	0.87	0.0090695161599417
46	47	0.0	0.0	0.33	0.32	0.35	0.043379799272758375
47	48	0.01	0.54	0.04	0.4	0.01	0.057867607189974135
48	49	0.61	0.35000000000000003	0.01	0.0	0.03	0.003709228677842658
49	50	0.42	0.29	0.2	0.08	0.01	0.037654368266426826
50	51	0.38	0.0	0.01	0.26	0.35	0.023431023884584366
51	52	0.44	0.0	0.45	0.1	0.01	0.11501321950996714
52	53	0.19	0.0	0.5700000000000001	0.21	0.03	0.10005574685433467
53	54	0.37	0.07	0.54	0.01	0.01	0.11567290869211828
54	55	0.19	0.01	0.28	0.5	0.02	0.04285721954770834
55	56	0.0	0.22	0.28	0.04	0.46	0.03180106303009535
56	57	0.01	0.2	0.79	0.0	0.0	0.11562631001978883
57	58	0.16	0.0	0.76	0.03	0.05	0.1459377241991066
58	59	0.15	0.04	0.78	0.0	0.03	0.14700511371942218
59	60	0.06	0.01	0.79	0.05	0.09	0.14981273004847048
60	61	0.11	0.04	0.76	0.01	0.08	0.14460231686319405
61	62	0.18	0.0	0.73	0.07	0.02	0.13296571676076993
62	63	0.08	0.03	0.75	0.07	0.07	0.13412981914636005
63	64	0.05	0.11	0.79	0.02	0.03	0.13127103485839528
64	65	0.11	0.03	0.77	0.01	0.08	0.14690553669232645
65	66	0.21	0.01	0.71	0.0	0.07	0.1456913702452556
66	67	0.1	0.07	0.77	0.0	0.06	0.14319570800070516
67	68	0.13	0.0	0.72	0.01	0.14	0.15007007727099608
68	69	0.07	0.01	0.74	0.04	0.14	0.14225358778747638
69	70	0.17	0.04	0.75	0.01	0.03	0.1405038590394723
70	71	0.09	0.02	0.74	0.0	0.15	0.14724232397521886
71	72	0.1	0.01	0.79	0.05	0.05	0.14372671867893408
72	73	0.02	0.01	0.79	0.1	0.08	0.13917259877146904
73	74	0.16	0.09	0.65	0.0	0.1	0.1243060526051103
74	75	0.21	0.01	0.74	0.04	0.0	0.13402923167096195
75	76	0.1	0.05	0.77	0.01	0.07	0.14407395156821065
76	77	0.06	0.0	0.73	0.02	0.19	0.14512225222499303
77	78	0.0	0.0	0.77	0.02	0.21	0.14570303939800636
78	79	0.53	0.0	0.44	0.0	0.03	0.13890607515701905
79	80	0.17	0.03	0.54	0.02	0.24	0.10348317711240532
80	81	0.44	0.08	0.01	0.0	0.47	0.0023488283596348873
81	82	0.04	0.0	0.79	0.07	0.1	0.14936637229410984
82	83	0.32	0.02	0.64	0.02	0.0	0.12674085081585632
83	84	0.08	0.0	0.79	0.0	0.13	0.1632970812013648
84	85	0.45	0.0	0.52	0.0	0.03	0.14118732447092633
85	86	0.08	0.0	0.73	0.0	0.19	0.1486198625587573
86	87	0.05	0.04	0.79	0.0	0.12	0.15077949565238583
87	88	0.17	0.0	0.79	0.02	0.02	0.14807097991168705
88	89	0.01	0.02	0.79	0.02	0.16	0.1492307461391949
89	90	0.07	0.01	0.77	0.05	0.1	0.14754108179360606
90	91	0.0	0.04	0.01	0.77	0.18	0.07034538440226658
91	92	0.03	0.14	0.56	0.26	0.01	0.07145552844717509
92	93	0.49	0.26	0.01	0.24	0.0	0.021770835455124628
93	94	0.25	0.48	0.24	0.0	0.03	0.025868440221244703
94	95	0.18	0.16	0.51	0.15	0.0	0.0842552114706312
95	96	0.16	0.0	0.76	0.01	0.07	0.15056688542085067
96	97	0.01	0.01	0.76	0.02	0.2	0.14251549014482168
97	98	0.59	0.02	0.02	0.36	0.01	0.03532407737068131
98	99	0.21	0.02	0.74	0.01	0.02	0.14114423670742818
99	100	0.04	0.07	0.79	0.0	0.1	0.14044364025553155
100	101	0.02	0.0	0.61	0.11	0.26	0.09775966133185429
101	102	0.04	0.39	0.0	0.0	0.57	3.050259922329119e-07
102	103	0.13	0.61	0.01	0.24	0.01	0.02686941736681013
103	104	0.01	0.46	0.0	0.22	0.31	0.023163768439484776
104	105	0.16	0.01	0.74	0.0	0.09	0.15036156331852402
