	Iteration	Ag	Ir	Pd	Pt	Ru	Activity
0	1	0.69	0.16	0.08	0.06	0.01	0.029224570536728715
1	2	0.28	0.13	0.0	0.37	0.22	0.024068159307273736
2	3	0.01	0.03	0.36	0.24	0.36	0.04636845309192712
3	4	0.32	0.06	0.4	0.04	0.18	0.0791219665507727
4	5	0.02	0.6	0.3	0.0	0.08	0.009547773558891763
5	6	0.26	0.04	0.41000000000000003	0.07	0.22	0.07787798791234236
6	7	0.34	0.07	0.4	0.03	0.16	0.08198575893069905
7	8	0.34	0.05	0.39	0.03	0.19	0.08063185032707418
8	9	0.34	0.08	0.47000000000000003	0.0	0.11	0.09702631704349118
9	10	0.34	0.0	0.35000000000000003	0.0	0.31	0.07032692924666423
10	11	0.19	0.01	0.79	0.01	0.0	0.14467183373768572
11	12	0.32	0.05	0.59	0.04	0.0	0.11567800748920766
12	13	0.23	0.19	0.5700000000000001	0.0	0.01	0.10170440051611493
13	14	0.0	0.0	0.79	0.0	0.21	0.1557692068392384
14	15	0.45	0.04	0.5	0.0	0.01	0.12597327753099855
15	16	0.0	0.18	0.79	0.0	0.03	0.11912509965707799
16	17	0.0	0.0	0.0	0.79	0.21	0.06799881075147676
17	18	0.05	0.0	0.77	0.18	0.0	0.1250819397490251
18	19	0.0	0.0	0.79	0.04	0.17	0.1504641216420551
19	20	0.21	0.0	0.79	0.0	0.0	0.14711982318377387
20	21	0.01	0.3	0.0	0.6900000000000001	0.0	0.10090829795888684
21	22	0.0	0.0	0.73	0.0	0.27	0.1345910365930632
22	23	0.28	0.0	0.0	0.72	0.0	0.01096751943206838
23	24	0.46	0.54	0.0	0.0	0.0	0.00019744530231129425
24	25	0.05	0.0	0.36	0.59	0.0	0.03552889263460526
25	26	0.0	0.6	0.0	0.4	0.0	0.05788639921350869
26	27	0.0	0.0	0.0	0.0	1.0	1.1471375512593308e-14
27	28	0.65	0.01	0.3	0.04	0.0	0.11262116697672139
28	29	0.05	0.0	0.79	0.0	0.16	0.1615745067446328
29	30	0.0	0.33	0.21	0.46	0.0	0.044238422178496335
30	31	0.0	0.79	0.0	0.0	0.21	3.6769667703987294e-08
31	32	0.48	0.0	0.27	0.24	0.01	0.06719875532048987
32	33	0.01	0.11	0.0	0.44	0.44	0.039446166916015164
33	34	0.75	0.0	0.01	0.14	0.1	0.02625370916482721
34	35	0.0	0.35000000000000003	0.62	0.03	0.0	0.062085091679231985
35	36	0.12	0.06	0.74	0.02	0.06	0.13828321068205598
36	37	0.19	0.01	0.75	0.03	0.02	0.14273596857330542
37	38	0.08	0.01	0.78	0.07	0.06	0.14392426373592304
38	39	0.04	0.0	0.77	0.0	0.19	0.15541606986320022
39	40	0.48	0.0	0.48	0.04	0.0	0.1323635062919093
40	41	0.03	0.05	0.79	0.05	0.08	0.14027313238435343
41	42	0.07	0.0	0.79	0.0	0.14	0.16233102537097402
42	43	0.14	0.09	0.77	0.0	0.0	0.13334196044003774
43	44	0.07	0.02	0.76	0.07	0.08	0.13888079433856518
44	45	0.02	0.0	0.79	0.0	0.19	0.15766471696709108
45	46	0.0	0.07	0.59	0.34	0.0	0.07273009699591661
46	47	0.2	0.0	0.43	0.33	0.04	0.0734463214525316
47	48	0.06	0.41000000000000003	0.0	0.1	0.43	0.010611411935235925
48	49	0.08	0.39	0.0	0.52	0.01	0.06156571879528918
49	50	0.21	0.0	0.65	0.0	0.14	0.140911062467758
50	51	0.25	0.35000000000000003	0.28	0.1	0.02	0.04250095625492591
51	52	0.5	0.17	0.32	0.0	0.01	0.07752868170564463
52	53	0.4	0.03	0.0	0.05	0.52	0.004392541274105642
53	54	0.0	0.24	0.38	0.01	0.37	0.03866853046321658
54	55	0.08	0.3	0.37	0.25	0.0	0.0431232932405767
55	56	0.58	0.03	0.0	0.39	0.0	0.03350086222207961
56	57	0.51	0.0	0.44	0.0	0.05	0.1349085373434863
57	58	0.09	0.0	0.79	0.0	0.12	0.16166732048268803
58	59	0.08	0.0	0.79	0.0	0.13	0.1632970812013648
59	60	0.18	0.02	0.75	0.04	0.01	0.13791647100900345
60	61	0.16	0.0	0.76	0.0	0.08	0.15234307697122312
61	62	0.13	0.02	0.75	0.03	0.07	0.1448589717209175
62	63	0.28	0.01	0.6	0.11	0.0	0.11330529463074887
63	64	0.06	0.0	0.79	0.0	0.15	0.16342616229569923
64	65	0.16	0.0	0.79	0.02	0.03	0.14613832416794195
65	66	0.02	0.14	0.14	0.68	0.02	0.0329863558483125
66	67	0.35000000000000003	0.02	0.63	0.0	0.0	0.1298318725827787
67	68	0.18	0.63	0.0	0.19	0.0	0.020052855716866422
68	69	0.4	0.31	0.02	0.27	0.0	0.018980143181568546
69	70	0.77	0.04	0.18	0.0	0.01	0.07434720298624442
70	71	0.05	0.04	0.79	0.01	0.11	0.14829672608507655
71	72	0.03	0.01	0.5700000000000001	0.1	0.29	0.0881785529036513
72	73	0.04	0.02	0.36	0.0	0.58	0.0627733863325055
73	74	0.09	0.17	0.5700000000000001	0.17	0.0	0.08681495703147304
74	75	0.3	0.0	0.18	0.48	0.04	0.034155216105958994
75	76	0.0	0.5	0.22	0.2	0.08	0.025505123832596798
76	77	0.14	0.0	0.18	0.21	0.47	0.030235281526529625
77	78	0.25	0.18	0.26	0.31	0.0	0.04525343855588869
78	79	0.11	0.01	0.75	0.01	0.12	0.14990771182825086
79	80	0.13	0.0	0.5700000000000001	0.01	0.29	0.11071968584110314
80	81	0.0	0.3	0.0	0.28	0.42	0.025533618853256862
81	82	0.21	0.75	0.03	0.0	0.01	0.0003285711900156793
82	83	0.58	0.03	0.38	0.0	0.01	0.12332510947121757
83	84	0.02	0.01	0.78	0.07	0.12	0.14240463948556623
84	85	0.04	0.0	0.79	0.0	0.17	0.16058550946686445
85	86	0.21	0.17	0.09	0.01	0.52	0.013094013024828044
86	87	0.12	0.12	0.0	0.76	0.0	0.028257127278849225
87	88	0.67	0.01	0.14	0.0	0.18	0.052014133591385674
88	89	0.0	0.11	0.68	0.18	0.03	0.09524746792796669
89	90	0.12	0.0	0.63	0.24	0.01	0.10057888181644568
90	91	0.0	0.44	0.02	0.54	0.0	0.08830037028606583
91	92	0.19	0.45	0.36	0.0	0.0	0.04185022717397307
92	93	0.06	0.0	0.0	0.5700000000000001	0.37	0.039804254903952056
93	94	0.49	0.33	0.1	0.01	0.07	0.017444291615566678
94	95	0.0	0.0	0.22	0.41000000000000003	0.37	0.03734122375270385
95	96	0.02	0.18	0.61	0.0	0.19	0.08458218637319305
96	97	0.14	0.01	0.67	0.0	0.18	0.1377753538328616
97	98	0.16	0.03	0.77	0.04	0.0	0.13527825534764557
98	99	0.02	0.06	0.78	0.03	0.11	0.13579505326963007
99	100	0.09	0.02	0.77	0.0	0.12	0.15136414741388846
100	101	0.47000000000000003	0.0	0.53	0.0	0.0	0.14385420869081236
101	102	0.19	0.1	0.65	0.0	0.06	0.12172629539056341
102	103	0.02	0.77	0.19	0.0	0.02	0.001578375425903414
103	104	0.13	0.01	0.75	0.01	0.1	0.15121474896839057
104	105	0.1	0.02	0.79	0.0	0.09	0.15280731699236266
