	Iteration	Pt	Pd	Au	Ru	Rh	Ir	Re	Os	Activity
0	1	0.45	0.14	0.01	0.07	0.08	0.02	0.09	0.14	-0.6085447339100141
1	2	0.07	0.03	0.13	0.33	0.05	0.02	0.18	0.19	-0.2163524378716699
2	3	0.0	0.22	0.07	0.07	0.06	0.01	0.26	0.31	-0.2726351016255794
3	4	0.12	0.08	0.1	0.18	0.05	0.4	0.01	0.06	-0.18191691250626296
4	5	0.08	0.04	0.03	0.36	0.07	0.04	0.19	0.19	-0.19489399856872267
5	6	0.31	0.05	0.0	0.01	0.04	0.24	0.15	0.2	-0.36460967632306196
6	7	0.1	0.15	0.05	0.13	0.07	0.07	0.11	0.32	-0.3440373960594474
7	8	0.07	0.01	0.15	0.05	0.2	0.19	0.13	0.2	-0.20056628206403496
8	9	0.63	0.2	0.0	0.06	0.1	0.01	0.0	0.0	-0.5646965773922532
9	10	0.43	0.22	0.0	0.02	0.01	0.0	0.09	0.23	-0.7023065905687975
10	11	0.51	0.09	0.0	0.08	0.13	0.0	0.09	0.1	-0.5188342484859958
11	12	0.55	0.16	0.0	0.02	0.08	0.0	0.1	0.09	-0.5967049958314381
12	13	0.51	0.17	0.0	0.04	0.1	0.0	0.0	0.18	-0.6457085301496358
13	14	0.76	0.06	0.0	0.02	0.0	0.0	0.16	0.0	-0.43821090521863204
14	15	0.55	0.19	0.04	0.01	0.11	0.03	0.07	0.0	-0.6057212631085145
15	16	0.55	0.19	0.0	0.17	0.02	0.0	0.07	0.0	-0.609010823184448
16	17	0.43	0.32	0.03	0.0	0.0	0.0	0.0	0.22	-0.7971347209139832
17	18	0.43	0.18	0.0	0.0	0.0	0.0	0.0	0.39	-0.6235644642961276
18	19	0.44	0.32	0.0	0.0	0.05	0.07	0.11	0.01	-0.6176477632840187
19	20	0.46	0.24	0.0	0.04	0.0	0.0	0.05	0.21	-0.7327058270819347
20	21	0.46	0.29	0.21	0.0	0.03	0.0	0.0	0.01	-0.9663870346940662
21	22	0.46	0.24	0.0	0.0	0.0	0.0	0.02	0.28	-0.7102628657573311
22	23	0.45	0.24	0.0	0.03	0.0	0.0	0.04	0.24	-0.7282423113756862
23	24	0.13	0.13	0.0	0.0	0.73	0.0	0.01	0.0	-0.30881839045083126
24	25	0.24	0.19	0.55	0.0	0.01	0.0	0.0	0.01	-0.6984986544559059
25	26	0.14	0.75	0.06	0.03	0.0	0.0	0.01	0.01	-0.30863904070420806
26	27	0.24	0.04	0.0	0.0	0.0	0.0	0.71	0.01	-0.32457427837552766
27	28	0.29	0.39	0.21	0.06	0.03	0.0	0.02	0.0	-0.8581242017316029
28	29	0.51	0.12	0.29	0.01	0.0	0.02	0.05	0.0	-0.850387472982955
29	30	0.0	0.0	0.64	0.0	0.27	0.08	0.01	0.0	-0.16850819861033717
30	31	0.0	0.0	0.04	0.79	0.0	0.17	0.0	0.0	-0.13523402900847126
31	32	0.41000000000000003	0.19	0.23	0.07	0.06	0.0	0.03	0.01	-0.8957665069424388
32	33	0.34	0.29	0.24	0.0	0.13	0.0	0.0	0.0	-0.883252184054742
33	34	0.37	0.09	0.27	0.21	0.0	0.02	0.03	0.01	-0.7297640552186992
34	35	0.27	0.32	0.36	0.01	0.0	0.0	0.04	0.0	-0.9135756904203172
35	36	0.0	0.0	0.0	0.0	0.06	0.72	0.21	0.01	-0.3250433369339909
36	37	0.39	0.29	0.24	0.02	0.0	0.04	0.02	0.0	-0.9540250354494018
37	38	0.13	0.0	0.78	0.03	0.0	0.01	0.04	0.01	-0.2804348599675993
38	39	0.39	0.25	0.12	0.15	0.08	0.0	0.01	0.0	-0.787303045867866
39	40	0.38	0.37	0.17	0.02	0.0	0.0	0.06	0.0	-0.9033072599635981
40	41	0.34	0.12	0.36	0.0	0.0	0.0	0.17	0.01	-0.7755582019971623
41	42	0.06	0.48	0.46	0.0	0.0	0.0	0.0	0.0	-0.4387916600119066
42	43	0.36	0.25	0.35000000000000003	0.03	0.0	0.0	0.0	0.01	-1.0136091453077336
43	44	0.42	0.28	0.29	0.0	0.0	0.0	0.01	0.0	-1.0224357343725665
44	45	0.41000000000000003	0.27	0.27	0.05	0.0	0.0	0.0	0.0	-1.0158299642116706
45	46	0.42	0.29	0.28	0.0	0.0	0.0	0.0	0.01	-1.0304191036008457
46	47	0.24	0.29	0.31	0.0	0.0	0.08	0.08	0.0	-0.7517946544796509
47	48	0.43	0.29	0.22	0.02	0.02	0.0	0.01	0.01	-0.9865415047878263
48	49	0.0	0.0	0.0	0.4	0.6	0.0	0.0	0.0	-0.24838953289808896
49	50	0.35000000000000003	0.0	0.39	0.07	0.12	0.0	0.02	0.05	-0.5948222395922513
50	51	0.07	0.02	0.0	0.0	0.5	0.0	0.35000000000000003	0.06	-0.24841291975822022
51	52	0.38	0.29	0.32	0.0	0.0	0.0	0.0	0.01	-1.0340417277224891
52	53	0.37	0.06	0.48	0.0	0.0	0.04	0.01	0.04	-0.7298822892409861
53	54	0.37	0.12	0.23	0.02	0.0	0.01	0.0	0.25	-0.8699781083664624
54	55	0.25	0.21	0.3	0.07	0.02	0.0	0.0	0.15	-0.8991169979520122
55	56	0.0	0.38	0.04	0.03	0.0	0.46	0.06	0.03	-0.20790797543372158
56	57	0.0	0.44	0.01	0.11	0.34	0.02	0.03	0.05	-0.1783211151662313
57	58	0.04	0.49	0.02	0.28	0.04	0.03	0.02	0.08	-0.2622601154203573
58	59	0.02	0.03	0.02	0.02	0.0	0.33	0.51	0.07	-0.2516284309864848
59	60	0.03	0.08	0.44	0.43	0.0	0.01	0.0	0.01	-0.22262586102243342
60	61	0.0	0.11	0.01	0.01	0.44	0.35000000000000003	0.06	0.02	-0.22671845490665474
61	62	0.02	0.15	0.45	0.03	0.02	0.01	0.32	0.0	-0.29382326303942363
62	63	0.3	0.2	0.01	0.04	0.01	0.01	0.43	0.0	-0.40468229163440833
63	64	0.11	0.01	0.0	0.31	0.03	0.02	0.51	0.01	-0.26661807690643846
64	65	0.33	0.03	0.02	0.0	0.06	0.48	0.0	0.08	-0.338042720760319
65	66	0.09	0.09	0.26	0.06	0.42	0.0	0.0	0.08	-0.3426495951978413
66	67	0.06	0.09	0.38	0.03	0.02	0.36	0.05	0.01	-0.14575194057630456
67	68	0.38	0.01	0.0	0.0	0.46	0.0	0.04	0.11	-0.35017723936412876
68	69	0.5	0.02	0.02	0.14	0.0	0.32	0.0	0.0	-0.35407015537967845
69	70	0.29	0.0	0.01	0.6	0.0	0.02	0.08	0.0	-0.2480376525404735
70	71	0.37	0.0	0.06	0.39	0.01	0.16	0.01	0.0	-0.32567922040206904
71	72	0.0	0.16	0.01	0.11	0.0	0.04	0.67	0.01	-0.2951979423609791
72	73	0.05	0.0	0.12	0.03	0.04	0.06	0.7000000000000001	0.0	-0.2973106374999304
73	74	0.36	0.13	0.27	0.05	0.0	0.15	0.0	0.04	-0.7042050323978787
74	75	0.06	0.53	0.03	0.04	0.0	0.03	0.26	0.05	-0.2640819672272819
75	76	0.01	0.05	0.0	0.04	0.01	0.78	0.01	0.1	-0.3411218187796579
76	77	0.49	0.0	0.12	0.02	0.01	0.07	0.29	0.0	-0.43694936041446925
77	78	0.03	0.29	0.0	0.51	0.03	0.0	0.14	0.0	-0.2519378069023547
78	79	0.0	0.03	0.09	0.04	0.04	0.0	0.0	0.8	-0.3283987677752183
79	80	0.26	0.22	0.24	0.1	0.0	0.0	0.1	0.08	-0.8395127535362372
80	81	0.01	0.02	0.22	0.02	0.65	0.0	0.08	0.0	-0.2878948366307677
81	82	0.01	0.04	0.0	0.1	0.25	0.01	0.5700000000000001	0.02	-0.25193123316082333
82	83	0.0	0.01	0.0	0.01	0.16	0.01	0.79	0.02	-0.3113766704025825
83	84	0.0	0.0	0.0	0.45	0.03	0.42	0.08	0.02	-0.1810729960843362
84	85	0.31	0.34	0.01	0.28	0.03	0.01	0.02	0.0	-0.6351434777567464
85	86	0.26	0.02	0.0	0.23	0.44	0.0	0.05	0.0	-0.2439472434854244
86	87	0.35000000000000003	0.44	0.11	0.0	0.08	0.01	0.0	0.01	-0.7685628893425136
87	88	0.03	0.0	0.05	0.01	0.23	0.65	0.01	0.02	-0.3250864572165077
88	89	0.41000000000000003	0.23	0.19	0.07	0.03	0.01	0.01	0.05	-0.9445446680031604
89	90	0.01	0.07	0.04	0.52	0.32	0.01	0.0	0.03	-0.12513999235525444
90	91	0.03	0.24	0.38	0.0	0.16	0.01	0.0	0.18	-0.42554341185078537
91	92	0.64	0.0	0.16	0.09	0.01	0.06	0.01	0.03	-0.5590832779361221
92	93	0.32	0.17	0.4	0.01	0.08	0.01	0.01	0.0	-0.8344274879378275
93	94	0.34	0.19	0.0	0.01	0.32	0.02	0.12	0.0	-0.4063887414051525
94	95	0.23	0.42	0.01	0.0	0.0	0.24	0.01	0.09	-0.4282232364928359
95	96	0.34	0.26	0.25	0.08	0.0	0.0	0.01	0.06	-1.007225967437975
96	97	0.18	0.21	0.24	0.28	0.01	0.0	0.0	0.08	-0.6243673730918756
97	98	0.25	0.38	0.02	0.01	0.03	0.01	0.04	0.26	-0.6305830649206418
98	99	0.56	0.01	0.29	0.03	0.03	0.0	0.01	0.07	-0.7191562211867387
99	100	0.15	0.0	0.36	0.05	0.0	0.01	0.04	0.39	-0.44692773748032555
100	101	0.19	0.07	0.22	0.0	0.0	0.0	0.4	0.12	-0.4235880175673584
101	102	0.24	0.2	0.25	0.0	0.08	0.01	0.01	0.21	-0.8242697262154175
102	103	0.33	0.25	0.21	0.01	0.0	0.02	0.15	0.03	-0.8423173840342388
103	104	0.39	0.19	0.2	0.05	0.0	0.05	0.07	0.05	-0.8644922224595482
104	105	0.45	0.12	0.24	0.03	0.06	0.0	0.04	0.06	-0.857026144935743
105	106	0.3	0.26	0.35000000000000003	0.04	0.0	0.01	0.03	0.01	-0.9439632110330778
106	107	0.29	0.17	0.3	0.01	0.04	0.0	0.08	0.11	-0.8778183213283846
107	108	0.28	0.22	0.21	0.05	0.04	0.01	0.0	0.19	-0.8914260187540699
108	109	0.37	0.18	0.25	0.01	0.06	0.01	0.07	0.05	-0.8923180664534087
109	110	0.47000000000000003	0.19	0.23	0.01	0.01	0.04	0.03	0.02	-0.9020366298680489
110	111	0.42	0.23	0.22	0.04	0.02	0.02	0.05	0.0	-0.9197327709540759
111	112	0.28	0.31	0.27	0.03	0.0	0.0	0.09	0.02	-0.9043684620567121
112	113	0.29	0.16	0.41000000000000003	0.04	0.01	0.01	0.07	0.01	-0.8105471724922619
113	114	0.33	0.17	0.31	0.03	0.03	0.05	0.04	0.04	-0.8565550831922031
114	115	0.36	0.26	0.18	0.1	0.02	0.02	0.06	0.0	-0.8627992839879108
115	116	0.33	0.25	0.22	0.1	0.07	0.0	0.0	0.03	-0.8982528729702228
116	117	0.29	0.24	0.23	0.13	0.04	0.04	0.02	0.01	-0.7942323817872221
117	118	0.31	0.2	0.3	0.02	0.13	0.01	0.01	0.02	-0.8283543574250016
118	119	0.45	0.16	0.24	0.11	0.0	0.01	0.03	0.0	-0.887190494694716
119	120	0.39	0.28	0.3	0.02	0.0	0.0	0.0	0.01	-1.0343054189894811
120	121	0.47000000000000003	0.16	0.23	0.0	0.03	0.01	0.05	0.05	-0.899909195760761
121	122	0.38	0.2	0.16	0.0	0.02	0.01	0.01	0.22	-0.9084310484465326
122	123	0.32	0.42	0.14	0.01	0.05	0.02	0.02	0.02	-0.7991393471728089
123	124	0.41000000000000003	0.29	0.09	0.09	0.01	0.03	0.0	0.08	-0.8606503957791998
124	125	0.28	0.23	0.3	0.07	0.05	0.01	0.02	0.04	-0.8825539042440818
125	126	0.39	0.21	0.24	0.01	0.01	0.04	0.01	0.09	-0.9710721223612444
126	127	0.39	0.39	0.09	0.0	0.06	0.0	0.0	0.07	-0.8384737628958856
127	128	0.38	0.16	0.28	0.0	0.02	0.01	0.06	0.09	-0.9422682929069557
128	129	0.05	0.02	0.01	0.11	0.54	0.25	0.0	0.02	-0.24042684608561524
129	130	0.22	0.26	0.27	0.01	0.0	0.02	0.06	0.16	-0.8514610175995991
130	131	0.44	0.17	0.26	0.05	0.04	0.03	0.01	0.0	-0.8866915753518267
131	132	0.36	0.23	0.16	0.03	0.05	0.01	0.0	0.16	-0.9225316552912532
132	133	0.43	0.22	0.19	0.02	0.01	0.07	0.05	0.01	-0.8451765080281388
133	134	0.42	0.26	0.18	0.02	0.11	0.01	0.0	0.0	-0.8650215932916399
134	135	0.45	0.22	0.12	0.0	0.12	0.0	0.01	0.08	-0.8199775385258068
135	136	0.34	0.44	0.14	0.0	0.0	0.04	0.03	0.01	-0.790817589506409
136	137	0.36	0.26	0.21	0.0	0.07	0.01	0.07	0.02	-0.8913675367381657
137	138	0.28	0.37	0.23	0.1	0.01	0.0	0.0	0.01	-0.8827563802594915
138	139	0.27	0.3	0.18	0.05	0.0	0.04	0.01	0.15	-0.8731141778431697
139	140	0.68	0.0	0.01	0.23	0.01	0.0	0.0	0.07	-0.4495221202077735
140	141	0.33	0.32	0.11	0.07	0.01	0.0	0.0	0.16	-0.8947168179814264
141	142	0.37	0.33	0.13	0.1	0.04	0.02	0.01	0.0	-0.8420836572230217
142	143	0.42	0.2	0.12	0.0	0.0	0.02	0.16	0.08	-0.7771756848771996
143	144	0.32	0.35000000000000003	0.18	0.07	0.0	0.04	0.03	0.01	-0.8592566778189041
144	145	0.0	0.04	0.04	0.01	0.36	0.06	0.0	0.49	-0.3447072361819491
145	146	0.03	0.01	0.02	0.17	0.77	0.0	0.0	0.0	-0.2944614577771525
146	147	0.0	0.05	0.0	0.3	0.38	0.01	0.26	0.0	-0.15192391824871948
147	148	0.03	0.04	0.18	0.01	0.01	0.68	0.05	0.0	-0.30104818232142033
148	149	0.65	0.03	0.0	0.0	0.18	0.13	0.0	0.01	-0.40176412737822204
149	150	0.44	0.24	0.19	0.06	0.0	0.0	0.01	0.06	-0.982977045958098
150	151	0.27	0.22	0.33	0.09	0.03	0.0	0.02	0.04	-0.88155956388448
151	152	0.44	0.32	0.18	0.01	0.0	0.03	0.0	0.02	-0.9397961505953341
152	153	0.01	0.45	0.13	0.01	0.03	0.01	0.03	0.33	-0.28355989493067263
153	154	0.02	0.0	0.35000000000000003	0.02	0.0	0.28	0.29	0.04	-0.13689712479244218
154	155	0.31	0.01	0.02	0.32	0.0	0.01	0.31	0.02	-0.34190133090101593
155	156	0.0	0.11	0.31	0.03	0.25	0.0	0.3	0.0	-0.21035423752324484
156	157	0.0	0.0	0.01	0.06	0.0	0.37	0.2	0.36	-0.249938201317373
157	158	0.02	0.02	0.9	0.01	0.02	0.01	0.01	0.01	-0.2425812580329129
158	159	0.02	0.0	0.04	0.02	0.0	0.0	0.91	0.01	-0.32590652561552774
159	160	0.27	0.29	0.17	0.02	0.0	0.0	0.0	0.25	-0.876316348158515
160	161	0.39	0.26	0.29	0.0	0.0	0.0	0.0	0.06	-1.0582529380410186
161	162	0.35000000000000003	0.2	0.12	0.12	0.01	0.01	0.05	0.14	-0.835744931674602
162	163	0.32	0.4	0.15	0.11	0.0	0.0	0.0	0.02	-0.861044493390672
163	164	0.4	0.24	0.15	0.01	0.03	0.06	0.02	0.09	-0.8754207380623038
164	165	0.39	0.14	0.17	0.02	0.09	0.0	0.01	0.18	-0.8315577216534398
165	166	0.4	0.11	0.33	0.05	0.03	0.0	0.0	0.08	-0.9071287414401759
166	167	0.39	0.23	0.2	0.08	0.02	0.01	0.03	0.04	-0.9400948861454803
167	168	0.49	0.21	0.24	0.03	0.01	0.02	0.0	0.0	-0.9298657169779958
