ID	Elements	Generation	Position	Velocity	F_damp	F_b_best	F_h_best	F_g_best	F_b_worst	F_h_worst	F_g_worst	mut_prob	flip_prob	mut_rate	v_max	Activity	Distance	v_min
0	['Ir', 'Pd', 'Pt', 'Rh', 'Ru']	0	[0.8  0.05 0.05 0.05 0.05]	[-0.179  0.045  0.045  0.045  0.045]	0.67	1.95	1.4	0.12	0.07	0.31	0.04	0.32	0.17	0.43	0.2	0.009720244224210991	0.897	0.071
1	['Ir', 'Pd', 'Pt', 'Rh', 'Ru']	0	[0.05 0.8  0.05 0.05 0.05]	[ 0.045 -0.179  0.045  0.045  0.045]	0.67	1.95	1.4	0.12	0.07	0.31	0.04	0.32	0.17	0.43	0.2	0.0893487361025907	0.361	0.071
2	['Ir', 'Pd', 'Pt', 'Rh', 'Ru']	0	[0.05 0.05 0.8  0.05 0.05]	[ 0.045  0.045 -0.179  0.045  0.045]	0.67	1.95	1.4	0.12	0.07	0.31	0.04	0.32	0.17	0.43	0.2	0.07213216891773018	0.977	0.071
3	['Ir', 'Pd', 'Pt', 'Rh', 'Ru']	0	[0.05 0.05 0.05 0.8  0.05]	[ 0.045  0.045  0.045 -0.179  0.045]	0.67	1.95	1.4	0.12	0.07	0.31	0.04	0.32	0.17	0.43	0.2	0.001931275295651623	0.938	0.071
4	['Ir', 'Pd', 'Pt', 'Rh', 'Ru']	0	[0.05 0.05 0.05 0.05 0.8 ]	[ 0.045  0.045  0.045  0.045 -0.179]	0.67	1.95	1.4	0.12	0.07	0.31	0.04	0.32	0.17	0.43	0.2	0.0030504979582336787	0.711	0.071
0	['Ir', 'Pd', 'Pt', 'Rh', 'Ru']	1	[0.675 0.204 0.052 0.017 0.052]	[-0.124  0.154  0.002 -0.033  0.002]	0.67	1.95	1.4	0.12	0.07	0.31	0.04	0.32	0.17	0.43	0.2	0.02459481183326251	0.718	0.071
1	['Ir', 'Pd', 'Pt', 'Rh', 'Ru']	1	[0.013 0.849 0.017 0.104 0.017]	[-0.104  0.067 -0.051  0.139 -0.051]	0.67	1.95	1.4	0.12	0.07	0.31	0.04	0.32	0.17	0.43	0.2	0.06359646498389121	0.425	0.071
2	['Ir', 'Pd', 'Pt', 'Rh', 'Ru']	1	[0.054 0.2   0.671 0.02  0.055]	[ 0.004  0.15  -0.129 -0.03   0.005]	0.67	1.95	1.4	0.12	0.07	0.31	0.04	0.32	0.17	0.43	0.2	0.06135528388160048	0.797	0.071
3	['Ir', 'Pd', 'Pt', 'Rh', 'Ru']	1	[0.052 0.188 0.052 0.655 0.053]	[ 0.002  0.138  0.002 -0.145  0.003]	0.67	1.95	1.4	0.12	0.07	0.31	0.04	0.32	0.17	0.43	0.2	0.01934109623146762	0.75	0.071
4	['Ir', 'Pd', 'Pt', 'Rh', 'Ru']	1	[0.048 0.208 0.049 0.012 0.683]	[-0.002  0.158 -0.001 -0.038 -0.117]	0.67	1.95	1.4	0.12	0.07	0.31	0.04	0.32	0.17	0.43	0.2	0.04860018616827741	0.52	0.071
0	['Ir', 'Pd', 'Pt', 'Rh', 'Ru']	2	[0.542 0.353 0.05  0.005 0.05 ]	[-0.133  0.149 -0.002 -0.012 -0.002]	0.67	1.95	1.4	0.12	0.07	0.31	0.04	0.32	0.17	0.43	0.2	0.05469917638697553	0.549	0.071
1	['Ir', 'Pd', 'Pt', 'Rh', 'Ru']	2	[0.015 0.943 0.001 0.041 0.   ]	[-0.09   0.09  -0.062  0.126 -0.064]	0.67	1.95	1.4	0.12	0.07	0.31	0.04	0.32	0.17	0.43	0.2	0.04546323119845237	0.502	0.071
2	['Ir', 'Pd', 'Pt', 'Rh', 'Ru']	2	[0.034 0.366 0.563 0.002 0.035]	[-0.02   0.166 -0.107 -0.018 -0.02 ]	0.67	1.95	1.4	0.12	0.07	0.31	0.04	0.32	0.17	0.43	0.2	0.0732223156537146	0.654	0.071
3	['Ir', 'Pd', 'Pt', 'Rh', 'Ru']	2	[0.045 0.339 0.045 0.525 0.046]	[-0.007  0.151 -0.007 -0.131 -0.007]	0.67	1.95	1.4	0.12	0.07	0.31	0.04	0.32	0.17	0.43	0.2	0.05475481906423202	0.583	0.071
4	['Ir', 'Pd', 'Pt', 'Rh', 'Ru']	2	[0.038 0.361 0.039 0.006 0.556]	[-0.014  0.149 -0.014  0.011 -0.132]	0.67	1.95	1.4	0.12	0.07	0.31	0.04	0.32	0.17	0.43	0.2	0.11366247093183307	0.329	0.071
0	['Ir', 'Pd', 'Pt', 'Rh', 'Ru']	3	[0.627 0.279 0.011 0.028 0.055]	[ 0.122 -0.085 -0.074 -0.059  0.096]	0.67	1.95	1.4	0.12	0.07	0.31	0.04	0.32	0.17	0.43	0.2	0.0313772212611278	0.642	0.071
1	['Ir', 'Pd', 'Pt', 'Rh', 'Ru']	3	[0.021 0.79  0.017 0.044 0.128]	[ 0.006 -0.153  0.016  0.003  0.128]	0.67	1.95	1.4	0.12	0.07	0.31	0.04	0.32	0.17	0.43	0.2	0.09943041040915061	0.306	0.071
2	['Ir', 'Pd', 'Pt', 'Rh', 'Ru']	3	[0.045 0.366 0.416 0.002 0.171]	[ 0.011 -0.    -0.146 -0.     0.136]	0.67	1.95	1.4	0.12	0.07	0.31	0.04	0.32	0.17	0.43	0.2	0.10403801440268455	0.478	0.071
3	['Ir', 'Pd', 'Pt', 'Rh', 'Ru']	3	[0.06  0.351 0.061 0.364 0.164]	[ 0.015  0.012  0.016 -0.16   0.118]	0.67	1.95	1.4	0.12	0.07	0.31	0.04	0.32	0.17	0.43	0.2	0.10071800063793307	0.403	0.071
4	['Ir', 'Pd', 'Pt', 'Rh', 'Ru']	3	[0.018 0.299 0.024 0.032 0.627]	[-0.02  -0.065 -0.015  0.024  0.076]	0.67	1.95	1.4	0.12	0.07	0.31	0.04	0.32	0.17	0.43	0.2	0.08830633407407522	0.421	0.071
0	['Ir', 'Pd', 'Pt', 'Rh', 'Ru']	4	[0.467 0.319 0.11  0.003 0.101]	[-0.161  0.04   0.099 -0.025  0.046]	0.67	1.95	1.4	0.12	0.07	0.31	0.04	0.32	0.17	0.43	0.2	0.061989054814331646	0.492	0.071
1	['Ir', 'Pd', 'Pt', 'Rh', 'Ru']	4	[0.007 0.65  0.147 0.018 0.178]	[ 0.017 -0.148  0.123 -0.034  0.042]	0.67	1.95	1.4	0.12	0.07	0.31	0.04	0.32	0.17	0.43	0.2	0.138402256309902	0.237	0.071
2	['Ir', 'Pd', 'Pt', 'Rh', 'Ru']	4	[0.076 0.328 0.331 0.04  0.225]	[ 0.117 -0.035 -0.104 -0.072  0.094]	0.67	1.95	1.4	0.12	0.07	0.31	0.04	0.32	0.17	0.43	0.2	0.10662153348248671	0.406	0.071
3	['Ir', 'Pd', 'Pt', 'Rh', 'Ru']	4	[0.015 0.372 0.185 0.221 0.207]	[-0.045  0.02   0.124 -0.143  0.043]	0.67	1.95	1.4	0.12	0.07	0.31	0.04	0.32	0.17	0.43	0.2	0.1263060668038955	0.333	0.071
4	['Ir', 'Pd', 'Pt', 'Rh', 'Ru']	4	[0.003 0.374 0.134 0.005 0.484]	[ 0.013  0.069  0.104 -0.034 -0.152]	0.67	1.95	1.4	0.12	0.07	0.31	0.04	0.32	0.17	0.43	0.2	0.12371607726959812	0.307	0.071
0	['Ir', 'Pd', 'Pt', 'Rh', 'Ru']	5	[0.299 0.411 0.146 0.002 0.142]	[-0.168  0.093  0.036 -0.001  0.041]	0.67	1.95	1.4	0.12	0.07	0.31	0.04	0.32	0.17	0.43	0.2	0.1002877818471077	0.328	0.071
1	['Ir', 'Pd', 'Pt', 'Rh', 'Ru']	5	[0.091 0.569 0.156 0.016 0.168]	[ 0.112 -0.144  0.052 -0.03   0.011]	0.67	1.95	1.4	0.12	0.07	0.31	0.04	0.32	0.17	0.43	0.2	0.14141758967031282	0.208	0.071
2	['Ir', 'Pd', 'Pt', 'Rh', 'Ru']	5	[0.02  0.481 0.216 0.055 0.228]	[-0.056  0.153 -0.115  0.015  0.003]	0.67	1.95	1.4	0.12	0.07	0.31	0.04	0.32	0.17	0.43	0.2	0.1473246817270832	0.251	0.071
3	['Ir', 'Pd', 'Pt', 'Rh', 'Ru']	5	[0.036 0.499 0.185 0.077 0.203]	[ 0.031  0.128 -0.002 -0.15  -0.007]	0.67	1.95	1.4	0.12	0.07	0.31	0.04	0.32	0.17	0.43	0.2	0.15038210493168136	0.226	0.071
4	['Ir', 'Pd', 'Pt', 'Rh', 'Ru']	5	[0.026 0.494 0.138 0.012 0.33 ]	[ 0.019  0.13   0.011 -0.009 -0.151]	0.67	1.95	1.4	0.12	0.07	0.31	0.04	0.32	0.17	0.43	0.2	0.15839386859769436	0.173	0.071
0	['Ir', 'Pd', 'Pt', 'Rh', 'Ru']	6	[0.135 0.476 0.15  0.004 0.235]	[-0.164  0.065  0.004  0.004  0.093]	0.67	1.95	1.4	0.12	0.07	0.31	0.04	0.32	0.17	0.43	0.2	0.14064669646427969	0.189	0.071
1	['Ir', 'Pd', 'Pt', 'Rh', 'Ru']	6	[0.048 0.457 0.152 0.019 0.324]	[-0.048 -0.118 -0.008  0.021  0.153]	0.67	1.95	1.4	0.12	0.07	0.31	0.04	0.32	0.17	0.43	0.2	0.15025267527081898	0.19	0.071
2	['Ir', 'Pd', 'Pt', 'Rh', 'Ru']	6	[0.04  0.517 0.09  0.003 0.35 ]	[ 0.039  0.035 -0.133 -0.064  0.124]	0.67	1.95	1.4	0.12	0.07	0.31	0.04	0.32	0.17	0.43	0.2	0.16374027415481848	0.132	0.071
3	['Ir', 'Pd', 'Pt', 'Rh', 'Ru']	6	[0.028 0.514 0.127 0.044 0.287]	[-0.05  -0.015 -0.133  0.105  0.093]	0.67	1.95	1.4	0.12	0.07	0.31	0.04	0.32	0.17	0.43	0.2	0.1612707372948799	0.151	0.071
4	['Ir', 'Pd', 'Pt', 'Rh', 'Ru']	6	[0.038 0.617 0.11  0.001 0.234]	[ 0.036  0.138 -0.042 -0.009 -0.123]	0.67	1.95	1.4	0.12	0.07	0.31	0.04	0.32	0.17	0.43	0.2	0.15394238571852709	0.165	0.071
0	['Ir', 'Pd', 'Pt', 'Rh', 'Ru']	7	[0.002 0.546 0.107 0.006 0.339]	[ 0.111  0.021 -0.134 -0.067  0.069]	0.67	1.95	1.4	0.12	0.07	0.31	0.04	0.32	0.17	0.43	0.2	0.16549508873292004	0.157	0.071
1	['Ir', 'Pd', 'Pt', 'Rh', 'Ru']	7	[0.02  0.432 0.067 0.006 0.475]	[ 0.039 -0.051 -0.118 -0.016  0.147]	0.67	1.95	1.4	0.12	0.07	0.31	0.04	0.32	0.17	0.43	0.2	0.1380059507775352	0.24	0.071
2	['Ir', 'Pd', 'Pt', 'Rh', 'Ru']	7	[0.009 0.521 0.02  0.05  0.4  ]	[-0.169  0.008  0.045  0.023  0.093]	0.67	1.95	1.4	0.12	0.07	0.31	0.04	0.32	0.17	0.43	0.2	0.1573732156681891	0.14	0.071
3	['Ir', 'Pd', 'Pt', 'Rh', 'Ru']	7	[0.005 0.557 0.007 0.    0.431]	[ 0.02   0.031 -0.132 -0.055  0.135]	0.67	1.95	1.4	0.12	0.07	0.31	0.04	0.32	0.17	0.43	0.2	0.15841916621678895	0.17	0.071
4	['Ir', 'Pd', 'Pt', 'Rh', 'Ru']	7	[0.04  0.478 0.087 0.021 0.374]	[ 0.004 -0.138 -0.022  0.013  0.142]	0.67	1.95	1.4	0.12	0.07	0.31	0.04	0.32	0.17	0.43	0.2	0.15729641042691928	0.151	0.071
0	['Ir', 'Pd', 'Pt', 'Rh', 'Ru']	8	[0.004 0.634 0.015 0.06  0.287]	[-0.002  0.102 -0.094  0.044 -0.05 ]	0.67	1.95	1.4	0.12	0.07	0.31	0.04	0.32	0.17	0.43	0.2	0.1488810091889855	0.129	0.071
1	['Ir', 'Pd', 'Pt', 'Rh', 'Ru']	8	[0.044 0.508 0.138 0.003 0.307]	[ 0.021  0.075  0.068  0.005 -0.171]	0.67	1.95	1.4	0.12	0.07	0.31	0.04	0.32	0.17	0.43	0.2	0.1576271181819997	0.162	0.071
2	['Ir', 'Pd', 'Pt', 'Rh', 'Ru']	8	[0.027 0.483 0.064 0.046 0.38 ]	[-0.016 -0.116  0.087  0.116 -0.072]	0.67	1.95	1.4	0.12	0.07	0.31	0.04	0.32	0.17	0.43	0.2	0.15822201630953797	0.143	0.071
3	['Ir', 'Pd', 'Pt', 'Rh', 'Ru']	8	[0.018 0.558 0.132 0.016 0.276]	[ 0.015  0.001  0.127  0.01  -0.153]	0.67	1.95	1.4	0.12	0.07	0.31	0.04	0.32	0.17	0.43	0.2	0.1634152976088814	0.161	0.071
4	['Ir', 'Pd', 'Pt', 'Rh', 'Ru']	8	[0.015 0.541 0.172 0.02  0.252]	[ 0.026  0.057  0.082  0.006 -0.171]	0.67	1.95	1.4	0.12	0.07	0.31	0.04	0.32	0.17	0.43	0.2	0.15686033919171072	0.2	0.071
0	['Ir', 'Pd', 'Pt', 'Rh', 'Ru']	9	[0.001 0.529 0.138 0.026 0.306]	[-0.029 -0.146  0.12   0.057 -0.001]	0.67	1.95	1.4	0.12	0.07	0.31	0.04	0.32	0.17	0.43	0.2	0.16259865998528233	0.173	0.071
1	['Ir', 'Pd', 'Pt', 'Rh', 'Ru']	9	[0.026 0.58  0.195 0.024 0.175]	[-0.017  0.075  0.059  0.016 -0.132]	0.67	1.95	1.4	0.12	0.07	0.31	0.04	0.32	0.17	0.43	0.2	0.1416033832298459	0.246	0.071
2	['Ir', 'Pd', 'Pt', 'Rh', 'Ru']	9	[0.014 0.523 0.198 0.013 0.252]	[-0.031  0.024  0.121  0.037 -0.151]	0.67	1.95	1.4	0.12	0.07	0.31	0.04	0.32	0.17	0.43	0.2	0.15348995109099872	0.226	0.071
3	['Ir', 'Pd', 'Pt', 'Rh', 'Ru']	9	[0.005 0.578 0.212 0.06  0.145]	[-0.025  0.026  0.089  0.051 -0.14 ]	0.67	1.95	1.4	0.12	0.07	0.31	0.04	0.32	0.17	0.43	0.2	0.14329696797262279	0.281	0.071
4	['Ir', 'Pd', 'Pt', 'Rh', 'Ru']	9	[0.021 0.517 0.137 0.044 0.281]	[ 0.003 -0.037 -0.05   0.051  0.034]	0.67	1.95	1.4	0.12	0.07	0.31	0.04	0.32	0.17	0.43	0.2	0.1620664123061567	0.163	0.071
0	['Ir', 'Pd', 'Pt', 'Rh', 'Ru']	10	[0.066 0.441 0.081 0.038 0.374]	[ 0.054 -0.093 -0.052 -0.022  0.113]	0.67	1.95	1.4	0.12	0.07	0.31	0.04	0.32	0.17	0.43	0.2	0.14908646533514103	0.159	0.071
1	['Ir', 'Pd', 'Pt', 'Rh', 'Ru']	10	[0.132 0.559 0.196 0.092 0.021]	[ 0.106 -0.021  0.001  0.068 -0.154]	0.67	1.95	1.4	0.12	0.07	0.31	0.04	0.32	0.17	0.43	0.2	0.11020781950980882	0.345	0.071
2	['Ir', 'Pd', 'Pt', 'Rh', 'Ru']	10	[0.003 0.531 0.061 0.011 0.394]	[-0.021  0.007 -0.141  0.015  0.14 ]	0.67	1.95	1.4	0.12	0.07	0.31	0.04	0.32	0.17	0.43	0.2	0.1586865632126562	0.154	0.071
3	['Ir', 'Pd', 'Pt', 'Rh', 'Ru']	10	[0.007 0.566 0.112 0.021 0.294]	[-0.021 -0.038 -0.13   0.052  0.137]	0.67	1.95	1.4	0.12	0.07	0.31	0.04	0.32	0.17	0.43	0.2	0.16362389388976908	0.149	0.071
4	['Ir', 'Pd', 'Pt', 'Rh', 'Ru']	10	[0.014 0.537 0.084 0.021 0.344]	[ 0.022  0.013 -0.063 -0.031  0.059]	0.67	1.95	1.4	0.12	0.07	0.31	0.04	0.32	0.17	0.43	0.2	0.16487226863525165	0.132	0.071
0	['Ir', 'Pd', 'Pt', 'Rh', 'Ru']	11	[0.03  0.541 0.036 0.01  0.383]	[ 0.069  0.117 -0.14  -0.004 -0.043]	0.67	1.95	1.4	0.12	0.07	0.31	0.04	0.32	0.17	0.43	0.2	0.16673708946351817	0.122	0.071
1	['Ir', 'Pd', 'Pt', 'Rh', 'Ru']	11	[0.084 0.522 0.149 0.045 0.2  ]	[-0.048 -0.037 -0.047 -0.047  0.179]	0.67	1.95	1.4	0.12	0.07	0.31	0.04	0.32	0.17	0.43	0.2	0.1490417518339283	0.182	0.071
2	['Ir', 'Pd', 'Pt', 'Rh', 'Ru']	11	[0.006 0.505 0.011 0.035 0.443]	[-0.053 -0.084  0.041  0.017  0.078]	0.67	1.95	1.4	0.12	0.07	0.31	0.04	0.32	0.17	0.43	0.2	0.15110725363675478	0.178	0.071
3	['Ir', 'Pd', 'Pt', 'Rh', 'Ru']	11	[0.01  0.535 0.    0.013 0.442]	[-0.001 -0.039 -0.126  0.016  0.15 ]	0.67	1.95	1.4	0.12	0.07	0.31	0.04	0.32	0.17	0.43	0.2	0.15413562231308436	0.173	0.071
4	['Ir', 'Pd', 'Pt', 'Rh', 'Ru']	11	[0.038 0.657 0.042 0.019 0.244]	[ 0.017  0.117 -0.049  0.025 -0.109]	0.67	1.95	1.4	0.12	0.07	0.31	0.04	0.32	0.17	0.43	0.2	0.14959938549556398	0.145	0.071
0	['Ir', 'Pd', 'Pt', 'Rh', 'Ru']	12	[0.048 0.555 0.017 0.03  0.35 ]	[-0.157  0.088  0.082 -0.026  0.013]	0.67	1.95	1.4	0.12	0.07	0.31	0.04	0.32	0.17	0.43	0.2	0.16724072396117406	0.077	0.071
1	['Ir', 'Pd', 'Pt', 'Rh', 'Ru']	12	[0.028 0.506 0.085 0.013 0.368]	[-0.076 -0.035 -0.083  0.036  0.157]	0.67	1.95	1.4	0.12	0.07	0.31	0.04	0.32	0.17	0.43	0.2	0.1616243260052578	0.143	0.071
2	['Ir', 'Pd', 'Pt', 'Rh', 'Ru']	12	[0.013 0.532 0.062 0.087 0.306]	[ 0.003  0.025  0.054  0.087 -0.169]	0.67	1.95	1.4	0.12	0.07	0.31	0.04	0.32	0.17	0.43	0.2	0.16322156095188178	0.115	0.071
3	['Ir', 'Pd', 'Pt', 'Rh', 'Ru']	12	[0.016 0.587 0.084 0.033 0.28 ]	[-0.027  0.061  0.093  0.033 -0.16 ]	0.67	1.95	1.4	0.12	0.07	0.31	0.04	0.32	0.17	0.43	0.2	0.163098199579091	0.127	0.071
4	['Ir', 'Pd', 'Pt', 'Rh', 'Ru']	12	[0.007 0.542 0.044 0.003 0.404]	[-0.039 -0.122 -0.005  0.013  0.153]	0.67	1.95	1.4	0.12	0.07	0.31	0.04	0.32	0.17	0.43	0.2	0.1605367730447249	0.154	0.071
0	['Ir', 'Pd', 'Pt', 'Rh', 'Ru']	13	[0.065 0.598 0.014 0.029 0.294]	[ 0.127  0.085 -0.061 -0.059 -0.093]	0.67	1.95	1.4	0.12	0.07	0.31	0.04	0.32	0.17	0.43	0.2	0.1662332620300676	0.065	0.071
1	['Ir', 'Pd', 'Pt', 'Rh', 'Ru']	13	[0.012 0.504 0.051 0.001 0.432]	[-0.098 -0.035  0.122 -0.048  0.06 ]	0.67	1.95	1.4	0.12	0.07	0.31	0.04	0.32	0.17	0.43	0.2	0.15607950584225652	0.18	0.071
2	['Ir', 'Pd', 'Pt', 'Rh', 'Ru']	13	[0.067 0.549 0.008 0.078 0.298]	[ 0.04  -0.017 -0.119  0.146 -0.051]	0.67	1.95	1.4	0.12	0.07	0.31	0.04	0.32	0.17	0.43	0.2	0.16523060400666764	0.044	0.071
3	['Ir', 'Pd', 'Pt', 'Rh', 'Ru']	13	[0.019 0.547 0.106 0.037 0.291]	[-0.008 -0.069  0.018  0.058  0.001]	0.67	1.95	1.4	0.12	0.07	0.31	0.04	0.32	0.17	0.43	0.2	0.1666798820629665	0.134	0.071
4	['Ir', 'Pd', 'Pt', 'Rh', 'Ru']	13	[0.053 0.526 0.078 0.05  0.293]	[ 0.046 -0.017  0.034  0.047 -0.111]	0.67	1.95	1.4	0.12	0.07	0.31	0.04	0.32	0.17	0.43	0.2	0.1626380050597513	0.094	0.071
0	['Ir', 'Pd', 'Pt', 'Rh', 'Ru']	14	[0.007 0.574 0.08  0.023 0.316]	[-0.074 -0.038  0.063  0.035  0.015]	0.67	1.95	1.4	0.12	0.07	0.31	0.04	0.32	0.17	0.43	0.2	0.1649394013973985	0.129	0.071
1	['Ir', 'Pd', 'Pt', 'Rh', 'Ru']	14	[0.002 0.524 0.184 0.006 0.284]	[-0.01   0.02   0.133  0.005 -0.148]	0.67	1.95	1.4	0.12	0.07	0.31	0.04	0.32	0.17	0.43	0.2	0.15898486866115324	0.215	0.071
2	['Ir', 'Pd', 'Pt', 'Rh', 'Ru']	14	[0.065 0.506 0.031 0.133 0.265]	[-0.002 -0.043  0.023  0.055 -0.033]	0.67	1.95	1.4	0.12	0.07	0.31	0.04	0.32	0.17	0.43	0.2	0.1625923799480194	0.111	0.071
3	['Ir', 'Pd', 'Pt', 'Rh', 'Ru']	14	[0.003 0.554 0.113 0.068 0.262]	[ 0.014 -0.002  0.     0.026 -0.039]	0.67	1.95	1.4	0.12	0.07	0.31	0.04	0.32	0.17	0.43	0.2	0.16283215766312875	0.155	0.071
4	['Ir', 'Pd', 'Pt', 'Rh', 'Ru']	14	[0.01  0.668 0.004 0.027 0.291]	[-0.043  0.142 -0.074 -0.023 -0.002]	0.67	1.95	1.4	0.12	0.07	0.31	0.04	0.32	0.17	0.43	0.2	0.14432897991258625	0.15	0.071
0	['Ir', 'Pd', 'Pt', 'Rh', 'Ru']	15	[0.017 0.527 0.013 0.017 0.426]	[ 0.014 -0.048 -0.069 -0.007  0.11 ]	0.67	1.95	1.4	0.12	0.07	0.31	0.04	0.32	0.17	0.43	0.2	0.15857321848166628	0.157	0.071
1	['Ir', 'Pd', 'Pt', 'Rh', 'Ru']	15	[0.043 0.523 0.026 0.008 0.4  ]	[ 0.041 -0.002 -0.158  0.002  0.116]	0.67	1.95	1.4	0.12	0.07	0.31	0.04	0.32	0.17	0.43	0.2	0.16365144658380185	0.128	0.071
2	['Ir', 'Pd', 'Pt', 'Rh', 'Ru']	15	[0.032 0.464 0.014 0.225 0.265]	[ 0.077 -0.133 -0.007  0.116 -0.053]	0.67	1.95	1.4	0.12	0.07	0.31	0.04	0.32	0.17	0.43	0.2	0.1448031177574019	0.21	0.071
3	['Ir', 'Pd', 'Pt', 'Rh', 'Ru']	15	[0.04  0.292 0.158 0.349 0.161]	[-0.067 -0.119 -0.444  0.51   0.119]	0.67	1.95	1.4	0.12	0.07	0.31	0.04	0.32	0.17	0.43	0.2	0.0847403679785026	0.451	0.071
4	['Ir', 'Pd', 'Pt', 'Rh', 'Ru']	15	[0.002 0.522 0.118 0.006 0.352]	[-0.005 -0.163  0.103  0.016  0.049]	0.67	1.95	1.4	0.12	0.07	0.31	0.04	0.32	0.17	0.43	0.2	0.1614607833559279	0.17	0.071
0	['Ir', 'Pd', 'Pt', 'Rh', 'Ru']	16	[0.05  0.568 0.092 0.002 0.288]	[-0.075  0.088  0.096  0.021 -0.13 ]	0.67	1.95	1.4	0.12	0.07	0.31	0.04	0.32	0.17	0.43	0.2	0.161791243660025	0.117	0.071
1	['Ir', 'Pd', 'Pt', 'Rh', 'Ru']	16	[0.012 0.486 0.014 0.061 0.427]	[-0.136 -0.072  0.038  0.073  0.097]	0.67	1.95	1.4	0.12	0.07	0.31	0.04	0.32	0.17	0.43	0.2	0.14851642145770777	0.168	0.071
2	['Ir', 'Pd', 'Pt', 'Rh', 'Ru']	16	[0.011 0.553 0.001 0.075 0.36 ]	[-0.021  0.088 -0.013 -0.15   0.095]	0.67	1.95	1.4	0.12	0.07	0.31	0.04	0.32	0.17	0.43	0.2	0.1619249775122061	0.11	0.071
3	['Ir', 'Pd', 'Pt', 'Rh', 'Ru']	16	[0.019 0.401 0.162 0.204 0.214]	[ 0.037  0.099 -0.011 -0.165  0.041]	0.67	1.95	1.4	0.12	0.07	0.31	0.04	0.32	0.17	0.43	0.2	0.13353675190734768	0.293	0.071
4	['Ir', 'Pd', 'Pt', 'Rh', 'Ru']	16	[0.015 0.509 0.023 0.049 0.404]	[-0.109 -0.089  0.11  -0.001  0.089]	0.67	1.95	1.4	0.12	0.07	0.31	0.04	0.32	0.17	0.43	0.2	0.15893019263947278	0.142	0.071
0	['Ir', 'Pd', 'Pt', 'Rh', 'Ru']	17	[0.023 0.598 0.012 0.01  0.357]	[ 0.013 -0.061  0.121 -0.134  0.061]	0.67	1.95	1.4	0.12	0.07	0.31	0.04	0.32	0.17	0.43	0.2	0.15913725686001864	0.115	0.071
1	['Ir', 'Pd', 'Pt', 'Rh', 'Ru']	17	[0.012 0.562 0.026 0.014 0.386]	[-0.05   0.119 -0.077  0.076 -0.069]	0.67	1.95	1.4	0.12	0.07	0.31	0.04	0.32	0.17	0.43	0.2	0.1636536518638412	0.131	0.071
2	['Ir', 'Pd', 'Pt', 'Rh', 'Ru']	17	[0.046 0.605 0.043 0.014 0.292]	[ 0.032  0.06  -0.016  0.089 -0.165]	0.67	1.95	1.4	0.12	0.07	0.31	0.04	0.32	0.17	0.43	0.2	0.16388635285743	0.096	0.071
3	['Ir', 'Pd', 'Pt', 'Rh', 'Ru']	17	[0.022 0.515 0.098 0.074 0.291]	[ 0.003  0.114 -0.064 -0.13   0.077]	0.67	1.95	1.4	0.12	0.07	0.31	0.04	0.32	0.17	0.43	0.2	0.16200409353559392	0.133	0.071
4	['Ir', 'Pd', 'Pt', 'Rh', 'Ru']	17	[0.049 0.598 0.05  0.008 0.295]	[ 0.026  0.104  0.02   0.017 -0.167]	0.67	1.95	1.4	0.12	0.07	0.31	0.04	0.32	0.17	0.43	0.2	0.16394819324747492	0.096	0.071
0	['Ir', 'Pd', 'Pt', 'Rh', 'Ru']	18	[0.026 0.492 0.114 0.076 0.292]	[ 0.008 -0.114  0.116  0.057 -0.067]	0.67	1.95	1.4	0.12	0.07	0.31	0.04	0.32	0.17	0.43	0.2	0.15872970656570165	0.15	0.071
1	['Ir', 'Pd', 'Pt', 'Rh', 'Ru']	18	[0.029 0.674 0.012 0.027 0.258]	[ 0.017  0.112 -0.014  0.013 -0.128]	0.67	1.95	1.4	0.12	0.07	0.31	0.04	0.32	0.17	0.43	0.2	0.14642871809266048	0.151	0.071
2	['Ir', 'Pd', 'Pt', 'Rh', 'Ru']	18	[0.092 0.545 0.057 0.119 0.187]	[ 0.038 -0.08   0.067  0.104 -0.129]	0.67	1.95	1.4	0.12	0.07	0.31	0.04	0.32	0.17	0.43	0.2	0.15660281213268074	0.144	0.071
3	['Ir', 'Pd', 'Pt', 'Rh', 'Ru']	18	[0.002 0.61  0.03  0.07  0.288]	[-0.056  0.095 -0.118  0.113 -0.033]	0.67	1.95	1.4	0.12	0.07	0.31	0.04	0.32	0.17	0.43	0.2	0.15100248473231268	0.121	0.071
4	['Ir', 'Pd', 'Pt', 'Rh', 'Ru']	18	[0.006 0.603 0.138 0.012 0.241]	[-0.043  0.004  0.088  0.004 -0.054]	0.67	1.95	1.4	0.12	0.07	0.31	0.04	0.32	0.17	0.43	0.2	0.15324619356244712	0.189	0.071
0	['Ir', 'Pd', 'Pt', 'Rh', 'Ru']	19	[0.03  0.542 0.014 0.018 0.396]	[ 0.004  0.05  -0.1   -0.058  0.104]	0.67	1.95	1.4	0.12	0.07	0.31	0.04	0.32	0.17	0.43	0.2	0.16568113940076315	0.124	0.071
1	['Ir', 'Pd', 'Pt', 'Rh', 'Ru']	19	[0.02  0.512 0.077 0.037 0.354]	[-0.009 -0.162  0.065  0.01   0.096]	0.67	1.95	1.4	0.12	0.07	0.31	0.04	0.32	0.17	0.43	0.2	0.16318076438922774	0.13	0.071
2	['Ir', 'Pd', 'Pt', 'Rh', 'Ru']	19	[0.002 0.59  0.025 0.044 0.339]	[-0.09   0.045 -0.032 -0.075  0.152]	0.67	1.95	1.4	0.12	0.07	0.31	0.04	0.32	0.17	0.43	0.2	0.15727144220220188	0.116	0.071
3	['Ir', 'Pd', 'Pt', 'Rh', 'Ru']	19	[0.017 0.473 0.167 0.032 0.311]	[ 0.015 -0.138  0.137 -0.038  0.023]	0.67	1.95	1.4	0.12	0.07	0.31	0.04	0.32	0.17	0.43	0.2	0.15488272030001368	0.203	0.071
4	['Ir', 'Pd', 'Pt', 'Rh', 'Ru']	19	[0.02  0.462 0.12  0.022 0.376]	[ 0.012 -0.145 -0.021  0.021  0.134]	0.67	1.95	1.4	0.12	0.07	0.31	0.04	0.32	0.17	0.43	0.2	0.15274045803218717	0.187	0.071
0	['Ir', 'Pd', 'Pt', 'Rh', 'Ru']	20	[0.03  0.608 0.028 0.013 0.321]	[-0.098  0.126  0.045 -0.008 -0.065]	0.67	1.95	1.4	0.12	0.07	0.31	0.04	0.32	0.17	0.43	0.2	0.16244087415309397	0.104	0.071
1	['Ir', 'Pd', 'Pt', 'Rh', 'Ru']	20	[0.014 0.5   0.009 0.005 0.472]	[-0.116 -0.071  0.06  -0.007  0.133]	0.67	1.95	1.4	0.12	0.07	0.31	0.04	0.32	0.17	0.43	0.2	0.15036115239459705	0.204	0.071
2	['Ir', 'Pd', 'Pt', 'Rh', 'Ru']	20	[0.013 0.481 0.119 0.005 0.382]	[ 0.02  -0.137  0.115 -0.062  0.063]	0.67	1.95	1.4	0.12	0.07	0.31	0.04	0.32	0.17	0.43	0.2	0.15446435706689177	0.188	0.071
3	['Ir', 'Pd', 'Pt', 'Rh', 'Ru']	20	[0.018 0.573 0.018 0.035 0.356]	[-0.009  0.096 -0.166  0.042  0.037]	0.67	1.95	1.4	0.12	0.07	0.31	0.04	0.32	0.17	0.43	0.2	0.16287717118935985	0.105	0.071
4	['Ir', 'Pd', 'Pt', 'Rh', 'Ru']	20	[0.007 0.576 0.023 0.008 0.386]	[-0.072  0.097  0.117 -0.101 -0.041]	0.67	1.95	1.4	0.12	0.07	0.31	0.04	0.32	0.17	0.43	0.2	0.16143984225027952	0.138	0.071
0	['Ir', 'Pd', 'Pt', 'Rh', 'Ru']	21	[0.061 0.592 0.008 0.006 0.333]	[ 0.087 -0.026 -0.063 -0.014  0.015]	0.67	1.95	1.4	0.12	0.07	0.31	0.04	0.32	0.17	0.43	0.2	0.1667935247394358	0.08	0.071
1	['Ir', 'Pd', 'Pt', 'Rh', 'Ru']	21	[0.032 0.611 0.036 0.004 0.317]	[ 0.029  0.113  0.027 -0.011 -0.159]	0.67	1.95	1.4	0.12	0.07	0.31	0.04	0.32	0.17	0.43	0.2	0.16427675709670447	0.11	0.071
2	['Ir', 'Pd', 'Pt', 'Rh', 'Ru']	21	[0.057 0.566 0.026 0.043 0.308]	[-0.001  0.051  0.114 -0.009 -0.156]	0.67	1.95	1.4	0.12	0.07	0.31	0.04	0.32	0.17	0.43	0.2	0.16367295534325987	0.054	0.071
3	['Ir', 'Pd', 'Pt', 'Rh', 'Ru']	21	[0.008 0.655 0.068 0.021 0.248]	[-0.023  0.073  0.041  0.035 -0.127]	0.67	1.95	1.4	0.12	0.07	0.31	0.04	0.32	0.17	0.43	0.2	0.1481650850653321	0.166	0.071
4	['Ir', 'Pd', 'Pt', 'Rh', 'Ru']	21	[0.001 0.608 0.144 0.013 0.234]	[-0.001  0.029  0.12   0.009 -0.158]	0.67	1.95	1.4	0.12	0.07	0.31	0.04	0.32	0.17	0.43	0.2	0.1513739728056798	0.199	0.071
0	['Ir', 'Pd', 'Pt', 'Rh', 'Ru']	22	[0.038 0.511 0.031 0.008 0.412]	[-0.019 -0.081  0.027 -0.015  0.088]	0.67	1.95	1.4	0.12	0.07	0.31	0.04	0.32	0.17	0.43	0.2	0.1615211255812671	0.144	0.071
1	['Ir', 'Pd', 'Pt', 'Rh', 'Ru']	22	[0.084 0.609 0.011 0.028 0.268]	[ 0.064  0.004 -0.048  0.024 -0.044]	0.67	1.95	1.4	0.12	0.07	0.31	0.04	0.32	0.17	0.43	0.2	0.16018735973852988	0.073	0.071
2	['Ir', 'Pd', 'Pt', 'Rh', 'Ru']	22	[0.081 0.612 0.02  0.027 0.26 ]	[ 0.017  0.043  0.031 -0.028 -0.064]	0.67	1.95	1.4	0.12	0.07	0.31	0.04	0.32	0.17	0.43	0.2	0.15887065046304785	0.082	0.071
3	['Ir', 'Pd', 'Pt', 'Rh', 'Ru']	22	[0.069 0.495 0.075 0.015 0.346]	[ 0.054 -0.168 -0.     0.022  0.092]	0.67	1.95	1.4	0.12	0.07	0.31	0.04	0.32	0.17	0.43	0.2	0.1622032359986524	0.114	0.071
4	['Ir', 'Pd', 'Pt', 'Rh', 'Ru']	22	[0.02  0.555 0.028 0.013 0.384]	[ 0.015 -0.058 -0.12   0.016  0.148]	0.67	1.95	1.4	0.12	0.07	0.31	0.04	0.32	0.17	0.43	0.2	0.16566279049221022	0.125	0.071
0	['Ir', 'Pd', 'Pt', 'Rh', 'Ru']	23	[0.023 0.611 0.    0.009 0.357]	[ 0.047  0.106 -0.054 -0.035 -0.064]	0.67	1.95	1.4	0.12	0.07	0.31	0.04	0.32	0.17	0.43	0.2	0.15767495892964056	0.121	0.071
1	['Ir', 'Pd', 'Pt', 'Rh', 'Ru']	23	[0.015 0.544 0.002 0.031 0.408]	[-0.111 -0.067 -0.009  0.041  0.146]	0.67	1.95	1.4	0.12	0.07	0.31	0.04	0.32	0.17	0.43	0.2	0.16093221908056343	0.139	0.071
2	['Ir', 'Pd', 'Pt', 'Rh', 'Ru']	23	[0.012 0.521 0.004 0.042 0.421]	[-0.077 -0.1    0.015  0.008  0.154]	0.67	1.95	1.4	0.12	0.07	0.31	0.04	0.32	0.17	0.43	0.2	0.1534065765066421	0.153	0.071
3	['Ir', 'Pd', 'Pt', 'Rh', 'Ru']	23	[0.05  0.543 0.035 0.016 0.356]	[ 0.122  0.054 -0.102 -0.062 -0.012]	0.67	1.95	1.4	0.12	0.07	0.31	0.04	0.32	0.17	0.43	0.2	0.16734719795168784	0.09	0.071
4	['Ir', 'Pd', 'Pt', 'Rh', 'Ru']	23	[0.003 0.472 0.061 0.039 0.425]	[ 0.005 -0.126  0.041  0.029  0.052]	0.67	1.95	1.4	0.12	0.07	0.31	0.04	0.32	0.17	0.43	0.2	0.14582691649218762	0.187	0.071
0	['Ir', 'Pd', 'Pt', 'Rh', 'Ru']	24	[0.092 0.567 0.024 0.005 0.312]	[ 0.066 -0.048  0.021  0.009 -0.048]	0.67	1.95	1.4	0.12	0.07	0.31	0.04	0.32	0.17	0.43	0.2	0.16954851252119268	0.056	0.071
1	['Ir', 'Pd', 'Pt', 'Rh', 'Ru']	24	[0.008 0.604 0.054 0.094 0.24 ]	[ 0.014  0.055  0.047  0.058 -0.174]	0.67	1.95	1.4	0.12	0.07	0.31	0.04	0.32	0.17	0.43	0.2	0.15405435025451425	0.141	0.071
2	['Ir', 'Pd', 'Pt', 'Rh', 'Ru']	24	[0.106 0.586 0.003 0.048 0.257]	[ 0.094  0.065 -0.001  0.006 -0.164]	0.67	1.95	1.4	0.12	0.07	0.31	0.04	0.32	0.17	0.43	0.2	0.16447625336226965	0.057	0.071
3	['Ir', 'Pd', 'Pt', 'Rh', 'Ru']	24	[0.032 0.534 0.11  0.074 0.25 ]	[-0.028 -0.016  0.114  0.072 -0.143]	0.67	1.95	1.4	0.12	0.07	0.31	0.04	0.32	0.17	0.43	0.2	0.16067369158408612	0.142	0.071
4	['Ir', 'Pd', 'Pt', 'Rh', 'Ru']	24	[0.056 0.603 0.005 0.021 0.315]	[ 0.04   0.123 -0.073  0.037 -0.128]	0.67	1.95	1.4	0.12	0.07	0.31	0.04	0.32	0.17	0.43	0.2	0.16528501506981483	0.076	0.071
0	['Ir', 'Pd', 'Pt', 'Rh', 'Ru']	25	[0.084 0.556 0.001 0.052 0.307]	[-0.008 -0.013 -0.032  0.055 -0.003]	0.67	1.95	1.4	0.12	0.07	0.31	0.04	0.32	0.17	0.43	0.2	0.16821438794703697	0.019	0.071
1	['Ir', 'Pd', 'Pt', 'Rh', 'Ru']	25	[0.069 0.569 0.002 0.058 0.302]	[ 0.04  -0.091 -0.114  0.124  0.041]	0.67	1.95	1.4	0.12	0.07	0.31	0.04	0.32	0.17	0.43	0.2	0.1657448551745655	0.037	0.071
2	['Ir', 'Pd', 'Pt', 'Rh', 'Ru']	25	[0.094 0.558 0.015 0.007 0.326]	[-0.007 -0.025  0.013 -0.055  0.074]	0.67	1.95	1.4	0.12	0.07	0.31	0.04	0.32	0.17	0.43	0.2	0.16752189215062194	0.053	0.071
3	['Ir', 'Pd', 'Pt', 'Rh', 'Ru']	25	[0.062 0.551 0.    0.05  0.337]	[ 0.006 -0.009 -0.162  0.089  0.075]	0.67	1.95	1.4	0.12	0.07	0.31	0.04	0.32	0.17	0.43	0.2	0.16586168012459132	0.053	0.071
4	['Ir', 'Pd', 'Pt', 'Rh', 'Ru']	25	[0.049 0.57  0.015 0.044 0.322]	[-0.005 -0.044 -0.035  0.065  0.018]	0.67	1.95	1.4	0.12	0.07	0.31	0.04	0.32	0.17	0.43	0.2	0.16536651230785554	0.061	0.071
0	['Ir', 'Pd', 'Pt', 'Rh', 'Ru']	26	[0.073 0.511 0.09  0.265 0.061]	[-0.222  0.234 -0.34   0.493 -0.165]	0.67	1.95	1.4	0.12	0.07	0.31	0.04	0.32	0.17	0.43	0.2	0.12719333728651006	0.337	0.071
1	['Ir', 'Pd', 'Pt', 'Rh', 'Ru']	26	[0.088 0.441 0.077 0.074 0.32 ]	[ 0.029 -0.134  0.053  0.025  0.027]	0.67	1.95	1.4	0.12	0.07	0.31	0.04	0.32	0.17	0.43	0.2	0.15088026505701493	0.138	0.071
2	['Ir', 'Pd', 'Pt', 'Rh', 'Ru']	26	[0.06  0.548 0.033 0.014 0.345]	[-0.05  -0.011  0.048 -0.024  0.037]	0.67	1.95	1.4	0.12	0.07	0.31	0.04	0.32	0.17	0.43	0.2	0.16529521955851093	0.078	0.071
3	['Ir', 'Pd', 'Pt', 'Rh', 'Ru']	26	[0.04  0.544 0.026 0.017 0.373]	[-0.078 -0.041 -0.02   0.083  0.057]	0.67	1.95	1.4	0.12	0.07	0.31	0.04	0.32	0.17	0.43	0.2	0.16721977659936177	0.104	0.071
4	['Ir', 'Pd', 'Pt', 'Rh', 'Ru']	26	[0.043 0.545 0.004 0.    0.408]	[-0.012 -0.03   0.011 -0.051  0.081]	0.67	1.95	1.4	0.12	0.07	0.31	0.04	0.32	0.17	0.43	0.2	0.1655765031851288	0.132	0.071
0	['Ir', 'Pd', 'Pt', 'Rh', 'Ru']	27	[0.08  0.45  0.06  0.271 0.139]	[ 0.126 -0.112 -0.071 -0.021  0.078]	0.67	1.95	1.4	0.12	0.07	0.31	0.04	0.32	0.17	0.43	0.2	0.13043831847070333	0.298	0.071
1	['Ir', 'Pd', 'Pt', 'Rh', 'Ru']	27	[0.045 0.555 0.001 0.014 0.385]	[-0.17   0.095  0.027  0.035  0.013]	0.67	1.95	1.4	0.12	0.07	0.31	0.04	0.32	0.17	0.43	0.2	0.16586332578876323	0.108	0.071
2	['Ir', 'Pd', 'Pt', 'Rh', 'Ru']	27	[0.002 0.519 0.014 0.077 0.388]	[-0.141 -0.035 -0.016  0.09   0.102]	0.67	1.95	1.4	0.12	0.07	0.31	0.04	0.32	0.17	0.43	0.2	0.15608343015539544	0.139	0.071
3	['Ir', 'Pd', 'Pt', 'Rh', 'Ru']	27	[0.025 0.491 0.018 0.052 0.414]	[-0.099 -0.008 -0.076  0.08   0.103]	0.67	1.95	1.4	0.12	0.07	0.31	0.04	0.32	0.17	0.43	0.2	0.15574121321458378	0.15	0.071
4	['Ir', 'Pd', 'Pt', 'Rh', 'Ru']	27	[0.002 0.555 0.002 0.062 0.379]	[ 0.061  0.02  -0.021  0.061 -0.122]	0.67	1.95	1.4	0.12	0.07	0.31	0.04	0.32	0.17	0.43	0.2	0.1584128304440952	0.127	0.071
0	['Ir', 'Pd', 'Pt', 'Rh', 'Ru']	28	[0.082 0.506 0.028 0.125 0.259]	[ 0.002  0.056 -0.032 -0.146  0.12 ]	0.67	1.95	1.4	0.12	0.07	0.31	0.04	0.32	0.17	0.43	0.2	0.1599089984677174	0.102	0.071
1	['Ir', 'Pd', 'Pt', 'Rh', 'Ru']	28	[0.016 0.439 0.028 0.016 0.501]	[ 0.034 -0.159  0.012 -0.003  0.116]	0.67	1.95	1.4	0.12	0.07	0.31	0.04	0.32	0.17	0.43	0.2	0.13540363095561667	0.248	0.071
2	['Ir', 'Pd', 'Pt', 'Rh', 'Ru']	28	[0.023 0.557 0.014 0.042 0.364]	[-0.011  0.03  -0.049  0.149 -0.119]	0.67	1.95	1.4	0.12	0.07	0.31	0.04	0.32	0.17	0.43	0.2	0.16485960680163445	0.102	0.071
3	['Ir', 'Pd', 'Pt', 'Rh', 'Ru']	28	[0.013 0.574 0.011 0.044 0.358]	[-0.097  0.124 -0.044  0.089 -0.072]	0.67	1.95	1.4	0.12	0.07	0.31	0.04	0.32	0.17	0.43	0.2	0.16070452487618214	0.108	0.071
4	['Ir', 'Pd', 'Pt', 'Rh', 'Ru']	28	[0.031 0.551 0.048 0.072 0.298]	[ 0.053  0.008 -0.093  0.134 -0.103]	0.67	1.95	1.4	0.12	0.07	0.31	0.04	0.32	0.17	0.43	0.2	0.1629667430083537	0.087	0.071
0	['Ir', 'Pd', 'Pt', 'Rh', 'Ru']	29	[0.039 0.601 0.002 0.01  0.348]	[-0.115  0.06  -0.099  0.103  0.051]	0.67	1.95	1.4	0.12	0.07	0.31	0.04	0.32	0.17	0.43	0.2	0.1641124409243443	0.101	0.071
1	['Ir', 'Pd', 'Pt', 'Rh', 'Ru']	29	[0.118 0.293 0.064 0.079 0.446]	[ 0.102 -0.146  0.036  0.063 -0.056]	0.67	1.95	1.4	0.12	0.07	0.31	0.04	0.32	0.17	0.43	0.2	0.0961614760965187	0.304	0.071
2	['Ir', 'Pd', 'Pt', 'Rh', 'Ru']	29	[0.104 0.615 0.046 0.031 0.204]	[ 0.083  0.059  0.037 -0.012 -0.167]	0.67	1.95	1.4	0.12	0.07	0.31	0.04	0.32	0.17	0.43	0.2	0.15167187482864394	0.126	0.071
3	['Ir', 'Pd', 'Pt', 'Rh', 'Ru']	29	[0.028 0.665 0.012 0.019 0.276]	[-0.     0.081 -0.016  0.041 -0.106]	0.67	1.95	1.4	0.12	0.07	0.31	0.04	0.32	0.17	0.43	0.2	0.1500236455597348	0.142	0.071
4	['Ir', 'Pd', 'Pt', 'Rh', 'Ru']	29	[0.017 0.577 0.058 0.03  0.318]	[-0.049  0.054  0.1   -0.15   0.045]	0.67	1.95	1.4	0.12	0.07	0.31	0.04	0.32	0.17	0.43	0.2	0.16654164750281517	0.108	0.071
0	['Ir', 'Pd', 'Pt', 'Rh', 'Ru']	30	[0.075 0.653 0.009 0.04  0.223]	[ 0.038  0.055  0.007  0.031 -0.131]	0.67	1.95	1.4	0.12	0.07	0.31	0.04	0.32	0.17	0.43	0.2	0.14885776078440868	0.132	0.071
1	['Ir', 'Pd', 'Pt', 'Rh', 'Ru']	30	[0.073 0.469 0.041 0.038 0.379]	[-0.045  0.177 -0.023 -0.041 -0.067]	0.67	1.95	1.4	0.12	0.07	0.31	0.04	0.32	0.17	0.43	0.2	0.1568305714862565	0.124	0.071
2	['Ir', 'Pd', 'Pt', 'Rh', 'Ru']	30	[0.104 0.548 0.002 0.053 0.293]	[-0.034 -0.147  0.011  0.051  0.119]	0.67	1.95	1.4	0.12	0.07	0.31	0.04	0.32	0.17	0.43	0.2	0.1670753953930014	0.009	0.071
3	['Ir', 'Pd', 'Pt', 'Rh', 'Ru']	30	[0.008 0.513 0.064 0.047 0.368]	[-0.023 -0.163  0.052  0.041  0.093]	0.67	1.95	1.4	0.12	0.07	0.31	0.04	0.32	0.17	0.43	0.2	0.16193958557398072	0.136	0.071
4	['Ir', 'Pd', 'Pt', 'Rh', 'Ru']	30	[0.014 0.654 0.04  0.067 0.225]	[-0.029  0.115 -0.026  0.079 -0.138]	0.67	1.95	1.4	0.12	0.07	0.31	0.04	0.32	0.17	0.43	0.2	0.14492199242376338	0.16	0.071
