ID	Elements	Generation	Position	Velocity	F_damp	F_b_best	F_h_best	F_g_best	F_b_worst	F_h_worst	F_g_worst	mut_prob	flip_prob	mut_rate	v_max	Activity	Distance	v_min
0	['Ir', 'Pd', 'Pt', 'Rh', 'Ru']	0	[0.8  0.05 0.05 0.05 0.05]	[-0.179  0.045  0.045  0.045  0.045]	0.43	0.02	0.07	1.18	1.97	1.09	0.22	0.11	0.13	0.04	0.2	0.009720244224210991	0.897	0.071
1	['Ir', 'Pd', 'Pt', 'Rh', 'Ru']	0	[0.05 0.8  0.05 0.05 0.05]	[ 0.045 -0.179  0.045  0.045  0.045]	0.43	0.02	0.07	1.18	1.97	1.09	0.22	0.11	0.13	0.04	0.2	0.0893487361025907	0.361	0.071
2	['Ir', 'Pd', 'Pt', 'Rh', 'Ru']	0	[0.05 0.05 0.8  0.05 0.05]	[ 0.045  0.045 -0.179  0.045  0.045]	0.43	0.02	0.07	1.18	1.97	1.09	0.22	0.11	0.13	0.04	0.2	0.07213216891773018	0.977	0.071
3	['Ir', 'Pd', 'Pt', 'Rh', 'Ru']	0	[0.05 0.05 0.05 0.8  0.05]	[ 0.045  0.045  0.045 -0.179  0.045]	0.43	0.02	0.07	1.18	1.97	1.09	0.22	0.11	0.13	0.04	0.2	0.001931275295651623	0.938	0.071
4	['Ir', 'Pd', 'Pt', 'Rh', 'Ru']	0	[0.05 0.05 0.05 0.05 0.8 ]	[ 0.045  0.045  0.045  0.045 -0.179]	0.43	0.02	0.07	1.18	1.97	1.09	0.22	0.11	0.13	0.04	0.2	0.0030504979582336787	0.711	0.071
0	['Ir', 'Pd', 'Pt', 'Rh', 'Ru']	1	[0.749 0.145 0.007 0.092 0.007]	[-0.08   0.109 -0.07   0.11  -0.07 ]	0.43	0.02	0.07	1.18	1.97	1.09	0.22	0.11	0.13	0.04	0.2	0.007543393483085907	0.82	0.071
1	['Ir', 'Pd', 'Pt', 'Rh', 'Ru']	1	[0.    0.872 0.    0.128 0.   ]	[-0.072  0.091 -0.072  0.126 -0.072]	0.43	0.02	0.07	1.18	1.97	1.09	0.22	0.11	0.13	0.04	0.2	0.04984047910122667	0.458	0.071
2	['Ir', 'Pd', 'Pt', 'Rh', 'Ru']	1	[0.003 0.147 0.75  0.091 0.009]	[-0.075  0.11  -0.077  0.109 -0.067]	0.43	0.02	0.07	1.18	1.97	1.09	0.22	0.11	0.13	0.04	0.2	0.050668887508296	0.906	0.071
3	['Ir', 'Pd', 'Pt', 'Rh', 'Ru']	1	[0.053 0.187 0.053 0.654 0.053]	[ 0.003  0.137  0.003 -0.145  0.003]	0.43	0.02	0.07	1.18	1.97	1.09	0.22	0.11	0.13	0.04	0.2	0.01927351678573712	0.75	0.071
4	['Ir', 'Pd', 'Pt', 'Rh', 'Ru']	1	[0.007 0.145 0.007 0.092 0.749]	[-0.07   0.109 -0.07   0.11  -0.08 ]	0.43	0.02	0.07	1.18	1.97	1.09	0.22	0.11	0.13	0.04	0.2	0.02363518370877565	0.613	0.071
0	['Ir', 'Pd', 'Pt', 'Rh', 'Ru']	2	[0.617 0.292 0.018 0.064 0.009]	[-0.132  0.147  0.011 -0.028  0.002]	0.43	0.02	0.07	1.18	1.97	1.09	0.22	0.11	0.13	0.04	0.2	0.03279711848129159	0.647	0.071
1	['Ir', 'Pd', 'Pt', 'Rh', 'Ru']	2	[0.079 0.85  0.041 0.006 0.024]	[ 0.138 -0.144 -0.005  0.009  0.002]	0.43	0.02	0.07	1.18	1.97	1.09	0.22	0.11	0.13	0.04	0.2	0.07852783440923197	0.413	0.071
2	['Ir', 'Pd', 'Pt', 'Rh', 'Ru']	2	[0.091 0.182 0.66  0.025 0.042]	[ 0.103  0.112 -0.046 -0.103 -0.066]	0.43	0.02	0.07	1.18	1.97	1.09	0.22	0.11	0.13	0.04	0.2	0.06306022557500185	0.799	0.071
3	['Ir', 'Pd', 'Pt', 'Rh', 'Ru']	2	[0.051 0.315 0.042 0.558 0.034]	[ 0.071  0.127 -0.031 -0.128 -0.039]	0.43	0.02	0.07	1.18	1.97	1.09	0.22	0.11	0.13	0.04	0.2	0.044598577618309494	0.623	0.071
4	['Ir', 'Pd', 'Pt', 'Rh', 'Ru']	2	[0.09  0.201 0.053 0.009 0.647]	[ 0.096  0.122 -0.068 -0.077 -0.073]	0.43	0.02	0.07	1.18	1.97	1.09	0.22	0.11	0.13	0.04	0.2	0.04772835663412999	0.497	0.071
0	['Ir', 'Pd', 'Pt', 'Rh', 'Ru']	3	[0.489 0.441 0.026 0.028 0.016]	[-0.128  0.149  0.008 -0.036  0.007]	0.43	0.02	0.07	1.18	1.97	1.09	0.22	0.11	0.13	0.04	0.2	0.07224841732138645	0.495	0.071
1	['Ir', 'Pd', 'Pt', 'Rh', 'Ru']	3	[0.02  0.917 0.002 0.049 0.012]	[ 0.075 -0.163  0.026  0.083 -0.021]	0.43	0.02	0.07	1.18	1.97	1.09	0.22	0.11	0.13	0.04	0.2	0.05442514950006432	0.473	0.071
2	['Ir', 'Pd', 'Pt', 'Rh', 'Ru']	3	[0.016 0.314 0.603 0.04  0.027]	[-0.119  0.143 -0.057  0.046 -0.013]	0.43	0.02	0.07	1.18	1.97	1.09	0.22	0.11	0.13	0.04	0.2	0.06925007119685325	0.708	0.071
3	['Ir', 'Pd', 'Pt', 'Rh', 'Ru']	3	[0.024 0.466 0.031 0.458 0.021]	[ 0.048  0.141 -0.031 -0.125 -0.033]	0.43	0.02	0.07	1.18	1.97	1.09	0.22	0.11	0.13	0.04	0.2	0.0725767931685396	0.508	0.071
4	['Ir', 'Pd', 'Pt', 'Rh', 'Ru']	3	[0.011 0.346 0.028 0.034 0.581]	[-0.103  0.155 -0.019  0.03  -0.063]	0.43	0.02	0.07	1.18	1.97	1.09	0.22	0.11	0.13	0.04	0.2	0.10753924558610323	0.36	0.071
0	['Ir', 'Pd', 'Pt', 'Rh', 'Ru']	4	[0.356 0.442 0.019 0.039 0.144]	[-0.148 -0.007 -0.014  0.042  0.127]	0.43	0.02	0.07	1.18	1.97	1.09	0.22	0.11	0.13	0.04	0.2	0.10490596761818671	0.319	0.071
1	['Ir', 'Pd', 'Pt', 'Rh', 'Ru']	4	[0.024 0.8   0.002 0.016 0.158]	[-0.015 -0.141 -0.019  0.041  0.134]	0.43	0.02	0.07	1.18	1.97	1.09	0.22	0.11	0.13	0.04	0.2	0.09963995932625173	0.299	0.071
2	['Ir', 'Pd', 'Pt', 'Rh', 'Ru']	4	[0.006 0.259 0.527 0.02  0.188]	[-0.037 -0.069 -0.089  0.039  0.156]	0.43	0.02	0.07	1.18	1.97	1.09	0.22	0.11	0.13	0.04	0.2	0.08740453084757716	0.62	0.071
3	['Ir', 'Pd', 'Pt', 'Rh', 'Ru']	4	[0.016 0.524 0.026 0.302 0.132]	[-0.008  0.058 -0.005 -0.156  0.111]	0.43	0.02	0.07	1.18	1.97	1.09	0.22	0.11	0.13	0.04	0.2	0.12273580408319787	0.316	0.071
4	['Ir', 'Pd', 'Pt', 'Rh', 'Ru']	4	[0.001 0.3   0.052 0.015 0.632]	[ 0.001 -0.04  -0.141  0.057  0.123]	0.43	0.02	0.07	1.18	1.97	1.09	0.22	0.11	0.13	0.04	0.2	0.08848740703775608	0.432	0.071
0	['Ir', 'Pd', 'Pt', 'Rh', 'Ru']	5	[0.212 0.551 0.057 0.024 0.156]	[-0.156  0.114  0.048 -0.017  0.01 ]	0.43	0.02	0.07	1.18	1.97	1.09	0.22	0.11	0.13	0.04	0.2	0.14184217148434436	0.193	0.071
1	['Ir', 'Pd', 'Pt', 'Rh', 'Ru']	5	[0.008 0.723 0.105 0.05  0.114]	[-0.076 -0.005  0.145 -0.106  0.042]	0.43	0.02	0.07	1.18	1.97	1.09	0.22	0.11	0.13	0.04	0.2	0.11519804063843017	0.29	0.071
2	['Ir', 'Pd', 'Pt', 'Rh', 'Ru']	5	[0.005 0.352 0.362 0.029 0.252]	[-0.001  0.093 -0.165  0.009  0.064]	0.43	0.02	0.07	1.18	1.97	1.09	0.22	0.11	0.13	0.04	0.2	0.11742423446598757	0.427	0.071
3	['Ir', 'Pd', 'Pt', 'Rh', 'Ru']	5	[0.014 0.653 0.037 0.174 0.122]	[-0.038  0.137  0.044 -0.134 -0.009]	0.43	0.02	0.07	1.18	1.97	1.09	0.22	0.11	0.13	0.04	0.2	0.12966715672628232	0.258	0.071
4	['Ir', 'Pd', 'Pt', 'Rh', 'Ru']	5	[0.011 0.41  0.042 0.004 0.533]	[-0.041  0.127  0.072 -0.031 -0.126]	0.43	0.02	0.07	1.18	1.97	1.09	0.22	0.11	0.13	0.04	0.2	0.13038045839601659	0.293	0.071
0	['Ir', 'Pd', 'Pt', 'Rh', 'Ru']	6	[0.06  0.658 0.053 0.03  0.199]	[-0.163  0.103 -0.011  0.033  0.038]	0.43	0.02	0.07	1.18	1.97	1.09	0.22	0.11	0.13	0.04	0.2	0.14710697599287956	0.163	0.071
1	['Ir', 'Pd', 'Pt', 'Rh', 'Ru']	6	[0.042 0.587 0.136 0.064 0.171]	[ 0.024 -0.174  0.02   0.079  0.05 ]	0.43	0.02	0.07	1.18	1.97	1.09	0.22	0.11	0.13	0.04	0.2	0.1487593238718696	0.2	0.071
2	['Ir', 'Pd', 'Pt', 'Rh', 'Ru']	6	[0.034 0.402 0.201 0.025 0.338]	[ 0.021  0.04  -0.174  0.034  0.08 ]	0.43	0.02	0.07	1.18	1.97	1.09	0.22	0.11	0.13	0.04	0.2	0.13736845686722648	0.262	0.071
3	['Ir', 'Pd', 'Pt', 'Rh', 'Ru']	6	[0.031 0.776 0.031 0.019 0.143]	[ 0.017  0.123 -0.006 -0.155  0.021]	0.43	0.02	0.07	1.18	1.97	1.09	0.22	0.11	0.13	0.04	0.2	0.10846557098475287	0.287	0.071
4	['Ir', 'Pd', 'Pt', 'Rh', 'Ru']	6	[0.012 0.529 0.001 0.064 0.394]	[ 0.006  0.13  -0.038  0.043 -0.141]	0.43	0.02	0.07	1.18	1.97	1.09	0.22	0.11	0.13	0.04	0.2	0.15677902750770395	0.131	0.071
0	['Ir', 'Pd', 'Pt', 'Rh', 'Ru']	7	[0.069 0.681 0.01  0.036 0.204]	[ 0.129  0.047 -0.079 -0.119  0.022]	0.43	0.02	0.07	1.18	1.97	1.09	0.22	0.11	0.13	0.04	0.2	0.14007364169537018	0.166	0.071
1	['Ir', 'Pd', 'Pt', 'Rh', 'Ru']	7	[0.054 0.443 0.179 0.027 0.297]	[ 0.012 -0.144  0.043 -0.037  0.126]	0.43	0.02	0.07	1.18	1.97	1.09	0.22	0.11	0.13	0.04	0.2	0.14526484243185347	0.215	0.071
2	['Ir', 'Pd', 'Pt', 'Rh', 'Ru']	7	[0.038 0.443 0.054 0.003 0.462]	[-0.006  0.032 -0.158  0.017  0.116]	0.43	0.02	0.07	1.18	1.97	1.09	0.22	0.11	0.13	0.04	0.2	0.1431265530053907	0.216	0.071
3	['Ir', 'Pd', 'Pt', 'Rh', 'Ru']	7	[0.02  0.784 0.023 0.092 0.081]	[-0.091  0.079 -0.094  0.126 -0.02 ]	0.43	0.02	0.07	1.18	1.97	1.09	0.22	0.11	0.13	0.04	0.2	0.09356771064179806	0.334	0.071
4	['Ir', 'Pd', 'Pt', 'Rh', 'Ru']	7	[0.006 0.675 0.022 0.029 0.268]	[ 0.     0.151  0.01  -0.034 -0.127]	0.43	0.02	0.07	1.18	1.97	1.09	0.22	0.11	0.13	0.04	0.2	0.1406411454972747	0.163	0.071
0	['Ir', 'Pd', 'Pt', 'Rh', 'Ru']	8	[0.038 0.708 0.018 0.016 0.22 ]	[ 0.122  0.047 -0.137 -0.058  0.026]	0.43	0.02	0.07	1.18	1.97	1.09	0.22	0.11	0.13	0.04	0.2	0.1336616550507812	0.192	0.071
1	['Ir', 'Pd', 'Pt', 'Rh', 'Ru']	8	[0.054 0.295 0.212 0.024 0.415]	[-0.009 -0.161  0.025  0.031  0.113]	0.43	0.02	0.07	1.18	1.97	1.09	0.22	0.11	0.13	0.04	0.2	0.10322505574735437	0.355	0.071
2	['Ir', 'Pd', 'Pt', 'Rh', 'Ru']	8	[0.011 0.41  0.057 0.003 0.519]	[-0.106 -0.049  0.115 -0.058  0.098]	0.43	0.02	0.07	1.18	1.97	1.09	0.22	0.11	0.13	0.04	0.2	0.13227499425793027	0.284	0.071
3	['Ir', 'Pd', 'Pt', 'Rh', 'Ru']	8	[0.011 0.866 0.006 0.038 0.079]	[-0.094  0.09  -0.094  0.118 -0.022]	0.43	0.02	0.07	1.18	1.97	1.09	0.22	0.11	0.13	0.04	0.2	0.07339666785609147	0.396	0.071
4	['Ir', 'Pd', 'Pt', 'Rh', 'Ru']	8	[0.008 0.824 0.014 0.006 0.148]	[-0.005  0.144 -0.02   0.018 -0.137]	0.43	0.02	0.07	1.18	1.97	1.09	0.22	0.11	0.13	0.04	0.2	0.08964191622427758	0.33	0.071
0	['Ir', 'Pd', 'Pt', 'Rh', 'Ru']	9	[0.07  0.67  0.014 0.072 0.174]	[ 0.095 -0.091  0.006  0.102 -0.112]	0.43	0.02	0.07	1.18	1.97	1.09	0.22	0.11	0.13	0.04	0.2	0.1408936261277634	0.178	0.071
1	['Ir', 'Pd', 'Pt', 'Rh', 'Ru']	9	[0.06  0.146 0.25  0.009 0.535]	[-0.003 -0.16   0.029  0.02   0.114]	0.43	0.02	0.07	1.18	1.97	1.09	0.22	0.11	0.13	0.04	0.2	0.04292442578029484	0.533	0.071
2	['Ir', 'Pd', 'Pt', 'Rh', 'Ru']	9	[0.034 0.347 0.026 0.016 0.577]	[-0.103 -0.063  0.098 -0.048  0.117]	0.43	0.02	0.07	1.18	1.97	1.09	0.22	0.11	0.13	0.04	0.2	0.10679976595320402	0.352	0.071
3	['Ir', 'Pd', 'Pt', 'Rh', 'Ru']	9	[0.034 0.887 0.018 0.052 0.009]	[-0.106  0.094 -0.072  0.117 -0.034]	0.43	0.02	0.07	1.18	1.97	1.09	0.22	0.11	0.13	0.04	0.2	0.062065655303112005	0.45	0.071
4	['Ir', 'Pd', 'Pt', 'Rh', 'Ru']	9	[0.003 0.965 0.005 0.011 0.016]	[-0.004  0.149 -0.026  0.011 -0.13 ]	0.43	0.02	0.07	1.18	1.97	1.09	0.22	0.11	0.13	0.04	0.2	0.04442961442272812	0.514	0.071
0	['Ir', 'Pd', 'Pt', 'Rh', 'Ru']	10	[0.045 0.772 0.019 0.018 0.146]	[ 0.095  0.12  -0.052 -0.099 -0.063]	0.43	0.02	0.07	1.18	1.97	1.09	0.22	0.11	0.13	0.04	0.2	0.11081411776536985	0.278	0.071
1	['Ir', 'Pd', 'Pt', 'Rh', 'Ru']	10	[0.025 0.302 0.14  0.027 0.506]	[-0.036  0.157 -0.112  0.022 -0.031]	0.43	0.02	0.07	1.18	1.97	1.09	0.22	0.11	0.13	0.04	0.2	0.09845622100090698	0.36	0.071
2	['Ir', 'Pd', 'Pt', 'Rh', 'Ru']	10	[0.011 0.315 0.076 0.035 0.563]	[-0.121  0.017  0.132 -0.074  0.046]	0.43	0.02	0.07	1.18	1.97	1.09	0.22	0.11	0.13	0.04	0.2	0.09912294791247493	0.372	0.071
3	['Ir', 'Pd', 'Pt', 'Rh', 'Ru']	10	[0.    0.916 0.004 0.079 0.001]	[-0.013 -0.154  0.036  0.12   0.013]	0.43	0.02	0.07	1.18	1.97	1.09	0.22	0.11	0.13	0.04	0.2	0.043909478694362035	0.484	0.071
4	['Ir', 'Pd', 'Pt', 'Rh', 'Ru']	10	[0.01  0.812 0.03  0.001 0.147]	[ 0.01  -0.161  0.025  0.012  0.114]	0.43	0.02	0.07	1.18	1.97	1.09	0.22	0.11	0.13	0.04	0.2	0.09499243489150569	0.322	0.071
0	['Ir', 'Pd', 'Pt', 'Rh', 'Ru']	11	[0.054 0.782 0.028 0.007 0.129]	[ 0.126  0.057 -0.131 -0.06   0.009]	0.43	0.02	0.07	1.18	1.97	1.09	0.22	0.11	0.13	0.04	0.2	0.1101334923786997	0.296	0.071
1	['Ir', 'Pd', 'Pt', 'Rh', 'Ru']	11	[0.009 0.308 0.018 0.02  0.645]	[-0.004 -0.007 -0.146  0.022  0.136]	0.43	0.02	0.07	1.18	1.97	1.09	0.22	0.11	0.13	0.04	0.2	0.08987054239312317	0.433	0.071
2	['Ir', 'Pd', 'Pt', 'Rh', 'Ru']	11	[0.005 0.276 0.029 0.013 0.677]	[-0.062 -0.055  0.089 -0.097  0.126]	0.43	0.02	0.07	1.18	1.97	1.09	0.22	0.11	0.13	0.04	0.2	0.0751409782240763	0.478	0.071
3	['Ir', 'Pd', 'Pt', 'Rh', 'Ru']	11	[0.002 0.902 0.009 0.077 0.01 ]	[-0.005 -0.146 -0.006  0.136  0.022]	0.43	0.02	0.07	1.18	1.97	1.09	0.22	0.11	0.13	0.04	0.2	0.04978676102426328	0.467	0.071
4	['Ir', 'Pd', 'Pt', 'Rh', 'Ru']	11	[0.017 0.945 0.004 0.026 0.008]	[-0.026  0.15  -0.022  0.024 -0.126]	0.43	0.02	0.07	1.18	1.97	1.09	0.22	0.11	0.13	0.04	0.2	0.04895879575671914	0.499	0.071
0	['Ir', 'Pd', 'Pt', 'Rh', 'Ru']	12	[0.052 0.802 0.025 0.001 0.12 ]	[ 0.126  0.059 -0.128 -0.064  0.008]	0.43	0.02	0.07	1.18	1.97	1.09	0.22	0.11	0.13	0.04	0.2	0.10344798998353519	0.318	0.071
1	['Ir', 'Pd', 'Pt', 'Rh', 'Ru']	12	[0.005 0.204 0.044 0.039 0.708]	[-0.039 -0.076  0.074 -0.095  0.136]	0.43	0.02	0.07	1.18	1.97	1.09	0.22	0.11	0.13	0.04	0.2	0.04646208573902272	0.545	0.071
2	['Ir', 'Pd', 'Pt', 'Rh', 'Ru']	12	[0.036 0.174 0.042 0.005 0.743]	[-0.082 -0.089  0.08  -0.041  0.132]	0.43	0.02	0.07	1.18	1.97	1.09	0.22	0.11	0.13	0.04	0.2	0.03258957899294237	0.588	0.071
3	['Ir', 'Pd', 'Pt', 'Rh', 'Ru']	12	[0.002 0.911 0.018 0.063 0.006]	[-0.001 -0.142 -0.021  0.137  0.027]	0.43	0.02	0.07	1.18	1.97	1.09	0.22	0.11	0.13	0.04	0.2	0.04691420456825481	0.476	0.071
4	['Ir', 'Pd', 'Pt', 'Rh', 'Ru']	12	[0.001 0.837 0.003 0.    0.159]	[ 0.001 -0.149  0.023 -0.007  0.131]	0.43	0.02	0.07	1.18	1.97	1.09	0.22	0.11	0.13	0.04	0.2	0.08326585465748174	0.338	0.071
0	['Ir', 'Pd', 'Pt', 'Rh', 'Ru']	13	[0.032 0.896 0.02  0.007 0.045]	[ 0.078  0.134 -0.083 -0.04  -0.088]	0.43	0.02	0.07	1.18	1.97	1.09	0.22	0.11	0.13	0.04	0.2	0.06983669859145959	0.438	0.071
1	['Ir', 'Pd', 'Pt', 'Rh', 'Ru']	13	[0.017 0.279 0.024 0.029 0.651]	[-0.028  0.13   0.072 -0.119 -0.055]	0.43	0.02	0.07	1.18	1.97	1.09	0.22	0.11	0.13	0.04	0.2	0.07865178486702719	0.452	0.071
2	['Ir', 'Pd', 'Pt', 'Rh', 'Ru']	13	[0.008 0.319 0.012 0.036 0.625]	[-0.043  0.154 -0.025  0.028 -0.114]	0.43	0.02	0.07	1.18	1.97	1.09	0.22	0.11	0.13	0.04	0.2	0.09620209349193201	0.41	0.071
3	['Ir', 'Pd', 'Pt', 'Rh', 'Ru']	13	[0.007 0.887 0.004 0.069 0.033]	[ 0.014 -0.159 -0.005  0.116  0.035]	0.43	0.02	0.07	1.18	1.97	1.09	0.22	0.11	0.13	0.04	0.2	0.05927034263062675	0.44	0.071
4	['Ir', 'Pd', 'Pt', 'Rh', 'Ru']	13	[0.001 0.974 0.003 0.004 0.018]	[-0.005  0.145 -0.004  0.001 -0.138]	0.43	0.02	0.07	1.18	1.97	1.09	0.22	0.11	0.13	0.04	0.2	0.04366692318666808	0.521	0.071
0	['Ir', 'Pd', 'Pt', 'Rh', 'Ru']	14	[0.079 0.88  0.03  0.001 0.01 ]	[ 0.127 -0.148 -0.024  0.011  0.035]	0.43	0.02	0.07	1.18	1.97	1.09	0.22	0.11	0.13	0.04	0.2	0.07315462846092152	0.444	0.071
1	['Ir', 'Pd', 'Pt', 'Rh', 'Ru']	14	[0.014 0.183 0.038 0.022 0.743]	[-0.032 -0.082  0.061 -0.09   0.142]	0.43	0.02	0.07	1.18	1.97	1.09	0.22	0.11	0.13	0.04	0.2	0.03428660525883717	0.584	0.071
2	['Ir', 'Pd', 'Pt', 'Rh', 'Ru']	14	[0.004 0.214 0.01  0.033 0.739]	[ 0.009 -0.102  0.018 -0.078  0.153]	0.43	0.02	0.07	1.18	1.97	1.09	0.22	0.11	0.13	0.04	0.2	0.044029020728533576	0.561	0.071
3	['Ir', 'Pd', 'Pt', 'Rh', 'Ru']	14	[0.024 0.912 0.011 0.048 0.005]	[-0.011 -0.144 -0.008  0.135  0.029]	0.43	0.02	0.07	1.18	1.97	1.09	0.22	0.11	0.13	0.04	0.2	0.05374419791250049	0.473	0.071
4	['Ir', 'Pd', 'Pt', 'Rh', 'Ru']	14	[0.014 0.797 0.013 0.025 0.151]	[ 0.01  -0.16   0.011  0.02   0.118]	0.43	0.02	0.07	1.18	1.97	1.09	0.22	0.11	0.13	0.04	0.2	0.09805502637410468	0.302	0.071
0	['Ir', 'Pd', 'Pt', 'Rh', 'Ru']	15	[0.03  0.922 0.014 0.023 0.011]	[ 0.109 -0.163 -0.001  0.026  0.027]	0.43	0.02	0.07	1.18	1.97	1.09	0.22	0.11	0.13	0.04	0.2	0.055800855626191984	0.477	0.071
1	['Ir', 'Pd', 'Pt', 'Rh', 'Ru']	15	[0.001 0.326 0.006 0.04  0.627]	[-0.021  0.145 -0.037  0.039 -0.126]	0.43	0.02	0.07	1.18	1.97	1.09	0.22	0.11	0.13	0.04	0.2	0.098041319144334	0.409	0.071
2	['Ir', 'Pd', 'Pt', 'Rh', 'Ru']	15	[0.005 0.353 0.002 0.02  0.62 ]	[-0.     0.156  0.012 -0.058 -0.11 ]	0.43	0.02	0.07	1.18	1.97	1.09	0.22	0.11	0.13	0.04	0.2	0.10802833301978172	0.389	0.071
3	['Ir', 'Pd', 'Pt', 'Rh', 'Ru']	15	[0.004 0.878 0.009 0.085 0.024]	[ 0.001 -0.155 -0.004  0.121  0.037]	0.43	0.02	0.07	1.18	1.97	1.09	0.22	0.11	0.13	0.04	0.2	0.05706144485966501	0.441	0.071
4	['Ir', 'Pd', 'Pt', 'Rh', 'Ru']	15	[0.008 0.952 0.003 0.012 0.025]	[-0.006  0.155 -0.01  -0.013 -0.126]	0.43	0.02	0.07	1.18	1.97	1.09	0.22	0.11	0.13	0.04	0.2	0.05149441087173083	0.497	0.071
0	['Ir', 'Pd', 'Pt', 'Rh', 'Ru']	16	[0.105 0.864 0.004 0.021 0.006]	[ 0.131 -0.145 -0.022  0.004  0.033]	0.43	0.02	0.07	1.18	1.97	1.09	0.22	0.11	0.13	0.04	0.2	0.080005363724829	0.431	0.071
1	['Ir', 'Pd', 'Pt', 'Rh', 'Ru']	16	[0.016 0.218 0.016 0.032 0.718]	[-0.038 -0.115  0.016 -0.019  0.157]	0.43	0.02	0.07	1.18	1.97	1.09	0.22	0.11	0.13	0.04	0.2	0.049372752084543614	0.541	0.071
2	['Ir', 'Pd', 'Pt', 'Rh', 'Ru']	16	[0.016 0.293 0.001 0.002 0.688]	[-0.056 -0.09  -0.026  0.006  0.167]	0.43	0.02	0.07	1.18	1.97	1.09	0.22	0.11	0.13	0.04	0.2	0.07935890393884701	0.475	0.071
3	['Ir', 'Pd', 'Pt', 'Rh', 'Ru']	16	[0.01  0.933 0.021 0.032 0.004]	[-0.005 -0.139 -0.024  0.137  0.031]	0.43	0.02	0.07	1.18	1.97	1.09	0.22	0.11	0.13	0.04	0.2	0.04575034090135217	0.493	0.071
4	['Ir', 'Pd', 'Pt', 'Rh', 'Ru']	16	[0.003 0.833 0.013 0.012 0.139]	[ 0.01  -0.16   0.012  0.02   0.118]	0.43	0.02	0.07	1.18	1.97	1.09	0.22	0.11	0.13	0.04	0.2	0.08496890200600843	0.342	0.071
0	['Ir', 'Pd', 'Pt', 'Rh', 'Ru']	17	[0.014 0.946 0.018 0.003 0.019]	[ 0.12   0.088 -0.113 -0.067 -0.027]	0.43	0.02	0.07	1.18	1.97	1.09	0.22	0.11	0.13	0.04	0.2	0.05157662903484684	0.496	0.071
1	['Ir', 'Pd', 'Pt', 'Rh', 'Ru']	17	[0.003 0.111 0.001 0.006 0.879]	[-0.032 -0.129 -0.004  0.016  0.148]	0.43	0.02	0.07	1.18	1.97	1.09	0.22	0.11	0.13	0.04	0.2	0.009538177317065437	0.734	0.071
2	['Ir', 'Pd', 'Pt', 'Rh', 'Ru']	17	[0.036 0.167 0.004 0.002 0.791]	[-0.03  -0.123 -0.005  0.003  0.155]	0.43	0.02	0.07	1.18	1.97	1.09	0.22	0.11	0.13	0.04	0.2	0.026092666781881275	0.628	0.071
3	['Ir', 'Pd', 'Pt', 'Rh', 'Ru']	17	[0.014 0.856 0.001 0.123 0.006]	[-0.016 -0.137 -0.017  0.141  0.029]	0.43	0.02	0.07	1.18	1.97	1.09	0.22	0.11	0.13	0.04	0.2	0.05852277853826342	0.439	0.071
4	['Ir', 'Pd', 'Pt', 'Rh', 'Ru']	17	[0.005 0.975 0.01  0.002 0.008]	[-0.009  0.147 -0.008  0.006 -0.135]	0.43	0.02	0.07	1.18	1.97	1.09	0.22	0.11	0.13	0.04	0.2	0.04054594997237902	0.527	0.071
0	['Ir', 'Pd', 'Pt', 'Rh', 'Ru']	18	[0.127 0.827 0.007 0.022 0.017]	[ 0.105 -0.164 -0.002  0.024  0.037]	0.43	0.02	0.07	1.18	1.97	1.09	0.22	0.11	0.13	0.04	0.2	0.08989769496134574	0.398	0.071
1	['Ir', 'Pd', 'Pt', 'Rh', 'Ru']	18	[0.006 0.246 0.004 0.01  0.734]	[-0.015  0.145 -0.01   0.015 -0.136]	0.43	0.02	0.07	1.18	1.97	1.09	0.22	0.11	0.13	0.04	0.2	0.057222881782787484	0.54	0.071
2	['Ir', 'Pd', 'Pt', 'Rh', 'Ru']	18	[0.012 0.303 0.014 0.021 0.65 ]	[-0.015  0.146 -0.016  0.018 -0.134]	0.43	0.02	0.07	1.18	1.97	1.09	0.22	0.11	0.13	0.04	0.2	0.08720879473455503	0.439	0.071
3	['Ir', 'Pd', 'Pt', 'Rh', 'Ru']	18	[0.004 0.953 0.002 0.001 0.04 ]	[ 0.044 -0.138  0.062 -0.07   0.102]	0.43	0.02	0.07	1.18	1.97	1.09	0.22	0.11	0.13	0.04	0.2	0.05573281190499306	0.492	0.071
4	['Ir', 'Pd', 'Pt', 'Rh', 'Ru']	18	[0.001 0.808 0.001 0.012 0.178]	[ 0.008 -0.15  -0.004  0.014  0.131]	0.43	0.02	0.07	1.18	1.97	1.09	0.22	0.11	0.13	0.04	0.2	0.09151213680185923	0.304	0.071
0	['Ir', 'Pd', 'Pt', 'Rh', 'Ru']	19	[0.008 0.745 0.061 0.044 0.142]	[-0.119 -0.082  0.054  0.022  0.125]	0.43	0.02	0.07	1.18	1.97	1.09	0.22	0.11	0.13	0.04	0.2	0.11226451198279155	0.274	0.071
1	['Ir', 'Pd', 'Pt', 'Rh', 'Ru']	19	[0.016 0.154 0.018 0.04  0.772]	[-0.046 -0.069 -0.037  0.059  0.092]	0.43	0.02	0.07	1.18	1.97	1.09	0.22	0.11	0.13	0.04	0.2	0.022812860031906378	0.622	0.071
2	['Ir', 'Pd', 'Pt', 'Rh', 'Ru']	19	[0.015 0.238 0.02  0.003 0.724]	[ 0.014 -0.082 -0.053  0.015  0.106]	0.43	0.02	0.07	1.18	1.97	1.09	0.22	0.11	0.13	0.04	0.2	0.05609605974393582	0.536	0.071
3	['Ir', 'Pd', 'Pt', 'Rh', 'Ru']	19	[0.02  0.809 0.016 0.151 0.004]	[-0.01  -0.142 -0.01   0.138  0.024]	0.43	0.02	0.07	1.18	1.97	1.09	0.22	0.11	0.13	0.04	0.2	0.07066211077664902	0.414	0.071
4	['Ir', 'Pd', 'Pt', 'Rh', 'Ru']	19	[0.    0.951 0.001 0.001 0.047]	[-0.008  0.147 -0.006  0.003 -0.135]	0.43	0.02	0.07	1.18	1.97	1.09	0.22	0.11	0.13	0.04	0.2	0.056504630052636826	0.487	0.071
0	['Ir', 'Pd', 'Pt', 'Rh', 'Ru']	20	[0.1   0.805 0.012 0.033 0.05 ]	[ 0.099  0.118 -0.055 -0.091 -0.071]	0.43	0.02	0.07	1.18	1.97	1.09	0.22	0.11	0.13	0.04	0.2	0.09609087995911661	0.358	0.071
1	['Ir', 'Pd', 'Pt', 'Rh', 'Ru']	20	[0.014 0.303 0.017 0.028 0.638]	[-0.002  0.149 -0.001 -0.012 -0.133]	0.43	0.02	0.07	1.18	1.97	1.09	0.22	0.11	0.13	0.04	0.2	0.08759983265929658	0.428	0.071
2	['Ir', 'Pd', 'Pt', 'Rh', 'Ru']	20	[0.01  0.375 0.006 0.021 0.588]	[-0.027  0.15  -0.018  0.021 -0.126]	0.43	0.02	0.07	1.18	1.97	1.09	0.22	0.11	0.13	0.04	0.2	0.11522283885101521	0.35	0.071
3	['Ir', 'Pd', 'Pt', 'Rh', 'Ru']	20	[0.001 0.947 0.007 0.018 0.027]	[-0.023  0.15  -0.024 -0.126  0.023]	0.43	0.02	0.07	1.18	1.97	1.09	0.22	0.11	0.13	0.04	0.2	0.04946514835279779	0.493	0.071
4	['Ir', 'Pd', 'Pt', 'Rh', 'Ru']	20	[0.012 0.842 0.01  0.021 0.115]	[ 0.008 -0.155  0.008  0.015  0.124]	0.43	0.02	0.07	1.18	1.97	1.09	0.22	0.11	0.13	0.04	0.2	0.08474901728817916	0.358	0.071
0	['Ir', 'Pd', 'Pt', 'Rh', 'Ru']	21	[0.027 0.883 0.003 0.015 0.072]	[ 0.114  0.08  -0.081 -0.119  0.005]	0.43	0.02	0.07	1.18	1.97	1.09	0.22	0.11	0.13	0.04	0.2	0.07621430776293321	0.412	0.071
1	['Ir', 'Pd', 'Pt', 'Rh', 'Ru']	21	[0.007 0.356 0.    0.085 0.552]	[-0.007  0.053 -0.017  0.057 -0.086]	0.43	0.02	0.07	1.18	1.97	1.09	0.22	0.11	0.13	0.04	0.2	0.1095598306438099	0.333	0.071
2	['Ir', 'Pd', 'Pt', 'Rh', 'Ru']	21	[0.001 0.405 0.035 0.    0.559]	[-0.002  0.106 -0.093  0.026 -0.037]	0.43	0.02	0.07	1.18	1.97	1.09	0.22	0.11	0.13	0.04	0.2	0.12512021491130637	0.319	0.071
3	['Ir', 'Pd', 'Pt', 'Rh', 'Ru']	21	[0.006 0.83  0.018 0.138 0.008]	[-0.006 -0.146 -0.005  0.135  0.023]	0.43	0.02	0.07	1.18	1.97	1.09	0.22	0.11	0.13	0.04	0.2	0.06289787918641232	0.425	0.071
4	['Ir', 'Pd', 'Pt', 'Rh', 'Ru']	21	[0.006 0.887 0.001 0.    0.106]	[-0.076  0.173 -0.061 -0.018 -0.018]	0.43	0.02	0.07	1.18	1.97	1.09	0.22	0.11	0.13	0.04	0.2	0.07494063395326518	0.403	0.071
0	['Ir', 'Pd', 'Pt', 'Rh', 'Ru']	22	[0.051 0.875 0.046 0.008 0.02 ]	[ 0.116 -0.157 -0.018  0.021  0.038]	0.43	0.02	0.07	1.18	1.97	1.09	0.22	0.11	0.13	0.04	0.2	0.06881152748545427	0.436	0.071
1	['Ir', 'Pd', 'Pt', 'Rh', 'Ru']	22	[0.003 0.509 0.02  0.032 0.436]	[-0.007  0.157  0.013 -0.05  -0.113]	0.43	0.02	0.07	1.18	1.97	1.09	0.22	0.11	0.13	0.04	0.2	0.15276724094750904	0.174	0.071
2	['Ir', 'Pd', 'Pt', 'Rh', 'Ru']	22	[0.003 0.429 0.036 0.072 0.46 ]	[-0.043  0.119 -0.104  0.094 -0.066]	0.43	0.02	0.07	1.18	1.97	1.09	0.22	0.11	0.13	0.04	0.2	0.13954316471919959	0.227	0.071
3	['Ir', 'Pd', 'Pt', 'Rh', 'Ru']	22	[0.002 0.948 0.001 0.008 0.041]	[-0.077  0.089 -0.102  0.121 -0.031]	0.43	0.02	0.07	1.18	1.97	1.09	0.22	0.11	0.13	0.04	0.2	0.05513639012527322	0.487	0.071
4	['Ir', 'Pd', 'Pt', 'Rh', 'Ru']	22	[0.007 0.916 0.019 0.055 0.003]	[ 0.059 -0.143  0.062  0.088 -0.066]	0.43	0.02	0.07	1.18	1.97	1.09	0.22	0.11	0.13	0.04	0.2	0.04707013854310334	0.481	0.071
0	['Ir', 'Pd', 'Pt', 'Rh', 'Ru']	23	[0.066 0.916 0.    0.015 0.003]	[ 0.126  0.078 -0.116 -0.064 -0.023]	0.43	0.02	0.07	1.18	1.97	1.09	0.22	0.11	0.13	0.04	0.2	0.06569770298081737	0.474	0.071
1	['Ir', 'Pd', 'Pt', 'Rh', 'Ru']	23	[0.001 0.662 0.022 0.003 0.312]	[-0.017  0.142 -0.011  0.022 -0.137]	0.43	0.02	0.07	1.18	1.97	1.09	0.22	0.11	0.13	0.04	0.2	0.14646218723014873	0.159	0.071
2	['Ir', 'Pd', 'Pt', 'Rh', 'Ru']	23	[0.053 0.561 0.004 0.06  0.322]	[ 0.035  0.138 -0.028 -0.007 -0.137]	0.43	0.02	0.07	1.18	1.97	1.09	0.22	0.11	0.13	0.04	0.2	0.16420399796834334	0.054	0.071
3	['Ir', 'Pd', 'Pt', 'Rh', 'Ru']	23	[0.017 0.819 0.006 0.142 0.016]	[-0.005 -0.149 -0.001  0.131  0.024]	0.43	0.02	0.07	1.18	1.97	1.09	0.22	0.11	0.13	0.04	0.2	0.07031723413977588	0.41	0.071
4	['Ir', 'Pd', 'Pt', 'Rh', 'Ru']	23	[0.016 0.843 0.001 0.005 0.135]	[ 0.004 -0.144  0.004 -0.001  0.139]	0.43	0.02	0.07	1.18	1.97	1.09	0.22	0.11	0.13	0.04	0.2	0.08675951753548665	0.35	0.071
0	['Ir', 'Pd', 'Pt', 'Rh', 'Ru']	24	[0.079 0.894 0.009 0.002 0.016]	[ 0.123 -0.154 -0.009  0.015  0.025]	0.43	0.02	0.07	1.18	1.97	1.09	0.22	0.11	0.13	0.04	0.2	0.07478464360523955	0.449	0.071
1	['Ir', 'Pd', 'Pt', 'Rh', 'Ru']	24	[0.004 0.8   0.015 0.012 0.169]	[-0.005  0.141 -0.005  0.009 -0.141]	0.43	0.02	0.07	1.18	1.97	1.09	0.22	0.11	0.13	0.04	0.2	0.0951523666450432	0.301	0.071
2	['Ir', 'Pd', 'Pt', 'Rh', 'Ru']	24	[0.062 0.7   0.    0.059 0.179]	[ 0.009  0.139 -0.004 -0.001 -0.143]	0.43	0.02	0.07	1.18	1.97	1.09	0.22	0.11	0.13	0.04	0.2	0.13303733845908472	0.197	0.071
3	['Ir', 'Pd', 'Pt', 'Rh', 'Ru']	24	[0.003 0.945 0.001 0.003 0.048]	[-0.101  0.094 -0.075  0.118 -0.037]	0.43	0.02	0.07	1.18	1.97	1.09	0.22	0.11	0.13	0.04	0.2	0.058255255797518495	0.481	0.071
4	['Ir', 'Pd', 'Pt', 'Rh', 'Ru']	24	[0.009 0.973 0.    0.014 0.004]	[ 0.046 -0.136  0.074  0.091 -0.075]	0.43	0.02	0.07	1.18	1.97	1.09	0.22	0.11	0.13	0.04	0.2	0.04096925299642219	0.525	0.071
0	['Ir', 'Pd', 'Pt', 'Rh', 'Ru']	25	[0.043 0.916 0.026 0.003 0.012]	[ 0.126 -0.15  -0.02   0.015  0.03 ]	0.43	0.02	0.07	1.18	1.97	1.09	0.22	0.11	0.13	0.04	0.2	0.06132975755118593	0.472	0.071
1	['Ir', 'Pd', 'Pt', 'Rh', 'Ru']	25	[0.01  0.942 0.017 0.001 0.03 ]	[ 0.001  0.138 -0.002  0.008 -0.144]	0.43	0.02	0.07	1.18	1.97	1.09	0.22	0.11	0.13	0.04	0.2	0.05475209318764943	0.487	0.071
2	['Ir', 'Pd', 'Pt', 'Rh', 'Ru']	25	[0.078 0.832 0.003 0.057 0.03 ]	[ 0.017  0.132  0.002 -0.001 -0.149]	0.43	0.02	0.07	1.18	1.97	1.09	0.22	0.11	0.13	0.04	0.2	0.0848243792456523	0.391	0.071
3	['Ir', 'Pd', 'Pt', 'Rh', 'Ru']	25	[0.001 0.788 0.005 0.111 0.095]	[ 0.011 -0.168  0.005  0.082  0.07 ]	0.43	0.02	0.07	1.18	1.97	1.09	0.22	0.11	0.13	0.04	0.2	0.08670432326404881	0.335	0.071
4	['Ir', 'Pd', 'Pt', 'Rh', 'Ru']	25	[0.003 0.808 0.007 0.001 0.181]	[-0.001 -0.153  0.008  0.016  0.128]	0.43	0.02	0.07	1.18	1.97	1.09	0.22	0.11	0.13	0.04	0.2	0.09330300389025234	0.304	0.071
0	['Ir', 'Pd', 'Pt', 'Rh', 'Ru']	26	[0.1   0.881 0.01  0.006 0.003]	[ 0.128 -0.15  -0.016  0.013  0.025]	0.43	0.02	0.07	1.18	1.97	1.09	0.22	0.11	0.13	0.04	0.2	0.07587928997199656	0.447	0.071
1	['Ir', 'Pd', 'Pt', 'Rh', 'Ru']	26	[0.    0.853 0.001 0.002 0.144]	[ 0.003 -0.145 -0.001  0.007  0.137]	0.43	0.02	0.07	1.18	1.97	1.09	0.22	0.11	0.13	0.04	0.2	0.07964645641105077	0.358	0.071
2	['Ir', 'Pd', 'Pt', 'Rh', 'Ru']	26	[0.008 0.858 0.04  0.024 0.07 ]	[-0.057  0.1   -0.083 -0.078  0.118]	0.43	0.02	0.07	1.18	1.97	1.09	0.22	0.11	0.13	0.04	0.2	0.07251548956567506	0.398	0.071
3	['Ir', 'Pd', 'Pt', 'Rh', 'Ru']	26	[0.012 0.862 0.006 0.018 0.102]	[-0.096  0.078 -0.086  0.129 -0.026]	0.43	0.02	0.07	1.18	1.97	1.09	0.22	0.11	0.13	0.04	0.2	0.07825096141301248	0.381	0.071
4	['Ir', 'Pd', 'Pt', 'Rh', 'Ru']	26	[0.01  0.94  0.001 0.01  0.039]	[-0.013  0.146 -0.005  0.008 -0.136]	0.43	0.02	0.07	1.18	1.97	1.09	0.22	0.11	0.13	0.04	0.2	0.05833725509682543	0.48	0.071
0	['Ir', 'Pd', 'Pt', 'Rh', 'Ru']	27	[0.023 0.944 0.017 0.007 0.009]	[ 0.125 -0.151 -0.017  0.018  0.025]	0.43	0.02	0.07	1.18	1.97	1.09	0.22	0.11	0.13	0.04	0.2	0.05006323431952369	0.498	0.071
1	['Ir', 'Pd', 'Pt', 'Rh', 'Ru']	27	[0.    0.987 0.004 0.007 0.002]	[-0.001  0.141 -0.007  0.01  -0.142]	0.43	0.02	0.07	1.18	1.97	1.09	0.22	0.11	0.13	0.04	0.2	0.034285563497913264	0.54	0.071
2	['Ir', 'Pd', 'Pt', 'Rh', 'Ru']	27	[0.011 0.937 0.008 0.    0.044]	[ 0.004 -0.143  0.005 -0.005  0.139]	0.43	0.02	0.07	1.18	1.97	1.09	0.22	0.11	0.13	0.04	0.2	0.0607101481573102	0.475	0.071
3	['Ir', 'Pd', 'Pt', 'Rh', 'Ru']	27	[0.034 0.859 0.028 0.066 0.013]	[-0.102  0.092 -0.075  0.12  -0.035]	0.43	0.02	0.07	1.18	1.97	1.09	0.22	0.11	0.13	0.04	0.2	0.06660358784670353	0.428	0.071
4	['Ir', 'Pd', 'Pt', 'Rh', 'Ru']	27	[0.003 0.852 0.012 0.011 0.122]	[-0.002 -0.155  0.013  0.021  0.124]	0.43	0.02	0.07	1.18	1.97	1.09	0.22	0.11	0.13	0.04	0.2	0.0805353846856589	0.366	0.071
0	['Ir', 'Pd', 'Pt', 'Rh', 'Ru']	28	[0.133 0.844 0.013 0.006 0.004]	[ 0.129 -0.149 -0.017  0.011  0.027]	0.43	0.02	0.07	1.18	1.97	1.09	0.22	0.11	0.13	0.04	0.2	0.08580665444233485	0.421	0.071
1	['Ir', 'Pd', 'Pt', 'Rh', 'Ru']	28	[0.    0.8   0.001 0.    0.199]	[ 0.003 -0.145 -0.002  0.009  0.137]	0.43	0.02	0.07	1.18	1.97	1.09	0.22	0.11	0.13	0.04	0.2	0.0955949617271595	0.292	0.071
2	['Ir', 'Pd', 'Pt', 'Rh', 'Ru']	28	[0.001 0.861 0.002 0.014 0.122]	[ 0.    -0.149 -0.001  0.016  0.132]	0.43	0.02	0.07	1.18	1.97	1.09	0.22	0.11	0.13	0.04	0.2	0.07630173035433777	0.374	0.071
3	['Ir', 'Pd', 'Pt', 'Rh', 'Ru']	28	[0.006 0.921 0.006 0.056 0.011]	[-0.083  0.094 -0.091  0.12  -0.041]	0.43	0.02	0.07	1.18	1.97	1.09	0.22	0.11	0.13	0.04	0.2	0.04906642671323568	0.48	0.071
4	['Ir', 'Pd', 'Pt', 'Rh', 'Ru']	28	[0.001 0.983 0.    0.016 0.   ]	[ 0.07  -0.13   0.052  0.092 -0.084]	0.43	0.02	0.07	1.18	1.97	1.09	0.22	0.11	0.13	0.04	0.2	0.0339623731174823	0.537	0.071
0	['Ir', 'Pd', 'Pt', 'Rh', 'Ru']	29	[0.004 0.945 0.003 0.02  0.028]	[ 0.115  0.092 -0.117 -0.056 -0.035]	0.43	0.02	0.07	1.18	1.97	1.09	0.22	0.11	0.13	0.04	0.2	0.051709423625403095	0.49	0.071
1	['Ir', 'Pd', 'Pt', 'Rh', 'Ru']	29	[0.002 0.93  0.008 0.012 0.048]	[-0.001  0.14  -0.009  0.012 -0.142]	0.43	0.02	0.07	1.18	1.97	1.09	0.22	0.11	0.13	0.04	0.2	0.05849567226937652	0.468	0.071
2	['Ir', 'Pd', 'Pt', 'Rh', 'Ru']	29	[0.002 0.984 0.    0.    0.014]	[ 0.009 -0.144  0.004 -0.008  0.139]	0.43	0.02	0.07	1.18	1.97	1.09	0.22	0.11	0.13	0.04	0.2	0.04168954572648792	0.531	0.071
3	['Ir', 'Pd', 'Pt', 'Rh', 'Ru']	29	[0.013 0.884 0.001 0.098 0.004]	[-0.004 -0.147  0.001  0.134  0.016]	0.43	0.02	0.07	1.18	1.97	1.09	0.22	0.11	0.13	0.04	0.2	0.053973749160144247	0.457	0.071
4	['Ir', 'Pd', 'Pt', 'Rh', 'Ru']	29	[0.001 0.796 0.013 0.    0.19 ]	[ 0.008 -0.147  0.015 -0.009  0.133]	0.43	0.02	0.07	1.18	1.97	1.09	0.22	0.11	0.13	0.04	0.2	0.0986536168221781	0.292	0.071
0	['Ir', 'Pd', 'Pt', 'Rh', 'Ru']	30	[0.144 0.821 0.019 0.007 0.009]	[ 0.126 -0.153 -0.01   0.012  0.025]	0.43	0.02	0.07	1.18	1.97	1.09	0.22	0.11	0.13	0.04	0.2	0.09057056979610931	0.403	0.071
1	['Ir', 'Pd', 'Pt', 'Rh', 'Ru']	30	[0.001 0.874 0.003 0.002 0.12 ]	[ 0.006 -0.142  0.002 -0.008  0.14 ]	0.43	0.02	0.07	1.18	1.97	1.09	0.22	0.11	0.13	0.04	0.2	0.07476792800651043	0.387	0.071
2	['Ir', 'Pd', 'Pt', 'Rh', 'Ru']	30	[0.    0.8   0.002 0.019 0.179]	[-0.001 -0.148  0.002  0.014  0.134]	0.43	0.02	0.07	1.18	1.97	1.09	0.22	0.11	0.13	0.04	0.2	0.09442666924130229	0.297	0.071
3	['Ir', 'Pd', 'Pt', 'Rh', 'Ru']	30	[0.008 0.945 0.001 0.043 0.003]	[-0.013 -0.143  0.001  0.138  0.019]	0.43	0.02	0.07	1.18	1.97	1.09	0.22	0.11	0.13	0.04	0.2	0.04364153151242624	0.503	0.071
4	['Ir', 'Pd', 'Pt', 'Rh', 'Ru']	30	[0.002 0.927 0.011 0.015 0.045]	[-0.009  0.148 -0.026  0.017 -0.13 ]	0.43	0.02	0.07	1.18	1.97	1.09	0.22	0.11	0.13	0.04	0.2	0.05778621957954513	0.467	0.071
