ID	Elements	Generation	Position	Velocity	F_damp	F_b_best	F_h_best	F_g_best	F_b_worst	F_h_worst	F_g_worst	mut_prob	flip_prob	mut_rate	v_max	Activity	Distance	v_min
0	['Ir', 'Pd', 'Pt', 'Rh', 'Ru']	0	[0.8  0.05 0.05 0.05 0.05]	[-0.179  0.045  0.045  0.045  0.045]	0.74	1.67	1.76	0.42	0.02	0.05	0.01	0.11	0.82	0.37	0.2	0.009720244224210991	0.897	0.071
1	['Ir', 'Pd', 'Pt', 'Rh', 'Ru']	0	[0.05 0.8  0.05 0.05 0.05]	[ 0.045 -0.179  0.045  0.045  0.045]	0.74	1.67	1.76	0.42	0.02	0.05	0.01	0.11	0.82	0.37	0.2	0.0893487361025907	0.361	0.071
2	['Ir', 'Pd', 'Pt', 'Rh', 'Ru']	0	[0.05 0.05 0.8  0.05 0.05]	[ 0.045  0.045 -0.179  0.045  0.045]	0.74	1.67	1.76	0.42	0.02	0.05	0.01	0.11	0.82	0.37	0.2	0.07213216891773018	0.977	0.071
3	['Ir', 'Pd', 'Pt', 'Rh', 'Ru']	0	[0.05 0.05 0.05 0.8  0.05]	[ 0.045  0.045  0.045 -0.179  0.045]	0.74	1.67	1.76	0.42	0.02	0.05	0.01	0.11	0.82	0.37	0.2	0.001931275295651623	0.938	0.071
4	['Ir', 'Pd', 'Pt', 'Rh', 'Ru']	0	[0.05 0.05 0.05 0.05 0.8 ]	[ 0.045  0.045  0.045  0.045 -0.179]	0.74	1.67	1.76	0.42	0.02	0.05	0.01	0.11	0.82	0.37	0.2	0.0030504979582336787	0.711	0.071
0	['Ir', 'Pd', 'Pt', 'Rh', 'Ru']	1	[0.656 0.189 0.053 0.049 0.053]	[-0.144  0.139  0.003 -0.001  0.003]	0.74	1.67	1.76	0.42	0.02	0.05	0.01	0.11	0.82	0.37	0.2	0.02286902828835366	0.709	0.071
1	['Ir', 'Pd', 'Pt', 'Rh', 'Ru']	1	[0.097 0.72  0.036 0.05  0.097]	[ 0.047 -0.08  -0.014 -0.     0.047]	0.74	1.67	1.76	0.42	0.02	0.05	0.01	0.11	0.82	0.37	0.2	0.12126536313508031	0.267	0.071
2	['Ir', 'Pd', 'Pt', 'Rh', 'Ru']	1	[0.048 0.19  0.658 0.05  0.054]	[-0.002  0.14  -0.143  0.     0.004]	0.74	1.67	1.76	0.42	0.02	0.05	0.01	0.11	0.82	0.37	0.2	0.061400815741807085	0.791	0.071
3	['Ir', 'Pd', 'Pt', 'Rh', 'Ru']	1	[0.051 0.19  0.052 0.656 0.051]	[ 0.001  0.14   0.002 -0.143  0.001]	0.74	1.67	1.76	0.42	0.02	0.05	0.01	0.11	0.82	0.37	0.2	0.01932895134219741	0.751	0.071
4	['Ir', 'Pd', 'Pt', 'Rh', 'Ru']	1	[0.054 0.19  0.048 0.05  0.658]	[ 0.004  0.14  -0.002  0.    -0.143]	0.74	1.67	1.76	0.42	0.02	0.05	0.01	0.11	0.82	0.37	0.2	0.04293162045171921	0.512	0.071
0	['Ir', 'Pd', 'Pt', 'Rh', 'Ru']	2	[0.513 0.329 0.049 0.045 0.064]	[-0.143  0.14  -0.004 -0.004  0.011]	0.74	1.67	1.76	0.42	0.02	0.05	0.01	0.11	0.82	0.37	0.2	0.054212890843175	0.527	0.071
1	['Ir', 'Pd', 'Pt', 'Rh', 'Ru']	2	[0.135 0.694 0.024 0.012 0.135]	[ 0.038 -0.028 -0.012 -0.038  0.038]	0.74	1.67	1.76	0.42	0.02	0.05	0.01	0.11	0.82	0.37	0.2	0.13353996543642332	0.226	0.071
2	['Ir', 'Pd', 'Pt', 'Rh', 'Ru']	2	[0.129 0.082 0.548 0.109 0.132]	[ 0.081 -0.108 -0.11   0.059  0.078]	0.74	1.67	1.76	0.42	0.02	0.05	0.01	0.11	0.82	0.37	0.2	0.06795425650031588	0.743	0.071
3	['Ir', 'Pd', 'Pt', 'Rh', 'Ru']	2	[0.062 0.322 0.049 0.505 0.062]	[ 0.011  0.132 -0.003 -0.15   0.011]	0.74	1.67	1.76	0.42	0.02	0.05	0.01	0.11	0.82	0.37	0.2	0.059434663555923514	0.565	0.071
4	['Ir', 'Pd', 'Pt', 'Rh', 'Ru']	2	[0.065 0.329 0.045 0.046 0.515]	[ 0.011  0.139 -0.003 -0.004 -0.143]	0.74	1.67	1.76	0.42	0.02	0.05	0.01	0.11	0.82	0.37	0.2	0.10607674703778056	0.314	0.071
0	['Ir', 'Pd', 'Pt', 'Rh', 'Ru']	3	[0.368 0.463 0.055 0.029 0.085]	[-0.145  0.135  0.006 -0.016  0.021]	0.74	1.67	1.76	0.42	0.02	0.05	0.01	0.11	0.82	0.37	0.2	0.09839744015326841	0.359	0.071
1	['Ir', 'Pd', 'Pt', 'Rh', 'Ru']	3	[0.134 0.683 0.    0.026 0.157]	[-0.004 -0.017 -0.034  0.029  0.025]	0.74	1.67	1.76	0.42	0.02	0.05	0.01	0.11	0.82	0.37	0.2	0.14117102262265954	0.2	0.071
2	['Ir', 'Pd', 'Pt', 'Rh', 'Ru']	3	[0.118 0.246 0.441 0.072 0.123]	[-0.011  0.164 -0.107 -0.037 -0.009]	0.74	1.67	1.76	0.42	0.02	0.05	0.01	0.11	0.82	0.37	0.2	0.08066554725148412	0.565	0.071
3	['Ir', 'Pd', 'Pt', 'Rh', 'Ru']	3	[0.012 0.348 0.026 0.608 0.006]	[-0.107  0.032  0.061  0.116 -0.102]	0.74	1.67	1.76	0.42	0.02	0.05	0.01	0.11	0.82	0.37	0.2	0.028929748807855038	0.669	0.071
4	['Ir', 'Pd', 'Pt', 'Rh', 'Ru']	3	[0.086 0.469 0.038 0.033 0.374]	[ 0.021  0.14  -0.007 -0.013 -0.141]	0.74	1.67	1.76	0.42	0.02	0.05	0.01	0.11	0.82	0.37	0.2	0.15822534342879074	0.118	0.071
0	['Ir', 'Pd', 'Pt', 'Rh', 'Ru']	4	[0.222 0.489 0.049 0.021 0.219]	[-0.146  0.027 -0.006 -0.008  0.134]	0.74	1.67	1.76	0.42	0.02	0.05	0.01	0.11	0.82	0.37	0.2	0.141720537429073	0.169	0.071
1	['Ir', 'Pd', 'Pt', 'Rh', 'Ru']	4	[0.033 0.218 0.056 0.026 0.667]	[-0.101 -0.465  0.056 -0.     0.51 ]	0.74	1.67	1.76	0.42	0.02	0.05	0.01	0.11	0.82	0.37	0.2	0.05371837029796617	0.503	0.071
2	['Ir', 'Pd', 'Pt', 'Rh', 'Ru']	4	[0.107 0.343 0.291 0.049 0.21 ]	[-0.011  0.097 -0.15  -0.023  0.087]	0.74	1.67	1.76	0.42	0.02	0.05	0.01	0.11	0.82	0.37	0.2	0.10798694821084592	0.368	0.071
3	['Ir', 'Pd', 'Pt', 'Rh', 'Ru']	4	[0.032 0.379 0.04  0.441 0.108]	[ 0.02   0.031  0.014 -0.167  0.102]	0.74	1.67	1.76	0.42	0.02	0.05	0.01	0.11	0.82	0.37	0.2	0.08709878051942896	0.475	0.071
4	['Ir', 'Pd', 'Pt', 'Rh', 'Ru']	4	[0.1   0.585 0.026 0.013 0.276]	[ 0.003  0.107 -0.025  0.029 -0.113]	0.74	1.67	1.76	0.42	0.02	0.05	0.01	0.11	0.82	0.37	0.2	0.16330641660439463	0.062	0.071
0	['Ir', 'Pd', 'Pt', 'Rh', 'Ru']	5	[0.073 0.591 0.027 0.008 0.301]	[-0.149  0.102 -0.022 -0.013  0.082]	0.74	1.67	1.76	0.42	0.02	0.05	0.01	0.11	0.82	0.37	0.2	0.1667076610561693	0.07	0.071
1	['Ir', 'Pd', 'Pt', 'Rh', 'Ru']	5	[0.059 0.353 0.043 0.022 0.523]	[ 0.026  0.135 -0.013 -0.004 -0.145]	0.74	1.67	1.76	0.42	0.02	0.05	0.01	0.11	0.82	0.37	0.2	0.11247894991596086	0.305	0.071
2	['Ir', 'Pd', 'Pt', 'Rh', 'Ru']	5	[0.103 0.474 0.146 0.027 0.25 ]	[-0.004  0.13  -0.145 -0.022  0.04 ]	0.74	1.67	1.76	0.42	0.02	0.05	0.01	0.11	0.82	0.37	0.2	0.14760406271650567	0.174	0.071
3	['Ir', 'Pd', 'Pt', 'Rh', 'Ru']	5	[0.098 0.347 0.072 0.283 0.2  ]	[ 0.066 -0.033  0.032 -0.158  0.092]	0.74	1.67	1.76	0.42	0.02	0.05	0.01	0.11	0.82	0.37	0.2	0.1168267812764314	0.333	0.071
4	['Ir', 'Pd', 'Pt', 'Rh', 'Ru']	5	[0.107 0.699 0.005 0.025 0.164]	[ 0.007  0.113 -0.021  0.012 -0.112]	0.74	1.67	1.76	0.42	0.02	0.05	0.01	0.11	0.82	0.37	0.2	0.13617872880880783	0.203	0.071
0	['Ir', 'Pd', 'Pt', 'Rh', 'Ru']	6	[0.027 0.645 0.015 0.004 0.309]	[ 0.099  0.069 -0.111 -0.057 -0.   ]	0.74	1.67	1.76	0.42	0.02	0.05	0.01	0.11	0.82	0.37	0.2	0.15619097483492178	0.13	0.071
1	['Ir', 'Pd', 'Pt', 'Rh', 'Ru']	6	[0.074 0.487 0.052 0.012 0.375]	[ 0.015  0.133  0.009 -0.01  -0.148]	0.74	1.67	1.76	0.42	0.02	0.05	0.01	0.11	0.82	0.37	0.2	0.1611747056343963	0.12	0.071
2	['Ir', 'Pd', 'Pt', 'Rh', 'Ru']	6	[0.029 0.516 0.21  0.056 0.189]	[-0.151  0.058  0.083  0.065 -0.055]	0.74	1.67	1.76	0.42	0.02	0.05	0.01	0.11	0.82	0.37	0.2	0.14779706235015524	0.25	0.071
3	['Ir', 'Pd', 'Pt', 'Rh', 'Ru']	6	[0.098 0.457 0.057 0.128 0.26 ]	[-0.     0.111 -0.015 -0.155  0.06 ]	0.74	1.67	1.76	0.42	0.02	0.05	0.01	0.11	0.82	0.37	0.2	0.1569853444020923	0.14	0.071
4	['Ir', 'Pd', 'Pt', 'Rh', 'Ru']	6	[0.076 0.576 0.031 0.002 0.315]	[-0.031 -0.123  0.026 -0.023  0.151]	0.74	1.67	1.76	0.42	0.02	0.05	0.01	0.11	0.82	0.37	0.2	0.16793524629487988	0.069	0.071
0	['Ir', 'Pd', 'Pt', 'Rh', 'Ru']	7	[0.165 0.511 0.005 0.023 0.296]	[ 0.142 -0.139  0.001  0.011 -0.015]	0.74	1.67	1.76	0.42	0.02	0.05	0.01	0.11	0.82	0.37	0.2	0.16182350291627676	0.081	0.071
1	['Ir', 'Pd', 'Pt', 'Rh', 'Ru']	7	[0.08  0.638 0.024 0.008 0.25 ]	[ 0.002  0.148 -0.032  0.012 -0.13 ]	0.74	1.67	1.76	0.42	0.02	0.05	0.01	0.11	0.82	0.37	0.2	0.15501512050469063	0.114	0.071
2	['Ir', 'Pd', 'Pt', 'Rh', 'Ru']	7	[0.01  0.583 0.048 0.08  0.279]	[-0.019  0.067 -0.162  0.024  0.09 ]	0.74	1.67	1.76	0.42	0.02	0.05	0.01	0.11	0.82	0.37	0.2	0.15982852862747143	0.113	0.071
3	['Ir', 'Pd', 'Pt', 'Rh', 'Ru']	7	[0.079 0.576 0.017 0.012 0.316]	[-0.088  0.087 -0.115  0.108  0.008]	0.74	1.67	1.76	0.42	0.02	0.05	0.01	0.11	0.82	0.37	0.2	0.16730944235040116	0.056	0.071
4	['Ir', 'Pd', 'Pt', 'Rh', 'Ru']	7	[0.    0.567 0.014 0.048 0.371]	[-0.087  0.011 -0.049  0.042  0.083]	0.74	1.67	1.76	0.42	0.02	0.05	0.01	0.11	0.82	0.37	0.2	0.1596094992535595	0.125	0.071
0	['Ir', 'Pd', 'Pt', 'Rh', 'Ru']	8	[0.21  0.507 0.072 0.009 0.202]	[ 0.094  0.     0.058  0.013 -0.166]	0.74	1.67	1.76	0.42	0.02	0.05	0.01	0.11	0.82	0.37	0.2	0.14253362957085514	0.174	0.071
1	['Ir', 'Pd', 'Pt', 'Rh', 'Ru']	8	[0.077 0.497 0.034 0.002 0.39 ]	[-0.003 -0.142  0.01  -0.006  0.14 ]	0.74	1.67	1.76	0.42	0.02	0.05	0.01	0.11	0.82	0.37	0.2	0.15970814665278948	0.122	0.071
2	['Ir', 'Pd', 'Pt', 'Rh', 'Ru']	8	[0.045 0.562 0.058 0.031 0.304]	[ 0.025 -0.154  0.126  0.009 -0.006]	0.74	1.67	1.76	0.42	0.02	0.05	0.01	0.11	0.82	0.37	0.2	0.16498636572399622	0.083	0.071
3	['Ir', 'Pd', 'Pt', 'Rh', 'Ru']	8	[0.024 0.63  0.048 0.036 0.262]	[ 0.082  0.032  0.003 -0.007 -0.11 ]	0.74	1.67	1.76	0.42	0.02	0.05	0.01	0.11	0.82	0.37	0.2	0.15298323578075865	0.127	0.071
4	['Ir', 'Pd', 'Pt', 'Rh', 'Ru']	8	[0.126 0.583 0.003 0.036 0.252]	[ 0.122  0.001 -0.035  0.056 -0.143]	0.74	1.67	1.76	0.42	0.02	0.05	0.01	0.11	0.82	0.37	0.2	0.16463733029427452	0.065	0.071
0	['Ir', 'Pd', 'Pt', 'Rh', 'Ru']	9	[0.05  0.591 0.055 0.019 0.285]	[-0.16   0.085 -0.017  0.01   0.083]	0.74	1.67	1.76	0.42	0.02	0.05	0.01	0.11	0.82	0.37	0.2	0.16361777685909337	0.092	0.071
1	['Ir', 'Pd', 'Pt', 'Rh', 'Ru']	9	[0.008 0.532 0.11  0.057 0.293]	[-0.069  0.035  0.076  0.055 -0.097]	0.74	1.67	1.76	0.42	0.02	0.05	0.01	0.11	0.82	0.37	0.2	0.16180598218885386	0.145	0.071
2	['Ir', 'Pd', 'Pt', 'Rh', 'Ru']	9	[0.073 0.466 0.119 0.021 0.321]	[ 0.028 -0.097  0.061 -0.01   0.017]	0.74	1.67	1.76	0.42	0.02	0.05	0.01	0.11	0.82	0.37	0.2	0.1535428968537718	0.152	0.071
3	['Ir', 'Pd', 'Pt', 'Rh', 'Ru']	9	[0.191 0.541 0.055 0.01  0.203]	[ 0.167 -0.089  0.007 -0.026 -0.059]	0.74	1.67	1.76	0.42	0.02	0.05	0.01	0.11	0.82	0.37	0.2	0.14862117054254212	0.15	0.071
4	['Ir', 'Pd', 'Pt', 'Rh', 'Ru']	9	[0.025 0.531 0.086 0.04  0.318]	[ 0.123 -0.137  0.047 -0.058  0.025]	0.74	1.67	1.76	0.42	0.02	0.05	0.01	0.11	0.82	0.37	0.2	0.1654866114549957	0.117	0.071
0	['Ir', 'Pd', 'Pt', 'Rh', 'Ru']	10	[0.069 0.522 0.001 0.008 0.4  ]	[ 0.088 -0.092 -0.076 -0.047  0.127]	0.74	1.67	1.76	0.42	0.02	0.05	0.01	0.11	0.82	0.37	0.2	0.1660665328552009	0.116	0.071
1	['Ir', 'Pd', 'Pt', 'Rh', 'Ru']	10	[0.005 0.586 0.095 0.04  0.274]	[-0.003  0.053 -0.015 -0.017 -0.019]	0.74	1.67	1.76	0.42	0.02	0.05	0.01	0.11	0.82	0.37	0.2	0.1613167692832573	0.142	0.071
2	['Ir', 'Pd', 'Pt', 'Rh', 'Ru']	10	[0.069 0.322 0.08  0.129 0.4  ]	[-0.004 -0.144 -0.039  0.108  0.079]	0.74	1.67	1.76	0.42	0.02	0.05	0.01	0.11	0.82	0.37	0.2	0.11591736358695479	0.275	0.071
3	['Ir', 'Pd', 'Pt', 'Rh', 'Ru']	10	[0.05  0.542 0.05  0.014 0.344]	[-0.141  0.002 -0.005  0.004  0.141]	0.74	1.67	1.76	0.42	0.02	0.05	0.01	0.11	0.82	0.37	0.2	0.1658752417278249	0.091	0.071
4	['Ir', 'Pd', 'Pt', 'Rh', 'Ru']	10	[0.142 0.497 0.012 0.061 0.288]	[ 0.129 -0.042 -0.122  0.073 -0.038]	0.74	1.67	1.76	0.42	0.02	0.05	0.01	0.11	0.82	0.37	0.2	0.15881882896756905	0.071	0.071
0	['Ir', 'Pd', 'Pt', 'Rh', 'Ru']	11	[0.024 0.635 0.008 0.023 0.31 ]	[-0.047  0.115  0.007  0.019 -0.093]	0.74	1.67	1.76	0.42	0.02	0.05	0.01	0.11	0.82	0.37	0.2	0.15476732227519513	0.118	0.071
1	['Ir', 'Pd', 'Pt', 'Rh', 'Ru']	11	[0.094 0.137 0.18  0.031 0.558]	[ 0.103 -0.565  0.185 -0.071  0.347]	0.74	1.67	1.76	0.42	0.02	0.05	0.01	0.11	0.82	0.37	0.2	0.03556925270673825	0.52	0.071
2	['Ir', 'Pd', 'Pt', 'Rh', 'Ru']	11	[0.072 0.492 0.023 0.045 0.368]	[ 0.003  0.169 -0.057 -0.084 -0.032]	0.74	1.67	1.76	0.42	0.02	0.05	0.01	0.11	0.82	0.37	0.2	0.16354871857730766	0.097	0.071
3	['Ir', 'Pd', 'Pt', 'Rh', 'Ru']	11	[0.034 0.445 0.05  0.026 0.445]	[-0.028 -0.129  0.077 -0.043  0.122]	0.74	1.67	1.76	0.42	0.02	0.05	0.01	0.11	0.82	0.37	0.2	0.14081875885691603	0.199	0.071
4	['Ir', 'Pd', 'Pt', 'Rh', 'Ru']	11	[0.01  0.581 0.021 0.011 0.377]	[-0.131  0.089  0.024 -0.076  0.094]	0.74	1.67	1.76	0.42	0.02	0.05	0.01	0.11	0.82	0.37	0.2	0.1612570897722379	0.13	0.071
0	['Ir', 'Pd', 'Pt', 'Rh', 'Ru']	12	[0.121 0.469 0.062 0.028 0.32 ]	[ 0.097 -0.166  0.054  0.005  0.01 ]	0.74	1.67	1.76	0.42	0.02	0.05	0.01	0.11	0.82	0.37	0.2	0.15232622373111937	0.108	0.071
1	['Ir', 'Pd', 'Pt', 'Rh', 'Ru']	12	[0.076 0.303 0.13  0.03  0.461]	[-0.018  0.166 -0.05  -0.001 -0.098]	0.74	1.67	1.76	0.42	0.02	0.05	0.01	0.11	0.82	0.37	0.2	0.09910664108481429	0.324	0.071
2	['Ir', 'Pd', 'Pt', 'Rh', 'Ru']	12	[0.041 0.654 0.014 0.016 0.275]	[-0.049  0.15  -0.026  0.038 -0.113]	0.74	1.67	1.76	0.42	0.02	0.05	0.01	0.11	0.82	0.37	0.2	0.15424158084682282	0.128	0.071
3	['Ir', 'Pd', 'Pt', 'Rh', 'Ru']	12	[0.094 0.573 0.023 0.002 0.308]	[ 0.06   0.128 -0.027 -0.024 -0.137]	0.74	1.67	1.76	0.42	0.02	0.05	0.01	0.11	0.82	0.37	0.2	0.1696841234056296	0.059	0.071
4	['Ir', 'Pd', 'Pt', 'Rh', 'Ru']	12	[0.148 0.511 0.047 0.014 0.28 ]	[ 0.136 -0.074  0.023  0.015 -0.101]	0.74	1.67	1.76	0.42	0.02	0.05	0.01	0.11	0.82	0.37	0.2	0.15684722486226227	0.088	0.071
0	['Ir', 'Pd', 'Pt', 'Rh', 'Ru']	13	[0.025 0.596 0.088 0.051 0.24 ]	[-0.109  0.13   0.021  0.051 -0.093]	0.74	1.67	1.76	0.42	0.02	0.05	0.01	0.11	0.82	0.37	0.2	0.15689330119817121	0.138	0.071
1	['Ir', 'Pd', 'Pt', 'Rh', 'Ru']	13	[0.063 0.469 0.084 0.026 0.358]	[-0.013  0.165 -0.046 -0.004 -0.103]	0.74	1.67	1.76	0.42	0.02	0.05	0.01	0.11	0.82	0.37	0.2	0.15794564948359535	0.138	0.071
2	['Ir', 'Pd', 'Pt', 'Rh', 'Ru']	13	[0.119 0.481 0.065 0.028 0.307]	[ 0.078 -0.173  0.051  0.012  0.032]	0.74	1.67	1.76	0.42	0.02	0.05	0.01	0.11	0.82	0.37	0.2	0.15425848418098959	0.099	0.071
3	['Ir', 'Pd', 'Pt', 'Rh', 'Ru']	13	[0.052 0.708 0.005 0.022 0.213]	[-0.041  0.138 -0.017  0.014 -0.095]	0.74	1.67	1.76	0.42	0.02	0.05	0.01	0.11	0.82	0.37	0.2	0.13477430605801155	0.189	0.071
4	['Ir', 'Pd', 'Pt', 'Rh', 'Ru']	13	[0.035 0.658 0.006 0.014 0.287]	[-0.142  0.138  0.018 -0.    -0.013]	0.74	1.67	1.76	0.42	0.02	0.05	0.01	0.11	0.82	0.37	0.2	0.15356738706134976	0.132	0.071
0	['Ir', 'Pd', 'Pt', 'Rh', 'Ru']	14	[0.065 0.516 0.019 0.008 0.392]	[ 0.021 -0.103 -0.092  0.037  0.137]	0.74	1.67	1.76	0.42	0.02	0.05	0.01	0.11	0.82	0.37	0.2	0.16541082495225046	0.114	0.071
1	['Ir', 'Pd', 'Pt', 'Rh', 'Ru']	14	[0.012 0.624 0.078 0.043 0.243]	[-0.051  0.154 -0.006  0.017 -0.115]	0.74	1.67	1.76	0.42	0.02	0.05	0.01	0.11	0.82	0.37	0.2	0.1534640243903679	0.15	0.071
2	['Ir', 'Pd', 'Pt', 'Rh', 'Ru']	14	[0.012 0.579 0.097 0.088 0.224]	[ 0.097  0.065 -0.018  0.017 -0.16 ]	0.74	1.67	1.76	0.42	0.02	0.05	0.01	0.11	0.82	0.37	0.2	0.1598951652037267	0.159	0.071
3	['Ir', 'Pd', 'Pt', 'Rh', 'Ru']	14	[0.068 0.542 0.045 0.029 0.316]	[ 0.016 -0.166  0.04   0.007  0.103]	0.74	1.67	1.76	0.42	0.02	0.05	0.01	0.11	0.82	0.37	0.2	0.1643615335587795	0.062	0.071
4	['Ir', 'Pd', 'Pt', 'Rh', 'Ru']	14	[0.016 0.729 0.032 0.031 0.192]	[ 0.006  0.142 -0.084  0.042 -0.106]	0.74	1.67	1.76	0.42	0.02	0.05	0.01	0.11	0.82	0.37	0.2	0.12236997749920119	0.228	0.071
0	['Ir', 'Pd', 'Pt', 'Rh', 'Ru']	15	[0.076 0.575 0.036 0.005 0.308]	[ 0.008  0.059  0.036 -0.007 -0.096]	0.74	1.67	1.76	0.42	0.02	0.05	0.01	0.11	0.82	0.37	0.2	0.1677417365188027	0.068	0.071
1	['Ir', 'Pd', 'Pt', 'Rh', 'Ru']	15	[0.053 0.502 0.039 0.018 0.388]	[ 0.041 -0.123 -0.039 -0.025  0.145]	0.74	1.67	1.76	0.42	0.02	0.05	0.01	0.11	0.82	0.37	0.2	0.16297605748483313	0.122	0.071
2	['Ir', 'Pd', 'Pt', 'Rh', 'Ru']	15	[0.098 0.546 0.007 0.004 0.345]	[ 0.056 -0.074 -0.137  0.061  0.095]	0.74	1.67	1.76	0.42	0.02	0.05	0.01	0.11	0.82	0.37	0.2	0.16621868030492298	0.065	0.071
3	['Ir', 'Pd', 'Pt', 'Rh', 'Ru']	15	[0.071 0.412 0.036 0.044 0.437]	[-0.012 -0.155  0.052  0.001  0.114]	0.74	1.67	1.76	0.42	0.02	0.05	0.01	0.11	0.82	0.37	0.2	0.13789886623020495	0.2	0.071
4	['Ir', 'Pd', 'Pt', 'Rh', 'Ru']	15	[0.033 0.596 0.019 0.022 0.33 ]	[ 0.03  -0.139 -0.017 -0.013  0.139]	0.74	1.67	1.76	0.42	0.02	0.05	0.01	0.11	0.82	0.37	0.2	0.16307776655193926	0.093	0.071
0	['Ir', 'Pd', 'Pt', 'Rh', 'Ru']	16	[0.07  0.635 0.051 0.012 0.232]	[-0.007  0.061  0.014  0.01  -0.078]	0.74	1.67	1.76	0.42	0.02	0.05	0.01	0.11	0.82	0.37	0.2	0.15381793195837734	0.13	0.071
1	['Ir', 'Pd', 'Pt', 'Rh', 'Ru']	16	[0.11  0.555 0.016 0.029 0.29 ]	[ 0.056  0.054  0.003  0.021 -0.134]	0.74	1.67	1.76	0.42	0.02	0.05	0.01	0.11	0.82	0.37	0.2	0.16634883900266656	0.03	0.071
2	['Ir', 'Pd', 'Pt', 'Rh', 'Ru']	16	[0.076 0.546 0.052 0.013 0.313]	[-0.028  0.003  0.051  0.016 -0.042]	0.74	1.67	1.76	0.42	0.02	0.05	0.01	0.11	0.82	0.37	0.2	0.16449215383803445	0.07	0.071
3	['Ir', 'Pd', 'Pt', 'Rh', 'Ru']	16	[0.004 0.469 0.012 0.047 0.468]	[-0.164  0.075 -0.022  0.074  0.037]	0.74	1.67	1.76	0.42	0.02	0.05	0.01	0.11	0.82	0.37	0.2	0.14035326490950134	0.21	0.071
4	['Ir', 'Pd', 'Pt', 'Rh', 'Ru']	16	[0.059 0.6   0.051 0.084 0.206]	[ 0.066  0.036 -0.056  0.1   -0.146]	0.74	1.67	1.76	0.42	0.02	0.05	0.01	0.11	0.82	0.37	0.2	0.15718957923325383	0.13	0.071
0	['Ir', 'Pd', 'Pt', 'Rh', 'Ru']	17	[0.116 0.502 0.006 0.016 0.36 ]	[ 0.027 -0.159  0.036 -0.016  0.112]	0.74	1.67	1.76	0.42	0.02	0.05	0.01	0.11	0.82	0.37	0.2	0.15794008569365026	0.086	0.071
1	['Ir', 'Pd', 'Pt', 'Rh', 'Ru']	17	[0.151 0.619 0.018 0.025 0.187]	[ 0.041  0.065  0.002 -0.004 -0.103]	0.74	1.67	1.76	0.42	0.02	0.05	0.01	0.11	0.82	0.37	0.2	0.15361173392950211	0.145	0.071
2	['Ir', 'Pd', 'Pt', 'Rh', 'Ru']	17	[0.095 0.515 0.146 0.04  0.204]	[ 0.019 -0.034  0.097  0.033 -0.115]	0.74	1.67	1.76	0.42	0.02	0.05	0.01	0.11	0.82	0.37	0.2	0.1485435851451053	0.179	0.071
3	['Ir', 'Pd', 'Pt', 'Rh', 'Ru']	17	[0.013 0.395 0.097 0.154 0.341]	[ 0.009 -0.073  0.085  0.107 -0.127]	0.74	1.67	1.76	0.42	0.02	0.05	0.01	0.11	0.82	0.37	0.2	0.1369822027794912	0.231	0.071
4	['Ir', 'Pd', 'Pt', 'Rh', 'Ru']	17	[0.133 0.54  0.014 0.005 0.308]	[ 0.037 -0.173  0.006  0.048  0.081]	0.74	1.67	1.76	0.42	0.02	0.05	0.01	0.11	0.82	0.37	0.2	0.16547950949361112	0.059	0.071
0	['Ir', 'Pd', 'Pt', 'Rh', 'Ru']	18	[0.002 0.552 0.06  0.016 0.37 ]	[-0.172  0.088  0.043  0.013  0.027]	0.74	1.67	1.76	0.42	0.02	0.05	0.01	0.11	0.82	0.37	0.2	0.1649045312716726	0.139	0.071
1	['Ir', 'Pd', 'Pt', 'Rh', 'Ru']	18	[0.108 0.525 0.01  0.002 0.355]	[-0.053 -0.105 -0.018  0.017  0.16 ]	0.74	1.67	1.76	0.42	0.02	0.05	0.01	0.11	0.82	0.37	0.2	0.16226680821232076	0.078	0.071
2	['Ir', 'Pd', 'Pt', 'Rh', 'Ru']	18	[0.122 0.48  0.003 0.072 0.323]	[-0.041 -0.126  0.12  -0.035  0.082]	0.74	1.67	1.76	0.42	0.02	0.05	0.01	0.11	0.82	0.37	0.2	0.15594558556948637	0.08	0.071
3	['Ir', 'Pd', 'Pt', 'Rh', 'Ru']	18	[0.126 0.31  0.194 0.055 0.315]	[ 0.113 -0.085  0.097 -0.099 -0.027]	0.74	1.67	1.76	0.42	0.02	0.05	0.01	0.11	0.82	0.37	0.2	0.10458289002763353	0.31	0.071
4	['Ir', 'Pd', 'Pt', 'Rh', 'Ru']	18	[0.057 0.508 0.046 0.018 0.371]	[-0.076 -0.032  0.032  0.013  0.063]	0.74	1.67	1.76	0.42	0.02	0.05	0.01	0.11	0.82	0.37	0.2	0.16407525913150448	0.109	0.071
0	['Ir', 'Pd', 'Pt', 'Rh', 'Ru']	19	[0.01  0.687 0.026 0.009 0.268]	[ 0.002  0.131 -0.04   0.015 -0.108]	0.74	1.67	1.76	0.42	0.02	0.05	0.01	0.11	0.82	0.37	0.2	0.14179034357265696	0.174	0.071
1	['Ir', 'Pd', 'Pt', 'Rh', 'Ru']	19	[0.068 0.54  0.035 0.023 0.334]	[ 0.171 -0.036 -0.018 -0.025 -0.092]	0.74	1.67	1.76	0.42	0.02	0.05	0.01	0.11	0.82	0.37	0.2	0.1660523063801213	0.065	0.071
2	['Ir', 'Pd', 'Pt', 'Rh', 'Ru']	19	[0.008 0.541 0.044 0.03  0.377]	[-0.176  0.045  0.022  0.072  0.037]	0.74	1.67	1.76	0.42	0.02	0.05	0.01	0.11	0.82	0.37	0.2	0.16332062237676503	0.13	0.071
3	['Ir', 'Pd', 'Pt', 'Rh', 'Ru']	19	[0.137 0.462 0.082 0.008 0.311]	[-0.01   0.135 -0.139  0.04  -0.026]	0.74	1.67	1.76	0.42	0.02	0.05	0.01	0.11	0.82	0.37	0.2	0.14929804782193756	0.133	0.071
4	['Ir', 'Pd', 'Pt', 'Rh', 'Ru']	19	[0.038 0.65  0.022 0.008 0.282]	[ 0.063  0.136 -0.048 -0.032 -0.119]	0.74	1.67	1.76	0.42	0.02	0.05	0.01	0.11	0.82	0.37	0.2	0.15463590294534682	0.128	0.071
0	['Ir', 'Pd', 'Pt', 'Rh', 'Ru']	20	[0.114 0.526 0.029 0.005 0.326]	[ 0.104 -0.161  0.003 -0.004  0.058]	0.74	1.67	1.76	0.42	0.02	0.05	0.01	0.11	0.82	0.37	0.2	0.16259824341980586	0.066	0.071
1	['Ir', 'Pd', 'Pt', 'Rh', 'Ru']	20	[0.224 0.551 0.005 0.002 0.218]	[ 0.144 -0.002  0.025 -0.035 -0.132]	0.74	1.67	1.76	0.42	0.02	0.05	0.01	0.11	0.82	0.37	0.2	0.15058297384546562	0.156	0.071
2	['Ir', 'Pd', 'Pt', 'Rh', 'Ru']	20	[0.125 0.566 0.038 0.025 0.246]	[ 0.111  0.012  0.053 -0.02  -0.156]	0.74	1.67	1.76	0.42	0.02	0.05	0.01	0.11	0.82	0.37	0.2	0.15908884102999882	0.077	0.071
3	['Ir', 'Pd', 'Pt', 'Rh', 'Ru']	20	[0.057 0.609 0.02  0.005 0.309]	[-0.124  0.131  0.069 -0.038 -0.037]	0.74	1.67	1.76	0.42	0.02	0.05	0.01	0.11	0.82	0.37	0.2	0.16651467068396988	0.089	0.071
4	['Ir', 'Pd', 'Pt', 'Rh', 'Ru']	20	[0.055 0.688 0.014 0.063 0.18 ]	[ 0.034  0.077  0.015  0.048 -0.174]	0.74	1.67	1.76	0.42	0.02	0.05	0.01	0.11	0.82	0.37	0.2	0.13680909431564428	0.189	0.071
0	['Ir', 'Pd', 'Pt', 'Rh', 'Ru']	21	[0.001 0.654 0.018 0.017 0.31 ]	[-0.113  0.128 -0.011  0.012 -0.016]	0.74	1.67	1.76	0.42	0.02	0.05	0.01	0.11	0.82	0.37	0.2	0.1469831269172018	0.149	0.071
1	['Ir', 'Pd', 'Pt', 'Rh', 'Ru']	21	[0.084 0.645 0.074 0.048 0.149]	[-0.14   0.093  0.069  0.046 -0.069]	0.74	1.67	1.76	0.42	0.02	0.05	0.01	0.11	0.82	0.37	0.2	0.1397238276345509	0.194	0.071
2	['Ir', 'Pd', 'Pt', 'Rh', 'Ru']	21	[0.011 0.572 0.017 0.043 0.357]	[-0.152 -0.005 -0.004  0.036  0.125]	0.74	1.67	1.76	0.42	0.02	0.05	0.01	0.11	0.82	0.37	0.2	0.16150313590153323	0.11	0.071
3	['Ir', 'Pd', 'Pt', 'Rh', 'Ru']	21	[0.006 0.607 0.04  0.063 0.284]	[-0.062  0.003  0.033  0.054 -0.028]	0.74	1.67	1.76	0.42	0.02	0.05	0.01	0.11	0.82	0.37	0.2	0.15448973949474826	0.119	0.071
4	['Ir', 'Pd', 'Pt', 'Rh', 'Ru']	21	[0.079 0.567 0.027 0.014 0.313]	[ 0.    -0.154 -0.012  0.049  0.116]	0.74	1.67	1.76	0.42	0.02	0.05	0.01	0.11	0.82	0.37	0.2	0.16782327225366617	0.054	0.071
0	['Ir', 'Pd', 'Pt', 'Rh', 'Ru']	22	[0.134 0.51  0.04  0.006 0.31 ]	[ 0.128 -0.152  0.016  0.014 -0.006]	0.74	1.67	1.76	0.42	0.02	0.05	0.01	0.11	0.82	0.37	0.2	0.1596897686121118	0.08	0.071
1	['Ir', 'Pd', 'Pt', 'Rh', 'Ru']	22	[0.179 0.598 0.096 0.127 0.   ]	[ 0.095 -0.046  0.022  0.079 -0.149]	0.74	1.67	1.76	0.42	0.02	0.05	0.01	0.11	0.82	0.37	0.2	0.11480613971810763	0.337	0.071
2	['Ir', 'Pd', 'Pt', 'Rh', 'Ru']	22	[0.132 0.486 0.027 0.047 0.308]	[ 0.139 -0.094 -0.063  0.07  -0.053]	0.74	1.67	1.76	0.42	0.02	0.05	0.01	0.11	0.82	0.37	0.2	0.15740792925466968	0.077	0.071
3	['Ir', 'Pd', 'Pt', 'Rh', 'Ru']	22	[0.127 0.515 0.002 0.043 0.313]	[ 0.115 -0.127 -0.072  0.073  0.01 ]	0.74	1.67	1.76	0.42	0.02	0.05	0.01	0.11	0.82	0.37	0.2	0.16182166918048282	0.047	0.071
4	['Ir', 'Pd', 'Pt', 'Rh', 'Ru']	22	[0.081 0.483 0.02  0.015 0.401]	[ 0.002 -0.085 -0.007  0.001  0.088]	0.74	1.67	1.76	0.42	0.02	0.05	0.01	0.11	0.82	0.37	0.2	0.15835516821540704	0.129	0.071
0	['Ir', 'Pd', 'Pt', 'Rh', 'Ru']	23	[0.072 0.535 0.032 0.047 0.314]	[-0.091  0.015  0.053  0.034 -0.011]	0.74	1.67	1.76	0.42	0.02	0.05	0.01	0.11	0.82	0.37	0.2	0.1664484294221929	0.047	0.071
1	['Ir', 'Pd', 'Pt', 'Rh', 'Ru']	23	[0.164 0.517 0.131 0.035 0.153]	[-0.015 -0.081  0.035 -0.092  0.153]	0.74	1.67	1.76	0.42	0.02	0.05	0.01	0.11	0.82	0.37	0.2	0.13771703466679425	0.21	0.071
2	['Ir', 'Pd', 'Pt', 'Rh', 'Ru']	23	[0.07  0.522 0.083 0.046 0.279]	[-0.115  0.086  0.122 -0.044 -0.048]	0.74	1.67	1.76	0.42	0.02	0.05	0.01	0.11	0.82	0.37	0.2	0.16370460135228715	0.095	0.071
3	['Ir', 'Pd', 'Pt', 'Rh', 'Ru']	23	[0.129 0.537 0.005 0.009 0.32 ]	[-0.028  0.016 -0.03   0.059 -0.017]	0.74	1.67	1.76	0.42	0.02	0.05	0.01	0.11	0.82	0.37	0.2	0.16413191229756852	0.056	0.071
4	['Ir', 'Pd', 'Pt', 'Rh', 'Ru']	23	[0.127 0.6   0.007 0.02  0.246]	[ 0.046  0.117 -0.013  0.005 -0.155]	0.74	1.67	1.76	0.42	0.02	0.05	0.01	0.11	0.82	0.37	0.2	0.16060540090444436	0.084	0.071
0	['Ir', 'Pd', 'Pt', 'Rh', 'Ru']	24	[0.01  0.627 0.052 0.019 0.292]	[-0.108  0.089  0.009  0.047 -0.037]	0.74	1.67	1.76	0.42	0.02	0.05	0.01	0.11	0.82	0.37	0.2	0.15748388590058068	0.133	0.071
1	['Ir', 'Pd', 'Pt', 'Rh', 'Ru']	24	[0.168 0.623 0.108 0.1   0.001]	[-0.078  0.063 -0.117  0.005  0.128]	0.74	1.67	1.76	0.42	0.02	0.05	0.01	0.11	0.82	0.37	0.2	0.10951588836707228	0.337	0.071
2	['Ir', 'Pd', 'Pt', 'Rh', 'Ru']	24	[0.016 0.596 0.17  0.05  0.168]	[-0.075  0.068  0.081  0.064 -0.138]	0.74	1.67	1.76	0.42	0.02	0.05	0.01	0.11	0.82	0.37	0.2	0.14349166633209984	0.236	0.071
3	['Ir', 'Pd', 'Pt', 'Rh', 'Ru']	24	[0.047 0.585 0.016 0.034 0.318]	[ 0.171  0.003 -0.059 -0.036 -0.078]	0.74	1.67	1.76	0.42	0.02	0.05	0.01	0.11	0.82	0.37	0.2	0.16401061823403196	0.07	0.071
4	['Ir', 'Pd', 'Pt', 'Rh', 'Ru']	24	[0.01  0.545 0.065 0.018 0.362]	[ 0.104 -0.133  0.01  -0.066  0.084]	0.74	1.67	1.76	0.42	0.02	0.05	0.01	0.11	0.82	0.37	0.2	0.1661777620515494	0.131	0.071
0	['Ir', 'Pd', 'Pt', 'Rh', 'Ru']	25	[0.045 0.481 0.042 0.01  0.422]	[ 0.035 -0.147 -0.01  -0.009  0.13 ]	0.74	1.67	1.76	0.42	0.02	0.05	0.01	0.11	0.82	0.37	0.2	0.15681139857413867	0.161	0.071
1	['Ir', 'Pd', 'Pt', 'Rh', 'Ru']	25	[0.108 0.594 0.06  0.059 0.179]	[-0.06  -0.028 -0.048 -0.041  0.178]	0.74	1.67	1.76	0.42	0.02	0.05	0.01	0.11	0.82	0.37	0.2	0.15189167007799192	0.143	0.071
2	['Ir', 'Pd', 'Pt', 'Rh', 'Ru']	25	[0.006 0.624 0.044 0.012 0.314]	[ 0.013  0.022 -0.132 -0.044  0.141]	0.74	1.67	1.76	0.42	0.02	0.05	0.01	0.11	0.82	0.37	0.2	0.15678891751599563	0.134	0.071
3	['Ir', 'Pd', 'Pt', 'Rh', 'Ru']	25	[0.146 0.483 0.028 0.083 0.26 ]	[ 0.109 -0.124  0.007  0.082 -0.075]	0.74	1.67	1.76	0.42	0.02	0.05	0.01	0.11	0.82	0.37	0.2	0.15583428912621738	0.1	0.071
4	['Ir', 'Pd', 'Pt', 'Rh', 'Ru']	25	[0.125 0.509 0.033 0.051 0.282]	[ 0.142 -0.021 -0.107  0.056 -0.07 ]	0.74	1.67	1.76	0.42	0.02	0.05	0.01	0.11	0.82	0.37	0.2	0.15847797875678227	0.061	0.071
0	['Ir', 'Pd', 'Pt', 'Rh', 'Ru']	26	[0.142 0.544 0.024 0.029 0.261]	[ 0.097  0.063 -0.018  0.019 -0.161]	0.74	1.67	1.76	0.42	0.02	0.05	0.01	0.11	0.82	0.37	0.2	0.1620983574278189	0.066	0.071
1	['Ir', 'Pd', 'Pt', 'Rh', 'Ru']	26	[0.103 0.522 0.004 0.019 0.352]	[-0.005 -0.073 -0.056 -0.04   0.173]	0.74	1.67	1.76	0.42	0.02	0.05	0.01	0.11	0.82	0.37	0.2	0.16354847220752006	0.067	0.071
2	['Ir', 'Pd', 'Pt', 'Rh', 'Ru']	26	[0.136 0.495 0.027 0.002 0.34 ]	[ 0.121 -0.15   0.045 -0.027  0.012]	0.74	1.67	1.76	0.42	0.02	0.05	0.01	0.11	0.82	0.37	0.2	0.15845953573927024	0.095	0.071
3	['Ir', 'Pd', 'Pt', 'Rh', 'Ru']	26	[0.071 0.569 0.    0.058 0.302]	[-0.131  0.074 -0.071  0.109  0.019]	0.74	1.67	1.76	0.42	0.02	0.05	0.01	0.11	0.82	0.37	0.2	0.16578628206148024	0.036	0.071
4	['Ir', 'Pd', 'Pt', 'Rh', 'Ru']	26	[0.096 0.601 0.042 0.01  0.251]	[-0.084  0.118  0.044  0.01  -0.088]	0.74	1.67	1.76	0.42	0.02	0.05	0.01	0.11	0.82	0.37	0.2	0.15792697939069023	0.092	0.071
0	['Ir', 'Pd', 'Pt', 'Rh', 'Ru']	27	[0.002 0.665 0.003 0.03  0.3  ]	[ 0.122  0.09  -0.066 -0.104 -0.042]	0.74	1.67	1.76	0.42	0.02	0.05	0.01	0.11	0.82	0.37	0.2	0.14273122984213718	0.152	0.071
1	['Ir', 'Pd', 'Pt', 'Rh', 'Ru']	27	[0.041 0.625 0.022 0.049 0.263]	[-0.062  0.105  0.016  0.031 -0.089]	0.74	1.67	1.76	0.42	0.02	0.05	0.01	0.11	0.82	0.37	0.2	0.15803888022570156	0.105	0.071
2	['Ir', 'Pd', 'Pt', 'Rh', 'Ru']	27	[0.02  0.617 0.034 0.055 0.274]	[-0.128  0.119  0.038  0.047 -0.076]	0.74	1.67	1.76	0.42	0.02	0.05	0.01	0.11	0.82	0.37	0.2	0.15573549562542463	0.113	0.071
3	['Ir', 'Pd', 'Pt', 'Rh', 'Ru']	27	[0.006 0.623 0.017 0.108 0.246]	[-0.064  0.056  0.01   0.052 -0.055]	0.74	1.67	1.76	0.42	0.02	0.05	0.01	0.11	0.82	0.37	0.2	0.14790974966478007	0.144	0.071
4	['Ir', 'Pd', 'Pt', 'Rh', 'Ru']	27	[0.02  0.573 0.004 0.045 0.358]	[ 0.091 -0.142 -0.024 -0.027  0.102]	0.74	1.67	1.76	0.42	0.02	0.05	0.01	0.11	0.82	0.37	0.2	0.1600563135560599	0.102	0.071
0	['Ir', 'Pd', 'Pt', 'Rh', 'Ru']	28	[0.12  0.52  0.003 0.024 0.333]	[ 0.113 -0.158 -0.015  0.034  0.026]	0.74	1.67	1.76	0.42	0.02	0.05	0.01	0.11	0.82	0.37	0.2	0.16142454152338448	0.055	0.071
1	['Ir', 'Pd', 'Pt', 'Rh', 'Ru']	28	[0.007 0.52  0.014 0.03  0.429]	[-0.034 -0.105 -0.008 -0.019  0.166]	0.74	1.67	1.76	0.42	0.02	0.05	0.01	0.11	0.82	0.37	0.2	0.15397728914580627	0.164	0.071
2	['Ir', 'Pd', 'Pt', 'Rh', 'Ru']	28	[0.047 0.521 0.018 0.002 0.412]	[-0.005 -0.152  0.011  0.019  0.128]	0.74	1.67	1.76	0.42	0.02	0.05	0.01	0.11	0.82	0.37	0.2	0.16385782807370716	0.137	0.071
3	['Ir', 'Pd', 'Pt', 'Rh', 'Ru']	28	[0.062 0.555 0.004 0.023 0.356]	[ 0.019 -0.136 -0.066  0.097  0.086]	0.74	1.67	1.76	0.42	0.02	0.05	0.01	0.11	0.82	0.37	0.2	0.16560173935396777	0.073	0.071
4	['Ir', 'Pd', 'Pt', 'Rh', 'Ru']	28	[0.152 0.475 0.006 0.051 0.316]	[ 0.131 -0.123 -0.012  0.064 -0.06 ]	0.74	1.67	1.76	0.42	0.02	0.05	0.01	0.11	0.82	0.37	0.2	0.15503679617238972	0.093	0.071
0	['Ir', 'Pd', 'Pt', 'Rh', 'Ru']	29	[0.003 0.581 0.042 0.044 0.33 ]	[ 0.113  0.018 -0.013 -0.042 -0.077]	0.74	1.67	1.76	0.42	0.02	0.05	0.01	0.11	0.82	0.37	0.2	0.15882147726748871	0.114	0.071
1	['Ir', 'Pd', 'Pt', 'Rh', 'Ru']	29	[0.143 0.557 0.004 0.007 0.289]	[ 0.136  0.038 -0.01  -0.023 -0.14 ]	0.74	1.67	1.76	0.42	0.02	0.05	0.01	0.11	0.82	0.37	0.2	0.16453843890116424	0.062	0.071
2	['Ir', 'Pd', 'Pt', 'Rh', 'Ru']	29	[0.157 0.531 0.026 0.031 0.255]	[ 0.108  0.004  0.027  0.025 -0.164]	0.74	1.67	1.76	0.42	0.02	0.05	0.01	0.11	0.82	0.37	0.2	0.1579151547951156	0.082	0.071
3	['Ir', 'Pd', 'Pt', 'Rh', 'Ru']	29	[0.143 0.505 0.007 0.024 0.321]	[ 0.08  -0.051  0.007 -0.    -0.036]	0.74	1.67	1.76	0.42	0.02	0.05	0.01	0.11	0.82	0.37	0.2	0.15819134326327802	0.071	0.071
4	['Ir', 'Pd', 'Pt', 'Rh', 'Ru']	29	[0.033 0.622 0.02  0.011 0.314]	[-0.143  0.131 -0.005  0.039 -0.022]	0.74	1.67	1.76	0.42	0.02	0.05	0.01	0.11	0.82	0.37	0.2	0.16158009012235183	0.109	0.071
0	['Ir', 'Pd', 'Pt', 'Rh', 'Ru']	30	[0.15  0.537 0.019 0.06  0.234]	[ 0.142 -0.029 -0.067  0.059 -0.105]	0.74	1.67	1.76	0.42	0.02	0.05	0.01	0.11	0.82	0.37	0.2	0.16139453743182156	0.087	0.071
1	['Ir', 'Pd', 'Pt', 'Rh', 'Ru']	30	[0.087 0.534 0.012 0.025 0.342]	[-0.072 -0.028  0.003  0.02   0.077]	0.74	1.67	1.76	0.42	0.02	0.05	0.01	0.11	0.82	0.37	0.2	0.1676060635805366	0.054	0.071
2	['Ir', 'Pd', 'Pt', 'Rh', 'Ru']	30	[0.044 0.584 0.01  0.038 0.324]	[-0.172  0.056  0.004  0.037  0.075]	0.74	1.67	1.76	0.42	0.02	0.05	0.01	0.11	0.82	0.37	0.2	0.16475406350647595	0.071	0.071
3	['Ir', 'Pd', 'Pt', 'Rh', 'Ru']	30	[0.126 0.61  0.019 0.06  0.185]	[-0.011  0.122 -0.031  0.062 -0.142]	0.74	1.67	1.76	0.42	0.02	0.05	0.01	0.11	0.82	0.37	0.2	0.15283468960551727	0.134	0.071
4	['Ir', 'Pd', 'Pt', 'Rh', 'Ru']	30	[0.201 0.534 0.008 0.004 0.253]	[ 0.168 -0.088 -0.012 -0.007 -0.061]	0.74	1.67	1.76	0.42	0.02	0.05	0.01	0.11	0.82	0.37	0.2	0.15457513698392017	0.122	0.071
