ID	Elements	Generation	Position	Velocity	F_damp	F_b_best	F_h_best	F_g_best	F_b_worst	F_h_worst	F_g_worst	mut_prob	flip_prob	mut_rate	v_max	Activity	Distance	v_min
0	['Ir', 'Pd', 'Pt', 'Rh', 'Ru']	0	[0.8  0.05 0.05 0.05 0.05]	[-0.179  0.045  0.045  0.045  0.045]	0.63	1.11	1.0	1.76	0.08	0.11	0.02	0.13	0.54	0.19	0.2	0.009720244224210991	0.897	0.071
1	['Ir', 'Pd', 'Pt', 'Rh', 'Ru']	0	[0.05 0.8  0.05 0.05 0.05]	[ 0.045 -0.179  0.045  0.045  0.045]	0.63	1.11	1.0	1.76	0.08	0.11	0.02	0.13	0.54	0.19	0.2	0.0893487361025907	0.361	0.071
2	['Ir', 'Pd', 'Pt', 'Rh', 'Ru']	0	[0.05 0.05 0.8  0.05 0.05]	[ 0.045  0.045 -0.179  0.045  0.045]	0.63	1.11	1.0	1.76	0.08	0.11	0.02	0.13	0.54	0.19	0.2	0.07213216891773018	0.977	0.071
3	['Ir', 'Pd', 'Pt', 'Rh', 'Ru']	0	[0.05 0.05 0.05 0.8  0.05]	[ 0.045  0.045  0.045 -0.179  0.045]	0.63	1.11	1.0	1.76	0.08	0.11	0.02	0.13	0.54	0.19	0.2	0.001931275295651623	0.938	0.071
4	['Ir', 'Pd', 'Pt', 'Rh', 'Ru']	0	[0.05 0.05 0.05 0.05 0.8 ]	[ 0.045  0.045  0.045  0.045 -0.179]	0.63	1.11	1.0	1.76	0.08	0.11	0.02	0.13	0.54	0.19	0.2	0.0030504979582336787	0.711	0.071
0	['Ir', 'Pd', 'Pt', 'Rh', 'Ru']	1	[0.659 0.192 0.052 0.045 0.052]	[-0.141  0.142  0.002 -0.005  0.002]	0.63	1.11	1.0	1.76	0.08	0.11	0.02	0.13	0.54	0.19	0.2	0.022831872205318834	0.711	0.071
1	['Ir', 'Pd', 'Pt', 'Rh', 'Ru']	1	[0.085 0.791 0.085 0.011 0.028]	[ 0.021 -0.037  0.021  0.047 -0.054]	0.63	1.11	1.0	1.76	0.08	0.11	0.02	0.13	0.54	0.19	0.2	0.0883102799449836	0.376	0.071
2	['Ir', 'Pd', 'Pt', 'Rh', 'Ru']	1	[0.052 0.192 0.659 0.045 0.052]	[ 0.002  0.142 -0.141 -0.005  0.002]	0.63	1.11	1.0	1.76	0.08	0.11	0.02	0.13	0.54	0.19	0.2	0.06008391439013333	0.791	0.071
3	['Ir', 'Pd', 'Pt', 'Rh', 'Ru']	1	[0.089 0.068 0.089 0.665 0.089]	[ 0.03   0.083  0.03  -0.174  0.03 ]	0.63	1.11	1.0	1.76	0.08	0.11	0.02	0.13	0.54	0.19	0.2	0.008892794100875845	0.814	0.071
4	['Ir', 'Pd', 'Pt', 'Rh', 'Ru']	1	[0.052 0.192 0.052 0.045 0.659]	[ 0.002  0.142  0.002 -0.005 -0.141]	0.63	1.11	1.0	1.76	0.08	0.11	0.02	0.13	0.54	0.19	0.2	0.04295995869640559	0.512	0.071
0	['Ir', 'Pd', 'Pt', 'Rh', 'Ru']	2	[0.522 0.338 0.054 0.036 0.05 ]	[-0.136  0.146  0.002 -0.009 -0.002]	0.63	1.11	1.0	1.76	0.08	0.11	0.02	0.13	0.54	0.19	0.2	0.054954445111919825	0.537	0.071
1	['Ir', 'Pd', 'Pt', 'Rh', 'Ru']	2	[0.007 0.897 0.007 0.074 0.015]	[-0.078  0.107 -0.078  0.063 -0.013]	0.63	1.11	1.0	1.76	0.08	0.11	0.02	0.13	0.54	0.19	0.2	0.05378701616960446	0.459	0.071
2	['Ir', 'Pd', 'Pt', 'Rh', 'Ru']	2	[0.054 0.338 0.524 0.035 0.049]	[ 0.002  0.146 -0.136 -0.01  -0.003]	0.63	1.11	1.0	1.76	0.08	0.11	0.02	0.13	0.54	0.19	0.2	0.07907170251999565	0.62	0.071
3	['Ir', 'Pd', 'Pt', 'Rh', 'Ru']	2	[0.085 0.217 0.085 0.532 0.081]	[-0.004  0.149 -0.004 -0.134 -0.008]	0.63	1.11	1.0	1.76	0.08	0.11	0.02	0.13	0.54	0.19	0.2	0.04252795464737402	0.631	0.071
4	['Ir', 'Pd', 'Pt', 'Rh', 'Ru']	2	[0.058 0.33  0.058 0.039 0.515]	[ 0.006  0.138  0.006 -0.006 -0.144]	0.63	1.11	1.0	1.76	0.08	0.11	0.02	0.13	0.54	0.19	0.2	0.10546302697455176	0.316	0.071
0	['Ir', 'Pd', 'Pt', 'Rh', 'Ru']	3	[0.378 0.35  0.055 0.029 0.188]	[-0.144  0.012  0.001 -0.007  0.138]	0.63	1.11	1.0	1.76	0.08	0.11	0.02	0.13	0.54	0.19	0.2	0.08129040742479775	0.365	0.071
1	['Ir', 'Pd', 'Pt', 'Rh', 'Ru']	3	[0.008 0.91  0.01  0.026 0.046]	[ 0.022 -0.175  0.023  0.061  0.069]	0.63	1.11	1.0	1.76	0.08	0.11	0.02	0.13	0.54	0.19	0.2	0.0609754148034131	0.451	0.071
2	['Ir', 'Pd', 'Pt', 'Rh', 'Ru']	3	[0.059 0.332 0.385 0.032 0.192]	[ 0.005 -0.006 -0.14  -0.003  0.143]	0.63	1.11	1.0	1.76	0.08	0.11	0.02	0.13	0.54	0.19	0.2	0.10448646066528974	0.458	0.071
3	['Ir', 'Pd', 'Pt', 'Rh', 'Ru']	3	[0.077 0.26  0.077 0.382 0.204]	[-0.008  0.043 -0.008 -0.151  0.123]	0.63	1.11	1.0	1.76	0.08	0.11	0.02	0.13	0.54	0.19	0.2	0.08136139148603216	0.458	0.071
4	['Ir', 'Pd', 'Pt', 'Rh', 'Ru']	3	[0.04  0.441 0.043 0.034 0.442]	[-0.033  0.109 -0.03   0.048 -0.094]	0.63	1.11	1.0	1.76	0.08	0.11	0.02	0.13	0.54	0.19	0.2	0.14305234779741008	0.194	0.071
0	['Ir', 'Pd', 'Pt', 'Rh', 'Ru']	4	[0.225 0.383 0.05  0.03  0.312]	[-0.153  0.034 -0.005  0.001  0.124]	0.63	1.11	1.0	1.76	0.08	0.11	0.02	0.13	0.54	0.19	0.2	0.11984302011916853	0.216	0.071
1	['Ir', 'Pd', 'Pt', 'Rh', 'Ru']	4	[0.024 0.751 0.026 0.033 0.166]	[ 0.016 -0.158  0.016  0.007  0.12 ]	0.63	1.11	1.0	1.76	0.08	0.11	0.02	0.13	0.54	0.19	0.2	0.11412716478304905	0.255	0.071
2	['Ir', 'Pd', 'Pt', 'Rh', 'Ru']	4	[0.064 0.368 0.229 0.027 0.312]	[ 0.005  0.035 -0.156 -0.005  0.12 ]	0.63	1.11	1.0	1.76	0.08	0.11	0.02	0.13	0.54	0.19	0.2	0.1255804437381911	0.296	0.071
3	['Ir', 'Pd', 'Pt', 'Rh', 'Ru']	4	[0.063 0.328 0.064 0.231 0.314]	[-0.014  0.068 -0.013 -0.151  0.11 ]	0.63	1.11	1.0	1.76	0.08	0.11	0.02	0.13	0.54	0.19	0.2	0.1179051137386267	0.296	0.071
4	['Ir', 'Pd', 'Pt', 'Rh', 'Ru']	4	[0.022 0.496 0.027 0.049 0.406]	[-0.018  0.056 -0.016  0.015 -0.036]	0.63	1.11	1.0	1.76	0.08	0.11	0.02	0.13	0.54	0.19	0.2	0.15846165533393042	0.145	0.071
0	['Ir', 'Pd', 'Pt', 'Rh', 'Ru']	5	[0.065 0.459 0.035 0.039 0.402]	[-0.16   0.077 -0.015  0.009  0.09 ]	0.63	1.11	1.0	1.76	0.08	0.11	0.02	0.13	0.54	0.19	0.2	0.1550491279647143	0.146	0.071
1	['Ir', 'Pd', 'Pt', 'Rh', 'Ru']	5	[0.025 0.605 0.029 0.038 0.303]	[ 0.001 -0.146  0.003  0.005  0.137]	0.63	1.11	1.0	1.76	0.08	0.11	0.02	0.13	0.54	0.19	0.2	0.16045560700682288	0.098	0.071
2	['Ir', 'Pd', 'Pt', 'Rh', 'Ru']	5	[0.039 0.451 0.073 0.036 0.401]	[-0.025  0.083 -0.156  0.009  0.089]	0.63	1.11	1.0	1.76	0.08	0.11	0.02	0.13	0.54	0.19	0.2	0.150990196133798	0.171	0.071
3	['Ir', 'Pd', 'Pt', 'Rh', 'Ru']	5	[0.037 0.438 0.04  0.089 0.396]	[-0.026  0.109 -0.024 -0.142  0.082]	0.63	1.11	1.0	1.76	0.08	0.11	0.02	0.13	0.54	0.19	0.2	0.1473646184784754	0.17	0.071
4	['Ir', 'Pd', 'Pt', 'Rh', 'Ru']	5	[0.008 0.547 0.015 0.045 0.385]	[-0.014  0.052 -0.012 -0.004 -0.021]	0.63	1.11	1.0	1.76	0.08	0.11	0.02	0.13	0.54	0.19	0.2	0.16275680662725794	0.126	0.071
0	['Ir', 'Pd', 'Pt', 'Rh', 'Ru']	6	[0.126 0.513 0.05  0.004 0.307]	[ 0.066  0.054  0.052  0.    -0.173]	0.63	1.11	1.0	1.76	0.08	0.11	0.02	0.13	0.54	0.19	0.2	0.16139455038869036	0.082	0.071
1	['Ir', 'Pd', 'Pt', 'Rh', 'Ru']	6	[0.002 0.487 0.011 0.038 0.462]	[-0.023 -0.118 -0.018 -0.     0.159]	0.63	1.11	1.0	1.76	0.08	0.11	0.02	0.13	0.54	0.19	0.2	0.14761365155221812	0.2	0.071
2	['Ir', 'Pd', 'Pt', 'Rh', 'Ru']	6	[0.025 0.55  0.043 0.001 0.381]	[-0.042  0.117  0.098 -0.1   -0.072]	0.63	1.11	1.0	1.76	0.08	0.11	0.02	0.13	0.54	0.19	0.2	0.1680582384638215	0.128	0.071
3	['Ir', 'Pd', 'Pt', 'Rh', 'Ru']	6	[0.007 0.578 0.001 0.013 0.401]	[-0.028  0.132 -0.122  0.067 -0.049]	0.63	1.11	1.0	1.76	0.08	0.11	0.02	0.13	0.54	0.19	0.2	0.158459891613499	0.145	0.071
4	['Ir', 'Pd', 'Pt', 'Rh', 'Ru']	6	[0.086 0.699 0.056 0.1   0.059]	[ 0.225 -0.539  0.211  0.274 -0.171]	0.63	1.11	1.0	1.76	0.08	0.11	0.02	0.13	0.54	0.19	0.2	0.11356703875672366	0.293	0.071
0	['Ir', 'Pd', 'Pt', 'Rh', 'Ru']	7	[0.04  0.571 0.027 0.002 0.36 ]	[ 0.151  0.021 -0.104 -0.078  0.011]	0.63	1.11	1.0	1.76	0.08	0.11	0.02	0.13	0.54	0.19	0.2	0.165662228846214	0.103	0.071
1	['Ir', 'Pd', 'Pt', 'Rh', 'Ru']	7	[0.044 0.606 0.012 0.008 0.33 ]	[ 0.029  0.112 -0.003  0.023 -0.161]	0.63	1.11	1.0	1.76	0.08	0.11	0.02	0.13	0.54	0.19	0.2	0.16646258148142531	0.095	0.071
2	['Ir', 'Pd', 'Pt', 'Rh', 'Ru']	7	[0.028 0.568 0.016 0.062 0.326]	[-0.028  0.077 -0.072  0.074 -0.051]	0.63	1.11	1.0	1.76	0.08	0.11	0.02	0.13	0.54	0.19	0.2	0.16435761147429276	0.081	0.071
3	['Ir', 'Pd', 'Pt', 'Rh', 'Ru']	7	[0.005 0.585 0.    0.06  0.35 ]	[-0.018  0.019 -0.005  0.068 -0.064]	0.63	1.11	1.0	1.76	0.08	0.11	0.02	0.13	0.54	0.19	0.2	0.15450630748193173	0.113	0.071
4	['Ir', 'Pd', 'Pt', 'Rh', 'Ru']	7	[0.067 0.583 0.058 0.073 0.219]	[-0.019 -0.115  0.002 -0.027  0.16 ]	0.63	1.11	1.0	1.76	0.08	0.11	0.02	0.13	0.54	0.19	0.2	0.15975024601872878	0.112	0.071
0	['Ir', 'Pd', 'Pt', 'Rh', 'Ru']	8	[0.003 0.582 0.009 0.052 0.354]	[-0.094  0.035  0.008  0.06  -0.009]	0.63	1.11	1.0	1.76	0.08	0.11	0.02	0.13	0.54	0.19	0.2	0.15509793477627948	0.116	0.071
1	['Ir', 'Pd', 'Pt', 'Rh', 'Ru']	8	[0.031 0.558 0.057 0.014 0.34 ]	[-0.015 -0.052  0.045  0.014  0.009]	0.63	1.11	1.0	1.76	0.08	0.11	0.02	0.13	0.54	0.19	0.2	0.1645921790606296	0.105	0.071
2	['Ir', 'Pd', 'Pt', 'Rh', 'Ru']	8	[0.003 0.546 0.031 0.054 0.366]	[-0.112 -0.016 -0.074  0.125  0.077]	0.63	1.11	1.0	1.76	0.08	0.11	0.02	0.13	0.54	0.19	0.2	0.16140777851381954	0.121	0.071
3	['Ir', 'Pd', 'Pt', 'Rh', 'Ru']	8	[0.006 0.535 0.002 0.11  0.347]	[-0.04  -0.094 -0.018  0.17  -0.018]	0.63	1.11	1.0	1.76	0.08	0.11	0.02	0.13	0.54	0.19	0.2	0.155668195320807	0.122	0.071
4	['Ir', 'Pd', 'Pt', 'Rh', 'Ru']	8	[0.    0.538 0.073 0.012 0.377]	[-0.103 -0.079 -0.014  0.055  0.141]	0.63	1.11	1.0	1.76	0.08	0.11	0.02	0.13	0.54	0.19	0.2	0.1629820928731893	0.151	0.071
0	['Ir', 'Pd', 'Pt', 'Rh', 'Ru']	9	[0.036 0.494 0.056 0.072 0.342]	[-0.073 -0.118  0.078  0.121 -0.008]	0.63	1.11	1.0	1.76	0.08	0.11	0.02	0.13	0.54	0.19	0.2	0.1614233757719296	0.112	0.071
1	['Ir', 'Pd', 'Pt', 'Rh', 'Ru']	9	[0.01  0.5   0.049 0.042 0.399]	[-0.048 -0.062 -0.004  0.042  0.072]	0.63	1.11	1.0	1.76	0.08	0.11	0.02	0.13	0.54	0.19	0.2	0.15912375451986527	0.151	0.071
2	['Ir', 'Pd', 'Pt', 'Rh', 'Ru']	9	[0.002 0.529 0.024 0.045 0.4  ]	[-0.09  -0.031 -0.057  0.116  0.062]	0.63	1.11	1.0	1.76	0.08	0.11	0.02	0.13	0.54	0.19	0.2	0.1555736068345447	0.144	0.071
3	['Ir', 'Pd', 'Pt', 'Rh', 'Ru']	9	[0.012 0.537 0.018 0.06  0.373]	[-0.09  -0.048 -0.025  0.171 -0.009]	0.63	1.11	1.0	1.76	0.08	0.11	0.02	0.13	0.54	0.19	0.2	0.16327455030988441	0.117	0.071
4	['Ir', 'Pd', 'Pt', 'Rh', 'Ru']	9	[0.005 0.573 0.005 0.006 0.411]	[ 0.005  0.035 -0.068 -0.006  0.034]	0.63	1.11	1.0	1.76	0.08	0.11	0.02	0.13	0.54	0.19	0.2	0.15742889310045452	0.154	0.071
0	['Ir', 'Pd', 'Pt', 'Rh', 'Ru']	10	[0.037 0.572 0.005 0.001 0.385]	[ 0.029  0.085 -0.173  0.036  0.024]	0.63	1.11	1.0	1.76	0.08	0.11	0.02	0.13	0.54	0.19	0.2	0.1652442681180212	0.119	0.071
1	['Ir', 'Pd', 'Pt', 'Rh', 'Ru']	10	[0.012 0.606 0.052 0.034 0.296]	[-0.012  0.123 -0.012  0.049 -0.149]	0.63	1.11	1.0	1.76	0.08	0.11	0.02	0.13	0.54	0.19	0.2	0.15835458676738648	0.118	0.071
2	['Ir', 'Pd', 'Pt', 'Rh', 'Ru']	10	[0.006 0.6   0.011 0.001 0.382]	[-0.034  0.074  0.003  0.025 -0.068]	0.63	1.11	1.0	1.76	0.08	0.11	0.02	0.13	0.54	0.19	0.2	0.1554141437353997	0.143	0.071
3	['Ir', 'Pd', 'Pt', 'Rh', 'Ru']	10	[0.018 0.56  0.025 0.004 0.393]	[-0.018  0.001 -0.052  0.081 -0.012]	0.63	1.11	1.0	1.76	0.08	0.11	0.02	0.13	0.54	0.19	0.2	0.1654476494512523	0.135	0.071
4	['Ir', 'Pd', 'Pt', 'Rh', 'Ru']	10	[0.042 0.533 0.111 0.031 0.283]	[ 0.037 -0.041  0.106  0.025 -0.128]	0.63	1.11	1.0	1.76	0.08	0.11	0.02	0.13	0.54	0.19	0.2	0.1624846952918287	0.129	0.071
0	['Ir', 'Pd', 'Pt', 'Rh', 'Ru']	11	[0.058 0.568 0.03  0.011 0.333]	[ 0.045  0.002  0.03   0.001 -0.078]	0.63	1.11	1.0	1.76	0.08	0.11	0.02	0.13	0.54	0.19	0.2	0.16496704780734636	0.075	0.071
1	['Ir', 'Pd', 'Pt', 'Rh', 'Ru']	11	[0.023 0.517 0.008 0.031 0.421]	[-0.017 -0.149  0.011  0.025  0.13 ]	0.63	1.11	1.0	1.76	0.08	0.11	0.02	0.13	0.54	0.19	0.2	0.15912390213646568	0.149	0.071
2	['Ir', 'Pd', 'Pt', 'Rh', 'Ru']	11	[0.016 0.645 0.003 0.046 0.29 ]	[-0.019  0.064  0.006  0.036 -0.087]	0.63	1.11	1.0	1.76	0.08	0.11	0.02	0.13	0.54	0.19	0.2	0.1492751372869861	0.127	0.071
3	['Ir', 'Pd', 'Pt', 'Rh', 'Ru']	11	[0.002 0.575 0.008 0.03  0.385]	[-0.019  0.022 -0.021  0.027 -0.009]	0.63	1.11	1.0	1.76	0.08	0.11	0.02	0.13	0.54	0.19	0.2	0.15788542139393136	0.134	0.071
4	['Ir', 'Pd', 'Pt', 'Rh', 'Ru']	11	[0.009 0.556 0.005 0.017 0.413]	[ 0.004  0.006 -0.155  0.019  0.126]	0.63	1.11	1.0	1.76	0.08	0.11	0.02	0.13	0.54	0.19	0.2	0.16077823369650837	0.149	0.071
0	['Ir', 'Pd', 'Pt', 'Rh', 'Ru']	12	[0.014 0.546 0.01  0.    0.43 ]	[ 0.054 -0.053 -0.084 -0.023  0.106]	0.63	1.11	1.0	1.76	0.08	0.11	0.02	0.13	0.54	0.19	0.2	0.16011195344622028	0.164	0.071
1	['Ir', 'Pd', 'Pt', 'Rh', 'Ru']	12	[0.032 0.447 0.01  0.108 0.403]	[-0.101 -0.055 -0.027  0.16   0.024]	0.63	1.11	1.0	1.76	0.08	0.11	0.02	0.13	0.54	0.19	0.2	0.14836566276067698	0.171	0.071
2	['Ir', 'Pd', 'Pt', 'Rh', 'Ru']	12	[0.009 0.482 0.016 0.1   0.393]	[-0.007 -0.162  0.013  0.054  0.103]	0.63	1.11	1.0	1.76	0.08	0.11	0.02	0.13	0.54	0.19	0.2	0.1524647658583448	0.156	0.071
3	['Ir', 'Pd', 'Pt', 'Rh', 'Ru']	12	[0.07  0.286 0.04  0.518 0.086]	[ 0.15  -0.345  0.101  0.456 -0.361]	0.63	1.11	1.0	1.76	0.08	0.11	0.02	0.13	0.54	0.19	0.2	0.05916770205933803	0.581	0.071
4	['Ir', 'Pd', 'Pt', 'Rh', 'Ru']	12	[0.058 0.563 0.054 0.044 0.281]	[ 0.049  0.008  0.049  0.027 -0.132]	0.63	1.11	1.0	1.76	0.08	0.11	0.02	0.13	0.54	0.19	0.2	0.1618755714008986	0.072	0.071
0	['Ir', 'Pd', 'Pt', 'Rh', 'Ru']	13	[0.046 0.615 0.046 0.04  0.253]	[ 0.037  0.074  0.041  0.024 -0.176]	0.63	1.11	1.0	1.76	0.08	0.11	0.02	0.13	0.54	0.19	0.2	0.1582297629364981	0.108	0.071
1	['Ir', 'Pd', 'Pt', 'Rh', 'Ru']	13	[0.016 0.597 0.036 0.005 0.346]	[-0.068  0.124 -0.019  0.079 -0.116]	0.63	1.11	1.0	1.76	0.08	0.11	0.02	0.13	0.54	0.19	0.2	0.15872053819742454	0.121	0.071
2	['Ir', 'Pd', 'Pt', 'Rh', 'Ru']	13	[0.013 0.553 0.015 0.064 0.355]	[-0.044  0.055 -0.051  0.145 -0.106]	0.63	1.11	1.0	1.76	0.08	0.11	0.02	0.13	0.54	0.19	0.2	0.163164011436222	0.105	0.071
3	['Ir', 'Pd', 'Pt', 'Rh', 'Ru']	13	[0.07  0.365 0.05  0.352 0.163]	[ 0.     0.079  0.01  -0.166  0.077]	0.63	1.11	1.0	1.76	0.08	0.11	0.02	0.13	0.54	0.19	0.2	0.10418999480606746	0.384	0.071
4	['Ir', 'Pd', 'Pt', 'Rh', 'Ru']	13	[0.027 0.536 0.02  0.058 0.359]	[-0.013 -0.09  -0.102  0.089  0.116]	0.63	1.11	1.0	1.76	0.08	0.11	0.02	0.13	0.54	0.19	0.2	0.16505881767658517	0.097	0.071
0	['Ir', 'Pd', 'Pt', 'Rh', 'Ru']	14	[0.052 0.509 0.006 0.05  0.383]	[-0.005 -0.129 -0.055  0.059  0.13 ]	0.63	1.11	1.0	1.76	0.08	0.11	0.02	0.13	0.54	0.19	0.2	0.1627538802528995	0.104	0.071
1	['Ir', 'Pd', 'Pt', 'Rh', 'Ru']	14	[0.022 0.552 0.006 0.041 0.379]	[-0.009 -0.067  0.029  0.025  0.022]	0.63	1.11	1.0	1.76	0.08	0.11	0.02	0.13	0.54	0.19	0.2	0.16690628310540317	0.112	0.071
2	['Ir', 'Pd', 'Pt', 'Rh', 'Ru']	14	[0.002 0.565 0.02  0.055 0.358]	[-0.068  0.023 -0.089  0.125  0.009]	0.63	1.11	1.0	1.76	0.08	0.11	0.02	0.13	0.54	0.19	0.2	0.15981511493436673	0.117	0.071
3	['Ir', 'Pd', 'Pt', 'Rh', 'Ru']	14	[0.092 0.499 0.085 0.226 0.098]	[ 0.022  0.135  0.035 -0.126 -0.065]	0.63	1.11	1.0	1.76	0.08	0.11	0.02	0.13	0.54	0.19	0.2	0.1374048735997118	0.286	0.071
4	['Ir', 'Pd', 'Pt', 'Rh', 'Ru']	14	[0.009 0.532 0.003 0.031 0.425]	[-0.076 -0.05  -0.031  0.08   0.077]	0.63	1.11	1.0	1.76	0.08	0.11	0.02	0.13	0.54	0.19	0.2	0.15516333535667987	0.157	0.071
0	['Ir', 'Pd', 'Pt', 'Rh', 'Ru']	15	[0.022 0.55  0.02  0.012 0.396]	[ 0.077  0.059 -0.167  0.05  -0.018]	0.63	1.11	1.0	1.76	0.08	0.11	0.02	0.13	0.54	0.19	0.2	0.1664391624018211	0.131	0.071
1	['Ir', 'Pd', 'Pt', 'Rh', 'Ru']	15	[0.012 0.463 0.053 0.045 0.427]	[-0.054 -0.111  0.05   0.065  0.051]	0.63	1.11	1.0	1.76	0.08	0.11	0.02	0.13	0.54	0.19	0.2	0.14408754581060298	0.185	0.071
2	['Ir', 'Pd', 'Pt', 'Rh', 'Ru']	15	[0.024 0.504 0.003 0.025 0.444]	[-0.075 -0.112 -0.012  0.071  0.129]	0.63	1.11	1.0	1.76	0.08	0.11	0.02	0.13	0.54	0.19	0.2	0.15462437486183364	0.171	0.071
3	['Ir', 'Pd', 'Pt', 'Rh', 'Ru']	15	[0.076 0.472 0.077 0.114 0.261]	[-0.016 -0.027 -0.008 -0.112  0.163]	0.63	1.11	1.0	1.76	0.08	0.11	0.02	0.13	0.54	0.19	0.2	0.15787415086684595	0.135	0.071
4	['Ir', 'Pd', 'Pt', 'Rh', 'Ru']	15	[0.009 0.609 0.062 0.03  0.29 ]	[ 0.     0.076  0.059 -0.001 -0.135]	0.63	1.11	1.0	1.76	0.08	0.11	0.02	0.13	0.54	0.19	0.2	0.1576484173446569	0.127	0.071
0	['Ir', 'Pd', 'Pt', 'Rh', 'Ru']	16	[0.    0.603 0.033 0.018 0.346]	[-0.043  0.081  0.05  -0.045 -0.042]	0.63	1.11	1.0	1.76	0.08	0.11	0.02	0.13	0.54	0.19	0.2	0.15836645332142005	0.131	0.071
1	['Ir', 'Pd', 'Pt', 'Rh', 'Ru']	16	[0.006 0.623 0.005 0.017 0.349]	[-0.02   0.152 -0.077  0.04  -0.095]	0.63	1.11	1.0	1.76	0.08	0.11	0.02	0.13	0.54	0.19	0.2	0.1520150574247397	0.133	0.071
2	['Ir', 'Pd', 'Pt', 'Rh', 'Ru']	16	[0.008 0.62  0.039 0.019 0.314]	[ 0.007  0.115  0.024  0.016 -0.162]	0.63	1.11	1.0	1.76	0.08	0.11	0.02	0.13	0.54	0.19	0.2	0.15848652877555622	0.127	0.071
3	['Ir', 'Pd', 'Pt', 'Rh', 'Ru']	16	[0.033 0.54  0.041 0.246 0.14 ]	[-0.043  0.069 -0.036  0.132 -0.121]	0.63	1.11	1.0	1.76	0.08	0.11	0.02	0.13	0.54	0.19	0.2	0.13945862811162535	0.265	0.071
4	['Ir', 'Pd', 'Pt', 'Rh', 'Ru']	16	[0.042 0.507 0.006 0.01  0.435]	[ 0.026 -0.112 -0.081  0.026  0.14 ]	0.63	1.11	1.0	1.76	0.08	0.11	0.02	0.13	0.54	0.19	0.2	0.1574234061456157	0.158	0.071
0	['Ir', 'Pd', 'Pt', 'Rh', 'Ru']	17	[0.026 0.513 0.004 0.067 0.39 ]	[-0.044 -0.102 -0.018  0.079  0.085]	0.63	1.11	1.0	1.76	0.08	0.11	0.02	0.13	0.54	0.19	0.2	0.15950176653495798	0.123	0.071
1	['Ir', 'Pd', 'Pt', 'Rh', 'Ru']	17	[0.014 0.675 0.028 0.007 0.276]	[-0.012  0.106 -0.051  0.031 -0.073]	0.63	1.11	1.0	1.76	0.08	0.11	0.02	0.13	0.54	0.19	0.2	0.14511235461873706	0.162	0.071
2	['Ir', 'Pd', 'Pt', 'Rh', 'Ru']	17	[0.128 0.592 0.077 0.015 0.188]	[ 0.115 -0.035  0.033  0.021 -0.133]	0.63	1.11	1.0	1.76	0.08	0.11	0.02	0.13	0.54	0.19	0.2	0.14964768738782616	0.149	0.071
3	['Ir', 'Pd', 'Pt', 'Rh', 'Ru']	17	[0.039 0.455 0.013 0.316 0.177]	[ 0.037 -0.174  0.022  0.085  0.029]	0.63	1.11	1.0	1.76	0.08	0.11	0.02	0.13	0.54	0.19	0.2	0.12522664275462214	0.314	0.071
4	['Ir', 'Pd', 'Pt', 'Rh', 'Ru']	17	[0.004 0.644 0.035 0.016 0.301]	[ 0.028  0.123  0.013 -0.011 -0.154]	0.63	1.11	1.0	1.76	0.08	0.11	0.02	0.13	0.54	0.19	0.2	0.15218982518528096	0.143	0.071
0	['Ir', 'Pd', 'Pt', 'Rh', 'Ru']	18	[0.015 0.49  0.027 0.096 0.372]	[-0.023 -0.042 -0.077  0.175 -0.033]	0.63	1.11	1.0	1.76	0.08	0.11	0.02	0.13	0.54	0.19	0.2	0.15862836131812844	0.137	0.071
1	['Ir', 'Pd', 'Pt', 'Rh', 'Ru']	18	[0.029 0.534 0.016 0.004 0.417]	[ 0.012 -0.143 -0.015  0.006  0.139]	0.63	1.11	1.0	1.76	0.08	0.11	0.02	0.13	0.54	0.19	0.2	0.16387862287335017	0.146	0.071
2	['Ir', 'Pd', 'Pt', 'Rh', 'Ru']	18	[0.05  0.552 0.029 0.008 0.361]	[-0.078 -0.041 -0.048 -0.007  0.173]	0.63	1.11	1.0	1.76	0.08	0.11	0.02	0.13	0.54	0.19	0.2	0.16799078499035952	0.094	0.071
3	['Ir', 'Pd', 'Pt', 'Rh', 'Ru']	18	[0.035 0.486 0.024 0.159 0.296]	[-0.004  0.032  0.011 -0.157  0.119]	0.63	1.11	1.0	1.76	0.08	0.11	0.02	0.13	0.54	0.19	0.2	0.156707789455134	0.144	0.071
4	['Ir', 'Pd', 'Pt', 'Rh', 'Ru']	18	[0.061 0.487 0.02  0.024 0.408]	[ 0.057 -0.158 -0.015  0.008  0.107]	0.63	1.11	1.0	1.76	0.08	0.11	0.02	0.13	0.54	0.19	0.2	0.1589022231025984	0.135	0.071
0	['Ir', 'Pd', 'Pt', 'Rh', 'Ru']	19	[0.013 0.592 0.001 0.03  0.364]	[-0.086  0.105 -0.091  0.108 -0.036]	0.63	1.11	1.0	1.76	0.08	0.11	0.02	0.13	0.54	0.19	0.2	0.15787503316044083	0.118	0.071
1	['Ir', 'Pd', 'Pt', 'Rh', 'Ru']	19	[0.043 0.499 0.056 0.008 0.394]	[ 0.014 -0.036  0.04   0.004 -0.023]	0.63	1.11	1.0	1.76	0.08	0.11	0.02	0.13	0.54	0.19	0.2	0.15998987541693907	0.14	0.071
2	['Ir', 'Pd', 'Pt', 'Rh', 'Ru']	19	[0.002 0.496 0.038 0.005 0.459]	[ 0.041 -0.096 -0.063 -0.037  0.154]	0.63	1.11	1.0	1.76	0.08	0.11	0.02	0.13	0.54	0.19	0.2	0.1503030658680698	0.203	0.071
3	['Ir', 'Pd', 'Pt', 'Rh', 'Ru']	19	[0.027 0.554 0.03  0.005 0.384]	[-0.105  0.005 -0.083  0.144  0.037]	0.63	1.11	1.0	1.76	0.08	0.11	0.02	0.13	0.54	0.19	0.2	0.1660137036848182	0.124	0.071
4	['Ir', 'Pd', 'Pt', 'Rh', 'Ru']	19	[0.003 0.632 0.042 0.01  0.313]	[ 0.032  0.132 -0.011 -0.006 -0.146]	0.63	1.11	1.0	1.76	0.08	0.11	0.02	0.13	0.54	0.19	0.2	0.15377675633823154	0.14	0.071
0	['Ir', 'Pd', 'Pt', 'Rh', 'Ru']	20	[0.046 0.525 0.013 0.016 0.4  ]	[ 0.043 -0.112  0.018 -0.005  0.056]	0.63	1.11	1.0	1.76	0.08	0.11	0.02	0.13	0.54	0.19	0.2	0.1643890913913872	0.122	0.071
1	['Ir', 'Pd', 'Pt', 'Rh', 'Ru']	20	[0.05  0.031 0.002 0.381 0.536]	[-0.334  0.474 -0.274  0.255 -0.121]	0.63	1.11	1.0	1.76	0.08	0.11	0.02	0.13	0.54	0.19	0.2	0.005019962476554141	0.661	0.071
2	['Ir', 'Pd', 'Pt', 'Rh', 'Ru']	20	[0.048 0.603 0.004 0.023 0.322]	[ 0.037  0.106  0.022 -0.    -0.164]	0.63	1.11	1.0	1.76	0.08	0.11	0.02	0.13	0.54	0.19	0.2	0.16503734071104884	0.082	0.071
3	['Ir', 'Pd', 'Pt', 'Rh', 'Ru']	20	[0.023 0.502 0.008 0.023 0.444]	[ 0.033 -0.069 -0.033  0.011  0.058]	0.63	1.11	1.0	1.76	0.08	0.11	0.02	0.13	0.54	0.19	0.2	0.15596646665504532	0.173	0.071
4	['Ir', 'Pd', 'Pt', 'Rh', 'Ru']	20	[0.094 0.482 0.005 0.019 0.4  ]	[ 0.091 -0.151 -0.037  0.009  0.087]	0.63	1.11	1.0	1.76	0.08	0.11	0.02	0.13	0.54	0.19	0.2	0.15904261320039723	0.125	0.071
0	['Ir', 'Pd', 'Pt', 'Rh', 'Ru']	21	[0.006 0.633 0.018 0.039 0.304]	[ 0.026  0.125 -0.014  0.016 -0.152]	0.63	1.11	1.0	1.76	0.08	0.11	0.02	0.13	0.54	0.19	0.2	0.15237411815141277	0.127	0.071
1	['Ir', 'Pd', 'Pt', 'Rh', 'Ru']	21	[0.056 0.129 0.027 0.29  0.498]	[ 0.01   0.137  0.037 -0.13  -0.054]	0.63	1.11	1.0	1.76	0.08	0.11	0.02	0.13	0.54	0.19	0.2	0.03145637255147053	0.526	0.071
2	['Ir', 'Pd', 'Pt', 'Rh', 'Ru']	21	[0.044 0.553 0.007 0.075 0.321]	[-0.121 -0.036  0.033  0.095  0.028]	0.63	1.11	1.0	1.76	0.08	0.11	0.02	0.13	0.54	0.19	0.2	0.16402783029361848	0.065	0.071
3	['Ir', 'Pd', 'Pt', 'Rh', 'Ru']	21	[0.016 0.611 0.006 0.061 0.306]	[-0.011  0.116 -0.006  0.054 -0.153]	0.63	1.11	1.0	1.76	0.08	0.11	0.02	0.13	0.54	0.19	0.2	0.15587417267393316	0.105	0.071
4	['Ir', 'Pd', 'Pt', 'Rh', 'Ru']	21	[0.003 0.631 0.042 0.002 0.322]	[ 0.064  0.124  0.    -0.06  -0.129]	0.63	1.11	1.0	1.76	0.08	0.11	0.02	0.13	0.54	0.19	0.2	0.15381251801354143	0.143	0.071
0	['Ir', 'Pd', 'Pt', 'Rh', 'Ru']	22	[0.011 0.506 0.012 0.042 0.429]	[-0.007 -0.148 -0.019  0.052  0.122]	0.63	1.11	1.0	1.76	0.08	0.11	0.02	0.13	0.54	0.19	0.2	0.15321861716784657	0.163	0.071
1	['Ir', 'Pd', 'Pt', 'Rh', 'Ru']	22	[0.048 0.292 0.029 0.188 0.443]	[-0.008  0.163  0.002 -0.102 -0.055]	0.63	1.11	1.0	1.76	0.08	0.11	0.02	0.13	0.54	0.19	0.2	0.10037569853675056	0.331	0.071
2	['Ir', 'Pd', 'Pt', 'Rh', 'Ru']	22	[0.018 0.545 0.009 0.024 0.404]	[ 0.007 -0.113 -0.089  0.09   0.105]	0.63	1.11	1.0	1.76	0.08	0.11	0.02	0.13	0.54	0.19	0.2	0.1639821144330475	0.135	0.071
3	['Ir', 'Pd', 'Pt', 'Rh', 'Ru']	22	[0.019 0.562 0.008 0.092 0.319]	[-0.085 -0.068 -0.037  0.161  0.03 ]	0.63	1.11	1.0	1.76	0.08	0.11	0.02	0.13	0.54	0.19	0.2	0.1620284647661996	0.094	0.071
4	['Ir', 'Pd', 'Pt', 'Rh', 'Ru']	22	[0.136 0.499 0.009 0.046 0.31 ]	[ 0.121 -0.152  0.031  0.028 -0.028]	0.63	1.11	1.0	1.76	0.08	0.11	0.02	0.13	0.54	0.19	0.2	0.15999950353496115	0.064	0.071
0	['Ir', 'Pd', 'Pt', 'Rh', 'Ru']	23	[0.02  0.584 0.006 0.058 0.332]	[-0.044  0.111 -0.024  0.086 -0.129]	0.63	1.11	1.0	1.76	0.08	0.11	0.02	0.13	0.54	0.19	0.2	0.16116243186315155	0.093	0.071
1	['Ir', 'Pd', 'Pt', 'Rh', 'Ru']	23	[0.033 0.456 0.026 0.079 0.406]	[-0.015  0.163 -0.003 -0.109 -0.037]	0.63	1.11	1.0	1.76	0.08	0.11	0.02	0.13	0.54	0.19	0.2	0.15086918682567993	0.161	0.071
2	['Ir', 'Pd', 'Pt', 'Rh', 'Ru']	23	[0.02  0.539 0.005 0.015 0.421]	[-0.013 -0.029 -0.019  0.043  0.018]	0.63	1.11	1.0	1.76	0.08	0.11	0.02	0.13	0.54	0.19	0.2	0.1619897935308281	0.15	0.071
3	['Ir', 'Pd', 'Pt', 'Rh', 'Ru']	23	[0.023 0.52  0.003 0.035 0.419]	[-0.097 -0.078 -0.039  0.109  0.105]	0.63	1.11	1.0	1.76	0.08	0.11	0.02	0.13	0.54	0.19	0.2	0.158912523058685	0.146	0.071
4	['Ir', 'Pd', 'Pt', 'Rh', 'Ru']	23	[0.166 0.433 0.036 0.081 0.284]	[ 0.066 -0.098 -0.077  0.139 -0.03 ]	0.63	1.11	1.0	1.76	0.08	0.11	0.02	0.13	0.54	0.19	0.2	0.14529608596447585	0.143	0.071
0	['Ir', 'Pd', 'Pt', 'Rh', 'Ru']	24	[0.018 0.527 0.006 0.029 0.42 ]	[-0.007 -0.13  -0.056  0.071  0.121]	0.63	1.11	1.0	1.76	0.08	0.11	0.02	0.13	0.54	0.19	0.2	0.15969777111578437	0.149	0.071
1	['Ir', 'Pd', 'Pt', 'Rh', 'Ru']	24	[0.005 0.598 0.001 0.032 0.364]	[-0.077  0.135 -0.058  0.079 -0.079]	0.63	1.11	1.0	1.76	0.08	0.11	0.02	0.13	0.54	0.19	0.2	0.1554942909539198	0.125	0.071
2	['Ir', 'Pd', 'Pt', 'Rh', 'Ru']	24	[0.002 0.735 0.045 0.139 0.079]	[-0.059  0.335  0.157  0.142 -0.574]	0.63	1.11	1.0	1.76	0.08	0.11	0.02	0.13	0.54	0.19	0.2	0.10132005035698863	0.32	0.071
3	['Ir', 'Pd', 'Pt', 'Rh', 'Ru']	24	[0.006 0.566 0.001 0.065 0.362]	[-0.012  0.083 -0.025  0.103 -0.148]	0.63	1.11	1.0	1.76	0.08	0.11	0.02	0.13	0.54	0.19	0.2	0.15890106930012748	0.115	0.071
4	['Ir', 'Pd', 'Pt', 'Rh', 'Ru']	24	[0.033 0.541 0.013 0.039 0.374]	[-0.133  0.109 -0.023 -0.042  0.09 ]	0.63	1.11	1.0	1.76	0.08	0.11	0.02	0.13	0.54	0.19	0.2	0.16787234226877523	0.102	0.071
0	['Ir', 'Pd', 'Pt', 'Rh', 'Ru']	25	[0.024 0.521 0.024 0.032 0.399]	[-0.004 -0.021  0.014  0.054 -0.043]	0.63	1.11	1.0	1.76	0.08	0.11	0.02	0.13	0.54	0.19	0.2	0.163047737449313	0.132	0.071
1	['Ir', 'Pd', 'Pt', 'Rh', 'Ru']	25	[0.029 0.525 0.045 0.011 0.39 ]	[ 0.013 -0.09   0.034  0.028  0.015]	0.63	1.11	1.0	1.76	0.08	0.11	0.02	0.13	0.54	0.19	0.2	0.1664270774171694	0.132	0.071
2	['Ir', 'Pd', 'Pt', 'Rh', 'Ru']	25	[0.022 0.776 0.003 0.001 0.198]	[ 0.016  0.047 -0.048 -0.14   0.125]	0.63	1.11	1.0	1.76	0.08	0.11	0.02	0.13	0.54	0.19	0.2	0.1097299528075021	0.265	0.071
3	['Ir', 'Pd', 'Pt', 'Rh', 'Ru']	25	[0.009 0.525 0.019 0.109 0.338]	[-0.021 -0.088  0.004  0.167 -0.062]	0.63	1.11	1.0	1.76	0.08	0.11	0.02	0.13	0.54	0.19	0.2	0.1568660664788806	0.119	0.071
4	['Ir', 'Pd', 'Pt', 'Rh', 'Ru']	25	[0.008 0.567 0.026 0.035 0.364]	[ 0.026  0.069 -0.156  0.095 -0.035]	0.63	1.11	1.0	1.76	0.08	0.11	0.02	0.13	0.54	0.19	0.2	0.16243464369349714	0.117	0.071
0	['Ir', 'Pd', 'Pt', 'Rh', 'Ru']	26	[0.013 0.574 0.042 0.027 0.344]	[ 0.009  0.068  0.007  0.04  -0.124]	0.63	1.11	1.0	1.76	0.08	0.11	0.02	0.13	0.54	0.19	0.2	0.1619118846967798	0.111	0.071
1	['Ir', 'Pd', 'Pt', 'Rh', 'Ru']	26	[0.021 0.563 0.028 0.    0.388]	[-0.008  0.039 -0.017 -0.011 -0.002]	0.63	1.11	1.0	1.76	0.08	0.11	0.02	0.13	0.54	0.19	0.2	0.1673553718496364	0.132	0.071
2	['Ir', 'Pd', 'Pt', 'Rh', 'Ru']	26	[0.018 0.627 0.008 0.016 0.331]	[-0.003 -0.147  0.006  0.01   0.134]	0.63	1.11	1.0	1.76	0.08	0.11	0.02	0.13	0.54	0.19	0.2	0.15721164128267473	0.122	0.071
3	['Ir', 'Pd', 'Pt', 'Rh', 'Ru']	26	[0.048 0.396 0.006 0.216 0.334]	[ 0.03  -0.151 -0.003  0.127 -0.004]	0.63	1.11	1.0	1.76	0.08	0.11	0.02	0.13	0.54	0.19	0.2	0.13454824840338267	0.235	0.071
4	['Ir', 'Pd', 'Pt', 'Rh', 'Ru']	26	[0.07  0.512 0.03  0.016 0.372]	[ 0.072 -0.061  0.043 -0.065  0.011]	0.63	1.11	1.0	1.76	0.08	0.11	0.02	0.13	0.54	0.19	0.2	0.16534093089818053	0.098	0.071
0	['Ir', 'Pd', 'Pt', 'Rh', 'Ru']	27	[0.013 0.538 0.016 0.041 0.392]	[-0.037 -0.02  -0.108  0.071  0.094]	0.63	1.11	1.0	1.76	0.08	0.11	0.02	0.13	0.54	0.19	0.2	0.16231294512522448	0.129	0.071
1	['Ir', 'Pd', 'Pt', 'Rh', 'Ru']	27	[0.116 0.61  0.025 0.15  0.099]	[ 0.143  0.18  -0.047  0.308 -0.583]	0.63	1.11	1.0	1.76	0.08	0.11	0.02	0.13	0.54	0.19	0.2	0.13899328117435863	0.234	0.071
2	['Ir', 'Pd', 'Pt', 'Rh', 'Ru']	27	[0.012 0.479 0.028 0.025 0.456]	[-0.011 -0.154  0.016  0.025  0.124]	0.63	1.11	1.0	1.76	0.08	0.11	0.02	0.13	0.54	0.19	0.2	0.1475138835615033	0.196	0.071
3	['Ir', 'Pd', 'Pt', 'Rh', 'Ru']	27	[0.081 0.327 0.08  0.079 0.433]	[ 0.033 -0.069  0.074 -0.137  0.1  ]	0.63	1.11	1.0	1.76	0.08	0.11	0.02	0.13	0.54	0.19	0.2	0.11187588016445088	0.274	0.071
4	['Ir', 'Pd', 'Pt', 'Rh', 'Ru']	27	[0.002 0.606 0.005 0.051 0.336]	[ 0.05   0.132 -0.089  0.017 -0.109]	0.63	1.11	1.0	1.76	0.08	0.11	0.02	0.13	0.54	0.19	0.2	0.15240776029161143	0.119	0.071
0	['Ir', 'Pd', 'Pt', 'Rh', 'Ru']	28	[0.002 0.563 0.033 0.005 0.397]	[-0.02   0.081 -0.125  0.045  0.019]	0.63	1.11	1.0	1.76	0.08	0.11	0.02	0.13	0.54	0.19	0.2	0.16119985295760225	0.149	0.071
1	['Ir', 'Pd', 'Pt', 'Rh', 'Ru']	28	[0.045 0.613 0.019 0.06  0.263]	[-0.071  0.003 -0.006 -0.09   0.164]	0.63	1.11	1.0	1.76	0.08	0.11	0.02	0.13	0.54	0.19	0.2	0.15880881147354853	0.094	0.071
2	['Ir', 'Pd', 'Pt', 'Rh', 'Ru']	28	[0.004 0.63  0.013 0.016 0.337]	[-0.025  0.148 -0.022  0.026 -0.128]	0.63	1.11	1.0	1.76	0.08	0.11	0.02	0.13	0.54	0.19	0.2	0.15101341628960302	0.135	0.071
3	['Ir', 'Pd', 'Pt', 'Rh', 'Ru']	28	[0.036 0.494 0.049 0.009 0.412]	[-0.083  0.149 -0.068  0.057 -0.056]	0.63	1.11	1.0	1.76	0.08	0.11	0.02	0.13	0.54	0.19	0.2	0.15766382946604113	0.154	0.071
4	['Ir', 'Pd', 'Pt', 'Rh', 'Ru']	28	[0.069 0.498 0.01  0.063 0.36 ]	[ 0.071 -0.142 -0.035  0.087  0.019]	0.63	1.11	1.0	1.76	0.08	0.11	0.02	0.13	0.54	0.19	0.2	0.16488921269873572	0.087	0.071
0	['Ir', 'Pd', 'Pt', 'Rh', 'Ru']	29	[0.011 0.539 0.03  0.056 0.364]	[-0.017 -0.054  0.058  0.078 -0.065]	0.63	1.11	1.0	1.76	0.08	0.11	0.02	0.13	0.54	0.19	0.2	0.16375880377811544	0.114	0.071
1	['Ir', 'Pd', 'Pt', 'Rh', 'Ru']	29	[0.008 0.532 0.02  0.023 0.417]	[-0.062 -0.112 -0.022  0.054  0.142]	0.63	1.11	1.0	1.76	0.08	0.11	0.02	0.13	0.54	0.19	0.2	0.1571299315844821	0.154	0.071
2	['Ir', 'Pd', 'Pt', 'Rh', 'Ru']	29	[0.083 0.463 0.026 0.018 0.41 ]	[ 0.079 -0.168  0.013  0.002  0.073]	0.63	1.11	1.0	1.76	0.08	0.11	0.02	0.13	0.54	0.19	0.2	0.154967891611968	0.147	0.071
3	['Ir', 'Pd', 'Pt', 'Rh', 'Ru']	29	[0.103 0.34  0.049 0.116 0.392]	[ 0.067 -0.154  0.     0.107 -0.019]	0.63	1.11	1.0	1.76	0.08	0.11	0.02	0.13	0.54	0.19	0.2	0.11730791885520599	0.244	0.071
4	['Ir', 'Pd', 'Pt', 'Rh', 'Ru']	29	[0.036 0.435 0.087 0.002 0.44 ]	[-0.033 -0.063  0.077 -0.061  0.08 ]	0.63	1.11	1.0	1.76	0.08	0.11	0.02	0.13	0.54	0.19	0.2	0.14045052249703813	0.216	0.071
0	['Ir', 'Pd', 'Pt', 'Rh', 'Ru']	30	[0.006 0.558 0.024 0.044 0.368]	[-0.048  0.005 -0.059  0.137 -0.035]	0.63	1.11	1.0	1.76	0.08	0.11	0.02	0.13	0.54	0.19	0.2	0.16225007660338894	0.119	0.071
1	['Ir', 'Pd', 'Pt', 'Rh', 'Ru']	30	[0.012 0.584 0.043 0.023 0.338]	[-0.028  0.057  0.024  0.034 -0.087]	0.63	1.11	1.0	1.76	0.08	0.11	0.02	0.13	0.54	0.19	0.2	0.1637383630246515	0.114	0.071
2	['Ir', 'Pd', 'Pt', 'Rh', 'Ru']	30	[0.026 0.597 0.005 0.016 0.356]	[ 0.079  0.132 -0.062 -0.045 -0.104]	0.63	1.11	1.0	1.76	0.08	0.11	0.02	0.13	0.54	0.19	0.2	0.1593946430618599	0.11	0.071
3	['Ir', 'Pd', 'Pt', 'Rh', 'Ru']	30	[0.042 0.508 0.038 0.028 0.384]	[-0.061  0.168 -0.011 -0.088 -0.008]	0.63	1.11	1.0	1.76	0.08	0.11	0.02	0.13	0.54	0.19	0.2	0.16170671132023096	0.119	0.071
4	['Ir', 'Pd', 'Pt', 'Rh', 'Ru']	30	[0.008 0.604 0.027 0.004 0.357]	[-0.028  0.169 -0.06   0.004 -0.083]	0.63	1.11	1.0	1.76	0.08	0.11	0.02	0.13	0.54	0.19	0.2	0.15683981337881278	0.132	0.071
