ID	Elements	Generation	Position	Velocity	F_damp	F_b_best	F_h_best	F_g_best	F_b_worst	F_h_worst	F_g_worst	mut_prob	flip_prob	mut_rate	v_max	Activity	Distance	v_min
0	['Ir', 'Pd', 'Pt', 'Rh', 'Ru']	0	[0.8  0.05 0.05 0.05 0.05]	[-0.179  0.045  0.045  0.045  0.045]	0.43	0.02	0.07	1.18	1.97	1.09	0.22	0.11	0.13	0.04	0.2	0.009720244224210991	0.897	0.071
1	['Ir', 'Pd', 'Pt', 'Rh', 'Ru']	0	[0.05 0.8  0.05 0.05 0.05]	[ 0.045 -0.179  0.045  0.045  0.045]	0.43	0.02	0.07	1.18	1.97	1.09	0.22	0.11	0.13	0.04	0.2	0.0893487361025907	0.361	0.071
2	['Ir', 'Pd', 'Pt', 'Rh', 'Ru']	0	[0.05 0.05 0.8  0.05 0.05]	[ 0.045  0.045 -0.179  0.045  0.045]	0.43	0.02	0.07	1.18	1.97	1.09	0.22	0.11	0.13	0.04	0.2	0.07213216891773018	0.977	0.071
3	['Ir', 'Pd', 'Pt', 'Rh', 'Ru']	0	[0.05 0.05 0.05 0.8  0.05]	[ 0.045  0.045  0.045 -0.179  0.045]	0.43	0.02	0.07	1.18	1.97	1.09	0.22	0.11	0.13	0.04	0.2	0.001931275295651623	0.938	0.071
4	['Ir', 'Pd', 'Pt', 'Rh', 'Ru']	0	[0.05 0.05 0.05 0.05 0.8 ]	[ 0.045  0.045  0.045  0.045 -0.179]	0.43	0.02	0.07	1.18	1.97	1.09	0.22	0.11	0.13	0.04	0.2	0.0030504979582336787	0.711	0.071
0	['Ir', 'Pd', 'Pt', 'Rh', 'Ru']	1	[0.749 0.145 0.007 0.092 0.007]	[-0.08   0.109 -0.07   0.11  -0.07 ]	0.43	0.02	0.07	1.18	1.97	1.09	0.22	0.11	0.13	0.04	0.2	0.007543393483085907	0.82	0.071
1	['Ir', 'Pd', 'Pt', 'Rh', 'Ru']	1	[0.005 0.889 0.005 0.096 0.005]	[-0.073  0.104 -0.073  0.116 -0.073]	0.43	0.02	0.07	1.18	1.97	1.09	0.22	0.11	0.13	0.04	0.2	0.05092249231533348	0.462	0.071
2	['Ir', 'Pd', 'Pt', 'Rh', 'Ru']	1	[0.007 0.145 0.749 0.092 0.007]	[-0.07   0.109 -0.08   0.11  -0.07 ]	0.43	0.02	0.07	1.18	1.97	1.09	0.22	0.11	0.13	0.04	0.2	0.05104946434087897	0.906	0.071
3	['Ir', 'Pd', 'Pt', 'Rh', 'Ru']	1	[0.053 0.187 0.053 0.654 0.053]	[ 0.003  0.137  0.003 -0.145  0.003]	0.43	0.02	0.07	1.18	1.97	1.09	0.22	0.11	0.13	0.04	0.2	0.01927351678573712	0.75	0.071
4	['Ir', 'Pd', 'Pt', 'Rh', 'Ru']	1	[0.004 0.142 0.004 0.094 0.756]	[-0.074  0.106 -0.074  0.113 -0.071]	0.43	0.02	0.07	1.18	1.97	1.09	0.22	0.11	0.13	0.04	0.2	0.021858409636198076	0.621	0.071
0	['Ir', 'Pd', 'Pt', 'Rh', 'Ru']	2	[0.615 0.291 0.019 0.065 0.01 ]	[-0.133  0.146  0.012 -0.027  0.003]	0.43	0.02	0.07	1.18	1.97	1.09	0.22	0.11	0.13	0.04	0.2	0.0340107397326592	0.646	0.071
1	['Ir', 'Pd', 'Pt', 'Rh', 'Ru']	2	[0.105 0.861 0.006 0.01  0.018]	[ 0.139 -0.142  0.015 -0.02   0.007]	0.43	0.02	0.07	1.18	1.97	1.09	0.22	0.11	0.13	0.04	0.2	0.0837252456522278	0.422	0.071
2	['Ir', 'Pd', 'Pt', 'Rh', 'Ru']	2	[0.084 0.183 0.66  0.028 0.045]	[ 0.1    0.114 -0.044 -0.101 -0.069]	0.43	0.02	0.07	1.18	1.97	1.09	0.22	0.11	0.13	0.04	0.2	0.06362532788567864	0.798	0.071
3	['Ir', 'Pd', 'Pt', 'Rh', 'Ru']	2	[0.077 0.266 0.001 0.646 0.01 ]	[ 0.108  0.099 -0.091 -0.013 -0.102]	0.43	0.02	0.07	1.18	1.97	1.09	0.22	0.11	0.13	0.04	0.2	0.023589466530497493	0.721	0.071
4	['Ir', 'Pd', 'Pt', 'Rh', 'Ru']	2	[0.089 0.194 0.056 0.011 0.65 ]	[ 0.095  0.123 -0.062 -0.082 -0.074]	0.43	0.02	0.07	1.18	1.97	1.09	0.22	0.11	0.13	0.04	0.2	0.0458773339841939	0.504	0.071
0	['Ir', 'Pd', 'Pt', 'Rh', 'Ru']	3	[0.532 0.402 0.006 0.05  0.01 ]	[-0.112  0.121 -0.046  0.089 -0.051]	0.43	0.02	0.07	1.18	1.97	1.09	0.22	0.11	0.13	0.04	0.2	0.061697421626216956	0.541	0.071
1	['Ir', 'Pd', 'Pt', 'Rh', 'Ru']	3	[0.011 0.834 0.038 0.1   0.017]	[-0.04   0.058 -0.084  0.147 -0.081]	0.43	0.02	0.07	1.18	1.97	1.09	0.22	0.11	0.13	0.04	0.2	0.06650829718150734	0.415	0.071
2	['Ir', 'Pd', 'Pt', 'Rh', 'Ru']	3	[0.047 0.247 0.581 0.121 0.004]	[-0.046  0.09  -0.103  0.123 -0.064]	0.43	0.02	0.07	1.18	1.97	1.09	0.22	0.11	0.13	0.04	0.2	0.05848436186029873	0.724	0.071
3	['Ir', 'Pd', 'Pt', 'Rh', 'Ru']	3	[0.078 0.406 0.007 0.504 0.005]	[ 0.005  0.143  0.007 -0.14  -0.014]	0.43	0.02	0.07	1.18	1.97	1.09	0.22	0.11	0.13	0.04	0.2	0.06420580014207829	0.561	0.071
4	['Ir', 'Pd', 'Pt', 'Rh', 'Ru']	3	[0.042 0.282 0.001 0.119 0.556]	[-0.048  0.117 -0.058  0.096 -0.107]	0.43	0.02	0.07	1.18	1.97	1.09	0.22	0.11	0.13	0.04	0.2	0.0872051118973214	0.381	0.071
0	['Ir', 'Pd', 'Pt', 'Rh', 'Ru']	4	[0.414 0.511 0.053 0.016 0.006]	[-0.098  0.147  0.052 -0.076 -0.025]	0.43	0.02	0.07	1.18	1.97	1.09	0.22	0.11	0.13	0.04	0.2	0.0845059256910326	0.436	0.071
1	['Ir', 'Pd', 'Pt', 'Rh', 'Ru']	4	[0.023 0.91  0.061 0.002 0.004]	[-0.063  0.119  0.093 -0.108 -0.041]	0.43	0.02	0.07	1.18	1.97	1.09	0.22	0.11	0.13	0.04	0.2	0.049389781159256074	0.479	0.071
2	['Ir', 'Pd', 'Pt', 'Rh', 'Ru']	4	[0.056 0.389 0.441 0.102 0.012]	[ 0.009  0.142 -0.14  -0.019  0.008]	0.43	0.02	0.07	1.18	1.97	1.09	0.22	0.11	0.13	0.04	0.2	0.08453785492129418	0.555	0.071
3	['Ir', 'Pd', 'Pt', 'Rh', 'Ru']	4	[0.038 0.518 0.051 0.364 0.029]	[-0.024  0.139  0.046 -0.13  -0.032]	0.43	0.02	0.07	1.18	1.97	1.09	0.22	0.11	0.13	0.04	0.2	0.10134629303852359	0.424	0.071
4	['Ir', 'Pd', 'Pt', 'Rh', 'Ru']	4	[0.011 0.393 0.09  0.057 0.449]	[-0.048  0.14   0.065 -0.052 -0.105]	0.43	0.02	0.07	1.18	1.97	1.09	0.22	0.11	0.13	0.04	0.2	0.13139120166257337	0.251	0.071
0	['Ir', 'Pd', 'Pt', 'Rh', 'Ru']	5	[0.251 0.551 0.063 0.042 0.093]	[-0.171  0.039  0.008  0.036  0.088]	0.43	0.02	0.07	1.18	1.97	1.09	0.22	0.11	0.13	0.04	0.2	0.1242986335584513	0.264	0.071
1	['Ir', 'Pd', 'Pt', 'Rh', 'Ru']	5	[0.012 0.766 0.055 0.036 0.131]	[-0.032 -0.137  0.003  0.027  0.139]	0.43	0.02	0.07	1.18	1.97	1.09	0.22	0.11	0.13	0.04	0.2	0.1054397990125075	0.294	0.071
2	['Ir', 'Pd', 'Pt', 'Rh', 'Ru']	5	[0.075 0.402 0.296 0.081 0.146]	[ 0.019  0.013 -0.145 -0.021  0.134]	0.43	0.02	0.07	1.18	1.97	1.09	0.22	0.11	0.13	0.04	0.2	0.11960099232901068	0.367	0.071
3	['Ir', 'Pd', 'Pt', 'Rh', 'Ru']	5	[0.028 0.601 0.06  0.201 0.11 ]	[-0.01   0.082  0.009 -0.163  0.081]	0.43	0.02	0.07	1.18	1.97	1.09	0.22	0.11	0.13	0.04	0.2	0.13816180083103807	0.265	0.071
4	['Ir', 'Pd', 'Pt', 'Rh', 'Ru']	5	[0.04  0.488 0.128 0.023 0.321]	[ 0.017  0.103  0.034  0.013 -0.167]	0.43	0.02	0.07	1.18	1.97	1.09	0.22	0.11	0.13	0.04	0.2	0.15732475741744043	0.158	0.071
0	['Ir', 'Pd', 'Pt', 'Rh', 'Ru']	6	[0.097 0.644 0.094 0.002 0.163]	[-0.154  0.094  0.031 -0.04   0.07 ]	0.43	0.02	0.07	1.18	1.97	1.09	0.22	0.11	0.13	0.04	0.2	0.13722034798390087	0.197	0.071
1	['Ir', 'Pd', 'Pt', 'Rh', 'Ru']	6	[0.01  0.631 0.076 0.009 0.274]	[-0.002 -0.135  0.021 -0.027  0.143]	0.43	0.02	0.07	1.18	1.97	1.09	0.22	0.11	0.13	0.04	0.2	0.1560981180381376	0.151	0.071
2	['Ir', 'Pd', 'Pt', 'Rh', 'Ru']	6	[0.106 0.456 0.143 0.043 0.252]	[ 0.031  0.054 -0.153 -0.038  0.106]	0.43	0.02	0.07	1.18	1.97	1.09	0.22	0.11	0.13	0.04	0.2	0.14534985169883902	0.178	0.071
3	['Ir', 'Pd', 'Pt', 'Rh', 'Ru']	6	[0.026 0.705 0.074 0.038 0.157]	[-0.002  0.104  0.014 -0.163  0.047]	0.43	0.02	0.07	1.18	1.97	1.09	0.22	0.11	0.13	0.04	0.2	0.1264339676820112	0.236	0.071
4	['Ir', 'Pd', 'Pt', 'Rh', 'Ru']	6	[0.033 0.606 0.168 0.02  0.173]	[-0.015  0.114  0.033  0.026 -0.158]	0.43	0.02	0.07	1.18	1.97	1.09	0.22	0.11	0.13	0.04	0.2	0.14335073436380388	0.23	0.071
0	['Ir', 'Pd', 'Pt', 'Rh', 'Ru']	7	[0.033 0.697 0.076 0.014 0.18 ]	[ 0.148  0.049 -0.099 -0.071 -0.028]	0.43	0.02	0.07	1.18	1.97	1.09	0.22	0.11	0.13	0.04	0.2	0.13153948402562488	0.218	0.071
1	['Ir', 'Pd', 'Pt', 'Rh', 'Ru']	7	[0.005 0.487 0.08  0.022 0.406]	[-0.016 -0.145  0.006  0.02   0.135]	0.43	0.02	0.07	1.18	1.97	1.09	0.22	0.11	0.13	0.04	0.2	0.15643152771045116	0.177	0.071
2	['Ir', 'Pd', 'Pt', 'Rh', 'Ru']	7	[0.129 0.515 0.01  0.002 0.344]	[-0.045  0.005  0.127 -0.138  0.05 ]	0.43	0.02	0.07	1.18	1.97	1.09	0.22	0.11	0.13	0.04	0.2	0.16039333963560093	0.08	0.071
3	['Ir', 'Pd', 'Pt', 'Rh', 'Ru']	7	[0.038 0.736 0.004 0.104 0.118]	[-0.097  0.067 -0.077  0.139 -0.032]	0.43	0.02	0.07	1.18	1.97	1.09	0.22	0.11	0.13	0.04	0.2	0.11325824988572897	0.273	0.071
4	['Ir', 'Pd', 'Pt', 'Rh', 'Ru']	7	[0.024 0.733 0.205 0.011 0.027]	[-0.017  0.122  0.03   0.019 -0.154]	0.43	0.02	0.07	1.18	1.97	1.09	0.22	0.11	0.13	0.04	0.2	0.07737561002486996	0.397	0.071
0	['Ir', 'Pd', 'Pt', 'Rh', 'Ru']	8	[0.073 0.724 0.008 0.018 0.177]	[ 0.111  0.066 -0.144 -0.05   0.017]	0.43	0.02	0.07	1.18	1.97	1.09	0.22	0.11	0.13	0.04	0.2	0.12827848821922286	0.217	0.071
1	['Ir', 'Pd', 'Pt', 'Rh', 'Ru']	8	[0.015 0.362 0.059 0.006 0.558]	[ 0.01  -0.125 -0.021 -0.016  0.153]	0.43	0.02	0.07	1.18	1.97	1.09	0.22	0.11	0.13	0.04	0.2	0.11368370026247285	0.338	0.071
2	['Ir', 'Pd', 'Pt', 'Rh', 'Ru']	8	[0.055 0.465 0.108 0.034 0.338]	[-0.086 -0.041  0.152 -0.074  0.049]	0.43	0.02	0.07	1.18	1.97	1.09	0.22	0.11	0.13	0.04	0.2	0.15566299900280045	0.15	0.071
3	['Ir', 'Pd', 'Pt', 'Rh', 'Ru']	8	[0.008 0.823 0.009 0.027 0.133]	[-0.111  0.085 -0.064  0.124 -0.035]	0.43	0.02	0.07	1.18	1.97	1.09	0.22	0.11	0.13	0.04	0.2	0.08810568288214965	0.334	0.071
4	['Ir', 'Pd', 'Pt', 'Rh', 'Ru']	8	[0.013 0.78  0.12  0.021 0.066]	[-0.085  0.115 -0.079 -0.054  0.102]	0.43	0.02	0.07	1.18	1.97	1.09	0.22	0.11	0.13	0.04	0.2	0.08861780007249606	0.361	0.071
0	['Ir', 'Pd', 'Pt', 'Rh', 'Ru']	9	[0.019 0.758 0.033 0.016 0.174]	[ 0.113  0.071 -0.139 -0.05   0.005]	0.43	0.02	0.07	1.18	1.97	1.09	0.22	0.11	0.13	0.04	0.2	0.11347465844187332	0.261	0.071
1	['Ir', 'Pd', 'Pt', 'Rh', 'Ru']	9	[0.02  0.219 0.051 0.014 0.696]	[ 0.004 -0.145 -0.009  0.012  0.138]	0.43	0.02	0.07	1.18	1.97	1.09	0.22	0.11	0.13	0.04	0.2	0.0528656438540935	0.526	0.071
2	['Ir', 'Pd', 'Pt', 'Rh', 'Ru']	9	[0.051 0.482 0.029 0.011 0.427]	[-0.095 -0.055  0.133 -0.063  0.079]	0.43	0.02	0.07	1.18	1.97	1.09	0.22	0.11	0.13	0.04	0.2	0.15510933702337518	0.16	0.071
3	['Ir', 'Pd', 'Pt', 'Rh', 'Ru']	9	[0.024 0.826 0.034 0.066 0.05 ]	[-0.094  0.086 -0.079  0.126 -0.039]	0.43	0.02	0.07	1.18	1.97	1.09	0.22	0.11	0.13	0.04	0.2	0.07957252918563314	0.382	0.071
4	['Ir', 'Pd', 'Pt', 'Rh', 'Ru']	9	[0.012 0.868 0.073 0.009 0.038]	[-0.091  0.12  -0.077 -0.047  0.096]	0.43	0.02	0.07	1.18	1.97	1.09	0.22	0.11	0.13	0.04	0.2	0.06454805098693889	0.43	0.071
0	['Ir', 'Pd', 'Pt', 'Rh', 'Ru']	10	[0.059 0.826 0.015 0.017 0.083]	[ 0.079  0.131 -0.091 -0.038 -0.082]	0.43	0.02	0.07	1.18	1.97	1.09	0.22	0.11	0.13	0.04	0.2	0.09367682128682721	0.355	0.071
1	['Ir', 'Pd', 'Pt', 'Rh', 'Ru']	10	[0.032 0.082 0.037 0.007 0.842]	[ 0.008 -0.142 -0.018  0.013  0.139]	0.43	0.02	0.07	1.18	1.97	1.09	0.22	0.11	0.13	0.04	0.2	0.006709569508003028	0.722	0.071
2	['Ir', 'Pd', 'Pt', 'Rh', 'Ru']	10	[0.011 0.496 0.082 0.024 0.387]	[-0.106  0.068  0.137 -0.067 -0.032]	0.43	0.02	0.07	1.18	1.97	1.09	0.22	0.11	0.13	0.04	0.2	0.15952626813197204	0.161	0.071
3	['Ir', 'Pd', 'Pt', 'Rh', 'Ru']	10	[0.002 0.947 0.001 0.049 0.001]	[-0.056  0.128 -0.069  0.087 -0.09 ]	0.43	0.02	0.07	1.18	1.97	1.09	0.22	0.11	0.13	0.04	0.2	0.040291157683451435	0.507	0.071
4	['Ir', 'Pd', 'Pt', 'Rh', 'Ru']	10	[0.017 0.903 0.002 0.01  0.068]	[ 0.001 -0.151 -0.002  0.021  0.129]	0.43	0.02	0.07	1.18	1.97	1.09	0.22	0.11	0.13	0.04	0.2	0.0691026802659662	0.432	0.071
0	['Ir', 'Pd', 'Pt', 'Rh', 'Ru']	11	[0.025 0.95  0.011 0.003 0.011]	[ 0.062  0.14  -0.07  -0.03  -0.103]	0.43	0.02	0.07	1.18	1.97	1.09	0.22	0.11	0.13	0.04	0.2	0.05143173339671239	0.501	0.071
1	['Ir', 'Pd', 'Pt', 'Rh', 'Ru']	11	[0.043 0.207 0.003 0.046 0.701]	[ 0.013  0.131 -0.033  0.033 -0.143]	0.43	0.02	0.07	1.18	1.97	1.09	0.22	0.11	0.13	0.04	0.2	0.046018852890564954	0.531	0.071
2	['Ir', 'Pd', 'Pt', 'Rh', 'Ru']	11	[0.007 0.584 0.034 0.008 0.367]	[-0.097  0.109  0.107 -0.053 -0.066]	0.43	0.02	0.07	1.18	1.97	1.09	0.22	0.11	0.13	0.04	0.2	0.1604153883496846	0.131	0.071
3	['Ir', 'Pd', 'Pt', 'Rh', 'Ru']	11	[0.    0.837 0.014 0.089 0.06 ]	[-0.001 -0.162  0.011  0.109  0.042]	0.43	0.02	0.07	1.18	1.97	1.09	0.22	0.11	0.13	0.04	0.2	0.0720201527864581	0.389	0.071
4	['Ir', 'Pd', 'Pt', 'Rh', 'Ru']	11	[0.01  0.909 0.    0.    0.081]	[ 0.002 -0.153  0.008  0.016  0.128]	0.43	0.02	0.07	1.18	1.97	1.09	0.22	0.11	0.13	0.04	0.2	0.06876438908608515	0.433	0.071
0	['Ir', 'Pd', 'Pt', 'Rh', 'Ru']	12	[0.118 0.826 0.006 0.034 0.016]	[ 0.108 -0.163  0.001  0.03   0.026]	0.43	0.02	0.07	1.18	1.97	1.09	0.22	0.11	0.13	0.04	0.2	0.08871425404505068	0.397	0.071
1	['Ir', 'Pd', 'Pt', 'Rh', 'Ru']	12	[0.035 0.362 0.007 0.018 0.578]	[-0.008  0.154  0.006 -0.028 -0.124]	0.43	0.02	0.07	1.18	1.97	1.09	0.22	0.11	0.13	0.04	0.2	0.10983741762064343	0.343	0.071
2	['Ir', 'Pd', 'Pt', 'Rh', 'Ru']	12	[0.046 0.615 0.032 0.014 0.293]	[-0.105  0.116  0.098 -0.053 -0.056]	0.43	0.02	0.07	1.18	1.97	1.09	0.22	0.11	0.13	0.04	0.2	0.16270093095596525	0.098	0.071
3	['Ir', 'Pd', 'Pt', 'Rh', 'Ru']	12	[0.072 0.705 0.098 0.007 0.118]	[ 0.072 -0.133  0.084 -0.082  0.058]	0.43	0.02	0.07	1.18	1.97	1.09	0.22	0.11	0.13	0.04	0.2	0.12094742989755244	0.263	0.071
4	['Ir', 'Pd', 'Pt', 'Rh', 'Ru']	12	[0.001 0.902 0.005 0.03  0.062]	[-0.005 -0.153  0.007  0.024  0.126]	0.43	0.02	0.07	1.18	1.97	1.09	0.22	0.11	0.13	0.04	0.2	0.06336238523329085	0.437	0.071
0	['Ir', 'Pd', 'Pt', 'Rh', 'Ru']	13	[0.014 0.94  0.002 0.008 0.036]	[ 0.112  0.101 -0.108 -0.056 -0.05 ]	0.43	0.02	0.07	1.18	1.97	1.09	0.22	0.11	0.13	0.04	0.2	0.05820452113879078	0.481	0.071
1	['Ir', 'Pd', 'Pt', 'Rh', 'Ru']	13	[0.016 0.483 0.02  0.038 0.443]	[-0.014  0.136 -0.022  0.039 -0.139]	0.43	0.02	0.07	1.18	1.97	1.09	0.22	0.11	0.13	0.04	0.2	0.1497204429333594	0.18	0.071
2	['Ir', 'Pd', 'Pt', 'Rh', 'Ru']	13	[0.001 0.606 0.079 0.023 0.291]	[-0.125  0.021  0.136 -0.065  0.033]	0.43	0.02	0.07	1.18	1.97	1.09	0.22	0.11	0.13	0.04	0.2	0.15842001360475694	0.141	0.071
3	['Ir', 'Pd', 'Pt', 'Rh', 'Ru']	13	[0.003 0.724 0.032 0.161 0.08 ]	[-0.084  0.048 -0.079  0.152 -0.037]	0.43	0.02	0.07	1.18	1.97	1.09	0.22	0.11	0.13	0.04	0.2	0.10326546388383778	0.318	0.071
4	['Ir', 'Pd', 'Pt', 'Rh', 'Ru']	13	[0.004 0.907 0.002 0.002 0.085]	[ 0.016 -0.148  0.016 -0.014  0.131]	0.43	0.02	0.07	1.18	1.97	1.09	0.22	0.11	0.13	0.04	0.2	0.06797803499946026	0.43	0.071
0	['Ir', 'Pd', 'Pt', 'Rh', 'Ru']	14	[0.123 0.823 0.029 0.014 0.011]	[ 0.125 -0.153 -0.015  0.021  0.022]	0.43	0.02	0.07	1.18	1.97	1.09	0.22	0.11	0.13	0.04	0.2	0.08587088486836314	0.401	0.071
1	['Ir', 'Pd', 'Pt', 'Rh', 'Ru']	14	[0.014 0.637 0.017 0.016 0.316]	[-0.002  0.153 -0.003 -0.022 -0.127]	0.43	0.02	0.07	1.18	1.97	1.09	0.22	0.11	0.13	0.04	0.2	0.15515885874033655	0.129	0.071
2	['Ir', 'Pd', 'Pt', 'Rh', 'Ru']	14	[0.028 0.613 0.03  0.003 0.326]	[-0.129  0.008  0.129 -0.062  0.055]	0.43	0.02	0.07	1.18	1.97	1.09	0.22	0.11	0.13	0.04	0.2	0.16222618307692316	0.114	0.071
3	['Ir', 'Pd', 'Pt', 'Rh', 'Ru']	14	[0.049 0.634 0.087 0.04  0.19 ]	[ 0.046 -0.09   0.055 -0.121  0.11 ]	0.43	0.02	0.07	1.18	1.97	1.09	0.22	0.11	0.13	0.04	0.2	0.14710461856400975	0.172	0.071
4	['Ir', 'Pd', 'Pt', 'Rh', 'Ru']	14	[0.003 0.901 0.006 0.042 0.048]	[ 0.006 -0.159  0.006  0.03   0.117]	0.43	0.02	0.07	1.18	1.97	1.09	0.22	0.11	0.13	0.04	0.2	0.061030586913373354	0.443	0.071
0	['Ir', 'Pd', 'Pt', 'Rh', 'Ru']	15	[0.    0.941 0.005 0.019 0.035]	[ 0.104  0.105 -0.119 -0.049 -0.042]	0.43	0.02	0.07	1.18	1.97	1.09	0.22	0.11	0.13	0.04	0.2	0.05261195128523402	0.484	0.071
1	['Ir', 'Pd', 'Pt', 'Rh', 'Ru']	15	[0.008 0.784 0.007 0.015 0.186]	[-0.012  0.144 -0.016  0.019 -0.136]	0.43	0.02	0.07	1.18	1.97	1.09	0.22	0.11	0.13	0.04	0.2	0.10125124796185506	0.278	0.071
2	['Ir', 'Pd', 'Pt', 'Rh', 'Ru']	15	[0.035 0.58  0.059 0.007 0.319]	[-0.132  0.007  0.127 -0.057  0.055]	0.43	0.02	0.07	1.18	1.97	1.09	0.22	0.11	0.13	0.04	0.2	0.16245989491603804	0.104	0.071
3	['Ir', 'Pd', 'Pt', 'Rh', 'Ru']	15	[0.009 0.655 0.03  0.124 0.182]	[-0.093  0.033 -0.084  0.153 -0.009]	0.43	0.02	0.07	1.18	1.97	1.09	0.22	0.11	0.13	0.04	0.2	0.13828596907615054	0.199	0.071
4	['Ir', 'Pd', 'Pt', 'Rh', 'Ru']	15	[0.002 0.898 0.006 0.001 0.093]	[ 0.017 -0.146  0.006 -0.011  0.135]	0.43	0.02	0.07	1.18	1.97	1.09	0.22	0.11	0.13	0.04	0.2	0.07075140408483944	0.42	0.071
0	['Ir', 'Pd', 'Pt', 'Rh', 'Ru']	16	[0.143 0.819 0.026 0.003 0.009]	[ 0.125 -0.153 -0.016  0.021  0.023]	0.43	0.02	0.07	1.18	1.97	1.09	0.22	0.11	0.13	0.04	0.2	0.08986354981973765	0.402	0.071
1	['Ir', 'Pd', 'Pt', 'Rh', 'Ru']	16	[0.007 0.933 0.002 0.003 0.055]	[-0.007  0.145 -0.011  0.011 -0.137]	0.43	0.02	0.07	1.18	1.97	1.09	0.22	0.11	0.13	0.04	0.2	0.06216274708493783	0.466	0.071
2	['Ir', 'Pd', 'Pt', 'Rh', 'Ru']	16	[0.014 0.575 0.056 0.001 0.354]	[-0.124 -0.007  0.129 -0.063  0.064]	0.43	0.02	0.07	1.18	1.97	1.09	0.22	0.11	0.13	0.04	0.2	0.1640626504376434	0.128	0.071
3	['Ir', 'Pd', 'Pt', 'Rh', 'Ru']	16	[0.016 0.738 0.    0.024 0.222]	[-0.1    0.062 -0.095  0.131  0.002]	0.43	0.02	0.07	1.18	1.97	1.09	0.22	0.11	0.13	0.04	0.2	0.12010181990180353	0.222	0.071
4	['Ir', 'Pd', 'Pt', 'Rh', 'Ru']	16	[0.004 0.916 0.    0.046 0.034]	[ 0.007 -0.157 -0.004  0.034  0.118]	0.43	0.02	0.07	1.18	1.97	1.09	0.22	0.11	0.13	0.04	0.2	0.054773865945433146	0.463	0.071
0	['Ir', 'Pd', 'Pt', 'Rh', 'Ru']	17	[0.019 0.912 0.005 0.036 0.028]	[-0.162  0.108 -0.008  0.029  0.033]	0.43	0.02	0.07	1.18	1.97	1.09	0.22	0.11	0.13	0.04	0.2	0.05955380812775671	0.46	0.071
1	['Ir', 'Pd', 'Pt', 'Rh', 'Ru']	17	[0.    0.867 0.    0.03  0.103]	[-0.003 -0.153  0.001  0.026  0.127]	0.43	0.02	0.07	1.18	1.97	1.09	0.22	0.11	0.13	0.04	0.2	0.07285343106977067	0.387	0.071
2	['Ir', 'Pd', 'Pt', 'Rh', 'Ru']	17	[0.043 0.539 0.02  0.021 0.377]	[-0.135 -0.016  0.109 -0.046  0.087]	0.43	0.02	0.07	1.18	1.97	1.09	0.22	0.11	0.13	0.04	0.2	0.1660461429271946	0.103	0.071
3	['Ir', 'Pd', 'Pt', 'Rh', 'Ru']	17	[0.034 0.712 0.027 0.067 0.16 ]	[-0.11   0.057 -0.085  0.133  0.006]	0.43	0.02	0.07	1.18	1.97	1.09	0.22	0.11	0.13	0.04	0.2	0.12671118950168758	0.226	0.071
4	['Ir', 'Pd', 'Pt', 'Rh', 'Ru']	17	[0.    0.875 0.004 0.007 0.114]	[ 0.02  -0.149  0.014 -0.014  0.13 ]	0.43	0.02	0.07	1.18	1.97	1.09	0.22	0.11	0.13	0.04	0.2	0.07406308899020791	0.39	0.071
0	['Ir', 'Pd', 'Pt', 'Rh', 'Ru']	18	[0.103 0.858 0.018 0.013 0.008]	[ 0.138 -0.134 -0.008 -0.036  0.04 ]	0.43	0.02	0.07	1.18	1.97	1.09	0.22	0.11	0.13	0.04	0.2	0.0803828123948837	0.426	0.071
1	['Ir', 'Pd', 'Pt', 'Rh', 'Ru']	18	[0.001 0.959 0.006 0.007 0.027]	[ 0.012 -0.149  0.015 -0.01   0.132]	0.43	0.02	0.07	1.18	1.97	1.09	0.22	0.11	0.13	0.04	0.2	0.04848703806576461	0.503	0.071
2	['Ir', 'Pd', 'Pt', 'Rh', 'Ru']	18	[0.001 0.484 0.081 0.035 0.399]	[-0.113 -0.038  0.119 -0.059  0.091]	0.43	0.02	0.07	1.18	1.97	1.09	0.22	0.11	0.13	0.04	0.2	0.1552255266525562	0.175	0.071
3	['Ir', 'Pd', 'Pt', 'Rh', 'Ru']	18	[0.005 0.75  0.017 0.068 0.16 ]	[-0.097  0.06  -0.098  0.131  0.005]	0.43	0.02	0.07	1.18	1.97	1.09	0.22	0.11	0.13	0.04	0.2	0.10659020523596574	0.263	0.071
4	['Ir', 'Pd', 'Pt', 'Rh', 'Ru']	18	[0.012 0.94  0.006 0.04  0.002]	[ 0.061 -0.137  0.061  0.091 -0.076]	0.43	0.02	0.07	1.18	1.97	1.09	0.22	0.11	0.13	0.04	0.2	0.04528788820685652	0.499	0.071
0	['Ir', 'Pd', 'Pt', 'Rh', 'Ru']	19	[0.017 0.941 0.012 0.005 0.025]	[ 0.118  0.087 -0.122 -0.054 -0.029]	0.43	0.02	0.07	1.18	1.97	1.09	0.22	0.11	0.13	0.04	0.2	0.055189127011983204	0.487	0.071
1	['Ir', 'Pd', 'Pt', 'Rh', 'Ru']	19	[0.003 0.827 0.001 0.024 0.145]	[ 0.005 -0.153 -0.003  0.025  0.126]	0.43	0.02	0.07	1.18	1.97	1.09	0.22	0.11	0.13	0.04	0.2	0.0842737591474099	0.333	0.071
2	['Ir', 'Pd', 'Pt', 'Rh', 'Ru']	19	[0.01  0.464 0.026 0.016 0.484]	[-0.066 -0.026  0.101 -0.116  0.106]	0.43	0.02	0.07	1.18	1.97	1.09	0.22	0.11	0.13	0.04	0.2	0.1420999754954084	0.226	0.071
3	['Ir', 'Pd', 'Pt', 'Rh', 'Ru']	19	[0.02  0.769 0.019 0.046 0.146]	[-0.083  0.058 -0.112  0.132  0.006]	0.43	0.02	0.07	1.18	1.97	1.09	0.22	0.11	0.13	0.04	0.2	0.1057383340510499	0.28	0.071
4	['Ir', 'Pd', 'Pt', 'Rh', 'Ru']	19	[0.    0.832 0.008 0.003 0.157]	[ 0.009 -0.144  0.006 -0.008  0.138]	0.43	0.02	0.07	1.18	1.97	1.09	0.22	0.11	0.13	0.04	0.2	0.08603914037010355	0.335	0.071
0	['Ir', 'Pd', 'Pt', 'Rh', 'Ru']	20	[0.12  0.831 0.026 0.013 0.01 ]	[ 0.124 -0.151 -0.022  0.017  0.031]	0.43	0.02	0.07	1.18	1.97	1.09	0.22	0.11	0.13	0.04	0.2	0.08455214037126696	0.407	0.071
1	['Ir', 'Pd', 'Pt', 'Rh', 'Ru']	20	[0.003 0.975 0.006 0.003 0.013]	[-0.001  0.149  0.004 -0.02  -0.131]	0.43	0.02	0.07	1.18	1.97	1.09	0.22	0.11	0.13	0.04	0.2	0.042067059353881754	0.524	0.071
2	['Ir', 'Pd', 'Pt', 'Rh', 'Ru']	20	[0.035 0.384 0.055 0.01  0.516]	[-0.103 -0.061  0.101 -0.051  0.113]	0.43	0.02	0.07	1.18	1.97	1.09	0.22	0.11	0.13	0.04	0.2	0.12421748403371863	0.288	0.071
3	['Ir', 'Pd', 'Pt', 'Rh', 'Ru']	20	[0.019 0.779 0.025 0.066 0.111]	[-0.096  0.065 -0.1    0.129  0.001]	0.43	0.02	0.07	1.18	1.97	1.09	0.22	0.11	0.13	0.04	0.2	0.10041413037318747	0.309	0.071
4	['Ir', 'Pd', 'Pt', 'Rh', 'Ru']	20	[0.001 0.959 0.014 0.013 0.013]	[-0.013  0.146 -0.012  0.014 -0.134]	0.43	0.02	0.07	1.18	1.97	1.09	0.22	0.11	0.13	0.04	0.2	0.042863208136280834	0.511	0.071
0	['Ir', 'Pd', 'Pt', 'Rh', 'Ru']	21	[0.012 0.923 0.006 0.013 0.046]	[ 0.125  0.076 -0.119 -0.061 -0.021]	0.43	0.02	0.07	1.18	1.97	1.09	0.22	0.11	0.13	0.04	0.2	0.06165454303233593	0.461	0.071
1	['Ir', 'Pd', 'Pt', 'Rh', 'Ru']	21	[0.001 0.805 0.001 0.023 0.17 ]	[ 0.001 -0.15  -0.002  0.022  0.13 ]	0.43	0.02	0.07	1.18	1.97	1.09	0.22	0.11	0.13	0.04	0.2	0.09102364777514377	0.304	0.071
2	['Ir', 'Pd', 'Pt', 'Rh', 'Ru']	21	[0.001 0.331 0.051 0.01  0.607]	[-0.086 -0.084  0.092 -0.045  0.123]	0.43	0.02	0.07	1.18	1.97	1.09	0.22	0.11	0.13	0.04	0.2	0.10369060397739499	0.395	0.071
3	['Ir', 'Pd', 'Pt', 'Rh', 'Ru']	21	[0.018 0.815 0.012 0.058 0.097]	[-0.096  0.067 -0.099  0.129 -0.001]	0.43	0.02	0.07	1.18	1.97	1.09	0.22	0.11	0.13	0.04	0.2	0.09070205899103254	0.344	0.071
4	['Ir', 'Pd', 'Pt', 'Rh', 'Ru']	21	[0.005 0.823 0.003 0.011 0.158]	[ 0.01  -0.154 -0.004  0.026  0.124]	0.43	0.02	0.07	1.18	1.97	1.09	0.22	0.11	0.13	0.04	0.2	0.08785820707077192	0.324	0.071
0	['Ir', 'Pd', 'Pt', 'Rh', 'Ru']	22	[0.108 0.836 0.035 0.008 0.013]	[ 0.124 -0.151 -0.023  0.017  0.033]	0.43	0.02	0.07	1.18	1.97	1.09	0.22	0.11	0.13	0.04	0.2	0.08340809674919739	0.409	0.071
1	['Ir', 'Pd', 'Pt', 'Rh', 'Ru']	22	[0.    0.955 0.005 0.001 0.039]	[-0.001  0.151  0.003 -0.024 -0.13 ]	0.43	0.02	0.07	1.18	1.97	1.09	0.22	0.11	0.13	0.04	0.2	0.05347073492785536	0.495	0.071
2	['Ir', 'Pd', 'Pt', 'Rh', 'Ru']	22	[0.034 0.25  0.026 0.007 0.683]	[-0.083 -0.087  0.083 -0.043  0.129]	0.43	0.02	0.07	1.18	1.97	1.09	0.22	0.11	0.13	0.04	0.2	0.064678296220464	0.494	0.071
3	['Ir', 'Pd', 'Pt', 'Rh', 'Ru']	22	[0.013 0.845 0.027 0.055 0.06 ]	[-0.093  0.078 -0.097  0.126 -0.014]	0.43	0.02	0.07	1.18	1.97	1.09	0.22	0.11	0.13	0.04	0.2	0.07462820310618756	0.391	0.071
4	['Ir', 'Pd', 'Pt', 'Rh', 'Ru']	22	[0.006 0.958 0.004 0.013 0.019]	[-0.016  0.143 -0.006  0.016 -0.138]	0.43	0.02	0.07	1.18	1.97	1.09	0.22	0.11	0.13	0.04	0.2	0.04742522765357457	0.506	0.071
0	['Ir', 'Pd', 'Pt', 'Rh', 'Ru']	23	[0.02  0.924 0.008 0.014 0.034]	[ 0.123  0.083 -0.116 -0.058 -0.032]	0.43	0.02	0.07	1.18	1.97	1.09	0.22	0.11	0.13	0.04	0.2	0.060660884537450326	0.467	0.071
1	['Ir', 'Pd', 'Pt', 'Rh', 'Ru']	23	[0.003 0.838 0.    0.027 0.132]	[ 0.004 -0.152 -0.003  0.021  0.129]	0.43	0.02	0.07	1.18	1.97	1.09	0.22	0.11	0.13	0.04	0.2	0.0806065887814078	0.348	0.071
2	['Ir', 'Pd', 'Pt', 'Rh', 'Ru']	23	[0.009 0.157 0.059 0.012 0.763]	[-0.074 -0.099  0.077 -0.038  0.133]	0.43	0.02	0.07	1.18	1.97	1.09	0.22	0.11	0.13	0.04	0.2	0.024020278621412754	0.618	0.071
3	['Ir', 'Pd', 'Pt', 'Rh', 'Ru']	23	[0.028 0.886 0.007 0.061 0.018]	[-0.092  0.087 -0.092  0.123 -0.027]	0.43	0.02	0.07	1.18	1.97	1.09	0.22	0.11	0.13	0.04	0.2	0.06345966344288262	0.445	0.071
4	['Ir', 'Pd', 'Pt', 'Rh', 'Ru']	23	[0.001 0.829 0.003 0.014 0.153]	[-0.002 -0.154  0.009  0.025  0.124]	0.43	0.02	0.07	1.18	1.97	1.09	0.22	0.11	0.13	0.04	0.2	0.08471149993527988	0.332	0.071
0	['Ir', 'Pd', 'Pt', 'Rh', 'Ru']	24	[0.122 0.859 0.004 0.013 0.002]	[ 0.12  -0.154  0.006  0.04  -0.013]	0.43	0.02	0.07	1.18	1.97	1.09	0.22	0.11	0.13	0.04	0.2	0.08241783826242012	0.431	0.071
1	['Ir', 'Pd', 'Pt', 'Rh', 'Ru']	24	[0.002 0.98  0.006 0.01  0.002]	[-0.006  0.148  0.005 -0.013 -0.135]	0.43	0.02	0.07	1.18	1.97	1.09	0.22	0.11	0.13	0.04	0.2	0.035785197251531474	0.534	0.071
2	['Ir', 'Pd', 'Pt', 'Rh', 'Ru']	24	[0.103 0.011 0.146 0.021 0.719]	[ 0.094 -0.146  0.087  0.009 -0.044]	0.43	0.02	0.07	1.18	1.97	1.09	0.22	0.11	0.13	0.04	0.2	0.003720400812557366	0.699	0.071
3	['Ir', 'Pd', 'Pt', 'Rh', 'Ru']	24	[0.111 0.742 0.078 0.011 0.058]	[ 0.063 -0.177  0.05   0.045  0.018]	0.43	0.02	0.07	1.18	1.97	1.09	0.22	0.11	0.13	0.04	0.2	0.10441654070711526	0.321	0.071
4	['Ir', 'Pd', 'Pt', 'Rh', 'Ru']	24	[0.    0.976 0.002 0.002 0.02 ]	[-0.008  0.144 -0.002  0.004 -0.138]	0.43	0.02	0.07	1.18	1.97	1.09	0.22	0.11	0.13	0.04	0.2	0.0442144910492209	0.522	0.071
0	['Ir', 'Pd', 'Pt', 'Rh', 'Ru']	25	[0.011 0.948 0.002 0.008 0.031]	[-0.068 -0.143  0.059  0.074  0.078]	0.43	0.02	0.07	1.18	1.97	1.09	0.22	0.11	0.13	0.04	0.2	0.05550373922716173	0.49	0.071
1	['Ir', 'Pd', 'Pt', 'Rh', 'Ru']	25	[0.009 0.798 0.009 0.    0.184]	[ 0.012 -0.151  0.016 -0.006  0.129]	0.43	0.02	0.07	1.18	1.97	1.09	0.22	0.11	0.13	0.04	0.2	0.09930349345321163	0.293	0.071
2	['Ir', 'Pd', 'Pt', 'Rh', 'Ru']	25	[0.084 0.168 0.106 0.026 0.616]	[-0.025  0.155 -0.047  0.029 -0.111]	0.43	0.02	0.07	1.18	1.97	1.09	0.22	0.11	0.13	0.04	0.2	0.040893855494552475	0.508	0.071
3	['Ir', 'Pd', 'Pt', 'Rh', 'Ru']	25	[0.042 0.817 0.007 0.106 0.028]	[-0.058  0.119 -0.061  0.097 -0.097]	0.43	0.02	0.07	1.18	1.97	1.09	0.22	0.11	0.13	0.04	0.2	0.08169435722345297	0.39	0.071
4	['Ir', 'Pd', 'Pt', 'Rh', 'Ru']	25	[0.015 0.798 0.018 0.021 0.148]	[ 0.01  -0.159  0.014  0.016  0.119]	0.43	0.02	0.07	1.18	1.97	1.09	0.22	0.11	0.13	0.04	0.2	0.0978275915828544	0.305	0.071
0	['Ir', 'Pd', 'Pt', 'Rh', 'Ru']	26	[0.148 0.829 0.003 0.012 0.008]	[ 0.122 -0.155  0.011  0.028 -0.007]	0.43	0.02	0.07	1.18	1.97	1.09	0.22	0.11	0.13	0.04	0.2	0.09105952510538338	0.408	0.071
1	['Ir', 'Pd', 'Pt', 'Rh', 'Ru']	26	[0.006 0.938 0.001 0.008 0.047]	[-0.02   0.148  0.001  0.005 -0.133]	0.43	0.02	0.07	1.18	1.97	1.09	0.22	0.11	0.13	0.04	0.2	0.059613332547634214	0.475	0.071
2	['Ir', 'Pd', 'Pt', 'Rh', 'Ru']	26	[0.163 0.004 0.155 0.087 0.591]	[ 0.079 -0.164  0.049  0.061 -0.025]	0.43	0.02	0.07	1.18	1.97	1.09	0.22	0.11	0.13	0.04	0.2	0.004771720465543793	0.642	0.071
3	['Ir', 'Pd', 'Pt', 'Rh', 'Ru']	26	[0.024 0.967 0.002 0.003 0.004]	[-0.073  0.134 -0.045  0.077 -0.093]	0.43	0.02	0.07	1.18	1.97	1.09	0.22	0.11	0.13	0.04	0.2	0.04753295174393786	0.519	0.071
4	['Ir', 'Pd', 'Pt', 'Rh', 'Ru']	26	[0.006 0.957 0.005 0.002 0.03 ]	[-0.009  0.159 -0.013 -0.019 -0.118]	0.43	0.02	0.07	1.18	1.97	1.09	0.22	0.11	0.13	0.04	0.2	0.05217985386248623	0.5	0.071
0	['Ir', 'Pd', 'Pt', 'Rh', 'Ru']	27	[0.019 0.97  0.002 0.005 0.004]	[-0.134  0.147 -0.012  0.007 -0.008]	0.43	0.02	0.07	1.18	1.97	1.09	0.22	0.11	0.13	0.04	0.2	0.044834424401598724	0.522	0.071
1	['Ir', 'Pd', 'Pt', 'Rh', 'Ru']	27	[0.009 0.854 0.021 0.01  0.106]	[ 0.012 -0.16   0.015  0.015  0.118]	0.43	0.02	0.07	1.18	1.97	1.09	0.22	0.11	0.13	0.04	0.2	0.07970555000383464	0.375	0.071
2	['Ir', 'Pd', 'Pt', 'Rh', 'Ru']	27	[0.171 0.163 0.126 0.065 0.475]	[ 0.008  0.159 -0.029 -0.022 -0.116]	0.43	0.02	0.07	1.18	1.97	1.09	0.22	0.11	0.13	0.04	0.2	0.04401745969895945	0.449	0.071
3	['Ir', 'Pd', 'Pt', 'Rh', 'Ru']	27	[0.005 0.8   0.017 0.158 0.02 ]	[-0.008 -0.158  0.022  0.117  0.026]	0.43	0.02	0.07	1.18	1.97	1.09	0.22	0.11	0.13	0.04	0.2	0.07247155347172432	0.402	0.071
4	['Ir', 'Pd', 'Pt', 'Rh', 'Ru']	27	[0.011 0.822 0.016 0.029 0.122]	[ 0.014 -0.163  0.016  0.022  0.112]	0.43	0.02	0.07	1.18	1.97	1.09	0.22	0.11	0.13	0.04	0.2	0.09020922546379362	0.338	0.071
0	['Ir', 'Pd', 'Pt', 'Rh', 'Ru']	28	[0.146 0.807 0.011 0.034 0.002]	[ 0.117 -0.16   0.01   0.028  0.006]	0.43	0.02	0.07	1.18	1.97	1.09	0.22	0.11	0.13	0.04	0.2	0.09297268273830053	0.397	0.071
1	['Ir', 'Pd', 'Pt', 'Rh', 'Ru']	28	[0.004 0.974 0.004 0.006 0.012]	[ 0.02  -0.156 -0.007  0.022  0.122]	0.43	0.02	0.07	1.18	1.97	1.09	0.22	0.11	0.13	0.04	0.2	0.042189699693426605	0.523	0.071
2	['Ir', 'Pd', 'Pt', 'Rh', 'Ru']	28	[0.171 0.327 0.095 0.039 0.368]	[-0.     0.164 -0.031 -0.026 -0.107]	0.43	0.02	0.07	1.18	1.97	1.09	0.22	0.11	0.13	0.04	0.2	0.1081313599363843	0.262	0.071
3	['Ir', 'Pd', 'Pt', 'Rh', 'Ru']	28	[0.012 0.951 0.005 0.032 0.   ]	[ 0.012  0.154 -0.023 -0.124 -0.018]	0.43	0.02	0.07	1.18	1.97	1.09	0.22	0.11	0.13	0.04	0.2	0.04321601425502969	0.509	0.071
4	['Ir', 'Pd', 'Pt', 'Rh', 'Ru']	28	[0.006 0.982 0.002 0.004 0.006]	[ 0.011  0.157 -0.022 -0.027 -0.119]	0.43	0.02	0.07	1.18	1.97	1.09	0.22	0.11	0.13	0.04	0.2	0.03918167290450225	0.533	0.071
0	['Ir', 'Pd', 'Pt', 'Rh', 'Ru']	29	[0.001 0.922 0.014 0.001 0.062]	[ 0.117  0.076 -0.073 -0.123  0.003]	0.43	0.02	0.07	1.18	1.97	1.09	0.22	0.11	0.13	0.04	0.2	0.06266426928304714	0.455	0.071
1	['Ir', 'Pd', 'Pt', 'Rh', 'Ru']	29	[0.001 0.811 0.002 0.011 0.175]	[ 0.    -0.151  0.004  0.015  0.13 ]	0.43	0.02	0.07	1.18	1.97	1.09	0.22	0.11	0.13	0.04	0.2	0.09107877332305023	0.308	0.071
2	['Ir', 'Pd', 'Pt', 'Rh', 'Ru']	29	[0.245 0.445 0.047 0.016 0.247]	[ 0.062  0.107 -0.064  0.034 -0.139]	0.43	0.02	0.07	1.18	1.97	1.09	0.22	0.11	0.13	0.04	0.2	0.132109316500307	0.196	0.071
3	['Ir', 'Pd', 'Pt', 'Rh', 'Ru']	29	[0.    0.845 0.01  0.141 0.004]	[-0.014 -0.141 -0.005  0.14   0.02 ]	0.43	0.02	0.07	1.18	1.97	1.09	0.22	0.11	0.13	0.04	0.2	0.05671010748605352	0.439	0.071
4	['Ir', 'Pd', 'Pt', 'Rh', 'Ru']	29	[0.    0.79  0.009 0.033 0.168]	[-0.003 -0.157  0.01   0.028  0.12 ]	0.43	0.02	0.07	1.18	1.97	1.09	0.22	0.11	0.13	0.04	0.2	0.09557698274099133	0.292	0.071
0	['Ir', 'Pd', 'Pt', 'Rh', 'Ru']	30	[0.098 0.825 0.045 0.014 0.018]	[ 0.114 -0.156 -0.023  0.032  0.034]	0.43	0.02	0.07	1.18	1.97	1.09	0.22	0.11	0.13	0.04	0.2	0.08245264514447768	0.398	0.071
1	['Ir', 'Pd', 'Pt', 'Rh', 'Ru']	30	[0.013 0.941 0.    0.013 0.033]	[-0.021  0.145 -0.012  0.021 -0.134]	0.43	0.02	0.07	1.18	1.97	1.09	0.22	0.11	0.13	0.04	0.2	0.05696246706650604	0.483	0.071
2	['Ir', 'Pd', 'Pt', 'Rh', 'Ru']	30	[0.289 0.547 0.018 0.035 0.111]	[ 0.053  0.113 -0.07   0.037 -0.134]	0.43	0.02	0.07	1.18	1.97	1.09	0.22	0.11	0.13	0.04	0.2	0.12356669950631774	0.268	0.071
3	['Ir', 'Pd', 'Pt', 'Rh', 'Ru']	30	[0.001 0.961 0.003 0.005 0.03 ]	[-0.08   0.088 -0.095  0.124 -0.036]	0.43	0.02	0.07	1.18	1.97	1.09	0.22	0.11	0.13	0.04	0.2	0.049434385917050114	0.504	0.071
4	['Ir', 'Pd', 'Pt', 'Rh', 'Ru']	30	[0.003 0.939 0.006 0.003 0.049]	[-0.02   0.146 -0.015  0.022 -0.133]	0.43	0.02	0.07	1.18	1.97	1.09	0.22	0.11	0.13	0.04	0.2	0.058747145223069064	0.475	0.071
