ID	Elements	Generation	Position	Velocity	F_damp	F_b_best	F_h_best	F_g_best	F_b_worst	F_h_worst	F_g_worst	mut_prob	flip_prob	mut_rate	v_max	Activity	Distance	v_min
0	['Ir', 'Pd', 'Pt', 'Rh', 'Ru']	0	[0.8  0.05 0.05 0.05 0.05]	[-0.179  0.045  0.045  0.045  0.045]	0.74	1.67	1.76	0.42	0.02	0.05	0.01	0.11	0.82	0.37	0.2	0.009720244224210991	0.897	0.071
1	['Ir', 'Pd', 'Pt', 'Rh', 'Ru']	0	[0.05 0.8  0.05 0.05 0.05]	[ 0.045 -0.179  0.045  0.045  0.045]	0.74	1.67	1.76	0.42	0.02	0.05	0.01	0.11	0.82	0.37	0.2	0.0893487361025907	0.361	0.071
2	['Ir', 'Pd', 'Pt', 'Rh', 'Ru']	0	[0.05 0.05 0.8  0.05 0.05]	[ 0.045  0.045 -0.179  0.045  0.045]	0.74	1.67	1.76	0.42	0.02	0.05	0.01	0.11	0.82	0.37	0.2	0.07213216891773018	0.977	0.071
3	['Ir', 'Pd', 'Pt', 'Rh', 'Ru']	0	[0.05 0.05 0.05 0.8  0.05]	[ 0.045  0.045  0.045 -0.179  0.045]	0.74	1.67	1.76	0.42	0.02	0.05	0.01	0.11	0.82	0.37	0.2	0.001931275295651623	0.938	0.071
4	['Ir', 'Pd', 'Pt', 'Rh', 'Ru']	0	[0.05 0.05 0.05 0.05 0.8 ]	[ 0.045  0.045  0.045  0.045 -0.179]	0.74	1.67	1.76	0.42	0.02	0.05	0.01	0.11	0.82	0.37	0.2	0.0030504979582336787	0.711	0.071
0	['Ir', 'Pd', 'Pt', 'Rh', 'Ru']	1	[0.658 0.059 0.096 0.091 0.096]	[-0.176  0.075  0.036  0.03   0.036]	0.74	1.67	1.76	0.42	0.02	0.05	0.01	0.11	0.82	0.37	0.2	0.01594889139691856	0.778	0.071
1	['Ir', 'Pd', 'Pt', 'Rh', 'Ru']	1	[0.083 0.713 0.083 0.038 0.083]	[ 0.033 -0.088  0.033 -0.012  0.033]	0.74	1.67	1.76	0.42	0.02	0.05	0.01	0.11	0.82	0.37	0.2	0.11544669831562032	0.285	0.071
2	['Ir', 'Pd', 'Pt', 'Rh', 'Ru']	1	[0.053 0.189 0.656 0.049 0.053]	[ 0.003  0.139 -0.144 -0.001  0.003]	0.74	1.67	1.76	0.42	0.02	0.05	0.01	0.11	0.82	0.37	0.2	0.06072087736658209	0.79	0.071
3	['Ir', 'Pd', 'Pt', 'Rh', 'Ru']	1	[0.053 0.187 0.053 0.654 0.053]	[ 0.003  0.137  0.003 -0.145  0.003]	0.74	1.67	1.76	0.42	0.02	0.05	0.01	0.11	0.82	0.37	0.2	0.01927351678573712	0.75	0.071
4	['Ir', 'Pd', 'Pt', 'Rh', 'Ru']	1	[0.054 0.187 0.054 0.05  0.655]	[ 0.004  0.137  0.004  0.    -0.146]	0.74	1.67	1.76	0.42	0.02	0.05	0.01	0.11	0.82	0.37	0.2	0.04239244854950311	0.513	0.071
0	['Ir', 'Pd', 'Pt', 'Rh', 'Ru']	2	[0.535 0.068 0.138 0.121 0.138]	[-0.171  0.093  0.031  0.016  0.031]	0.74	1.67	1.76	0.42	0.02	0.05	0.01	0.11	0.82	0.37	0.2	0.023597129434040055	0.687	0.071
1	['Ir', 'Pd', 'Pt', 'Rh', 'Ru']	2	[0.091 0.696 0.062 0.029 0.122]	[ 0.008 -0.017 -0.021 -0.009  0.039]	0.74	1.67	1.76	0.42	0.02	0.05	0.01	0.11	0.82	0.37	0.2	0.12777845430856138	0.24	0.071
2	['Ir', 'Pd', 'Pt', 'Rh', 'Ru']	2	[0.057 0.326 0.511 0.045 0.061]	[ 0.004  0.137 -0.145 -0.004  0.008]	0.74	1.67	1.76	0.42	0.02	0.05	0.01	0.11	0.82	0.37	0.2	0.0810650656753275	0.609	0.071
3	['Ir', 'Pd', 'Pt', 'Rh', 'Ru']	2	[0.057 0.319 0.06  0.504 0.06 ]	[ 0.004  0.132  0.007 -0.15   0.007]	0.74	1.67	1.76	0.42	0.02	0.05	0.01	0.11	0.82	0.37	0.2	0.05953873748037799	0.568	0.071
4	['Ir', 'Pd', 'Pt', 'Rh', 'Ru']	2	[0.058 0.325 0.061 0.046 0.51 ]	[ 0.004  0.138  0.007 -0.004 -0.145]	0.74	1.67	1.76	0.42	0.02	0.05	0.01	0.11	0.82	0.37	0.2	0.10476137060148344	0.317	0.071
0	['Ir', 'Pd', 'Pt', 'Rh', 'Ru']	3	[0.426 0.068 0.152 0.185 0.169]	[-0.162  0.103 -0.008  0.055  0.013]	0.74	1.67	1.76	0.42	0.02	0.05	0.01	0.11	0.82	0.37	0.2	0.02564457199114369	0.63	0.071
1	['Ir', 'Pd', 'Pt', 'Rh', 'Ru']	3	[0.009 0.524 0.111 0.183 0.173]	[-0.044 -0.59   0.172  0.187  0.274]	0.74	1.67	1.76	0.42	0.02	0.05	0.01	0.11	0.82	0.37	0.2	0.1499261755680507	0.235	0.071
2	['Ir', 'Pd', 'Pt', 'Rh', 'Ru']	3	[0.13  0.245 0.377 0.099 0.149]	[ 0.073 -0.081 -0.132  0.054  0.088]	0.74	1.67	1.76	0.42	0.02	0.05	0.01	0.11	0.82	0.37	0.2	0.08132498940283821	0.511	0.071
3	['Ir', 'Pd', 'Pt', 'Rh', 'Ru']	3	[0.003 0.36  0.002 0.62  0.015]	[ 0.016  0.009  0.025  0.112 -0.162]	0.74	1.67	1.76	0.42	0.02	0.05	0.01	0.11	0.82	0.37	0.2	0.02818703083425835	0.672	0.071
4	['Ir', 'Pd', 'Pt', 'Rh', 'Ru']	3	[0.052 0.467 0.061 0.052 0.368]	[-0.006  0.141  0.     0.006 -0.142]	0.74	1.67	1.76	0.42	0.02	0.05	0.01	0.11	0.82	0.37	0.2	0.15594782833155843	0.132	0.071
0	['Ir', 'Pd', 'Pt', 'Rh', 'Ru']	4	[0.296 0.199 0.124 0.15  0.231]	[-0.13   0.131 -0.028 -0.035  0.062]	0.74	1.67	1.76	0.42	0.02	0.05	0.01	0.11	0.82	0.37	0.2	0.057396157522101164	0.438	0.071
1	['Ir', 'Pd', 'Pt', 'Rh', 'Ru']	4	[0.018 0.397 0.115 0.147 0.323]	[ 0.009 -0.128  0.004 -0.036  0.15 ]	0.74	1.67	1.76	0.42	0.02	0.05	0.01	0.11	0.82	0.37	0.2	0.1411201473665775	0.231	0.071
2	['Ir', 'Pd', 'Pt', 'Rh', 'Ru']	4	[0.005 0.284 0.468 0.022 0.221]	[ 0.102 -0.016  0.049 -0.161  0.027]	0.74	1.67	1.76	0.42	0.02	0.05	0.01	0.11	0.82	0.37	0.2	0.095396126862096	0.553	0.071
3	['Ir', 'Pd', 'Pt', 'Rh', 'Ru']	4	[0.027 0.385 0.032 0.449 0.107]	[ 0.024  0.025  0.03  -0.171  0.092]	0.74	1.67	1.76	0.42	0.02	0.05	0.01	0.11	0.82	0.37	0.2	0.08510641753857943	0.48	0.071
4	['Ir', 'Pd', 'Pt', 'Rh', 'Ru']	4	[0.081 0.389 0.122 0.142 0.266]	[ 0.029 -0.079  0.061  0.09  -0.102]	0.74	1.67	1.76	0.42	0.02	0.05	0.01	0.11	0.82	0.37	0.2	0.1359433580692188	0.225	0.071
0	['Ir', 'Pd', 'Pt', 'Rh', 'Ru']	5	[0.14  0.31  0.108 0.159 0.283]	[-0.156  0.112 -0.016  0.009  0.052]	0.74	1.67	1.76	0.42	0.02	0.05	0.01	0.11	0.82	0.37	0.2	0.10813936645043987	0.288	0.071
1	['Ir', 'Pd', 'Pt', 'Rh', 'Ru']	5	[0.044 0.486 0.014 0.061 0.395]	[ 0.039  0.091 -0.109 -0.093  0.072]	0.74	1.67	1.76	0.42	0.02	0.05	0.01	0.11	0.82	0.37	0.2	0.15675254387861484	0.129	0.071
2	['Ir', 'Pd', 'Pt', 'Rh', 'Ru']	5	[0.029 0.348 0.293 0.046 0.284]	[ 0.024  0.065 -0.175  0.024  0.063]	0.74	1.67	1.76	0.42	0.02	0.05	0.01	0.11	0.82	0.37	0.2	0.11828555292341596	0.363	0.071
3	['Ir', 'Pd', 'Pt', 'Rh', 'Ru']	5	[0.027 0.403 0.067 0.286 0.217]	[-0.     0.018  0.035 -0.163  0.11 ]	0.74	1.67	1.76	0.42	0.02	0.05	0.01	0.11	0.82	0.37	0.2	0.12504369441068433	0.307	0.071
4	['Ir', 'Pd', 'Pt', 'Rh', 'Ru']	5	[0.011 0.463 0.064 0.068 0.394]	[ 0.061  0.047 -0.099 -0.115  0.106]	0.74	1.67	1.76	0.42	0.02	0.05	0.01	0.11	0.82	0.37	0.2	0.15084426186229838	0.17	0.071
0	['Ir', 'Pd', 'Pt', 'Rh', 'Ru']	6	[0.193 0.419 0.001 0.053 0.334]	[ 0.053  0.109 -0.107 -0.106  0.051]	0.74	1.67	1.76	0.42	0.02	0.05	0.01	0.11	0.82	0.37	0.2	0.1375405583009879	0.164	0.071
1	['Ir', 'Pd', 'Pt', 'Rh', 'Ru']	6	[0.014 0.506 0.054 0.016 0.41 ]	[-0.136  0.023  0.061  0.045  0.007]	0.74	1.67	1.76	0.42	0.02	0.05	0.01	0.11	0.82	0.37	0.2	0.15785882063533205	0.16	0.071
2	['Ir', 'Pd', 'Pt', 'Rh', 'Ru']	6	[0.038 0.445 0.131 0.039 0.347]	[ 0.009  0.097 -0.162 -0.007  0.063]	0.74	1.67	1.76	0.42	0.02	0.05	0.01	0.11	0.82	0.37	0.2	0.14893913561357958	0.185	0.071
3	['Ir', 'Pd', 'Pt', 'Rh', 'Ru']	6	[0.035 0.454 0.045 0.133 0.333]	[ 0.008  0.051 -0.022 -0.153  0.116]	0.74	1.67	1.76	0.42	0.02	0.05	0.01	0.11	0.82	0.37	0.2	0.15127919078887456	0.153	0.071
4	['Ir', 'Pd', 'Pt', 'Rh', 'Ru']	6	[0.058 0.465 0.125 0.066 0.286]	[ 0.033 -0.023  0.05   0.1   -0.161]	0.74	1.67	1.76	0.42	0.02	0.05	0.01	0.11	0.82	0.37	0.2	0.15476088026167067	0.158	0.071
0	['Ir', 'Pd', 'Pt', 'Rh', 'Ru']	7	[0.052 0.52  0.009 0.01  0.409]	[-0.168  0.083 -0.012  0.04   0.057]	0.74	1.67	1.76	0.42	0.02	0.05	0.01	0.11	0.82	0.37	0.2	0.16344272564565207	0.129	0.071
1	['Ir', 'Pd', 'Pt', 'Rh', 'Ru']	7	[0.088 0.492 0.067 0.004 0.349]	[ 0.089 -0.017  0.024 -0.012 -0.083]	0.74	1.67	1.76	0.42	0.02	0.05	0.01	0.11	0.82	0.37	0.2	0.15888705675556197	0.112	0.071
2	['Ir', 'Pd', 'Pt', 'Rh', 'Ru']	7	[0.054 0.597 0.028 0.05  0.271]	[ 0.016  0.152 -0.103  0.011 -0.076]	0.74	1.67	1.76	0.42	0.02	0.05	0.01	0.11	0.82	0.37	0.2	0.1611855370021713	0.077	0.071
3	['Ir', 'Pd', 'Pt', 'Rh', 'Ru']	7	[0.005 0.509 0.036 0.022 0.428]	[-0.113  0.007 -0.084  0.129  0.061]	0.74	1.67	1.76	0.42	0.02	0.05	0.01	0.11	0.82	0.37	0.2	0.1553480369100801	0.171	0.071
4	['Ir', 'Pd', 'Pt', 'Rh', 'Ru']	7	[0.012 0.513 0.011 0.032 0.432]	[-0.046  0.048 -0.114 -0.034  0.146]	0.74	1.67	1.76	0.42	0.02	0.05	0.01	0.11	0.82	0.37	0.2	0.15405692338484644	0.164	0.071
0	['Ir', 'Pd', 'Pt', 'Rh', 'Ru']	8	[0.053 0.521 0.031 0.008 0.387]	[ 0.128  0.028 -0.08  -0.064 -0.011]	0.74	1.67	1.76	0.42	0.02	0.05	0.01	0.11	0.82	0.37	0.2	0.16423502236200269	0.116	0.071
1	['Ir', 'Pd', 'Pt', 'Rh', 'Ru']	8	[0.051 0.509 0.029 0.017 0.394]	[-0.077  0.002  0.089 -0.057  0.043]	0.74	1.67	1.76	0.42	0.02	0.05	0.01	0.11	0.82	0.37	0.2	0.16225265012419834	0.122	0.071
2	['Ir', 'Pd', 'Pt', 'Rh', 'Ru']	8	[0.007 0.501 0.064 0.05  0.378]	[-0.085 -0.123  0.029  0.071  0.109]	0.74	1.67	1.76	0.42	0.02	0.05	0.01	0.11	0.82	0.37	0.2	0.16061313474717737	0.146	0.071
3	['Ir', 'Pd', 'Pt', 'Rh', 'Ru']	8	[0.02  0.5   0.074 0.015 0.391]	[-0.05  -0.008  0.116 -0.005 -0.053]	0.74	1.67	1.76	0.42	0.02	0.05	0.01	0.11	0.82	0.37	0.2	0.16099495463524308	0.155	0.071
4	['Ir', 'Pd', 'Pt', 'Rh', 'Ru']	8	[0.122 0.5   0.003 0.011 0.364]	[ 0.103 -0.027 -0.021  0.027 -0.082]	0.74	1.67	1.76	0.42	0.02	0.05	0.01	0.11	0.82	0.37	0.2	0.1574231657781505	0.093	0.071
0	['Ir', 'Pd', 'Pt', 'Rh', 'Ru']	9	[0.09  0.519 0.003 0.039 0.349]	[ 0.062 -0.018  0.017  0.029 -0.091]	0.74	1.67	1.76	0.42	0.02	0.05	0.01	0.11	0.82	0.37	0.2	0.1636427509150539	0.06	0.071
1	['Ir', 'Pd', 'Pt', 'Rh', 'Ru']	9	[0.022 0.496 0.06  0.04  0.382]	[ 0.016 -0.065  0.057  0.054 -0.062]	0.74	1.67	1.76	0.42	0.02	0.05	0.01	0.11	0.82	0.37	0.2	0.16073880700575333	0.139	0.071
2	['Ir', 'Pd', 'Pt', 'Rh', 'Ru']	9	[0.077 0.585 0.038 0.013 0.287]	[ 0.063  0.079  0.075 -0.097 -0.121]	0.74	1.67	1.76	0.42	0.02	0.05	0.01	0.11	0.82	0.37	0.2	0.16444850402515135	0.069	0.071
3	['Ir', 'Pd', 'Pt', 'Rh', 'Ru']	9	[0.036 0.539 0.056 0.027 0.342]	[ 0.014  0.041 -0.023  0.028 -0.059]	0.74	1.67	1.76	0.42	0.02	0.05	0.01	0.11	0.82	0.37	0.2	0.16523794151349483	0.098	0.071
4	['Ir', 'Pd', 'Pt', 'Rh', 'Ru']	9	[0.176 0.499 0.008 0.021 0.296]	[ 0.054 -0.003  0.003  0.02  -0.074]	0.74	1.67	1.76	0.42	0.02	0.05	0.01	0.11	0.82	0.37	0.2	0.15748257812524935	0.096	0.071
0	['Ir', 'Pd', 'Pt', 'Rh', 'Ru']	10	[0.166 0.461 0.053 0.078 0.242]	[ 0.08  -0.078  0.05   0.083 -0.134]	0.74	1.67	1.76	0.42	0.02	0.05	0.01	0.11	0.82	0.37	0.2	0.14582537392777506	0.139	0.071
1	['Ir', 'Pd', 'Pt', 'Rh', 'Ru']	10	[0.104 0.561 0.045 0.007 0.283]	[ 0.082  0.065 -0.015 -0.033 -0.099]	0.74	1.67	1.76	0.42	0.02	0.05	0.01	0.11	0.82	0.37	0.2	0.16450850984751458	0.066	0.071
2	['Ir', 'Pd', 'Pt', 'Rh', 'Ru']	10	[0.011 0.543 0.104 0.037 0.305]	[-0.072 -0.048  0.069  0.032  0.018]	0.74	1.67	1.76	0.42	0.02	0.05	0.01	0.11	0.82	0.37	0.2	0.1637886591557596	0.138	0.071
3	['Ir', 'Pd', 'Pt', 'Rh', 'Ru']	10	[0.039 0.586 0.041 0.025 0.309]	[ 0.003  0.047 -0.015 -0.002 -0.033]	0.74	1.67	1.76	0.42	0.02	0.05	0.01	0.11	0.82	0.37	0.2	0.16563067089453287	0.086	0.071
4	['Ir', 'Pd', 'Pt', 'Rh', 'Ru']	10	[0.291 0.45  0.022 0.06  0.177]	[ 0.137 -0.044 -0.035  0.061 -0.119]	0.74	1.67	1.76	0.42	0.02	0.05	0.01	0.11	0.82	0.37	0.2	0.1227966246374817	0.249	0.071
0	['Ir', 'Pd', 'Pt', 'Rh', 'Ru']	11	[0.049 0.615 0.08  0.05  0.206]	[-0.117  0.154  0.027 -0.028 -0.036]	0.74	1.67	1.76	0.42	0.02	0.05	0.01	0.11	0.82	0.37	0.2	0.15374381746966626	0.149	0.071
1	['Ir', 'Pd', 'Pt', 'Rh', 'Ru']	11	[0.015 0.67  0.026 0.01  0.279]	[-0.089  0.108 -0.019  0.003 -0.004]	0.74	1.67	1.76	0.42	0.02	0.05	0.01	0.11	0.82	0.37	0.2	0.14490903667801147	0.156	0.071
2	['Ir', 'Pd', 'Pt', 'Rh', 'Ru']	11	[0.053 0.616 0.033 0.022 0.276]	[ 0.021  0.062  0.118 -0.128 -0.074]	0.74	1.67	1.76	0.42	0.02	0.05	0.01	0.11	0.82	0.37	0.2	0.1602958838003982	0.095	0.071
3	['Ir', 'Pd', 'Pt', 'Rh', 'Ru']	11	[0.021 0.591 0.001 0.28  0.107]	[ 0.163 -0.576  0.152  0.324 -0.062]	0.74	1.67	1.76	0.42	0.02	0.05	0.01	0.11	0.82	0.37	0.2	0.11964386117767704	0.313	0.071
4	['Ir', 'Pd', 'Pt', 'Rh', 'Ru']	11	[0.139 0.536 0.02  0.035 0.27 ]	[-0.152  0.086 -0.002 -0.025  0.093]	0.74	1.67	1.76	0.42	0.02	0.05	0.01	0.11	0.82	0.37	0.2	0.16349551362657563	0.057	0.071
0	['Ir', 'Pd', 'Pt', 'Rh', 'Ru']	12	[0.031 0.497 0.103 0.037 0.332]	[-0.038 -0.145  0.007  0.057  0.12 ]	0.74	1.67	1.76	0.42	0.02	0.05	0.01	0.11	0.82	0.37	0.2	0.15933403614651628	0.139	0.071
1	['Ir', 'Pd', 'Pt', 'Rh', 'Ru']	12	[0.147 0.521 0.035 0.024 0.273]	[ 0.132 -0.149  0.009  0.014 -0.006]	0.74	1.67	1.76	0.42	0.02	0.05	0.01	0.11	0.82	0.37	0.2	0.1592707288833696	0.075	0.071
2	['Ir', 'Pd', 'Pt', 'Rh', 'Ru']	12	[0.17  0.486 0.053 0.055 0.236]	[ 0.122 -0.142  0.017  0.049 -0.046]	0.74	1.67	1.76	0.42	0.02	0.05	0.01	0.11	0.82	0.37	0.2	0.14979971731798317	0.126	0.071
3	['Ir', 'Pd', 'Pt', 'Rh', 'Ru']	12	[0.082 0.504 0.039 0.157 0.218]	[ 0.061 -0.086  0.038 -0.123  0.111]	0.74	1.67	1.76	0.42	0.02	0.05	0.01	0.11	0.82	0.37	0.2	0.15724637399967245	0.149	0.071
4	['Ir', 'Pd', 'Pt', 'Rh', 'Ru']	12	[0.003 0.624 0.02  0.005 0.348]	[ 0.133  0.039 -0.129 -0.061  0.018]	0.74	1.67	1.76	0.42	0.02	0.05	0.01	0.11	0.82	0.37	0.2	0.15165785224974435	0.14	0.071
0	['Ir', 'Pd', 'Pt', 'Rh', 'Ru']	13	[0.013 0.475 0.016 0.012 0.484]	[-0.068 -0.072  0.084 -0.076  0.132]	0.74	1.67	1.76	0.42	0.02	0.05	0.01	0.11	0.82	0.37	0.2	0.14593450918679315	0.221	0.071
1	['Ir', 'Pd', 'Pt', 'Rh', 'Ru']	13	[0.001 0.484 0.129 0.021 0.365]	[-0.146 -0.038  0.094 -0.003  0.092]	0.74	1.67	1.76	0.42	0.02	0.05	0.01	0.11	0.82	0.37	0.2	0.15821966536137658	0.189	0.071
2	['Ir', 'Pd', 'Pt', 'Rh', 'Ru']	13	[0.017 0.542 0.078 0.019 0.344]	[-0.153  0.056  0.025 -0.036  0.108]	0.74	1.67	1.76	0.42	0.02	0.05	0.01	0.11	0.82	0.37	0.2	0.16578037370085036	0.126	0.071
3	['Ir', 'Pd', 'Pt', 'Rh', 'Ru']	13	[0.063 0.548 0.011 0.023 0.355]	[-0.019  0.044 -0.028 -0.134  0.137]	0.74	1.67	1.76	0.42	0.02	0.05	0.01	0.11	0.82	0.37	0.2	0.16651320991653812	0.072	0.071
4	['Ir', 'Pd', 'Pt', 'Rh', 'Ru']	13	[0.157 0.512 0.029 0.014 0.288]	[ 0.154 -0.112  0.009  0.009 -0.06 ]	0.74	1.67	1.76	0.42	0.02	0.05	0.01	0.11	0.82	0.37	0.2	0.1578207440529741	0.084	0.071
0	['Ir', 'Pd', 'Pt', 'Rh', 'Ru']	14	[0.061 0.564 0.048 0.011 0.316]	[ 0.044  0.086  0.028  0.014 -0.172]	0.74	1.67	1.76	0.42	0.02	0.05	0.01	0.11	0.82	0.37	0.2	0.1655979981500617	0.076	0.071
1	['Ir', 'Pd', 'Pt', 'Rh', 'Ru']	14	[0.082 0.583 0.012 0.002 0.321]	[ 0.039  0.063  0.109 -0.089 -0.122]	0.74	1.67	1.76	0.42	0.02	0.05	0.01	0.11	0.82	0.37	0.2	0.1679469889722404	0.066	0.071
2	['Ir', 'Pd', 'Pt', 'Rh', 'Ru']	14	[0.018 0.554 0.029 0.007 0.392]	[-0.123  0.008  0.111 -0.061  0.064]	0.74	1.67	1.76	0.42	0.02	0.05	0.01	0.11	0.82	0.37	0.2	0.1670723312280683	0.134	0.071
3	['Ir', 'Pd', 'Pt', 'Rh', 'Ru']	14	[0.044 0.582 0.012 0.13  0.232]	[-0.023  0.032  0.014  0.104 -0.127]	0.74	1.67	1.76	0.42	0.02	0.05	0.01	0.11	0.82	0.37	0.2	0.15531893172286004	0.124	0.071
4	['Ir', 'Pd', 'Pt', 'Rh', 'Ru']	14	[0.038 0.557 0.019 0.056 0.33 ]	[-0.135  0.038  0.03   0.033  0.034]	0.74	1.67	1.76	0.42	0.02	0.05	0.01	0.11	0.82	0.37	0.2	0.16622616775821097	0.072	0.071
0	['Ir', 'Pd', 'Pt', 'Rh', 'Ru']	15	[0.115 0.673 0.001 0.009 0.202]	[ 0.036  0.096  0.026 -0.009 -0.148]	0.74	1.67	1.76	0.42	0.02	0.05	0.01	0.11	0.82	0.37	0.2	0.14378015206122843	0.163	0.071
1	['Ir', 'Pd', 'Pt', 'Rh', 'Ru']	15	[0.105 0.622 0.023 0.027 0.223]	[ 0.037  0.061  0.02   0.011 -0.128]	0.74	1.67	1.76	0.42	0.02	0.05	0.01	0.11	0.82	0.37	0.2	0.15527259870839377	0.11	0.071
2	['Ir', 'Pd', 'Pt', 'Rh', 'Ru']	15	[0.013 0.514 0.019 0.084 0.37 ]	[-0.058 -0.001 -0.08   0.11   0.029]	0.74	1.67	1.76	0.42	0.02	0.05	0.01	0.11	0.82	0.37	0.2	0.15897536426621986	0.124	0.071
3	['Ir', 'Pd', 'Pt', 'Rh', 'Ru']	15	[0.069 0.564 0.003 0.025 0.339]	[-0.033 -0.094 -0.082  0.129  0.081]	0.74	1.67	1.76	0.42	0.02	0.05	0.01	0.11	0.82	0.37	0.2	0.16825458776677438	0.058	0.071
4	['Ir', 'Pd', 'Pt', 'Rh', 'Ru']	15	[0.078 0.461 0.072 0.009 0.38 ]	[ 0.021 -0.128  0.034  0.043  0.031]	0.74	1.67	1.76	0.42	0.02	0.05	0.01	0.11	0.82	0.37	0.2	0.15236684931537092	0.147	0.071
0	['Ir', 'Pd', 'Pt', 'Rh', 'Ru']	16	[0.05  0.552 0.038 0.017 0.343]	[-0.065 -0.121  0.037  0.008  0.141]	0.74	1.67	1.76	0.42	0.02	0.05	0.01	0.11	0.82	0.37	0.2	0.16669106060666802	0.083	0.071
1	['Ir', 'Pd', 'Pt', 'Rh', 'Ru']	16	[0.057 0.543 0.002 0.002 0.396]	[-0.057 -0.089  0.015 -0.034  0.165]	0.74	1.67	1.76	0.42	0.02	0.05	0.01	0.11	0.82	0.37	0.2	0.16448797194170914	0.116	0.071
2	['Ir', 'Pd', 'Pt', 'Rh', 'Ru']	16	[0.027 0.598 0.023 0.021 0.331]	[-0.036  0.098 -0.024  0.1   -0.137]	0.74	1.67	1.76	0.42	0.02	0.05	0.01	0.11	0.82	0.37	0.2	0.16086575462753214	0.1	0.071
3	['Ir', 'Pd', 'Pt', 'Rh', 'Ru']	16	[0.014 0.474 0.059 0.068 0.385]	[-0.055 -0.093  0.041  0.053  0.055]	0.74	1.67	1.76	0.42	0.02	0.05	0.01	0.11	0.82	0.37	0.2	0.15785135585909355	0.156	0.071
4	['Ir', 'Pd', 'Pt', 'Rh', 'Ru']	16	[0.02  0.536 0.054 0.005 0.385]	[-0.151  0.079  0.103 -0.021 -0.009]	0.74	1.67	1.76	0.42	0.02	0.05	0.01	0.11	0.82	0.37	0.2	0.16695119542550785	0.137	0.071
0	['Ir', 'Pd', 'Pt', 'Rh', 'Ru']	17	[0.024 0.473 0.002 0.001 0.5  ]	[ 0.048 -0.1   -0.061 -0.037  0.15 ]	0.74	1.67	1.76	0.42	0.02	0.05	0.01	0.11	0.82	0.37	0.2	0.14548964278825513	0.233	0.071
1	['Ir', 'Pd', 'Pt', 'Rh', 'Ru']	17	[0.001 0.542 0.097 0.012 0.348]	[-0.08   0.032  0.098 -0.012 -0.037]	0.74	1.67	1.76	0.42	0.02	0.05	0.01	0.11	0.82	0.37	0.2	0.16376155915499646	0.152	0.071
2	['Ir', 'Pd', 'Pt', 'Rh', 'Ru']	17	[0.01  0.489 0.042 0.029 0.43 ]	[ 0.023 -0.122  0.01  -0.002  0.091]	0.74	1.67	1.76	0.42	0.02	0.05	0.01	0.11	0.82	0.37	0.2	0.15127288192854277	0.176	0.071
3	['Ir', 'Pd', 'Pt', 'Rh', 'Ru']	17	[0.156 0.363 0.054 0.007 0.42 ]	[ 0.123 -0.146 -0.034  0.048  0.009]	0.74	1.67	1.76	0.42	0.02	0.05	0.01	0.11	0.82	0.37	0.2	0.12173795170068666	0.239	0.071
4	['Ir', 'Pd', 'Pt', 'Rh', 'Ru']	17	[0.054 0.569 0.055 0.022 0.3  ]	[ 0.066  0.06   0.014 -0.036 -0.105]	0.74	1.67	1.76	0.42	0.02	0.05	0.01	0.11	0.82	0.37	0.2	0.16538597904638846	0.079	0.071
0	['Ir', 'Pd', 'Pt', 'Rh', 'Ru']	18	[0.064 0.561 0.035 0.012 0.328]	[ 0.04   0.088  0.033  0.011 -0.172]	0.74	1.67	1.76	0.42	0.02	0.05	0.01	0.11	0.82	0.37	0.2	0.16617135280478126	0.07	0.071
1	['Ir', 'Pd', 'Pt', 'Rh', 'Ru']	18	[0.028 0.55  0.037 0.009 0.376]	[-0.017 -0.062  0.172 -0.076 -0.017]	0.74	1.67	1.76	0.42	0.02	0.05	0.01	0.11	0.82	0.37	0.2	0.1668603728234637	0.118	0.071
2	['Ir', 'Pd', 'Pt', 'Rh', 'Ru']	18	[0.078 0.604 0.028 0.004 0.286]	[ 0.057  0.105 -0.025  0.02  -0.157]	0.74	1.67	1.76	0.42	0.02	0.05	0.01	0.11	0.82	0.37	0.2	0.16123342220724365	0.081	0.071
3	['Ir', 'Pd', 'Pt', 'Rh', 'Ru']	18	[0.092 0.527 0.023 0.025 0.333]	[-0.064  0.164 -0.031  0.018 -0.087]	0.74	1.67	1.76	0.42	0.02	0.05	0.01	0.11	0.82	0.37	0.2	0.1642420997494039	0.053	0.071
4	['Ir', 'Pd', 'Pt', 'Rh', 'Ru']	18	[0.045 0.538 0.028 0.036 0.353]	[-0.017 -0.043 -0.039  0.042  0.057]	0.74	1.67	1.76	0.42	0.02	0.05	0.01	0.11	0.82	0.37	0.2	0.1669622207036963	0.083	0.071
0	['Ir', 'Pd', 'Pt', 'Rh', 'Ru']	19	[0.025 0.587 0.032 0.07  0.286]	[-0.039  0.026 -0.003  0.058 -0.042]	0.74	1.67	1.76	0.42	0.02	0.05	0.01	0.11	0.82	0.37	0.2	0.15855975936920347	0.093	0.071
1	['Ir', 'Pd', 'Pt', 'Rh', 'Ru']	19	[0.08  0.404 0.007 0.098 0.411]	[ 0.072 -0.156 -0.043  0.077  0.05 ]	0.74	1.67	1.76	0.42	0.02	0.05	0.01	0.11	0.82	0.37	0.2	0.13790628953241674	0.191	0.071
2	['Ir', 'Pd', 'Pt', 'Rh', 'Ru']	19	[0.005 0.511 0.003 0.053 0.428]	[ 0.054 -0.132 -0.067  0.022  0.122]	0.74	1.67	1.76	0.42	0.02	0.05	0.01	0.11	0.82	0.37	0.2	0.1514295129843699	0.164	0.071
3	['Ir', 'Pd', 'Pt', 'Rh', 'Ru']	19	[0.019 0.659 0.003 0.011 0.308]	[ 0.079  0.13  -0.034 -0.08  -0.095]	0.74	1.67	1.76	0.42	0.02	0.05	0.01	0.11	0.82	0.37	0.2	0.15105511008003786	0.142	0.071
4	['Ir', 'Pd', 'Pt', 'Rh', 'Ru']	19	[0.035 0.522 0.012 0.05  0.381]	[-0.026 -0.033  0.031  0.005  0.023]	0.74	1.67	1.76	0.42	0.02	0.05	0.01	0.11	0.82	0.37	0.2	0.1662562944156083	0.108	0.071
0	['Ir', 'Pd', 'Pt', 'Rh', 'Ru']	20	[0.011 0.457 0.02  0.088 0.424]	[-0.026 -0.145  0.032  0.007  0.131]	0.74	1.67	1.76	0.42	0.02	0.05	0.01	0.11	0.82	0.37	0.2	0.14289638647549796	0.184	0.071
1	['Ir', 'Pd', 'Pt', 'Rh', 'Ru']	20	[0.072 0.572 0.    0.014 0.342]	[-0.008  0.168 -0.007 -0.084 -0.069]	0.74	1.67	1.76	0.42	0.02	0.05	0.01	0.11	0.82	0.37	0.2	0.16726369912548758	0.066	0.071
2	['Ir', 'Pd', 'Pt', 'Rh', 'Ru']	20	[0.116 0.519 0.016 0.025 0.324]	[ 0.111 -0.005 -0.036  0.057 -0.127]	0.74	1.67	1.76	0.42	0.02	0.05	0.01	0.11	0.82	0.37	0.2	0.1606652421428575	0.052	0.071
3	['Ir', 'Pd', 'Pt', 'Rh', 'Ru']	20	[0.149 0.523 0.028 0.047 0.253]	[ 0.13  -0.135  0.025  0.036 -0.055]	0.74	1.67	1.76	0.42	0.02	0.05	0.01	0.11	0.82	0.37	0.2	0.16095302051560967	0.078	0.071
4	['Ir', 'Pd', 'Pt', 'Rh', 'Ru']	20	[0.003 0.615 0.141 0.171 0.07 ]	[-0.59   0.05   0.151  0.05   0.338]	0.74	1.67	1.76	0.42	0.02	0.05	0.01	0.11	0.82	0.37	0.2	0.12571748198856222	0.318	0.071
0	['Ir', 'Pd', 'Pt', 'Rh', 'Ru']	21	[0.064 0.568 0.008 0.028 0.332]	[ 0.024  0.093 -0.052  0.081 -0.146]	0.74	1.67	1.76	0.42	0.02	0.05	0.01	0.11	0.82	0.37	0.2	0.16680232242257442	0.056	0.071
1	['Ir', 'Pd', 'Pt', 'Rh', 'Ru']	21	[0.03  0.653 0.032 0.064 0.221]	[-0.027  0.114 -0.034  0.064 -0.116]	0.74	1.67	1.76	0.42	0.02	0.05	0.01	0.11	0.82	0.37	0.2	0.14838196180267563	0.152	0.071
2	['Ir', 'Pd', 'Pt', 'Rh', 'Ru']	21	[0.006 0.621 0.011 0.01  0.352]	[ 0.096  0.099 -0.041 -0.138 -0.017]	0.74	1.67	1.76	0.42	0.02	0.05	0.01	0.11	0.82	0.37	0.2	0.15263498199754902	0.135	0.071
3	['Ir', 'Pd', 'Pt', 'Rh', 'Ru']	21	[0.258 0.562 0.001 0.083 0.096]	[ 0.099  0.027  0.018  0.026 -0.169]	0.74	1.67	1.76	0.42	0.02	0.05	0.01	0.11	0.82	0.37	0.2	0.13213723592057755	0.26	0.071
4	['Ir', 'Pd', 'Pt', 'Rh', 'Ru']	21	[0.015 0.579 0.084 0.085 0.237]	[ 0.012 -0.036 -0.057 -0.086  0.167]	0.74	1.67	1.76	0.42	0.02	0.05	0.01	0.11	0.82	0.37	0.2	0.16007000662702958	0.143	0.071
0	['Ir', 'Pd', 'Pt', 'Rh', 'Ru']	22	[0.044 0.633 0.033 0.06  0.23 ]	[-0.021  0.069  0.025  0.033 -0.106]	0.74	1.67	1.76	0.42	0.02	0.05	0.01	0.11	0.82	0.37	0.2	0.15317005070014203	0.127	0.071
1	['Ir', 'Pd', 'Pt', 'Rh', 'Ru']	22	[0.075 0.548 0.013 0.008 0.356]	[ 0.039 -0.115  0.03  -0.084  0.131]	0.74	1.67	1.76	0.42	0.02	0.05	0.01	0.11	0.82	0.37	0.2	0.16555747280828073	0.075	0.071
2	['Ir', 'Pd', 'Pt', 'Rh', 'Ru']	22	[0.124 0.478 0.019 0.038 0.341]	[ 0.133 -0.145 -0.015  0.032 -0.005]	0.74	1.67	1.76	0.42	0.02	0.05	0.01	0.11	0.82	0.37	0.2	0.15518058949806168	0.089	0.071
3	['Ir', 'Pd', 'Pt', 'Rh', 'Ru']	22	[0.134 0.572 0.006 0.041 0.247]	[-0.124  0.009  0.005 -0.042  0.151]	0.74	1.67	1.76	0.42	0.02	0.05	0.01	0.11	0.82	0.37	0.2	0.16413795552218524	0.068	0.071
4	['Ir', 'Pd', 'Pt', 'Rh', 'Ru']	22	[0.175 0.613 0.024 0.035 0.153]	[ 0.16   0.034 -0.06  -0.05  -0.084]	0.74	1.67	1.76	0.42	0.02	0.05	0.01	0.11	0.82	0.37	0.2	0.14806468683508112	0.179	0.071
0	['Ir', 'Pd', 'Pt', 'Rh', 'Ru']	23	[0.069 0.538 0.002 0.001 0.39 ]	[ 0.002 -0.124 -0.057  0.038  0.141]	0.74	1.67	1.76	0.42	0.02	0.05	0.01	0.11	0.82	0.37	0.2	0.16705217563041527	0.108	0.071
1	['Ir', 'Pd', 'Pt', 'Rh', 'Ru']	23	[0.073 0.486 0.006 0.064 0.371]	[ 0.005 -0.072 -0.021  0.06   0.028]	0.74	1.67	1.76	0.42	0.02	0.05	0.01	0.11	0.82	0.37	0.2	0.1638623941532642	0.1	0.071
2	['Ir', 'Pd', 'Pt', 'Rh', 'Ru']	23	[0.006 0.575 0.003 0.014 0.402]	[-0.154  0.098 -0.042  0.038  0.06 ]	0.74	1.67	1.76	0.42	0.02	0.05	0.01	0.11	0.82	0.37	0.2	0.1581469102974031	0.145	0.071
3	['Ir', 'Pd', 'Pt', 'Rh', 'Ru']	23	[0.026 0.554 0.007 0.005 0.408]	[-0.127 -0.032 -0.016  0.028  0.148]	0.74	1.67	1.76	0.42	0.02	0.05	0.01	0.11	0.82	0.37	0.2	0.16426869008622064	0.139	0.071
4	['Ir', 'Pd', 'Pt', 'Rh', 'Ru']	23	[0.096 0.56  0.007 0.011 0.326]	[-0.079 -0.054 -0.017 -0.024  0.173]	0.74	1.67	1.76	0.42	0.02	0.05	0.01	0.11	0.82	0.37	0.2	0.16750018072185324	0.049	0.071
0	['Ir', 'Pd', 'Pt', 'Rh', 'Ru']	24	[0.091 0.492 0.032 0.031 0.354]	[ 0.026 -0.047  0.022  0.035 -0.037]	0.74	1.67	1.76	0.42	0.02	0.05	0.01	0.11	0.82	0.37	0.2	0.16194099831519215	0.088	0.071
1	['Ir', 'Pd', 'Pt', 'Rh', 'Ru']	24	[0.084 0.611 0.014 0.027 0.264]	[-0.005  0.123 -0.047  0.065 -0.136]	0.74	1.67	1.76	0.42	0.02	0.05	0.01	0.11	0.82	0.37	0.2	0.1592556771707086	0.077	0.071
2	['Ir', 'Pd', 'Pt', 'Rh', 'Ru']	24	[0.099 0.598 0.012 0.008 0.283]	[ 0.093  0.023  0.009 -0.006 -0.119]	0.74	1.67	1.76	0.42	0.02	0.05	0.01	0.11	0.82	0.37	0.2	0.16443402189207967	0.067	0.071
3	['Ir', 'Pd', 'Pt', 'Rh', 'Ru']	24	[0.13  0.569 0.013 0.044 0.244]	[ 0.103  0.013  0.012  0.038 -0.166]	0.74	1.67	1.76	0.42	0.02	0.05	0.01	0.11	0.82	0.37	0.2	0.16335261874065538	0.068	0.071
4	['Ir', 'Pd', 'Pt', 'Rh', 'Ru']	24	[0.023 0.528 0.003 0.006 0.44 ]	[-0.08  -0.039  0.001  0.007  0.112]	0.74	1.67	1.76	0.42	0.02	0.05	0.01	0.11	0.82	0.37	0.2	0.15689808808326833	0.167	0.071
0	['Ir', 'Pd', 'Pt', 'Rh', 'Ru']	25	[0.058 0.65  0.011 0.007 0.274]	[-0.062  0.152  0.013  0.009 -0.113]	0.74	1.67	1.76	0.42	0.02	0.05	0.01	0.11	0.82	0.37	0.2	0.1525265274399982	0.12	0.071
1	['Ir', 'Pd', 'Pt', 'Rh', 'Ru']	25	[0.076 0.595 0.025 0.008 0.296]	[-0.033 -0.051  0.029  0.005  0.05 ]	0.74	1.67	1.76	0.42	0.02	0.05	0.01	0.11	0.82	0.37	0.2	0.16415638173001967	0.071	0.071
2	['Ir', 'Pd', 'Pt', 'Rh', 'Ru']	25	[0.025 0.545 0.03  0.    0.4  ]	[-0.074 -0.054  0.018 -0.008  0.117]	0.74	1.67	1.76	0.42	0.02	0.05	0.01	0.11	0.82	0.37	0.2	0.16486920909225877	0.138	0.071
3	['Ir', 'Pd', 'Pt', 'Rh', 'Ru']	25	[0.    0.597 0.024 0.036 0.343]	[-0.144  0.031 -0.055  0.06   0.108]	0.74	1.67	1.76	0.42	0.02	0.05	0.01	0.11	0.82	0.37	0.2	0.15729335848035655	0.122	0.071
4	['Ir', 'Pd', 'Pt', 'Rh', 'Ru']	25	[0.042 0.423 0.02  0.019 0.496]	[-0.082 -0.111  0.024  0.029  0.139]	0.74	1.67	1.76	0.42	0.02	0.05	0.01	0.11	0.82	0.37	0.2	0.13548322115249808	0.243	0.071
0	['Ir', 'Pd', 'Pt', 'Rh', 'Ru']	26	[0.016 0.533 0.021 0.    0.43 ]	[-0.042 -0.117  0.01  -0.007  0.156]	0.74	1.67	1.76	0.42	0.02	0.05	0.01	0.11	0.82	0.37	0.2	0.16024663325023106	0.165	0.071
1	['Ir', 'Pd', 'Pt', 'Rh', 'Ru']	26	[0.007 0.5   0.018 0.018 0.457]	[-0.069 -0.096 -0.007  0.01   0.161]	0.74	1.67	1.76	0.42	0.02	0.05	0.01	0.11	0.82	0.37	0.2	0.1513920845200195	0.193	0.071
2	['Ir', 'Pd', 'Pt', 'Rh', 'Ru']	26	[0.021 0.532 0.003 0.006 0.438]	[ 0.037 -0.023 -0.039 -0.017  0.042]	0.74	1.67	1.76	0.42	0.02	0.05	0.01	0.11	0.82	0.37	0.2	0.1585877852282762	0.166	0.071
3	['Ir', 'Pd', 'Pt', 'Rh', 'Ru']	26	[0.141 0.578 0.028 0.05  0.203]	[ 0.141 -0.019  0.004  0.014 -0.14 ]	0.74	1.67	1.76	0.42	0.02	0.05	0.01	0.11	0.82	0.37	0.2	0.15649712205064759	0.113	0.071
4	['Ir', 'Pd', 'Pt', 'Rh', 'Ru']	26	[0.122 0.336 0.097 0.078 0.367]	[ 0.08  -0.087  0.077  0.059 -0.129]	0.74	1.67	1.76	0.42	0.02	0.05	0.01	0.11	0.82	0.37	0.2	0.11532808782986098	0.247	0.071
0	['Ir', 'Pd', 'Pt', 'Rh', 'Ru']	27	[0.062 0.481 0.012 0.002 0.443]	[ 0.046 -0.065  0.022 -0.012  0.009]	0.74	1.67	1.76	0.42	0.02	0.05	0.01	0.11	0.82	0.37	0.2	0.1536173513244286	0.171	0.071
1	['Ir', 'Pd', 'Pt', 'Rh', 'Ru']	27	[0.148 0.397 0.058 0.029 0.368]	[ 0.141 -0.103  0.04   0.011 -0.089]	0.74	1.67	1.76	0.42	0.02	0.05	0.01	0.11	0.82	0.37	0.2	0.1335929831479045	0.185	0.071
2	['Ir', 'Pd', 'Pt', 'Rh', 'Ru']	27	[0.039 0.578 0.021 0.02  0.342]	[ 0.018  0.047  0.018  0.016 -0.099]	0.74	1.67	1.76	0.42	0.02	0.05	0.01	0.11	0.82	0.37	0.2	0.1654667517738416	0.087	0.071
3	['Ir', 'Pd', 'Pt', 'Rh', 'Ru']	27	[0.062 0.55  0.008 0.003 0.377]	[-0.079 -0.029 -0.02  -0.047  0.174]	0.74	1.67	1.76	0.42	0.02	0.05	0.01	0.11	0.82	0.37	0.2	0.16473685133656046	0.098	0.071
4	['Ir', 'Pd', 'Pt', 'Rh', 'Ru']	27	[0.147 0.498 0.017 0.005 0.333]	[ 0.025  0.162 -0.08  -0.073 -0.034]	0.74	1.67	1.76	0.42	0.02	0.05	0.01	0.11	0.82	0.37	0.2	0.1573523072403877	0.091	0.071
0	['Ir', 'Pd', 'Pt', 'Rh', 'Ru']	28	[0.056 0.619 0.016 0.012 0.297]	[-0.006  0.137  0.004  0.01  -0.146]	0.74	1.67	1.76	0.42	0.02	0.05	0.01	0.11	0.82	0.37	0.2	0.16363604504147336	0.092	0.071
1	['Ir', 'Pd', 'Pt', 'Rh', 'Ru']	28	[0.083 0.573 0.02  0.011 0.313]	[-0.065  0.176 -0.038 -0.018 -0.055]	0.74	1.67	1.76	0.42	0.02	0.05	0.01	0.11	0.82	0.37	0.2	0.16923435905157508	0.054	0.071
2	['Ir', 'Pd', 'Pt', 'Rh', 'Ru']	28	[0.024 0.59  0.025 0.003 0.358]	[-0.015  0.011  0.004 -0.017  0.016]	0.74	1.67	1.76	0.42	0.02	0.05	0.01	0.11	0.82	0.37	0.2	0.16046441282673757	0.117	0.071
3	['Ir', 'Pd', 'Pt', 'Rh', 'Ru']	28	[0.01  0.62  0.004 0.002 0.364]	[ 0.061  0.069 -0.051 -0.034 -0.045]	0.74	1.67	1.76	0.42	0.02	0.05	0.01	0.11	0.82	0.37	0.2	0.15518912103791213	0.139	0.071
4	['Ir', 'Pd', 'Pt', 'Rh', 'Ru']	28	[0.134 0.597 0.055 0.002 0.212]	[-0.012  0.126  0.048 -0.015 -0.146]	0.74	1.67	1.76	0.42	0.02	0.05	0.01	0.11	0.82	0.37	0.2	0.15130274446503453	0.128	0.071
0	['Ir', 'Pd', 'Pt', 'Rh', 'Ru']	29	[0.102 0.488 0.007 0.023 0.38 ]	[ 0.04  -0.136  0.014  0.005  0.077]	0.74	1.67	1.76	0.42	0.02	0.05	0.01	0.11	0.82	0.37	0.2	0.1599473379441725	0.105	0.071
1	['Ir', 'Pd', 'Pt', 'Rh', 'Ru']	29	[0.022 0.693 0.006 0.005 0.274]	[-0.075  0.115  0.011  0.001 -0.052]	0.74	1.67	1.76	0.42	0.02	0.05	0.01	0.11	0.82	0.37	0.2	0.13919989700217472	0.171	0.071
2	['Ir', 'Pd', 'Pt', 'Rh', 'Ru']	29	[0.543 0.141 0.052 0.01  0.254]	[ 0.522 -0.451  0.05  -0.017 -0.104]	0.74	1.67	1.76	0.42	0.02	0.05	0.01	0.11	0.82	0.37	0.2	0.017297440326702124	0.608	0.071
3	['Ir', 'Pd', 'Pt', 'Rh', 'Ru']	29	[0.172 0.55  0.    0.007 0.271]	[ 0.162 -0.07  -0.004  0.005 -0.093]	0.74	1.67	1.76	0.42	0.02	0.05	0.01	0.11	0.82	0.37	0.2	0.1598401788995629	0.089	0.071
4	['Ir', 'Pd', 'Pt', 'Rh', 'Ru']	29	[0.03  0.589 0.011 0.004 0.366]	[-0.131 -0.031  0.041 -0.019  0.14 ]	0.74	1.67	1.76	0.42	0.02	0.05	0.01	0.11	0.82	0.37	0.2	0.16396788700614032	0.114	0.071
0	['Ir', 'Pd', 'Pt', 'Rh', 'Ru']	30	[0.025 0.363 0.091 0.037 0.484]	[-0.077 -0.125  0.084  0.014  0.105]	0.74	1.67	1.76	0.42	0.02	0.05	0.01	0.11	0.82	0.37	0.2	0.12207640165842863	0.288	0.071
1	['Ir', 'Pd', 'Pt', 'Rh', 'Ru']	30	[0.01  0.829 0.011 0.02  0.13 ]	[-0.005  0.142 -0.017  0.019 -0.139]	0.74	1.67	1.76	0.42	0.02	0.05	0.01	0.11	0.82	0.37	0.2	0.0875401249397863	0.34	0.071
2	['Ir', 'Pd', 'Pt', 'Rh', 'Ru']	30	[0.407 0.28  0.024 0.008 0.281]	[-0.14   0.136 -0.031  0.011  0.024]	0.74	1.67	1.76	0.42	0.02	0.05	0.01	0.11	0.82	0.37	0.2	0.05960487015142899	0.412	0.071
3	['Ir', 'Pd', 'Pt', 'Rh', 'Ru']	30	[0.009 0.589 0.012 0.01  0.38 ]	[-0.163  0.039  0.012  0.003  0.109]	0.74	1.67	1.76	0.42	0.02	0.05	0.01	0.11	0.82	0.37	0.2	0.15983464764760802	0.134	0.071
4	['Ir', 'Pd', 'Pt', 'Rh', 'Ru']	30	[0.036 0.549 0.032 0.005 0.378]	[ 0.006 -0.044  0.021  0.006  0.012]	0.74	1.67	1.76	0.42	0.02	0.05	0.01	0.11	0.82	0.37	0.2	0.16753652915762687	0.115	0.071
