ID	Elements	Generation	Position	Velocity	F_damp	F_b_best	F_h_best	F_g_best	F_b_worst	F_h_worst	F_g_worst	mut_prob	flip_prob	mut_rate	v_max	Activity	Distance	v_min
0	['Ir', 'Pd', 'Pt', 'Rh', 'Ru']	0	[0.8  0.05 0.05 0.05 0.05]	[-0.179  0.045  0.045  0.045  0.045]	0.63	1.11	1.0	1.76	0.08	0.11	0.02	0.13	0.54	0.19	0.2	0.009720244224210991	0.897	0.071
1	['Ir', 'Pd', 'Pt', 'Rh', 'Ru']	0	[0.05 0.8  0.05 0.05 0.05]	[ 0.045 -0.179  0.045  0.045  0.045]	0.63	1.11	1.0	1.76	0.08	0.11	0.02	0.13	0.54	0.19	0.2	0.0893487361025907	0.361	0.071
2	['Ir', 'Pd', 'Pt', 'Rh', 'Ru']	0	[0.05 0.05 0.8  0.05 0.05]	[ 0.045  0.045 -0.179  0.045  0.045]	0.63	1.11	1.0	1.76	0.08	0.11	0.02	0.13	0.54	0.19	0.2	0.07213216891773018	0.977	0.071
3	['Ir', 'Pd', 'Pt', 'Rh', 'Ru']	0	[0.05 0.05 0.05 0.8  0.05]	[ 0.045  0.045  0.045 -0.179  0.045]	0.63	1.11	1.0	1.76	0.08	0.11	0.02	0.13	0.54	0.19	0.2	0.001931275295651623	0.938	0.071
4	['Ir', 'Pd', 'Pt', 'Rh', 'Ru']	0	[0.05 0.05 0.05 0.05 0.8 ]	[ 0.045  0.045  0.045  0.045 -0.179]	0.63	1.11	1.0	1.76	0.08	0.11	0.02	0.13	0.54	0.19	0.2	0.0030504979582336787	0.711	0.071
0	['Ir', 'Pd', 'Pt', 'Rh', 'Ru']	1	[0.659 0.192 0.052 0.045 0.052]	[-0.141  0.142  0.002 -0.005  0.002]	0.63	1.11	1.0	1.76	0.08	0.11	0.02	0.13	0.54	0.19	0.2	0.022831872205318834	0.711	0.071
1	['Ir', 'Pd', 'Pt', 'Rh', 'Ru']	1	[0.068 0.777 0.068 0.019 0.068]	[ 0.001 -0.061  0.001  0.06   0.001]	0.63	1.11	1.0	1.76	0.08	0.11	0.02	0.13	0.54	0.19	0.2	0.09855229471238613	0.335	0.071
2	['Ir', 'Pd', 'Pt', 'Rh', 'Ru']	1	[0.092 0.062 0.662 0.088 0.096]	[ 0.033  0.078 -0.175  0.028  0.037]	0.63	1.11	1.0	1.76	0.08	0.11	0.02	0.13	0.54	0.19	0.2	0.07139070844770892	0.848	0.071
3	['Ir', 'Pd', 'Pt', 'Rh', 'Ru']	1	[0.093 0.06  0.093 0.661 0.093]	[ 0.033  0.076  0.033 -0.176  0.033]	0.63	1.11	1.0	1.76	0.08	0.11	0.02	0.13	0.54	0.19	0.2	0.008125416834697734	0.815	0.071
4	['Ir', 'Pd', 'Pt', 'Rh', 'Ru']	1	[0.052 0.192 0.052 0.045 0.659]	[ 0.002  0.142  0.002 -0.005 -0.141]	0.63	1.11	1.0	1.76	0.08	0.11	0.02	0.13	0.54	0.19	0.2	0.04295995869640559	0.512	0.071
0	['Ir', 'Pd', 'Pt', 'Rh', 'Ru']	2	[0.514 0.331 0.05  0.055 0.05 ]	[-0.144  0.139 -0.002  0.01  -0.002]	0.63	1.11	1.0	1.76	0.08	0.11	0.02	0.13	0.54	0.19	0.2	0.05457130511560049	0.533	0.071
1	['Ir', 'Pd', 'Pt', 'Rh', 'Ru']	2	[0.051 0.815 0.051 0.032 0.051]	[-0.027  0.042 -0.027  0.039 -0.027]	0.63	1.11	1.0	1.76	0.08	0.11	0.02	0.13	0.54	0.19	0.2	0.08560893960708037	0.371	0.071
2	['Ir', 'Pd', 'Pt', 'Rh', 'Ru']	2	[0.085 0.22  0.542 0.065 0.088]	[-0.007  0.158 -0.12  -0.023 -0.008]	0.63	1.11	1.0	1.76	0.08	0.11	0.02	0.13	0.54	0.19	0.2	0.07014378132285257	0.669	0.071
3	['Ir', 'Pd', 'Pt', 'Rh', 'Ru']	2	[0.017 0.172 0.026 0.768 0.017]	[-0.076  0.112 -0.067  0.107 -0.076]	0.63	1.11	1.0	1.76	0.08	0.11	0.02	0.13	0.54	0.19	0.2	0.005582622853497574	0.864	0.071
4	['Ir', 'Pd', 'Pt', 'Rh', 'Ru']	2	[0.132 0.098 0.132 0.101 0.537]	[ 0.08  -0.094  0.08   0.056 -0.123]	0.63	1.11	1.0	1.76	0.08	0.11	0.02	0.13	0.54	0.19	0.2	0.024005146467707683	0.531	0.071
0	['Ir', 'Pd', 'Pt', 'Rh', 'Ru']	3	[0.379 0.476 0.054 0.037 0.054]	[-0.135  0.146  0.004 -0.018  0.004]	0.63	1.11	1.0	1.76	0.08	0.11	0.02	0.13	0.54	0.19	0.2	0.09554912909097618	0.383	0.071
1	['Ir', 'Pd', 'Pt', 'Rh', 'Ru']	3	[0.    0.797 0.067 0.068 0.068]	[-0.082 -0.033  0.014  0.086  0.016]	0.63	1.11	1.0	1.76	0.08	0.11	0.02	0.13	0.54	0.19	0.2	0.08773893422593665	0.36	0.071
2	['Ir', 'Pd', 'Pt', 'Rh', 'Ru']	3	[0.069 0.377 0.425 0.034 0.095]	[-0.016  0.157 -0.118 -0.031  0.007]	0.63	1.11	1.0	1.76	0.08	0.11	0.02	0.13	0.54	0.19	0.2	0.09823341224070563	0.504	0.071
3	['Ir', 'Pd', 'Pt', 'Rh', 'Ru']	3	[0.029 0.295 0.036 0.611 0.029]	[ 0.012  0.123  0.01  -0.156  0.012]	0.63	1.11	1.0	1.76	0.08	0.11	0.02	0.13	0.54	0.19	0.2	0.031148000297057533	0.678	0.071
4	['Ir', 'Pd', 'Pt', 'Rh', 'Ru']	3	[0.114 0.265 0.114 0.073 0.434]	[-0.018  0.167 -0.018 -0.028 -0.103]	0.63	1.11	1.0	1.76	0.08	0.11	0.02	0.13	0.54	0.19	0.2	0.0892774347477782	0.336	0.071
0	['Ir', 'Pd', 'Pt', 'Rh', 'Ru']	4	[0.221 0.575 0.122 0.016 0.066]	[-0.158  0.099  0.068 -0.021  0.012]	0.63	1.11	1.0	1.76	0.08	0.11	0.02	0.13	0.54	0.19	0.2	0.11542577707290448	0.293	0.071
1	['Ir', 'Pd', 'Pt', 'Rh', 'Ru']	4	[0.064 0.662 0.185 0.008 0.081]	[ 0.064 -0.135  0.118 -0.06   0.013]	0.63	1.11	1.0	1.76	0.08	0.11	0.02	0.13	0.54	0.19	0.2	0.11264661985503369	0.313	0.071
2	['Ir', 'Pd', 'Pt', 'Rh', 'Ru']	4	[0.063 0.536 0.308 0.008 0.085]	[-0.006  0.159 -0.117 -0.026 -0.01 ]	0.63	1.11	1.0	1.76	0.08	0.11	0.02	0.13	0.54	0.19	0.2	0.11503598306029697	0.38	0.071
3	['Ir', 'Pd', 'Pt', 'Rh', 'Ru']	4	[0.037 0.401 0.076 0.446 0.04 ]	[ 0.008  0.106  0.04  -0.164  0.011]	0.63	1.11	1.0	1.76	0.08	0.11	0.02	0.13	0.54	0.19	0.2	0.07501926482643342	0.506	0.071
4	['Ir', 'Pd', 'Pt', 'Rh', 'Ru']	4	[0.098 0.411 0.144 0.044 0.303]	[-0.016  0.145  0.03  -0.029 -0.131]	0.63	1.11	1.0	1.76	0.08	0.11	0.02	0.13	0.54	0.19	0.2	0.14117965712475483	0.2	0.071
0	['Ir', 'Pd', 'Pt', 'Rh', 'Ru']	5	[0.116 0.502 0.148 0.016 0.218]	[-0.105 -0.073  0.026 -0.     0.152]	0.63	1.11	1.0	1.76	0.08	0.11	0.02	0.13	0.54	0.19	0.2	0.14259959873557018	0.18	0.071
1	['Ir', 'Pd', 'Pt', 'Rh', 'Ru']	5	[0.092 0.511 0.182 0.007 0.208]	[ 0.028 -0.152 -0.003 -0.001  0.127]	0.63	1.11	1.0	1.76	0.08	0.11	0.02	0.13	0.54	0.19	0.2	0.14328465360568512	0.212	0.071
2	['Ir', 'Pd', 'Pt', 'Rh', 'Ru']	5	[0.06  0.568 0.154 0.009 0.209]	[-0.005  0.028 -0.156  0.01   0.122]	0.63	1.11	1.0	1.76	0.08	0.11	0.02	0.13	0.54	0.19	0.2	0.15159444031208974	0.189	0.071
3	['Ir', 'Pd', 'Pt', 'Rh', 'Ru']	5	[0.06  0.419 0.105 0.277 0.139]	[ 0.023  0.017  0.029 -0.169  0.099]	0.63	1.11	1.0	1.76	0.08	0.11	0.02	0.13	0.54	0.19	0.2	0.12312527625250241	0.327	0.071
4	['Ir', 'Pd', 'Pt', 'Rh', 'Ru']	5	[0.104 0.547 0.111 0.02  0.218]	[-0.01   0.127 -0.051  0.041 -0.106]	0.63	1.11	1.0	1.76	0.08	0.11	0.02	0.13	0.54	0.19	0.2	0.1516908533418917	0.141	0.071
0	['Ir', 'Pd', 'Pt', 'Rh', 'Ru']	6	[0.003 0.6   0.08  0.01  0.307]	[ 0.081  0.065 -0.158 -0.041  0.053]	0.63	1.11	1.0	1.76	0.08	0.11	0.02	0.13	0.54	0.19	0.2	0.15972334095073673	0.141	0.071
1	['Ir', 'Pd', 'Pt', 'Rh', 'Ru']	6	[0.141 0.509 0.025 0.004 0.321]	[ 0.046 -0.004 -0.16   0.006  0.111]	0.63	1.11	1.0	1.76	0.08	0.11	0.02	0.13	0.54	0.19	0.2	0.15935239902041828	0.081	0.071
2	['Ir', 'Pd', 'Pt', 'Rh', 'Ru']	6	[0.035 0.433 0.237 0.104 0.191]	[-0.021 -0.149  0.104  0.079 -0.013]	0.63	1.11	1.0	1.76	0.08	0.11	0.02	0.13	0.54	0.19	0.2	0.13787152330703947	0.298	0.071
3	['Ir', 'Pd', 'Pt', 'Rh', 'Ru']	6	[0.087 0.499 0.112 0.105 0.197]	[ 0.027  0.08   0.007 -0.172  0.058]	0.63	1.11	1.0	1.76	0.08	0.11	0.02	0.13	0.54	0.19	0.2	0.15478457356290054	0.17	0.071
4	['Ir', 'Pd', 'Pt', 'Rh', 'Ru']	6	[0.034 0.634 0.009 0.051 0.272]	[-0.077  0.089 -0.113  0.046  0.055]	0.63	1.11	1.0	1.76	0.08	0.11	0.02	0.13	0.54	0.19	0.2	0.15622900248381794	0.111	0.071
0	['Ir', 'Pd', 'Pt', 'Rh', 'Ru']	7	[0.023 0.656 0.007 0.004 0.31 ]	[-0.125  0.097  0.087 -0.041 -0.018]	0.63	1.11	1.0	1.76	0.08	0.11	0.02	0.13	0.54	0.19	0.2	0.15194965242451786	0.139	0.071
1	['Ir', 'Pd', 'Pt', 'Rh', 'Ru']	7	[0.212 0.501 0.027 0.044 0.216]	[ 0.114 -0.008  0.034  0.02  -0.159]	0.63	1.11	1.0	1.76	0.08	0.11	0.02	0.13	0.54	0.19	0.2	0.1476966586173367	0.151	0.071
2	['Ir', 'Pd', 'Pt', 'Rh', 'Ru']	7	[0.073 0.345 0.163 0.073 0.346]	[ 0.038 -0.088 -0.074 -0.031  0.156]	0.63	1.11	1.0	1.76	0.08	0.11	0.02	0.13	0.54	0.19	0.2	0.12096345407911988	0.268	0.071
3	['Ir', 'Pd', 'Pt', 'Rh', 'Ru']	7	[0.021 0.596 0.078 0.018 0.287]	[-0.127  0.068 -0.089  0.088  0.06 ]	0.63	1.11	1.0	1.76	0.08	0.11	0.02	0.13	0.54	0.19	0.2	0.1598925192599348	0.125	0.071
4	['Ir', 'Pd', 'Pt', 'Rh', 'Ru']	7	[0.064 0.607 0.03  0.001 0.298]	[ 0.117 -0.159 -0.001  0.026  0.016]	0.63	1.11	1.0	1.76	0.08	0.11	0.02	0.13	0.54	0.19	0.2	0.16292079800919698	0.089	0.071
0	['Ir', 'Pd', 'Pt', 'Rh', 'Ru']	8	[0.008 0.573 0.143 0.034 0.242]	[ 0.013 -0.098  0.154  0.012 -0.081]	0.63	1.11	1.0	1.76	0.08	0.11	0.02	0.13	0.54	0.19	0.2	0.15775273178135416	0.182	0.071
1	['Ir', 'Pd', 'Pt', 'Rh', 'Ru']	8	[0.069 0.598 0.024 0.015 0.294]	[-0.164  0.083 -0.02   0.037  0.065]	0.63	1.11	1.0	1.76	0.08	0.11	0.02	0.13	0.54	0.19	0.2	0.16631007291654878	0.071	0.071
2	['Ir', 'Pd', 'Pt', 'Rh', 'Ru']	8	[0.07  0.516 0.08  0.017 0.317]	[-0.003  0.171 -0.083 -0.056 -0.029]	0.63	1.11	1.0	1.76	0.08	0.11	0.02	0.13	0.54	0.19	0.2	0.16271558332080632	0.099	0.071
3	['Ir', 'Pd', 'Pt', 'Rh', 'Ru']	8	[0.008 0.654 0.042 0.001 0.295]	[-0.118  0.07   0.133 -0.049 -0.035]	0.63	1.11	1.0	1.76	0.08	0.11	0.02	0.13	0.54	0.19	0.2	0.150301866005846	0.153	0.071
4	['Ir', 'Pd', 'Pt', 'Rh', 'Ru']	8	[0.126 0.605 0.001 0.016 0.252]	[ 0.064  0.001 -0.031  0.01  -0.045]	0.63	1.11	1.0	1.76	0.08	0.11	0.02	0.13	0.54	0.19	0.2	0.16075031034861464	0.085	0.071
0	['Ir', 'Pd', 'Pt', 'Rh', 'Ru']	9	[0.034 0.583 0.031 0.046 0.306]	[-0.046 -0.069  0.167 -0.069  0.016]	0.63	1.11	1.0	1.76	0.08	0.11	0.02	0.13	0.54	0.19	0.2	0.16188237874666855	0.08	0.071
1	['Ir', 'Pd', 'Pt', 'Rh', 'Ru']	9	[0.023 0.621 0.006 0.007 0.343]	[ 0.079  0.002 -0.077 -0.042  0.037]	0.63	1.11	1.0	1.76	0.08	0.11	0.02	0.13	0.54	0.19	0.2	0.15844236519608867	0.121	0.071
2	['Ir', 'Pd', 'Pt', 'Rh', 'Ru']	9	[0.039 0.649 0.042 0.01  0.26 ]	[-0.07   0.124  0.087 -0.041 -0.101]	0.63	1.11	1.0	1.76	0.08	0.11	0.02	0.13	0.54	0.19	0.2	0.15209317657774607	0.136	0.071
3	['Ir', 'Pd', 'Pt', 'Rh', 'Ru']	9	[0.094 0.512 0.096 0.035 0.263]	[ 0.086 -0.141  0.054  0.034 -0.032]	0.63	1.11	1.0	1.76	0.08	0.11	0.02	0.13	0.54	0.19	0.2	0.15583834795536278	0.111	0.071
4	['Ir', 'Pd', 'Pt', 'Rh', 'Ru']	9	[0.026 0.613 0.04  0.004 0.317]	[ 0.158 -0.08  -0.02  -0.087  0.029]	0.63	1.11	1.0	1.76	0.08	0.11	0.02	0.13	0.54	0.19	0.2	0.16296155760605815	0.116	0.071
0	['Ir', 'Pd', 'Pt', 'Rh', 'Ru']	10	[0.05  0.565 0.046 0.08  0.259]	[-0.077 -0.029  0.038  0.153 -0.085]	0.63	1.11	1.0	1.76	0.08	0.11	0.02	0.13	0.54	0.19	0.2	0.16088055453754518	0.086	0.071
1	['Ir', 'Pd', 'Pt', 'Rh', 'Ru']	10	[0.129 0.467 0.024 0.042 0.338]	[ 0.126 -0.149 -0.02   0.036  0.008]	0.63	1.11	1.0	1.76	0.08	0.11	0.02	0.13	0.54	0.19	0.2	0.15503841018544143	0.099	0.071
2	['Ir', 'Pd', 'Pt', 'Rh', 'Ru']	10	[0.052 0.494 0.052 0.024 0.378]	[ 0.012 -0.159  0.009  0.021  0.118]	0.63	1.11	1.0	1.76	0.08	0.11	0.02	0.13	0.54	0.19	0.2	0.15788372157145272	0.122	0.071
3	['Ir', 'Pd', 'Pt', 'Rh', 'Ru']	10	[0.013 0.638 0.002 0.033 0.314]	[-0.096  0.121 -0.111  0.043  0.043]	0.63	1.11	1.0	1.76	0.08	0.11	0.02	0.13	0.54	0.19	0.2	0.1523169437998172	0.126	0.071
4	['Ir', 'Pd', 'Pt', 'Rh', 'Ru']	10	[0.163 0.549 0.028 0.032 0.228]	[ 0.13  -0.081  0.043  0.015 -0.108]	0.63	1.11	1.0	1.76	0.08	0.11	0.02	0.13	0.54	0.19	0.2	0.15946461026695946	0.101	0.071
0	['Ir', 'Pd', 'Pt', 'Rh', 'Ru']	11	[0.037 0.647 0.001 0.002 0.313]	[ 0.061  0.076 -0.071 -0.111  0.045]	0.63	1.11	1.0	1.76	0.08	0.11	0.02	0.13	0.54	0.19	0.2	0.15837101741489318	0.126	0.071
1	['Ir', 'Pd', 'Pt', 'Rh', 'Ru']	11	[0.057 0.635 0.021 0.029 0.258]	[-0.072  0.168 -0.003 -0.013 -0.08 ]	0.63	1.11	1.0	1.76	0.08	0.11	0.02	0.13	0.54	0.19	0.2	0.155549493176919	0.108	0.071
2	['Ir', 'Pd', 'Pt', 'Rh', 'Ru']	11	[0.089 0.62  0.018 0.041 0.232]	[ 0.037  0.126 -0.034  0.017 -0.146]	0.63	1.11	1.0	1.76	0.08	0.11	0.02	0.13	0.54	0.19	0.2	0.15902098941598058	0.1	0.071
3	['Ir', 'Pd', 'Pt', 'Rh', 'Ru']	11	[0.084 0.575 0.085 0.018 0.238]	[ 0.062 -0.078  0.075  0.032 -0.091]	0.63	1.11	1.0	1.76	0.08	0.11	0.02	0.13	0.54	0.19	0.2	0.15817738339373472	0.114	0.071
4	['Ir', 'Pd', 'Pt', 'Rh', 'Ru']	11	[0.234 0.518 0.014 0.069 0.165]	[ 0.117 -0.063 -0.024  0.089 -0.119]	0.63	1.11	1.0	1.76	0.08	0.11	0.02	0.13	0.54	0.19	0.2	0.14114338436522625	0.194	0.071
0	['Ir', 'Pd', 'Pt', 'Rh', 'Ru']	12	[0.097 0.587 0.041 0.016 0.259]	[ 0.06  -0.06   0.04   0.014 -0.054]	0.63	1.11	1.0	1.76	0.08	0.11	0.02	0.13	0.54	0.19	0.2	0.16090313814255433	0.077	0.071
1	['Ir', 'Pd', 'Pt', 'Rh', 'Ru']	12	[0.044 0.623 0.004 0.029 0.3  ]	[-0.029 -0.026 -0.034  0.045  0.044]	0.63	1.11	1.0	1.76	0.08	0.11	0.02	0.13	0.54	0.19	0.2	0.16284290513595961	0.094	0.071
2	['Ir', 'Pd', 'Pt', 'Rh', 'Ru']	12	[0.02  0.579 0.014 0.041 0.346]	[-0.09  -0.059 -0.019  0.055  0.113]	0.63	1.11	1.0	1.76	0.08	0.11	0.02	0.13	0.54	0.19	0.2	0.16308109995366074	0.098	0.071
3	['Ir', 'Pd', 'Pt', 'Rh', 'Ru']	12	[0.    0.658 0.015 0.01  0.317]	[-0.165  0.063  0.069 -0.027  0.06 ]	0.63	1.11	1.0	1.76	0.08	0.11	0.02	0.13	0.54	0.19	0.2	0.14592804567808054	0.154	0.071
4	['Ir', 'Pd', 'Pt', 'Rh', 'Ru']	12	[0.085 0.61  0.022 0.03  0.253]	[-0.149  0.092  0.008 -0.039  0.088]	0.63	1.11	1.0	1.76	0.08	0.11	0.02	0.13	0.54	0.19	0.2	0.15819004127736142	0.083	0.071
0	['Ir', 'Pd', 'Pt', 'Rh', 'Ru']	13	[0.042 0.568 0.012 0.02  0.358]	[ 0.115 -0.062 -0.115 -0.032  0.093]	0.63	1.11	1.0	1.76	0.08	0.11	0.02	0.13	0.54	0.19	0.2	0.1657756344792267	0.09	0.071
1	['Ir', 'Pd', 'Pt', 'Rh', 'Ru']	13	[0.078 0.482 0.044 0.016 0.38 ]	[ 0.034 -0.14   0.04  -0.013  0.08 ]	0.63	1.11	1.0	1.76	0.08	0.11	0.02	0.13	0.54	0.19	0.2	0.15939602026562696	0.121	0.071
2	['Ir', 'Pd', 'Pt', 'Rh', 'Ru']	13	[0.034 0.594 0.023 0.005 0.344]	[ 0.014  0.015  0.027 -0.048 -0.007]	0.63	1.11	1.0	1.76	0.08	0.11	0.02	0.13	0.54	0.19	0.2	0.1638619882537748	0.104	0.071
3	['Ir', 'Pd', 'Pt', 'Rh', 'Ru']	13	[0.038 0.493 0.114 0.035 0.32 ]	[ 0.038 -0.167  0.1    0.027  0.002]	0.63	1.11	1.0	1.76	0.08	0.11	0.02	0.13	0.54	0.19	0.2	0.15895093359131818	0.144	0.071
4	['Ir', 'Pd', 'Pt', 'Rh', 'Ru']	13	[0.035 0.604 0.004 0.006 0.351]	[ 0.105 -0.067 -0.104 -0.043  0.11 ]	0.63	1.11	1.0	1.76	0.08	0.11	0.02	0.13	0.54	0.19	0.2	0.1630807070924915	0.108	0.071
0	['Ir', 'Pd', 'Pt', 'Rh', 'Ru']	14	[0.063 0.597 0.041 0.001 0.298]	[ 0.029  0.042  0.036  0.004 -0.111]	0.63	1.11	1.0	1.76	0.08	0.11	0.02	0.13	0.54	0.19	0.2	0.1654410240458953	0.088	0.071
1	['Ir', 'Pd', 'Pt', 'Rh', 'Ru']	14	[0.06  0.651 0.004 0.002 0.283]	[-0.018  0.169 -0.04  -0.014 -0.097]	0.63	1.11	1.0	1.76	0.08	0.11	0.02	0.13	0.54	0.19	0.2	0.15551149663925232	0.12	0.071
2	['Ir', 'Pd', 'Pt', 'Rh', 'Ru']	14	[0.177 0.548 0.064 0.079 0.132]	[ 0.353  0.119  0.134 -0.031 -0.576]	0.63	1.11	1.0	1.76	0.08	0.11	0.02	0.13	0.54	0.19	0.2	0.1441857595527995	0.198	0.071
3	['Ir', 'Pd', 'Pt', 'Rh', 'Ru']	14	[0.01  0.651 0.006 0.015 0.318]	[-0.041  0.149 -0.123  0.031 -0.015]	0.63	1.11	1.0	1.76	0.08	0.11	0.02	0.13	0.54	0.19	0.2	0.14948344979587413	0.141	0.071
4	['Ir', 'Pd', 'Pt', 'Rh', 'Ru']	14	[0.14  0.557 0.026 0.003 0.274]	[ 0.115 -0.048  0.016 -0.004 -0.08 ]	0.63	1.11	1.0	1.76	0.08	0.11	0.02	0.13	0.54	0.19	0.2	0.16212261716373305	0.072	0.071
0	['Ir', 'Pd', 'Pt', 'Rh', 'Ru']	15	[0.002 0.655 0.003 0.015 0.325]	[-0.087  0.046  0.029 -0.001  0.013]	0.63	1.11	1.0	1.76	0.08	0.11	0.02	0.13	0.54	0.19	0.2	0.14500308065393072	0.15	0.071
1	['Ir', 'Pd', 'Pt', 'Rh', 'Ru']	15	[0.064 0.563 0.064 0.001 0.308]	[ 0.004 -0.088  0.06  -0.001  0.025]	0.63	1.11	1.0	1.76	0.08	0.11	0.02	0.13	0.54	0.19	0.2	0.1655657567901479	0.09	0.071
2	['Ir', 'Pd', 'Pt', 'Rh', 'Ru']	15	[0.087 0.637 0.021 0.024 0.231]	[-0.134  0.067 -0.081  0.07   0.079]	0.63	1.11	1.0	1.76	0.08	0.11	0.02	0.13	0.54	0.19	0.2	0.15354975396159054	0.117	0.071
3	['Ir', 'Pd', 'Pt', 'Rh', 'Ru']	15	[0.074 0.64  0.006 0.082 0.198]	[ 0.077 -0.01   0.003  0.068 -0.137]	0.63	1.11	1.0	1.76	0.08	0.11	0.02	0.13	0.54	0.19	0.2	0.15055116657137219	0.142	0.071
4	['Ir', 'Pd', 'Pt', 'Rh', 'Ru']	15	[0.008 0.481 0.074 0.052 0.385]	[-0.132 -0.075  0.048  0.049  0.111]	0.63	1.11	1.0	1.76	0.08	0.11	0.02	0.13	0.54	0.19	0.2	0.15784187852454443	0.161	0.071
0	['Ir', 'Pd', 'Pt', 'Rh', 'Ru']	16	[0.08  0.497 0.094 0.007 0.322]	[ 0.073 -0.165  0.086  0.013 -0.008]	0.63	1.11	1.0	1.76	0.08	0.11	0.02	0.13	0.54	0.19	0.2	0.1589925087204886	0.12	0.071
1	['Ir', 'Pd', 'Pt', 'Rh', 'Ru']	16	[0.086 0.587 0.005 0.018 0.304]	[-0.004 -0.004  0.065 -0.012 -0.045]	0.63	1.11	1.0	1.76	0.08	0.11	0.02	0.13	0.54	0.19	0.2	0.16798749948423042	0.051	0.071
2	['Ir', 'Pd', 'Pt', 'Rh', 'Ru']	16	[0.001 0.587 0.002 0.008 0.402]	[ 0.058 -0.091 -0.059 -0.055  0.148]	0.63	1.11	1.0	1.76	0.08	0.11	0.02	0.13	0.54	0.19	0.2	0.155422035195074	0.153	0.071
3	['Ir', 'Pd', 'Pt', 'Rh', 'Ru']	16	[0.004 0.507 0.027 0.182 0.28 ]	[-0.07  -0.134  0.021  0.1    0.082]	0.63	1.11	1.0	1.76	0.08	0.11	0.02	0.13	0.54	0.19	0.2	0.15076655313446682	0.172	0.071
4	['Ir', 'Pd', 'Pt', 'Rh', 'Ru']	16	[0.012 0.575 0.007 0.022 0.384]	[-0.133  0.122  0.037  0.039 -0.066]	0.63	1.11	1.0	1.76	0.08	0.11	0.02	0.13	0.54	0.19	0.2	0.1613939814002637	0.128	0.071
0	['Ir', 'Pd', 'Pt', 'Rh', 'Ru']	17	[0.037 0.608 0.043 0.009 0.303]	[-0.093  0.108  0.11  -0.063 -0.062]	0.63	1.11	1.0	1.76	0.08	0.11	0.02	0.13	0.54	0.19	0.2	0.16507947619425045	0.104	0.071
1	['Ir', 'Pd', 'Pt', 'Rh', 'Ru']	17	[0.084 0.573 0.027 0.024 0.292]	[-0.01  -0.025  0.024  0.035 -0.024]	0.63	1.11	1.0	1.76	0.08	0.11	0.02	0.13	0.54	0.19	0.2	0.16909771610780966	0.047	0.071
2	['Ir', 'Pd', 'Pt', 'Rh', 'Ru']	17	[0.142 0.563 0.016 0.007 0.272]	[ 0.146 -0.023  0.006  0.006 -0.134]	0.63	1.11	1.0	1.76	0.08	0.11	0.02	0.13	0.54	0.19	0.2	0.16393562125639166	0.069	0.071
3	['Ir', 'Pd', 'Pt', 'Rh', 'Ru']	17	[0.094 0.452 0.063 0.035 0.356]	[ 0.09  -0.055  0.036 -0.147  0.076]	0.63	1.11	1.0	1.76	0.08	0.11	0.02	0.13	0.54	0.19	0.2	0.15258768378452514	0.13	0.071
4	['Ir', 'Pd', 'Pt', 'Rh', 'Ru']	17	[0.083 0.676 0.011 0.002 0.228]	[ 0.071  0.101  0.004 -0.02  -0.156]	0.63	1.11	1.0	1.76	0.08	0.11	0.02	0.13	0.54	0.19	0.2	0.14512503581727113	0.154	0.071
0	['Ir', 'Pd', 'Pt', 'Rh', 'Ru']	18	[0.047 0.583 0.037 0.005 0.328]	[ 0.01  -0.025 -0.006 -0.004  0.025]	0.63	1.11	1.0	1.76	0.08	0.11	0.02	0.13	0.54	0.19	0.2	0.16684447586432588	0.09	0.071
1	['Ir', 'Pd', 'Pt', 'Rh', 'Ru']	18	[0.234 0.58  0.105 0.061 0.02 ]	[ 0.416 -0.55   0.007  0.121  0.007]	0.63	1.11	1.0	1.76	0.08	0.11	0.02	0.13	0.54	0.19	0.2	0.10862506894155882	0.329	0.071
2	['Ir', 'Pd', 'Pt', 'Rh', 'Ru']	18	[0.087 0.6   0.008 0.038 0.267]	[-0.055  0.038 -0.008  0.031 -0.005]	0.63	1.11	1.0	1.76	0.08	0.11	0.02	0.13	0.54	0.19	0.2	0.16316944897183014	0.063	0.071
3	['Ir', 'Pd', 'Pt', 'Rh', 'Ru']	18	[0.043 0.6   0.01  0.089 0.258]	[-0.051  0.148 -0.053  0.054 -0.098]	0.63	1.11	1.0	1.76	0.08	0.11	0.02	0.13	0.54	0.19	0.2	0.15721670634014828	0.096	0.071
4	['Ir', 'Pd', 'Pt', 'Rh', 'Ru']	18	[0.136 0.548 0.093 0.083 0.14 ]	[ 0.053 -0.128  0.082  0.081 -0.088]	0.63	1.11	1.0	1.76	0.08	0.11	0.02	0.13	0.54	0.19	0.2	0.14498201524005164	0.191	0.071
0	['Ir', 'Pd', 'Pt', 'Rh', 'Ru']	19	[0.03  0.464 0.263 0.14  0.103]	[-0.236  0.157  0.514 -0.378 -0.057]	0.63	1.11	1.0	1.76	0.08	0.11	0.02	0.13	0.54	0.19	0.2	0.12872882157686893	0.358	0.071
1	['Ir', 'Pd', 'Pt', 'Rh', 'Ru']	19	[0.186 0.523 0.069 0.069 0.153]	[-0.066 -0.077 -0.045  0.023  0.165]	0.63	1.11	1.0	1.76	0.08	0.11	0.02	0.13	0.54	0.19	0.2	0.1436273691833812	0.187	0.071
2	['Ir', 'Pd', 'Pt', 'Rh', 'Ru']	19	[0.021 0.53  0.009 0.05  0.39 ]	[-0.079 -0.083 -0.03   0.061  0.131]	0.63	1.11	1.0	1.76	0.08	0.11	0.02	0.13	0.54	0.19	0.2	0.16459890877619693	0.122	0.071
3	['Ir', 'Pd', 'Pt', 'Rh', 'Ru']	19	[0.044 0.517 0.003 0.21  0.226]	[ 0.059 -0.118 -0.023  0.138 -0.055]	0.63	1.11	1.0	1.76	0.08	0.11	0.02	0.13	0.54	0.19	0.2	0.15004629205433043	0.188	0.071
4	['Ir', 'Pd', 'Pt', 'Rh', 'Ru']	19	[0.058 0.579 0.037 0.024 0.302]	[-0.078  0.031 -0.056 -0.059  0.162]	0.63	1.11	1.0	1.76	0.08	0.11	0.02	0.13	0.54	0.19	0.2	0.16541060346176828	0.068	0.071
0	['Ir', 'Pd', 'Pt', 'Rh', 'Ru']	20	[0.022 0.55  0.183 0.027 0.218]	[-0.008  0.087 -0.08  -0.113  0.115]	0.63	1.11	1.0	1.76	0.08	0.11	0.02	0.13	0.54	0.19	0.2	0.15231175372653097	0.216	0.071
1	['Ir', 'Pd', 'Pt', 'Rh', 'Ru']	20	[0.085 0.556 0.022 0.027 0.31 ]	[-0.101  0.034 -0.047 -0.042  0.157]	0.63	1.11	1.0	1.76	0.08	0.11	0.02	0.13	0.54	0.19	0.2	0.16866613130624933	0.037	0.071
2	['Ir', 'Pd', 'Pt', 'Rh', 'Ru']	20	[0.096 0.628 0.016 0.002 0.258]	[ 0.06   0.085 -0.005  0.025 -0.165]	0.63	1.11	1.0	1.76	0.08	0.11	0.02	0.13	0.54	0.19	0.2	0.15819689885764096	0.102	0.071
3	['Ir', 'Pd', 'Pt', 'Rh', 'Ru']	20	[0.07  0.574 0.031 0.034 0.291]	[ 0.026  0.057  0.028 -0.176  0.065]	0.63	1.11	1.0	1.76	0.08	0.11	0.02	0.13	0.54	0.19	0.2	0.16564727194305684	0.053	0.071
4	['Ir', 'Pd', 'Pt', 'Rh', 'Ru']	20	[0.015 0.611 0.02  0.023 0.331]	[-0.131  0.036  0.045  0.02   0.029]	0.63	1.11	1.0	1.76	0.08	0.11	0.02	0.13	0.54	0.19	0.2	0.1578547266125607	0.114	0.071
0	['Ir', 'Pd', 'Pt', 'Rh', 'Ru']	21	[0.106 0.649 0.047 0.046 0.152]	[ 0.084  0.099 -0.136  0.019 -0.066]	0.63	1.11	1.0	1.76	0.08	0.11	0.02	0.13	0.54	0.19	0.2	0.1393739827939432	0.184	0.071
1	['Ir', 'Pd', 'Pt', 'Rh', 'Ru']	21	[0.01  0.597 0.002 0.017 0.374]	[-0.112  0.031  0.001  0.02   0.06 ]	0.63	1.11	1.0	1.76	0.08	0.11	0.02	0.13	0.54	0.19	0.2	0.15739263891352087	0.13	0.071
2	['Ir', 'Pd', 'Pt', 'Rh', 'Ru']	21	[0.046 0.501 0.012 0.05  0.391]	[-0.041 -0.12  -0.024  0.036  0.149]	0.63	1.11	1.0	1.76	0.08	0.11	0.02	0.13	0.54	0.19	0.2	0.16071527642568922	0.117	0.071
3	['Ir', 'Pd', 'Pt', 'Rh', 'Ru']	21	[0.074 0.475 0.021 0.11  0.32 ]	[ 0.017 -0.124 -0.073  0.127  0.053]	0.63	1.11	1.0	1.76	0.08	0.11	0.02	0.13	0.54	0.19	0.2	0.16025128261935792	0.104	0.071
4	['Ir', 'Pd', 'Pt', 'Rh', 'Ru']	21	[0.158 0.544 0.059 0.024 0.215]	[ 0.143 -0.068  0.039  0.001 -0.116]	0.63	1.11	1.0	1.76	0.08	0.11	0.02	0.13	0.54	0.19	0.2	0.15391368334311697	0.122	0.071
0	['Ir', 'Pd', 'Pt', 'Rh', 'Ru']	22	[0.062 0.585 0.001 0.024 0.328]	[-0.065 -0.083  0.029 -0.042  0.161]	0.63	1.11	1.0	1.76	0.08	0.11	0.02	0.13	0.54	0.19	0.2	0.16609792294903292	0.064	0.071
1	['Ir', 'Pd', 'Pt', 'Rh', 'Ru']	22	[0.105 0.429 0.023 0.016 0.427]	[ 0.095 -0.167  0.021 -0.001  0.053]	0.63	1.11	1.0	1.76	0.08	0.11	0.02	0.13	0.54	0.19	0.2	0.14393184697461772	0.18	0.071
2	['Ir', 'Pd', 'Pt', 'Rh', 'Ru']	22	[0.035 0.585 0.026 0.002 0.352]	[-0.012  0.087  0.024 -0.058 -0.042]	0.63	1.11	1.0	1.76	0.08	0.11	0.02	0.13	0.54	0.19	0.2	0.16245595697472748	0.106	0.071
3	['Ir', 'Pd', 'Pt', 'Rh', 'Ru']	22	[0.075 0.614 0.004 0.021 0.286]	[-0.05   0.118 -0.072  0.097 -0.093]	0.63	1.11	1.0	1.76	0.08	0.11	0.02	0.13	0.54	0.19	0.2	0.16113847268799836	0.076	0.071
4	['Ir', 'Pd', 'Pt', 'Rh', 'Ru']	22	[0.19  0.467 0.045 0.001 0.297]	[ 0.013 -0.157  0.079 -0.025  0.091]	0.63	1.11	1.0	1.76	0.08	0.11	0.02	0.13	0.54	0.19	0.2	0.14528996083301873	0.139	0.071
0	['Ir', 'Pd', 'Pt', 'Rh', 'Ru']	23	[0.    0.549 0.068 0.03  0.353]	[ 0.046 -0.124  0.075  0.011 -0.007]	0.63	1.11	1.0	1.76	0.08	0.11	0.02	0.13	0.54	0.19	0.2	0.16502375746302184	0.134	0.071
1	['Ir', 'Pd', 'Pt', 'Rh', 'Ru']	23	[0.094 0.576 0.025 0.013 0.292]	[-0.011  0.147  0.002 -0.003 -0.135]	0.63	1.11	1.0	1.76	0.08	0.11	0.02	0.13	0.54	0.19	0.2	0.16730219106861724	0.053	0.071
2	['Ir', 'Pd', 'Pt', 'Rh', 'Ru']	23	[0.114 0.612 0.009 0.018 0.247]	[ 0.083  0.024  0.02  -0.001 -0.126]	0.63	1.11	1.0	1.76	0.08	0.11	0.02	0.13	0.54	0.19	0.2	0.15770701518388613	0.089	0.071
3	['Ir', 'Pd', 'Pt', 'Rh', 'Ru']	23	[0.04  0.62  0.019 0.027 0.294]	[-0.035  0.006  0.015  0.006  0.008]	0.63	1.11	1.0	1.76	0.08	0.11	0.02	0.13	0.54	0.19	0.2	0.16033875439276496	0.097	0.071
4	['Ir', 'Pd', 'Pt', 'Rh', 'Ru']	23	[0.041 0.597 0.034 0.019 0.309]	[-0.149  0.131 -0.011  0.018  0.012]	0.63	1.11	1.0	1.76	0.08	0.11	0.02	0.13	0.54	0.19	0.2	0.1657581596789311	0.089	0.071
0	['Ir', 'Pd', 'Pt', 'Rh', 'Ru']	24	[0.146 0.587 0.004 0.014 0.249]	[ 0.138  0.028 -0.076  0.027 -0.117]	0.63	1.11	1.0	1.76	0.08	0.11	0.02	0.13	0.54	0.19	0.2	0.16231512967103584	0.086	0.071
1	['Ir', 'Pd', 'Pt', 'Rh', 'Ru']	24	[0.06  0.647 0.032 0.026 0.235]	[-0.034  0.071  0.007  0.013 -0.057]	0.63	1.11	1.0	1.76	0.08	0.11	0.02	0.13	0.54	0.19	0.2	0.15115361380822998	0.13	0.071
2	['Ir', 'Pd', 'Pt', 'Rh', 'Ru']	24	[0.03  0.516 0.021 0.033 0.4  ]	[-0.084 -0.096  0.012  0.015  0.153]	0.63	1.11	1.0	1.76	0.08	0.11	0.02	0.13	0.54	0.19	0.2	0.16244836640747626	0.13	0.071
3	['Ir', 'Pd', 'Pt', 'Rh', 'Ru']	24	[0.407 0.109 0.04  0.158 0.286]	[ 0.438 -0.53  -0.05   0.119  0.023]	0.63	1.11	1.0	1.76	0.08	0.11	0.02	0.13	0.54	0.19	0.2	0.01865538634033421	0.55	0.071
4	['Ir', 'Pd', 'Pt', 'Rh', 'Ru']	24	[0.067 0.669 0.007 0.015 0.242]	[ 0.026  0.072 -0.027 -0.004 -0.067]	0.63	1.11	1.0	1.76	0.08	0.11	0.02	0.13	0.54	0.19	0.2	0.14648631931508177	0.141	0.071
0	['Ir', 'Pd', 'Pt', 'Rh', 'Ru']	25	[0.011 0.595 0.016 0.012 0.366]	[ 0.132 -0.072 -0.062 -0.082  0.084]	0.63	1.11	1.0	1.76	0.08	0.11	0.02	0.13	0.54	0.19	0.2	0.1590815444679864	0.126	0.071
1	['Ir', 'Pd', 'Pt', 'Rh', 'Ru']	25	[0.047 0.529 0.017 0.013 0.394]	[-0.013 -0.119 -0.015 -0.013  0.159]	0.63	1.11	1.0	1.76	0.08	0.11	0.02	0.13	0.54	0.19	0.2	0.16615361015691824	0.117	0.071
2	['Ir', 'Pd', 'Pt', 'Rh', 'Ru']	25	[0.007 0.639 0.019 0.005 0.33 ]	[-0.031  0.12   0.025 -0.036 -0.078]	0.63	1.11	1.0	1.76	0.08	0.11	0.02	0.13	0.54	0.19	0.2	0.15241769531733754	0.141	0.071
3	['Ir', 'Pd', 'Pt', 'Rh', 'Ru']	25	[0.296 0.265 0.031 0.104 0.304]	[-0.111  0.156 -0.009 -0.054  0.019]	0.63	1.11	1.0	1.76	0.08	0.11	0.02	0.13	0.54	0.19	0.2	0.071744977409463	0.351	0.071
4	['Ir', 'Pd', 'Pt', 'Rh', 'Ru']	25	[0.034 0.531 0.039 0.016 0.38 ]	[-0.033 -0.138  0.032  0.001  0.138]	0.63	1.11	1.0	1.76	0.08	0.11	0.02	0.13	0.54	0.19	0.2	0.16723253067873214	0.117	0.071
0	['Ir', 'Pd', 'Pt', 'Rh', 'Ru']	26	[0.155 0.504 0.014 0.047 0.28 ]	[ 0.149 -0.093 -0.003  0.037 -0.089]	0.63	1.11	1.0	1.76	0.08	0.11	0.02	0.13	0.54	0.19	0.2	0.1573379008970834	0.076	0.071
1	['Ir', 'Pd', 'Pt', 'Rh', 'Ru']	26	[0.015 0.623 0.078 0.037 0.247]	[-0.032  0.095  0.061  0.024 -0.147]	0.63	1.11	1.0	1.76	0.08	0.11	0.02	0.13	0.54	0.19	0.2	0.15414806292820976	0.147	0.071
2	['Ir', 'Pd', 'Pt', 'Rh', 'Ru']	26	[0.114 0.475 0.015 0.041 0.355]	[ 0.107 -0.163 -0.004  0.036  0.025]	0.63	1.11	1.0	1.76	0.08	0.11	0.02	0.13	0.54	0.19	0.2	0.1555446367720264	0.096	0.071
3	['Ir', 'Pd', 'Pt', 'Rh', 'Ru']	26	[0.182 0.42  0.03  0.054 0.314]	[-0.114  0.156 -0.001 -0.05   0.01 ]	0.63	1.11	1.0	1.76	0.08	0.11	0.02	0.13	0.54	0.19	0.2	0.13844721863753115	0.157	0.071
4	['Ir', 'Pd', 'Pt', 'Rh', 'Ru']	26	[0.071 0.595 0.038 0.003 0.293]	[ 0.037  0.064 -0.001 -0.013 -0.087]	0.63	1.11	1.0	1.76	0.08	0.11	0.02	0.13	0.54	0.19	0.2	0.16566243654113488	0.081	0.071
0	['Ir', 'Pd', 'Pt', 'Rh', 'Ru']	27	[0.019 0.632 0.042 0.01  0.297]	[-0.159  0.115  0.01   0.035 -0.001]	0.63	1.11	1.0	1.76	0.08	0.11	0.02	0.13	0.54	0.19	0.2	0.155534320158159	0.129	0.071
1	['Ir', 'Pd', 'Pt', 'Rh', 'Ru']	27	[0.143 0.546 0.011 0.004 0.296]	[ 0.112 -0.158  0.049 -0.011  0.008]	0.63	1.11	1.0	1.76	0.08	0.11	0.02	0.13	0.54	0.19	0.2	0.16458830742343789	0.064	0.071
2	['Ir', 'Pd', 'Pt', 'Rh', 'Ru']	27	[0.03  0.645 0.018 0.006 0.301]	[-0.084  0.17   0.003 -0.035 -0.054]	0.63	1.11	1.0	1.76	0.08	0.11	0.02	0.13	0.54	0.19	0.2	0.15596507373396912	0.127	0.071
3	['Ir', 'Pd', 'Pt', 'Rh', 'Ru']	27	[0.212 0.524 0.009 0.037 0.218]	[ 0.011  0.107 -0.019  0.059 -0.157]	0.63	1.11	1.0	1.76	0.08	0.11	0.02	0.13	0.54	0.19	0.2	0.15247538193625954	0.142	0.071
4	['Ir', 'Pd', 'Pt', 'Rh', 'Ru']	27	[0.066 0.599 0.019 0.021 0.295]	[-0.005  0.004 -0.019  0.018  0.002]	0.63	1.11	1.0	1.76	0.08	0.11	0.02	0.13	0.54	0.19	0.2	0.16662557872698672	0.069	0.071
0	['Ir', 'Pd', 'Pt', 'Rh', 'Ru']	28	[0.025 0.582 0.004 0.038 0.351]	[-0.011 -0.075  0.031  0.013  0.042]	0.63	1.11	1.0	1.76	0.08	0.11	0.02	0.13	0.54	0.19	0.2	0.1613517274756607	0.097	0.071
1	['Ir', 'Pd', 'Pt', 'Rh', 'Ru']	28	[0.031 0.553 0.076 0.034 0.306]	[ 0.166 -0.076  0.018 -0.038 -0.07 ]	0.63	1.11	1.0	1.76	0.08	0.11	0.02	0.13	0.54	0.19	0.2	0.16391555198088165	0.104	0.071
2	['Ir', 'Pd', 'Pt', 'Rh', 'Ru']	28	[0.063 0.504 0.016 0.045 0.372]	[ 0.028 -0.149  0.021  0.034  0.066]	0.63	1.11	1.0	1.76	0.08	0.11	0.02	0.13	0.54	0.19	0.2	0.1643509966096486	0.095	0.071
3	['Ir', 'Pd', 'Pt', 'Rh', 'Ru']	28	[0.055 0.627 0.024 0.012 0.282]	[-0.157  0.103  0.015 -0.025  0.064]	0.63	1.11	1.0	1.76	0.08	0.11	0.02	0.13	0.54	0.19	0.2	0.1594351210824985	0.101	0.071
4	['Ir', 'Pd', 'Pt', 'Rh', 'Ru']	28	[0.073 0.09  0.117 0.008 0.712]	[ 0.076 -0.549  0.085 -0.029  0.418]	0.63	1.11	1.0	1.76	0.08	0.11	0.02	0.13	0.54	0.19	0.2	0.012604550097238834	0.63	0.071
0	['Ir', 'Pd', 'Pt', 'Rh', 'Ru']	29	[0.048 0.467 0.027 0.07  0.388]	[ 0.018 -0.148  0.018  0.078  0.035]	0.63	1.11	1.0	1.76	0.08	0.11	0.02	0.13	0.54	0.19	0.2	0.1543515249157239	0.136	0.071
1	['Ir', 'Pd', 'Pt', 'Rh', 'Ru']	29	[0.098 0.567 0.038 0.006 0.291]	[ 0.119  0.044 -0.154 -0.013  0.005]	0.63	1.11	1.0	1.76	0.08	0.11	0.02	0.13	0.54	0.19	0.2	0.16660145776460258	0.061	0.071
2	['Ir', 'Pd', 'Pt', 'Rh', 'Ru']	29	[0.062 0.632 0.013 0.015 0.278]	[-0.007  0.124  0.018 -0.035 -0.1  ]	0.63	1.11	1.0	1.76	0.08	0.11	0.02	0.13	0.54	0.19	0.2	0.15789698957688036	0.1	0.071
3	['Ir', 'Pd', 'Pt', 'Rh', 'Ru']	29	[0.028 0.53  0.024 0.004 0.414]	[-0.032 -0.102 -0.004  0.01   0.128]	0.63	1.11	1.0	1.76	0.08	0.11	0.02	0.13	0.54	0.19	0.2	0.163388563362093	0.146	0.071
4	['Ir', 'Pd', 'Pt', 'Rh', 'Ru']	29	[0.075 0.242 0.086 0.012 0.585]	[ 0.002  0.152 -0.031  0.004 -0.127]	0.63	1.11	1.0	1.76	0.08	0.11	0.02	0.13	0.54	0.19	0.2	0.06900551153870009	0.431	0.071
0	['Ir', 'Pd', 'Pt', 'Rh', 'Ru']	30	[0.037 0.624 0.045 0.012 0.282]	[-0.011  0.158  0.018 -0.058 -0.106]	0.63	1.11	1.0	1.76	0.08	0.11	0.02	0.13	0.54	0.19	0.2	0.15923410805169233	0.115	0.071
1	['Ir', 'Pd', 'Pt', 'Rh', 'Ru']	30	[0.083 0.579 0.088 0.018 0.232]	[-0.019  0.026  0.124 -0.045 -0.086]	0.63	1.11	1.0	1.76	0.08	0.11	0.02	0.13	0.54	0.19	0.2	0.15677726584927634	0.121	0.071
2	['Ir', 'Pd', 'Pt', 'Rh', 'Ru']	30	[0.084 0.516 0.018 0.019 0.363]	[ 0.022 -0.116  0.005  0.004  0.085]	0.63	1.11	1.0	1.76	0.08	0.11	0.02	0.13	0.54	0.19	0.2	0.16543495240177575	0.082	0.071
3	['Ir', 'Pd', 'Pt', 'Rh', 'Ru']	30	[0.11  0.608 0.031 0.002 0.249]	[ 0.082  0.078  0.007 -0.002 -0.165]	0.63	1.11	1.0	1.76	0.08	0.11	0.02	0.13	0.54	0.19	0.2	0.15894707745482273	0.097	0.071
4	['Ir', 'Pd', 'Pt', 'Rh', 'Ru']	30	[0.077 0.392 0.062 0.014 0.455]	[ 0.002  0.15  -0.024  0.002 -0.13 ]	0.63	1.11	1.0	1.76	0.08	0.11	0.02	0.13	0.54	0.19	0.2	0.12692034956801274	0.234	0.071
