ID	Elements	Generation	Position	Velocity	F_damp	F_b_best	F_h_best	F_g_best	F_b_worst	F_h_worst	F_g_worst	mut_prob	flip_prob	mut_rate	v_max	Activity	Distance	v_min
0	['Ir', 'Pd', 'Pt', 'Rh', 'Ru']	0	[0.8  0.05 0.05 0.05 0.05]	[-0.179  0.045  0.045  0.045  0.045]	0.74	1.67	1.76	0.42	0.02	0.05	0.01	0.11	0.82	0.37	0.2	0.009720244224210991	0.897	0.071
1	['Ir', 'Pd', 'Pt', 'Rh', 'Ru']	0	[0.05 0.8  0.05 0.05 0.05]	[ 0.045 -0.179  0.045  0.045  0.045]	0.74	1.67	1.76	0.42	0.02	0.05	0.01	0.11	0.82	0.37	0.2	0.0893487361025907	0.361	0.071
2	['Ir', 'Pd', 'Pt', 'Rh', 'Ru']	0	[0.05 0.05 0.8  0.05 0.05]	[ 0.045  0.045 -0.179  0.045  0.045]	0.74	1.67	1.76	0.42	0.02	0.05	0.01	0.11	0.82	0.37	0.2	0.07213216891773018	0.977	0.071
3	['Ir', 'Pd', 'Pt', 'Rh', 'Ru']	0	[0.05 0.05 0.05 0.8  0.05]	[ 0.045  0.045  0.045 -0.179  0.045]	0.74	1.67	1.76	0.42	0.02	0.05	0.01	0.11	0.82	0.37	0.2	0.001931275295651623	0.938	0.071
4	['Ir', 'Pd', 'Pt', 'Rh', 'Ru']	0	[0.05 0.05 0.05 0.05 0.8 ]	[ 0.045  0.045  0.045  0.045 -0.179]	0.74	1.67	1.76	0.42	0.02	0.05	0.01	0.11	0.82	0.37	0.2	0.0030504979582336787	0.711	0.071
0	['Ir', 'Pd', 'Pt', 'Rh', 'Ru']	1	[0.656 0.189 0.053 0.049 0.053]	[-0.144  0.139  0.003 -0.001  0.003]	0.74	1.67	1.76	0.42	0.02	0.05	0.01	0.11	0.82	0.37	0.2	0.02286902828835366	0.709	0.071
1	['Ir', 'Pd', 'Pt', 'Rh', 'Ru']	1	[0.083 0.713 0.083 0.038 0.083]	[ 0.033 -0.088  0.033 -0.012  0.033]	0.74	1.67	1.76	0.42	0.02	0.05	0.01	0.11	0.82	0.37	0.2	0.11544669831562032	0.285	0.071
2	['Ir', 'Pd', 'Pt', 'Rh', 'Ru']	1	[0.053 0.189 0.656 0.049 0.053]	[ 0.003  0.139 -0.144 -0.001  0.003]	0.74	1.67	1.76	0.42	0.02	0.05	0.01	0.11	0.82	0.37	0.2	0.06072087736658209	0.79	0.071
3	['Ir', 'Pd', 'Pt', 'Rh', 'Ru']	1	[0.111 0.018 0.111 0.649 0.111]	[ 0.045  0.043  0.045 -0.178  0.045]	0.74	1.67	1.76	0.42	0.02	0.05	0.01	0.11	0.82	0.37	0.2	0.00432189287416703	0.831	0.071
4	['Ir', 'Pd', 'Pt', 'Rh', 'Ru']	1	[0.053 0.189 0.053 0.049 0.656]	[ 0.003  0.139  0.003 -0.001 -0.144]	0.74	1.67	1.76	0.42	0.02	0.05	0.01	0.11	0.82	0.37	0.2	0.043108294097951694	0.512	0.071
0	['Ir', 'Pd', 'Pt', 'Rh', 'Ru']	2	[0.744 0.236 0.005 0.01  0.005]	[ 0.166  0.006 -0.078 -0.014 -0.078]	0.74	1.67	1.76	0.42	0.02	0.05	0.01	0.11	0.82	0.37	0.2	0.01625757862349714	0.776	0.071
1	['Ir', 'Pd', 'Pt', 'Rh', 'Ru']	2	[0.103 0.682 0.103 0.009 0.103]	[ 0.007 -0.056  0.007  0.036  0.007]	0.74	1.67	1.76	0.42	0.02	0.05	0.01	0.11	0.82	0.37	0.2	0.12217043523171933	0.262	0.071
2	['Ir', 'Pd', 'Pt', 'Rh', 'Ru']	2	[0.061 0.326 0.511 0.041 0.061]	[ 0.008  0.137 -0.145 -0.008  0.008]	0.74	1.67	1.76	0.42	0.02	0.05	0.01	0.11	0.82	0.37	0.2	0.08100764299507705	0.608	0.071
3	['Ir', 'Pd', 'Pt', 'Rh', 'Ru']	2	[0.108 0.162 0.113 0.509 0.108]	[-0.003  0.144  0.002 -0.139 -0.003]	0.74	1.67	1.76	0.42	0.02	0.05	0.01	0.11	0.82	0.37	0.2	0.0353245448849184	0.641	0.071
4	['Ir', 'Pd', 'Pt', 'Rh', 'Ru']	2	[0.06  0.326 0.06  0.042 0.512]	[ 0.007  0.137  0.007 -0.007 -0.145]	0.74	1.67	1.76	0.42	0.02	0.05	0.01	0.11	0.82	0.37	0.2	0.10506118697102548	0.317	0.071
0	['Ir', 'Pd', 'Pt', 'Rh', 'Ru']	3	[0.579 0.342 0.032 0.015 0.032]	[-0.165  0.106  0.027  0.005  0.027]	0.74	1.67	1.76	0.42	0.02	0.05	0.01	0.11	0.82	0.37	0.2	0.04675564882405541	0.589	0.071
1	['Ir', 'Pd', 'Pt', 'Rh', 'Ru']	3	[0.541 0.152 0.085 0.137 0.085]	[ 0.438 -0.53  -0.018  0.128 -0.018]	0.74	1.67	1.76	0.42	0.02	0.05	0.01	0.11	0.82	0.37	0.2	0.027681009633825658	0.643	0.071
2	['Ir', 'Pd', 'Pt', 'Rh', 'Ru']	3	[0.071 0.46  0.364 0.029 0.076]	[ 0.01   0.134 -0.147 -0.012  0.015]	0.74	1.67	1.76	0.42	0.02	0.05	0.01	0.11	0.82	0.37	0.2	0.10672011571362902	0.438	0.071
3	['Ir', 'Pd', 'Pt', 'Rh', 'Ru']	3	[0.103 0.307 0.111 0.372 0.107]	[-0.005  0.145 -0.002 -0.138 -0.001]	0.74	1.67	1.76	0.42	0.02	0.05	0.01	0.11	0.82	0.37	0.2	0.08167057554779278	0.461	0.071
4	['Ir', 'Pd', 'Pt', 'Rh', 'Ru']	3	[0.06  0.476 0.067 0.015 0.382]	[ 0.     0.15   0.007 -0.027 -0.13 ]	0.74	1.67	1.76	0.42	0.02	0.05	0.01	0.11	0.82	0.37	0.2	0.15596658409141723	0.14	0.071
0	['Ir', 'Pd', 'Pt', 'Rh', 'Ru']	4	[0.415 0.393 0.044 0.014 0.134]	[-0.164  0.051  0.012 -0.001  0.102]	0.74	1.67	1.76	0.42	0.02	0.05	0.01	0.11	0.82	0.37	0.2	0.08248557281883495	0.393	0.071
1	['Ir', 'Pd', 'Pt', 'Rh', 'Ru']	4	[0.399 0.27  0.083 0.098 0.15 ]	[-0.143  0.118 -0.002 -0.039  0.065]	0.74	1.67	1.76	0.42	0.02	0.05	0.01	0.11	0.82	0.37	0.2	0.06242436818717848	0.447	0.071
2	['Ir', 'Pd', 'Pt', 'Rh', 'Ru']	4	[0.063 0.491 0.218 0.019 0.209]	[-0.008  0.031 -0.146 -0.01   0.133]	0.74	1.67	1.76	0.42	0.02	0.05	0.01	0.11	0.82	0.37	0.2	0.14434561627053819	0.248	0.071
3	['Ir', 'Pd', 'Pt', 'Rh', 'Ru']	4	[0.083 0.39  0.095 0.223 0.209]	[-0.02   0.083 -0.016 -0.149  0.102]	0.74	1.67	1.76	0.42	0.02	0.05	0.01	0.11	0.82	0.37	0.2	0.13082619834823944	0.27	0.071
4	['Ir', 'Pd', 'Pt', 'Rh', 'Ru']	4	[0.026 0.606 0.062 0.02  0.286]	[-0.039  0.128 -0.009  0.021 -0.102]	0.74	1.67	1.76	0.42	0.02	0.05	0.01	0.11	0.82	0.37	0.2	0.16047686592009153	0.116	0.071
0	['Ir', 'Pd', 'Pt', 'Rh', 'Ru']	5	[0.25  0.481 0.052 0.014 0.203]	[-0.165  0.088  0.008 -0.     0.069]	0.74	1.67	1.76	0.42	0.02	0.05	0.01	0.11	0.82	0.37	0.2	0.13130548735225647	0.202	0.071
1	['Ir', 'Pd', 'Pt', 'Rh', 'Ru']	5	[0.483 0.384 0.011 0.011 0.111]	[ 0.053  0.086 -0.127  0.075 -0.088]	0.74	1.67	1.76	0.42	0.02	0.05	0.01	0.11	0.82	0.37	0.2	0.07021437191010835	0.46	0.071
2	['Ir', 'Pd', 'Pt', 'Rh', 'Ru']	5	[0.029 0.588 0.071 0.013 0.299]	[-0.034  0.097 -0.147 -0.006  0.09 ]	0.74	1.67	1.76	0.42	0.02	0.05	0.01	0.11	0.82	0.37	0.2	0.16328426608398852	0.114	0.071
3	['Ir', 'Pd', 'Pt', 'Rh', 'Ru']	5	[0.037 0.512 0.112 0.08  0.259]	[-0.046  0.121  0.017 -0.143  0.05 ]	0.74	1.67	1.76	0.42	0.02	0.05	0.01	0.11	0.82	0.37	0.2	0.15836927629549136	0.143	0.071
4	['Ir', 'Pd', 'Pt', 'Rh', 'Ru']	5	[0.022 0.723 0.044 0.012 0.199]	[ 0.03   0.113 -0.027 -0.017 -0.099]	0.74	1.67	1.76	0.42	0.02	0.05	0.01	0.11	0.82	0.37	0.2	0.12652019654846974	0.223	0.071
0	['Ir', 'Pd', 'Pt', 'Rh', 'Ru']	6	[0.084 0.565 0.065 0.011 0.275]	[-0.166  0.084  0.013 -0.003  0.072]	0.74	1.67	1.76	0.42	0.02	0.05	0.01	0.11	0.82	0.37	0.2	0.16255510497506614	0.083	0.071
1	['Ir', 'Pd', 'Pt', 'Rh', 'Ru']	6	[0.318 0.489 0.031 0.016 0.146]	[-0.165  0.106  0.02   0.005  0.035]	0.74	1.67	1.76	0.42	0.02	0.05	0.01	0.11	0.82	0.37	0.2	0.11790906040424395	0.278	0.071
2	['Ir', 'Pd', 'Pt', 'Rh', 'Ru']	6	[0.013 0.627 0.011 0.025 0.324]	[-0.03   0.051  0.09  -0.14   0.03 ]	0.74	1.67	1.76	0.42	0.02	0.05	0.01	0.11	0.82	0.37	0.2	0.1545496395758616	0.122	0.071
3	['Ir', 'Pd', 'Pt', 'Rh', 'Ru']	6	[0.022 0.608 0.044 0.037 0.289]	[-0.105  0.097 -0.103  0.094  0.017]	0.74	1.67	1.76	0.42	0.02	0.05	0.01	0.11	0.82	0.37	0.2	0.15934070889246812	0.108	0.071
4	['Ir', 'Pd', 'Pt', 'Rh', 'Ru']	6	[0.004 0.731 0.063 0.004 0.198]	[ 0.037  0.067 -0.176  0.021  0.051]	0.74	1.67	1.76	0.42	0.02	0.05	0.01	0.11	0.82	0.37	0.2	0.1200040188527538	0.242	0.071
0	['Ir', 'Pd', 'Pt', 'Rh', 'Ru']	7	[0.063 0.653 0.072 0.004 0.208]	[ 0.12   0.082 -0.023 -0.057 -0.122]	0.74	1.67	1.76	0.42	0.02	0.05	0.01	0.11	0.82	0.37	0.2	0.14418360273512523	0.167	0.071
1	['Ir', 'Pd', 'Pt', 'Rh', 'Ru']	7	[0.151 0.586 0.065 0.011 0.187]	[-0.167  0.096  0.034 -0.005  0.041]	0.74	1.67	1.76	0.42	0.02	0.05	0.01	0.11	0.82	0.37	0.2	0.14835869563166806	0.15	0.071
2	['Ir', 'Pd', 'Pt', 'Rh', 'Ru']	7	[0.01  0.489 0.091 0.086 0.324]	[-0.005 -0.161  0.091  0.077 -0.002]	0.74	1.67	1.76	0.42	0.02	0.05	0.01	0.11	0.82	0.37	0.2	0.1542538549064739	0.148	0.071
3	['Ir', 'Pd', 'Pt', 'Rh', 'Ru']	7	[0.028 0.606 0.07  0.014 0.282]	[ 0.006 -0.003  0.026 -0.023 -0.007]	0.74	1.67	1.76	0.42	0.02	0.05	0.01	0.11	0.82	0.37	0.2	0.1597335952376271	0.122	0.071
4	['Ir', 'Pd', 'Pt', 'Rh', 'Ru']	7	[0.017 0.587 0.102 0.13  0.164]	[ 0.013 -0.145  0.039  0.127 -0.034]	0.74	1.67	1.76	0.42	0.02	0.05	0.01	0.11	0.82	0.37	0.2	0.15126863734225043	0.209	0.071
0	['Ir', 'Pd', 'Pt', 'Rh', 'Ru']	8	[0.07  0.501 0.076 0.019 0.334]	[ 0.007 -0.153  0.005  0.014  0.127]	0.74	1.67	1.76	0.42	0.02	0.05	0.01	0.11	0.82	0.37	0.2	0.16215281415872562	0.106	0.071
1	['Ir', 'Pd', 'Pt', 'Rh', 'Ru']	8	[0.013 0.628 0.074 0.001 0.284]	[ 0.144 -0.024 -0.074 -0.101  0.055]	0.74	1.67	1.76	0.42	0.02	0.05	0.01	0.11	0.82	0.37	0.2	0.1570456801520462	0.148	0.071
2	['Ir', 'Pd', 'Pt', 'Rh', 'Ru']	8	[0.028 0.626 0.066 0.028 0.252]	[-0.016  0.121 -0.065  0.08  -0.12 ]	0.74	1.67	1.76	0.42	0.02	0.05	0.01	0.11	0.82	0.37	0.2	0.15352283035268988	0.135	0.071
3	['Ir', 'Pd', 'Pt', 'Rh', 'Ru']	8	[0.202 0.264 0.033 0.442 0.059]	[-0.31  -0.262  0.088  0.559 -0.075]	0.74	1.67	1.76	0.42	0.02	0.05	0.01	0.11	0.82	0.37	0.2	0.06213287856286821	0.552	0.071
4	['Ir', 'Pd', 'Pt', 'Rh', 'Ru']	8	[0.125 0.656 0.134 0.041 0.044]	[ 0.108  0.07   0.032 -0.089 -0.12 ]	0.74	1.67	1.76	0.42	0.02	0.05	0.01	0.11	0.82	0.37	0.2	0.1118042990697288	0.309	0.071
0	['Ir', 'Pd', 'Pt', 'Rh', 'Ru']	9	[0.052 0.549 0.054 0.016 0.329]	[-0.027  0.047 -0.032  0.024 -0.012]	0.74	1.67	1.76	0.42	0.02	0.05	0.01	0.11	0.82	0.37	0.2	0.1660253919808895	0.085	0.071
1	['Ir', 'Pd', 'Pt', 'Rh', 'Ru']	9	[0.105 0.477 0.025 0.04  0.353]	[ 0.097 -0.15  -0.046  0.025  0.074]	0.74	1.67	1.76	0.42	0.02	0.05	0.01	0.11	0.82	0.37	0.2	0.15795540878924708	0.094	0.071
2	['Ir', 'Pd', 'Pt', 'Rh', 'Ru']	9	[0.071 0.487 0.042 0.015 0.385]	[ 0.043 -0.14  -0.024 -0.013  0.133]	0.74	1.67	1.76	0.42	0.02	0.05	0.01	0.11	0.82	0.37	0.2	0.16222015150113533	0.123	0.071
3	['Ir', 'Pd', 'Pt', 'Rh', 'Ru']	9	[0.15  0.394 0.088 0.347 0.021]	[-0.08   0.118  0.036 -0.126  0.051]	0.74	1.67	1.76	0.42	0.02	0.05	0.01	0.11	0.82	0.37	0.2	0.09116869022616265	0.448	0.071
4	['Ir', 'Pd', 'Pt', 'Rh', 'Ru']	9	[0.142 0.574 0.068 0.012 0.204]	[ 0.002 -0.1   -0.084  0.033  0.149]	0.74	1.67	1.76	0.42	0.02	0.05	0.01	0.11	0.82	0.37	0.2	0.15269281239195723	0.133	0.071
0	['Ir', 'Pd', 'Pt', 'Rh', 'Ru']	10	[0.137 0.55  0.049 0.136 0.128]	[ 0.319 -0.591  0.178  0.01   0.084]	0.74	1.67	1.76	0.42	0.02	0.05	0.01	0.11	0.82	0.37	0.2	0.14877084121296377	0.202	0.071
1	['Ir', 'Pd', 'Pt', 'Rh', 'Ru']	10	[0.041 0.529 0.041 0.019 0.37 ]	[-0.089  0.043  0.002  0.041  0.004]	0.74	1.67	1.76	0.42	0.02	0.05	0.01	0.11	0.82	0.37	0.2	0.16730883634995725	0.107	0.071
2	['Ir', 'Pd', 'Pt', 'Rh', 'Ru']	10	[0.068 0.368 0.18  0.065 0.319]	[-0.003 -0.118  0.138  0.05  -0.066]	0.74	1.67	1.76	0.42	0.02	0.05	0.01	0.11	0.82	0.37	0.2	0.12674285973406765	0.259	0.071
3	['Ir', 'Pd', 'Pt', 'Rh', 'Ru']	10	[0.103 0.473 0.08  0.21  0.134]	[-0.047  0.078 -0.008 -0.137  0.113]	0.74	1.67	1.76	0.42	0.02	0.05	0.01	0.11	0.82	0.37	0.2	0.14291523978228957	0.256	0.071
4	['Ir', 'Pd', 'Pt', 'Rh', 'Ru']	10	[0.018 0.581 0.031 0.013 0.357]	[-0.124  0.007 -0.037  0.001  0.153]	0.74	1.67	1.76	0.42	0.02	0.05	0.01	0.11	0.82	0.37	0.2	0.16238494820831237	0.115	0.071
0	['Ir', 'Pd', 'Pt', 'Rh', 'Ru']	11	[0.115 0.469 0.069 0.057 0.29 ]	[-0.022 -0.081  0.02  -0.079  0.162]	0.74	1.67	1.76	0.42	0.02	0.05	0.01	0.11	0.82	0.37	0.2	0.15280785533571262	0.108	0.071
1	['Ir', 'Pd', 'Pt', 'Rh', 'Ru']	11	[0.087 0.557 0.014 0.007 0.335]	[ 0.041  0.021  0.041 -0.048 -0.055]	0.74	1.67	1.76	0.42	0.02	0.05	0.01	0.11	0.82	0.37	0.2	0.16854294366730618	0.059	0.071
2	['Ir', 'Pd', 'Pt', 'Rh', 'Ru']	11	[0.002 0.468 0.252 0.018 0.26 ]	[ 0.021  0.082  0.036  0.034 -0.174]	0.74	1.67	1.76	0.42	0.02	0.05	0.01	0.11	0.82	0.37	0.2	0.14609724391089832	0.287	0.071
3	['Ir', 'Pd', 'Pt', 'Rh', 'Ru']	11	[0.058 0.538 0.063 0.079 0.262]	[-0.045  0.064 -0.017 -0.131  0.128]	0.74	1.67	1.76	0.42	0.02	0.05	0.01	0.11	0.82	0.37	0.2	0.1593148950231175	0.09	0.071
4	['Ir', 'Pd', 'Pt', 'Rh', 'Ru']	11	[0.02  0.477 0.013 0.01  0.48 ]	[ 0.023 -0.111 -0.023 -0.008  0.119]	0.74	1.67	1.76	0.42	0.02	0.05	0.01	0.11	0.82	0.37	0.2	0.14885068639863588	0.214	0.071
0	['Ir', 'Pd', 'Pt', 'Rh', 'Ru']	12	[0.025 0.557 0.001 0.034 0.383]	[-0.119  0.076 -0.099  0.061  0.081]	0.74	1.67	1.76	0.42	0.02	0.05	0.01	0.11	0.82	0.37	0.2	0.1659631918117434	0.113	0.071
1	['Ir', 'Pd', 'Pt', 'Rh', 'Ru']	12	[0.093 0.57  0.011 0.04  0.286]	[ 0.009  0.018 -0.002  0.035 -0.059]	0.74	1.67	1.76	0.42	0.02	0.05	0.01	0.11	0.82	0.37	0.2	0.16850460186304284	0.029	0.071
2	['Ir', 'Pd', 'Pt', 'Rh', 'Ru']	12	[0.053 0.564 0.086 0.015 0.282]	[ 0.051  0.097 -0.166 -0.003  0.022]	0.74	1.67	1.76	0.42	0.02	0.05	0.01	0.11	0.82	0.37	0.2	0.1615101990124728	0.107	0.071
3	['Ir', 'Pd', 'Pt', 'Rh', 'Ru']	12	[0.01  0.554 0.052 0.078 0.306]	[-0.131 -0.003 -0.043  0.141  0.036]	0.74	1.67	1.76	0.42	0.02	0.05	0.01	0.11	0.82	0.37	0.2	0.16316663132524153	0.108	0.071
4	['Ir', 'Pd', 'Pt', 'Rh', 'Ru']	12	[0.067 0.403 0.005 0.01  0.515]	[-0.138 -0.049  0.021  0.036  0.13 ]	0.74	1.67	1.76	0.42	0.02	0.05	0.01	0.11	0.82	0.37	0.2	0.12860817660200632	0.266	0.071
0	['Ir', 'Pd', 'Pt', 'Rh', 'Ru']	13	[0.125 0.513 0.061 0.07  0.231]	[ 0.1   -0.044  0.06   0.036 -0.152]	0.74	1.67	1.76	0.42	0.02	0.05	0.01	0.11	0.82	0.37	0.2	0.15597006306509786	0.104	0.071
1	['Ir', 'Pd', 'Pt', 'Rh', 'Ru']	13	[0.075 0.572 0.008 0.011 0.334]	[-0.042 -0.016 -0.022  0.038  0.042]	0.74	1.67	1.76	0.42	0.02	0.05	0.01	0.11	0.82	0.37	0.2	0.16656650520058777	0.062	0.071
2	['Ir', 'Pd', 'Pt', 'Rh', 'Ru']	13	[0.047 0.589 0.081 0.014 0.269]	[-0.04   0.012  0.167 -0.088 -0.051]	0.74	1.67	1.76	0.42	0.02	0.05	0.01	0.11	0.82	0.37	0.2	0.16102132269673272	0.115	0.071
3	['Ir', 'Pd', 'Pt', 'Rh', 'Ru']	13	[0.054 0.572 0.066 0.034 0.274]	[ 0.042  0.004  0.1   -0.081 -0.065]	0.74	1.67	1.76	0.42	0.02	0.05	0.01	0.11	0.82	0.37	0.2	0.1635421689660722	0.089	0.071
4	['Ir', 'Pd', 'Pt', 'Rh', 'Ru']	13	[0.039 0.54  0.021 0.026 0.374]	[-0.028  0.137  0.016  0.016 -0.141]	0.74	1.67	1.76	0.42	0.02	0.05	0.01	0.11	0.82	0.37	0.2	0.16662063033693827	0.102	0.071
0	['Ir', 'Pd', 'Pt', 'Rh', 'Ru']	14	[0.026 0.556 0.035 0.004 0.379]	[-0.134  0.017 -0.057  0.047  0.127]	0.74	1.67	1.76	0.42	0.02	0.05	0.01	0.11	0.82	0.37	0.2	0.1659225072905982	0.123	0.071
1	['Ir', 'Pd', 'Pt', 'Rh', 'Ru']	14	[0.001 0.495 0.    0.048 0.456]	[ 0.05  -0.118 -0.041  0.009  0.1  ]	0.74	1.67	1.76	0.42	0.02	0.05	0.01	0.11	0.82	0.37	0.2	0.14647238168532206	0.193	0.071
2	['Ir', 'Pd', 'Pt', 'Rh', 'Ru']	14	[0.016 0.508 0.029 0.024 0.423]	[-0.067 -0.077 -0.047  0.028  0.163]	0.74	1.67	1.76	0.42	0.02	0.05	0.01	0.11	0.82	0.37	0.2	0.15798690374222024	0.16	0.071
3	['Ir', 'Pd', 'Pt', 'Rh', 'Ru']	14	[0.032 0.493 0.003 0.075 0.397]	[-0.032 -0.097 -0.079  0.075  0.133]	0.74	1.67	1.76	0.42	0.02	0.05	0.01	0.11	0.82	0.37	0.2	0.15775924705390426	0.134	0.071
4	['Ir', 'Pd', 'Pt', 'Rh', 'Ru']	14	[0.034 0.665 0.027 0.019 0.255]	[-0.005  0.125  0.006 -0.007 -0.119]	0.74	1.67	1.76	0.42	0.02	0.05	0.01	0.11	0.82	0.37	0.2	0.14929942040529745	0.146	0.071
0	['Ir', 'Pd', 'Pt', 'Rh', 'Ru']	15	[0.019 0.565 0.008 0.04  0.368]	[ 0.033  0.002 -0.044  0.033 -0.025]	0.74	1.67	1.76	0.42	0.02	0.05	0.01	0.11	0.82	0.37	0.2	0.16401219293196162	0.108	0.071
1	['Ir', 'Pd', 'Pt', 'Rh', 'Ru']	15	[0.098 0.553 0.013 0.024 0.312]	[ 0.085  0.044 -0.004  0.046 -0.17 ]	0.74	1.67	1.76	0.42	0.02	0.05	0.01	0.11	0.82	0.37	0.2	0.16760531312832416	0.032	0.071
2	['Ir', 'Pd', 'Pt', 'Rh', 'Ru']	15	[0.025 0.643 0.044 0.008 0.28 ]	[ 0.     0.127  0.006  0.02  -0.153]	0.74	1.67	1.76	0.42	0.02	0.05	0.01	0.11	0.82	0.37	0.2	0.15379047415093594	0.136	0.071
3	['Ir', 'Pd', 'Pt', 'Rh', 'Ru']	15	[0.03  0.599 0.048 0.035 0.288]	[-0.032  0.092  0.021  0.076 -0.156]	0.74	1.67	1.76	0.42	0.02	0.05	0.01	0.11	0.82	0.37	0.2	0.1623858963303379	0.1	0.071
4	['Ir', 'Pd', 'Pt', 'Rh', 'Ru']	15	[0.04  0.528 0.029 0.004 0.399]	[ 0.006 -0.137  0.002 -0.015  0.144]	0.74	1.67	1.76	0.42	0.02	0.05	0.01	0.11	0.82	0.37	0.2	0.16467430398639146	0.13	0.071
0	['Ir', 'Pd', 'Pt', 'Rh', 'Ru']	16	[0.428 0.046 0.053 0.046 0.427]	[ 0.431 -0.546  0.011  0.041  0.063]	0.74	1.67	1.76	0.42	0.02	0.05	0.01	0.11	0.82	0.37	0.2	0.00433954505955572	0.617	0.071
1	['Ir', 'Pd', 'Pt', 'Rh', 'Ru']	16	[0.133 0.602 0.009 0.013 0.243]	[ 0.035  0.049 -0.004 -0.011 -0.069]	0.74	1.67	1.76	0.42	0.02	0.05	0.01	0.11	0.82	0.37	0.2	0.1602567506614541	0.092	0.071
2	['Ir', 'Pd', 'Pt', 'Rh', 'Ru']	16	[0.162 0.502 0.025 0.022 0.289]	[ 0.137 -0.143 -0.02   0.018  0.008]	0.74	1.67	1.76	0.42	0.02	0.05	0.01	0.11	0.82	0.37	0.2	0.15811032408315717	0.088	0.071
3	['Ir', 'Pd', 'Pt', 'Rh', 'Ru']	16	[0.19  0.536 0.018 0.037 0.219]	[ 0.16  -0.061 -0.03   0.002 -0.069]	0.74	1.67	1.76	0.42	0.02	0.05	0.01	0.11	0.82	0.37	0.2	0.15422050300390583	0.124	0.071
4	['Ir', 'Pd', 'Pt', 'Rh', 'Ru']	16	[0.156 0.502 0.019 0.047 0.276]	[ 0.109 -0.037  0.03   0.035 -0.137]	0.74	1.67	1.76	0.42	0.02	0.05	0.01	0.11	0.82	0.37	0.2	0.15676120609177155	0.08	0.071
0	['Ir', 'Pd', 'Pt', 'Rh', 'Ru']	17	[0.329 0.212 0.044 0.036 0.379]	[-0.099  0.166 -0.009 -0.01  -0.049]	0.74	1.67	1.76	0.42	0.02	0.05	0.01	0.11	0.82	0.37	0.2	0.04538450912575481	0.418	0.071
1	['Ir', 'Pd', 'Pt', 'Rh', 'Ru']	17	[0.03  0.577 0.004 0.019 0.37 ]	[-0.109 -0.027 -0.008  0.019  0.125]	0.74	1.67	1.76	0.42	0.02	0.05	0.01	0.11	0.82	0.37	0.2	0.1648164875751703	0.107	0.071
2	['Ir', 'Pd', 'Pt', 'Rh', 'Ru']	17	[0.043 0.66  0.022 0.006 0.269]	[-0.119  0.158 -0.003 -0.016 -0.02 ]	0.74	1.67	1.76	0.42	0.02	0.05	0.01	0.11	0.82	0.37	0.2	0.15195237843250906	0.137	0.071
3	['Ir', 'Pd', 'Pt', 'Rh', 'Ru']	17	[0.037 0.633 0.034 0.01  0.286]	[-0.171  0.085  0.002  0.029  0.054]	0.74	1.67	1.76	0.42	0.02	0.05	0.01	0.11	0.82	0.37	0.2	0.1585014989159246	0.118	0.071
4	['Ir', 'Pd', 'Pt', 'Rh', 'Ru']	17	[0.045 0.66  0.022 0.004 0.269]	[-0.133  0.143 -0.016  0.031 -0.026]	0.74	1.67	1.76	0.42	0.02	0.05	0.01	0.11	0.82	0.37	0.2	0.15257331866544663	0.137	0.071
0	['Ir', 'Pd', 'Pt', 'Rh', 'Ru']	18	[0.206 0.369 0.036 0.026 0.363]	[-0.123  0.156 -0.008 -0.01  -0.016]	0.74	1.67	1.76	0.42	0.02	0.05	0.01	0.11	0.82	0.37	0.2	0.1179833715206241	0.223	0.071
1	['Ir', 'Pd', 'Pt', 'Rh', 'Ru']	18	[0.041 0.546 0.014 0.003 0.396]	[ 0.005 -0.042  0.002  0.014  0.021]	0.74	1.67	1.76	0.42	0.02	0.05	0.01	0.11	0.82	0.37	0.2	0.16636477184640752	0.123	0.071
2	['Ir', 'Pd', 'Pt', 'Rh', 'Ru']	18	[0.036 0.538 0.02  0.006 0.4  ]	[ 0.053 -0.141 -0.014 -0.027  0.129]	0.74	1.67	1.76	0.42	0.02	0.05	0.01	0.11	0.82	0.37	0.2	0.16661679757834605	0.129	0.071
3	['Ir', 'Pd', 'Pt', 'Rh', 'Ru']	18	[0.043 0.51  0.008 0.028 0.411]	[ 0.051 -0.142 -0.04   0.007  0.123]	0.74	1.67	1.76	0.42	0.02	0.05	0.01	0.11	0.82	0.37	0.2	0.16033946546385788	0.133	0.071
4	['Ir', 'Pd', 'Pt', 'Rh', 'Ru']	18	[0.067 0.512 0.024 0.004 0.393]	[ 0.016 -0.157  0.028 -0.007  0.12 ]	0.74	1.67	1.76	0.42	0.02	0.05	0.01	0.11	0.82	0.37	0.2	0.16454011468668497	0.118	0.071
0	['Ir', 'Pd', 'Pt', 'Rh', 'Ru']	19	[0.075 0.519 0.033 0.012 0.361]	[-0.131  0.15  -0.003 -0.014 -0.002]	0.74	1.67	1.76	0.42	0.02	0.05	0.01	0.11	0.82	0.37	0.2	0.16418386023010478	0.089	0.071
1	['Ir', 'Pd', 'Pt', 'Rh', 'Ru']	19	[0.134 0.018 0.12  0.091 0.637]	[ 0.157 -0.593  0.073  0.036  0.327]	0.74	1.67	1.76	0.42	0.02	0.05	0.01	0.11	0.82	0.37	0.2	0.004559201975776755	0.643	0.071
2	['Ir', 'Pd', 'Pt', 'Rh', 'Ru']	19	[0.064 0.437 0.021 0.02  0.458]	[ 0.023 -0.111  0.026  0.009  0.054]	0.74	1.67	1.76	0.42	0.02	0.05	0.01	0.11	0.82	0.37	0.2	0.1408802189956407	0.201	0.071
3	['Ir', 'Pd', 'Pt', 'Rh', 'Ru']	19	[0.106 0.607 0.023 0.008 0.256]	[ 0.068  0.101  0.021 -0.037 -0.153]	0.74	1.67	1.76	0.42	0.02	0.05	0.01	0.11	0.82	0.37	0.2	0.16095572434225552	0.087	0.071
4	['Ir', 'Pd', 'Pt', 'Rh', 'Ru']	19	[0.021 0.518 0.017 0.02  0.424]	[ 0.082 -0.03  -0.05  -0.014  0.011]	0.74	1.67	1.76	0.42	0.02	0.05	0.01	0.11	0.82	0.37	0.2	0.1587825995977491	0.154	0.071
0	['Ir', 'Pd', 'Pt', 'Rh', 'Ru']	20	[0.022 0.657 0.026 0.014 0.281]	[ 0.067  0.133 -0.037 -0.04  -0.123]	0.74	1.67	1.76	0.42	0.02	0.05	0.01	0.11	0.82	0.37	0.2	0.14983165449677838	0.141	0.071
1	['Ir', 'Pd', 'Pt', 'Rh', 'Ru']	20	[0.125 0.188 0.085 0.059 0.543]	[-0.009  0.17  -0.035 -0.032 -0.094]	0.74	1.67	1.76	0.42	0.02	0.05	0.01	0.11	0.82	0.37	0.2	0.04897054987716077	0.445	0.071
2	['Ir', 'Pd', 'Pt', 'Rh', 'Ru']	20	[0.06  0.585 0.028 0.003 0.324]	[-0.011  0.14  -0.     0.014 -0.142]	0.74	1.67	1.76	0.42	0.02	0.05	0.01	0.11	0.82	0.37	0.2	0.16495346247207984	0.08	0.071
3	['Ir', 'Pd', 'Pt', 'Rh', 'Ru']	20	[0.014 0.502 0.112 0.003 0.369]	[-0.092 -0.105  0.089 -0.005  0.113]	0.74	1.67	1.76	0.42	0.02	0.05	0.01	0.11	0.82	0.37	0.2	0.16126278965414514	0.171	0.071
4	['Ir', 'Pd', 'Pt', 'Rh', 'Ru']	20	[0.148 0.563 0.011 0.    0.278]	[ 0.127  0.044 -0.006 -0.02  -0.146]	0.74	1.67	1.76	0.42	0.02	0.05	0.01	0.11	0.82	0.37	0.2	0.16401395161987845	0.075	0.071
0	['Ir', 'Pd', 'Pt', 'Rh', 'Ru']	21	[0.132 0.5   0.023 0.026 0.319]	[ 0.109 -0.162 -0.006  0.024  0.035]	0.74	1.67	1.76	0.42	0.02	0.05	0.01	0.11	0.82	0.37	0.2	0.15746232874757937	0.071	0.071
1	['Ir', 'Pd', 'Pt', 'Rh', 'Ru']	21	[0.055 0.313 0.028 0.012 0.592]	[-0.117  0.109  0.078 -0.091  0.021]	0.74	1.67	1.76	0.42	0.02	0.05	0.01	0.11	0.82	0.37	0.2	0.09408611773363612	0.382	0.071
2	['Ir', 'Pd', 'Pt', 'Rh', 'Ru']	21	[0.033 0.554 0.007 0.031 0.375]	[-0.027 -0.032 -0.021  0.028  0.051]	0.74	1.67	1.76	0.42	0.02	0.05	0.01	0.11	0.82	0.37	0.2	0.16673309073586834	0.103	0.071
3	['Ir', 'Pd', 'Pt', 'Rh', 'Ru']	21	[0.071 0.63  0.005 0.016 0.278]	[ 0.057  0.13  -0.107  0.013 -0.091]	0.74	1.67	1.76	0.42	0.02	0.05	0.01	0.11	0.82	0.37	0.2	0.16005386962990534	0.094	0.071
4	['Ir', 'Pd', 'Pt', 'Rh', 'Ru']	21	[0.024 0.594 0.024 0.004 0.354]	[ 0.161 -0.041 -0.068 -0.082  0.03 ]	0.74	1.67	1.76	0.42	0.02	0.05	0.01	0.11	0.82	0.37	0.2	0.16035887450634756	0.115	0.071
0	['Ir', 'Pd', 'Pt', 'Rh', 'Ru']	22	[0.222 0.433 0.022 0.043 0.28 ]	[ 0.136 -0.119  0.015  0.043 -0.075]	0.74	1.67	1.76	0.42	0.02	0.05	0.01	0.11	0.82	0.37	0.2	0.13622055270142588	0.172	0.071
1	['Ir', 'Pd', 'Pt', 'Rh', 'Ru']	22	[0.02  0.375 0.006 0.014 0.585]	[-0.027  0.176 -0.071 -0.033 -0.046]	0.74	1.67	1.76	0.42	0.02	0.05	0.01	0.11	0.82	0.37	0.2	0.11431844548804777	0.346	0.071
2	['Ir', 'Pd', 'Pt', 'Rh', 'Ru']	22	[0.023 0.547 0.02  0.025 0.385]	[-0.015 -0.011  0.023 -0.01   0.013]	0.74	1.67	1.76	0.42	0.02	0.05	0.01	0.11	0.82	0.37	0.2	0.16774914207301847	0.119	0.071
3	['Ir', 'Pd', 'Pt', 'Rh', 'Ru']	22	[0.026 0.498 0.032 0.055 0.389]	[-0.045 -0.132  0.027  0.039  0.111]	0.74	1.67	1.76	0.42	0.02	0.05	0.01	0.11	0.82	0.37	0.2	0.15904743744192346	0.131	0.071
4	['Ir', 'Pd', 'Pt', 'Rh', 'Ru']	22	[0.133 0.444 0.038 0.006 0.379]	[ 0.111 -0.159  0.041 -0.016  0.023]	0.74	1.67	1.76	0.42	0.02	0.05	0.01	0.11	0.82	0.37	0.2	0.14763169635839443	0.148	0.071
0	['Ir', 'Pd', 'Pt', 'Rh', 'Ru']	23	[0.063 0.534 0.038 0.025 0.34 ]	[-0.159  0.102  0.016 -0.018  0.06 ]	0.74	1.67	1.76	0.42	0.02	0.05	0.01	0.11	0.82	0.37	0.2	0.16787000240574088	0.073	0.071
1	['Ir', 'Pd', 'Pt', 'Rh', 'Ru']	23	[0.04  0.509 0.004 0.009 0.438]	[ 0.02   0.134 -0.002 -0.005 -0.147]	0.74	1.67	1.76	0.42	0.02	0.05	0.01	0.11	0.82	0.37	0.2	0.15720335047737743	0.161	0.071
2	['Ir', 'Pd', 'Pt', 'Rh', 'Ru']	23	[0.04 0.65 0.04 0.25 0.02]	[ 0.193 -0.546  0.152  0.336 -0.136]	0.74	1.67	1.76	0.42	0.02	0.05	0.01	0.11	0.82	0.37	0.2	0.10860438491547016	0.366	0.071
3	['Ir', 'Pd', 'Pt', 'Rh', 'Ru']	23	[0.018 0.597 0.037 0.119 0.229]	[-0.008  0.1    0.005  0.064 -0.16 ]	0.74	1.67	1.76	0.42	0.02	0.05	0.01	0.11	0.82	0.37	0.2	0.15137801082256774	0.142	0.071
4	['Ir', 'Pd', 'Pt', 'Rh', 'Ru']	23	[0.005 0.583 0.016 0.026 0.37 ]	[ 0.105  0.109 -0.094 -0.041 -0.079]	0.74	1.67	1.76	0.42	0.02	0.05	0.01	0.11	0.82	0.37	0.2	0.15916116993433443	0.126	0.071
0	['Ir', 'Pd', 'Pt', 'Rh', 'Ru']	24	[0.039 0.619 0.031 0.049 0.262]	[ 0.074  0.077 -0.035  0.003 -0.119]	0.74	1.67	1.76	0.42	0.02	0.05	0.01	0.11	0.82	0.37	0.2	0.1577286594237958	0.104	0.071
1	['Ir', 'Pd', 'Pt', 'Rh', 'Ru']	24	[0.094 0.597 0.031 0.009 0.269]	[ 0.054  0.089  0.027 -0.    -0.169]	0.74	1.67	1.76	0.42	0.02	0.05	0.01	0.11	0.82	0.37	0.2	0.16021793069688295	0.076	0.071
2	['Ir', 'Pd', 'Pt', 'Rh', 'Ru']	24	[0.062 0.548 0.047 0.171 0.172]	[ 0.022 -0.101  0.007 -0.079  0.152]	0.74	1.67	1.76	0.42	0.02	0.05	0.01	0.11	0.82	0.37	0.2	0.15292440926767092	0.186	0.071
3	['Ir', 'Pd', 'Pt', 'Rh', 'Ru']	24	[0.074 0.543 0.04  0.034 0.309]	[ 0.016 -0.135 -0.056  0.126  0.049]	0.74	1.67	1.76	0.42	0.02	0.05	0.01	0.11	0.82	0.37	0.2	0.16499843931433128	0.052	0.071
4	['Ir', 'Pd', 'Pt', 'Rh', 'Ru']	24	[0.17  0.524 0.006 0.01  0.29 ]	[ 0.158 -0.075 -0.005  0.017 -0.095]	0.74	1.67	1.76	0.42	0.02	0.05	0.01	0.11	0.82	0.37	0.2	0.15970844942405127	0.086	0.071
0	['Ir', 'Pd', 'Pt', 'Rh', 'Ru']	25	[0.005 0.655 0.085 0.049 0.206]	[-0.026  0.084  0.113 -0.134 -0.038]	0.74	1.67	1.76	0.42	0.02	0.05	0.01	0.11	0.82	0.37	0.2	0.1442392714651657	0.19	0.071
1	['Ir', 'Pd', 'Pt', 'Rh', 'Ru']	25	[0.085 0.504 0.028 0.031 0.352]	[-0.009 -0.093 -0.003  0.022  0.083]	0.74	1.67	1.76	0.42	0.02	0.05	0.01	0.11	0.82	0.37	0.2	0.16360413066828258	0.079	0.071
2	['Ir', 'Pd', 'Pt', 'Rh', 'Ru']	25	[0.059 0.534 0.031 0.048 0.328]	[-0.003 -0.014 -0.016 -0.123  0.156]	0.74	1.67	1.76	0.42	0.02	0.05	0.01	0.11	0.82	0.37	0.2	0.1659800171105663	0.061	0.071
3	['Ir', 'Pd', 'Pt', 'Rh', 'Ru']	25	[0.026 0.582 0.059 0.024 0.309]	[-0.081  0.04   0.083 -0.029 -0.013]	0.74	1.67	1.76	0.42	0.02	0.05	0.01	0.11	0.82	0.37	0.2	0.16353510662875204	0.104	0.071
4	['Ir', 'Pd', 'Pt', 'Rh', 'Ru']	25	[0.006 0.54  0.051 0.045 0.358]	[ 0.171 -0.083 -0.036 -0.052  0.001]	0.74	1.67	1.76	0.42	0.02	0.05	0.01	0.11	0.82	0.37	0.2	0.1632495761022551	0.122	0.071
0	['Ir', 'Pd', 'Pt', 'Rh', 'Ru']	26	[0.003 0.682 0.014 0.039 0.262]	[-0.168 -0.009  0.032  0.074  0.071]	0.74	1.67	1.76	0.42	0.02	0.05	0.01	0.11	0.82	0.37	0.2	0.1361354296832395	0.169	0.071
1	['Ir', 'Pd', 'Pt', 'Rh', 'Ru']	26	[0.026 0.595 0.05  0.003 0.326]	[-0.059  0.09   0.022 -0.028 -0.026]	0.74	1.67	1.76	0.42	0.02	0.05	0.01	0.11	0.82	0.37	0.2	0.16360081745086805	0.114	0.071
2	['Ir', 'Pd', 'Pt', 'Rh', 'Ru']	26	[0.004 0.502 0.018 0.039 0.437]	[-0.121 -0.051 -0.028  0.066  0.134]	0.74	1.67	1.76	0.42	0.02	0.05	0.01	0.11	0.82	0.37	0.2	0.15160395498041346	0.175	0.071
3	['Ir', 'Pd', 'Pt', 'Rh', 'Ru']	26	[0.13  0.464 0.019 0.03  0.357]	[ 0.104 -0.118 -0.04   0.006  0.048]	0.74	1.67	1.76	0.42	0.02	0.05	0.01	0.11	0.82	0.37	0.2	0.15410440607737416	0.111	0.071
4	['Ir', 'Pd', 'Pt', 'Rh', 'Ru']	26	[0.164 0.493 0.016 0.005 0.322]	[ 0.151 -0.098  0.028  0.002 -0.082]	0.74	1.67	1.76	0.42	0.02	0.05	0.01	0.11	0.82	0.37	0.2	0.15585375312386848	0.101	0.071
0	['Ir', 'Pd', 'Pt', 'Rh', 'Ru']	27	[0.018 0.526 0.059 0.02  0.377]	[ 0.015 -0.156  0.045 -0.019  0.115]	0.74	1.67	1.76	0.42	0.02	0.05	0.01	0.11	0.82	0.37	0.2	0.16386561812370806	0.133	0.071
1	['Ir', 'Pd', 'Pt', 'Rh', 'Ru']	27	[0.093 0.579 0.003 0.016 0.309]	[ 0.071 -0.046  0.036 -0.012 -0.048]	0.74	1.67	1.76	0.42	0.02	0.05	0.01	0.11	0.82	0.37	0.2	0.16804738852305304	0.046	0.071
2	['Ir', 'Pd', 'Pt', 'Rh', 'Ru']	27	[0.013 0.648 0.033 0.001 0.305]	[ 0.009  0.145  0.015 -0.038 -0.132]	0.74	1.67	1.76	0.42	0.02	0.05	0.01	0.11	0.82	0.37	0.2	0.15241200610380545	0.144	0.071
3	['Ir', 'Pd', 'Pt', 'Rh', 'Ru']	27	[0.027 0.62  0.046 0.001 0.306]	[-0.117  0.147  0.015  0.019 -0.063]	0.74	1.67	1.76	0.42	0.02	0.05	0.01	0.11	0.82	0.37	0.2	0.16086717656148886	0.122	0.071
4	['Ir', 'Pd', 'Pt', 'Rh', 'Ru']	27	[0.247 0.492 0.018 0.062 0.181]	[ 0.114  0.011 -0.014  0.045 -0.157]	0.74	1.67	1.76	0.42	0.02	0.05	0.01	0.11	0.82	0.37	0.2	0.13827392758224785	0.199	0.071
0	['Ir', 'Pd', 'Pt', 'Rh', 'Ru']	28	[0.163 0.522 0.019 0.012 0.284]	[ 0.138 -0.031  0.048 -0.024 -0.131]	0.74	1.67	1.76	0.42	0.02	0.05	0.01	0.11	0.82	0.37	0.2	0.16068131968536772	0.083	0.071
1	['Ir', 'Pd', 'Pt', 'Rh', 'Ru']	28	[0.116 0.506 0.039 0.016 0.323]	[ 0.019 -0.082  0.033  0.02   0.01 ]	0.74	1.67	1.76	0.42	0.02	0.05	0.01	0.11	0.82	0.37	0.2	0.15766709961949987	0.073	0.071
2	['Ir', 'Pd', 'Pt', 'Rh', 'Ru']	28	[0.126 0.501 0.024 0.009 0.34 ]	[ 0.106 -0.164  0.036 -0.003  0.025]	0.74	1.67	1.76	0.42	0.02	0.05	0.01	0.11	0.82	0.37	0.2	0.15886021809409875	0.083	0.071
3	['Ir', 'Pd', 'Pt', 'Rh', 'Ru']	28	[0.128 0.504 0.041 0.052 0.275]	[ 0.094 -0.142  0.057  0.04  -0.049]	0.74	1.67	1.76	0.42	0.02	0.05	0.01	0.11	0.82	0.37	0.2	0.15930017979088962	0.072	0.071
4	['Ir', 'Pd', 'Pt', 'Rh', 'Ru']	28	[0.104 0.559 0.01  0.029 0.298]	[-0.143  0.068 -0.008 -0.033  0.117]	0.74	1.67	1.76	0.42	0.02	0.05	0.01	0.11	0.82	0.37	0.2	0.16934427276750993	0.025	0.071
0	['Ir', 'Pd', 'Pt', 'Rh', 'Ru']	29	[0.011 0.599 0.055 0.035 0.3  ]	[ 0.166  0.021 -0.045 -0.066 -0.076]	0.74	1.67	1.76	0.42	0.02	0.05	0.01	0.11	0.82	0.37	0.2	0.15890558384083542	0.116	0.071
1	['Ir', 'Pd', 'Pt', 'Rh', 'Ru']	29	[0.034 0.639 0.043 0.014 0.27 ]	[-0.101  0.132  0.053 -0.015 -0.069]	0.74	1.67	1.76	0.42	0.02	0.05	0.01	0.11	0.82	0.37	0.2	0.15573525682649872	0.128	0.071
2	['Ir', 'Pd', 'Pt', 'Rh', 'Ru']	29	[0.009 0.585 0.006 0.06  0.34 ]	[ 0.114  0.052 -0.109  0.007 -0.064]	0.74	1.67	1.76	0.42	0.02	0.05	0.01	0.11	0.82	0.37	0.2	0.15701860279202	0.106	0.071
3	['Ir', 'Pd', 'Pt', 'Rh', 'Ru']	29	[0.048 0.588 0.005 0.019 0.34 ]	[-0.107  0.071 -0.061  0.047  0.051]	0.74	1.67	1.76	0.42	0.02	0.05	0.01	0.11	0.82	0.37	0.2	0.166098299332267	0.082	0.071
4	['Ir', 'Pd', 'Pt', 'Rh', 'Ru']	29	[0.    0.624 0.001 0.002 0.373]	[ 0.086  0.023 -0.109 -0.039  0.04 ]	0.74	1.67	1.76	0.42	0.02	0.05	0.01	0.11	0.82	0.37	0.2	0.14974149198561487	0.152	0.071
0	['Ir', 'Pd', 'Pt', 'Rh', 'Ru']	30	[0.095 0.517 0.028 0.006 0.354]	[ 0.101 -0.059 -0.105 -0.049  0.113]	0.74	1.67	1.76	0.42	0.02	0.05	0.01	0.11	0.82	0.37	0.2	0.16283661781334657	0.082	0.071
1	['Ir', 'Pd', 'Pt', 'Rh', 'Ru']	30	[0.074 0.507 0.018 0.005 0.396]	[ 0.029 -0.15   0.039 -0.036  0.118]	0.74	1.67	1.76	0.42	0.02	0.05	0.01	0.11	0.82	0.37	0.2	0.16219516591878605	0.119	0.071
2	['Ir', 'Pd', 'Pt', 'Rh', 'Ru']	30	[0.108 0.527 0.013 0.07  0.282]	[ 0.113 -0.085 -0.045  0.103 -0.086]	0.74	1.67	1.76	0.42	0.02	0.05	0.01	0.11	0.82	0.37	0.2	0.16390424527740738	0.039	0.071
3	['Ir', 'Pd', 'Pt', 'Rh', 'Ru']	30	[0.015 0.613 0.029 0.007 0.336]	[ 0.039  0.044  0.014 -0.06  -0.038]	0.74	1.67	1.76	0.42	0.02	0.05	0.01	0.11	0.82	0.37	0.2	0.1602512975171662	0.123	0.071
4	['Ir', 'Pd', 'Pt', 'Rh', 'Ru']	30	[0.085 0.645 0.045 0.019 0.206]	[ 0.106  0.039  0.033 -0.018 -0.161]	0.74	1.67	1.76	0.42	0.02	0.05	0.01	0.11	0.82	0.37	0.2	0.14594137247811853	0.145	0.071
