ID	Elements	Generation	Position	Velocity	F_damp	F_b_best	F_h_best	F_g_best	F_b_worst	F_h_worst	F_g_worst	mut_prob	flip_prob	mut_rate	v_max	Activity	Distance	v_min
0	['Ir', 'Pd', 'Pt', 'Rh', 'Ru']	0	[0.8  0.05 0.05 0.05 0.05]	[-0.179  0.045  0.045  0.045  0.045]	0.67	1.95	1.4	0.12	0.07	0.31	0.04	0.32	0.17	0.43	0.2	0.009720244224210991	0.897	0.071
1	['Ir', 'Pd', 'Pt', 'Rh', 'Ru']	0	[0.05 0.8  0.05 0.05 0.05]	[ 0.045 -0.179  0.045  0.045  0.045]	0.67	1.95	1.4	0.12	0.07	0.31	0.04	0.32	0.17	0.43	0.2	0.0893487361025907	0.361	0.071
2	['Ir', 'Pd', 'Pt', 'Rh', 'Ru']	0	[0.05 0.05 0.8  0.05 0.05]	[ 0.045  0.045 -0.179  0.045  0.045]	0.67	1.95	1.4	0.12	0.07	0.31	0.04	0.32	0.17	0.43	0.2	0.07213216891773018	0.977	0.071
3	['Ir', 'Pd', 'Pt', 'Rh', 'Ru']	0	[0.05 0.05 0.05 0.8  0.05]	[ 0.045  0.045  0.045 -0.179  0.045]	0.67	1.95	1.4	0.12	0.07	0.31	0.04	0.32	0.17	0.43	0.2	0.001931275295651623	0.938	0.071
4	['Ir', 'Pd', 'Pt', 'Rh', 'Ru']	0	[0.05 0.05 0.05 0.05 0.8 ]	[ 0.045  0.045  0.045  0.045 -0.179]	0.67	1.95	1.4	0.12	0.07	0.31	0.04	0.32	0.17	0.43	0.2	0.0030504979582336787	0.711	0.071
0	['Ir', 'Pd', 'Pt', 'Rh', 'Ru']	1	[0.665 0.194 0.06  0.022 0.059]	[-0.136  0.144  0.01  -0.028  0.009]	0.67	1.95	1.4	0.12	0.07	0.31	0.04	0.32	0.17	0.43	0.2	0.024414676728083954	0.713	0.071
1	['Ir', 'Pd', 'Pt', 'Rh', 'Ru']	1	[0.014 0.842 0.013 0.117 0.014]	[-0.068  0.054 -0.07   0.151 -0.068]	0.67	1.95	1.4	0.12	0.07	0.31	0.04	0.32	0.17	0.43	0.2	0.06454331714082764	0.423	0.071
2	['Ir', 'Pd', 'Pt', 'Rh', 'Ru']	1	[0.055 0.201 0.671 0.018 0.055]	[ 0.005  0.151 -0.127 -0.032  0.005]	0.67	1.95	1.4	0.12	0.07	0.31	0.04	0.32	0.17	0.43	0.2	0.061261718867136494	0.797	0.071
3	['Ir', 'Pd', 'Pt', 'Rh', 'Ru']	1	[0.043 0.201 0.044 0.668 0.044]	[-0.007  0.151 -0.006 -0.131 -0.006]	0.67	1.95	1.4	0.12	0.07	0.31	0.04	0.32	0.17	0.43	0.2	0.019110226880593717	0.758	0.071
4	['Ir', 'Pd', 'Pt', 'Rh', 'Ru']	1	[0.051 0.199 0.051 0.03  0.669]	[ 0.001  0.149  0.001 -0.02  -0.132]	0.67	1.95	1.4	0.12	0.07	0.31	0.04	0.32	0.17	0.43	0.2	0.0457132238435116	0.515	0.071
0	['Ir', 'Pd', 'Pt', 'Rh', 'Ru']	2	[0.541 0.35  0.053 0.005 0.051]	[-0.124  0.156 -0.007 -0.017 -0.008]	0.67	1.95	1.4	0.12	0.07	0.31	0.04	0.32	0.17	0.43	0.2	0.054830227994181385	0.549	0.071
1	['Ir', 'Pd', 'Pt', 'Rh', 'Ru']	2	[0.014 0.917 0.006 0.052 0.011]	[-0.063  0.049 -0.073  0.154 -0.067]	0.67	1.95	1.4	0.12	0.07	0.31	0.04	0.32	0.17	0.43	0.2	0.05229620167550411	0.475	0.071
2	['Ir', 'Pd', 'Pt', 'Rh', 'Ru']	2	[0.038 0.354 0.545 0.02  0.043]	[-0.017  0.153 -0.127  0.002 -0.012]	0.67	1.95	1.4	0.12	0.07	0.31	0.04	0.32	0.17	0.43	0.2	0.07676374877587357	0.637	0.071
3	['Ir', 'Pd', 'Pt', 'Rh', 'Ru']	2	[0.113 0.054 0.114 0.605 0.114]	[ 0.07  -0.147  0.07  -0.062  0.07 ]	0.67	1.95	1.4	0.12	0.07	0.31	0.04	0.32	0.17	0.43	0.2	0.01040974986783572	0.776	0.071
4	['Ir', 'Pd', 'Pt', 'Rh', 'Ru']	2	[0.009 0.259 0.006 0.015 0.711]	[-0.086  0.143 -0.081 -0.039  0.064]	0.67	1.95	1.4	0.12	0.07	0.31	0.04	0.32	0.17	0.43	0.2	0.06775365768582091	0.513	0.071
0	['Ir', 'Pd', 'Pt', 'Rh', 'Ru']	3	[0.39  0.378 0.169 0.033 0.03 ]	[-0.154  0.03   0.12   0.023 -0.019]	0.67	1.95	1.4	0.12	0.07	0.31	0.04	0.32	0.17	0.43	0.2	0.07291817816928035	0.464	0.071
1	['Ir', 'Pd', 'Pt', 'Rh', 'Ru']	3	[0.028 0.777 0.144 0.024 0.027]	[ 0.014 -0.14   0.138 -0.028  0.016]	0.67	1.95	1.4	0.12	0.07	0.31	0.04	0.32	0.17	0.43	0.2	0.07703449604869256	0.391	0.071
2	['Ir', 'Pd', 'Pt', 'Rh', 'Ru']	3	[0.015 0.432 0.466 0.074 0.013]	[-0.077  0.129 -0.059  0.087 -0.08 ]	0.67	1.95	1.4	0.12	0.07	0.31	0.04	0.32	0.17	0.43	0.2	0.08508663938463715	0.567	0.071
3	['Ir', 'Pd', 'Pt', 'Rh', 'Ru']	3	[0.129 0.157 0.186 0.457 0.071]	[ 0.016  0.103  0.072 -0.148 -0.043]	0.67	1.95	1.4	0.12	0.07	0.31	0.04	0.32	0.17	0.43	0.2	0.03631059573663417	0.639	0.071
4	['Ir', 'Pd', 'Pt', 'Rh', 'Ru']	3	[0.017 0.294 0.107 0.027 0.555]	[-0.015  0.039  0.108  0.028 -0.16 ]	0.67	1.95	1.4	0.12	0.07	0.31	0.04	0.32	0.17	0.43	0.2	0.09010681702964687	0.387	0.071
0	['Ir', 'Pd', 'Pt', 'Rh', 'Ru']	4	[0.277 0.37  0.16  0.001 0.192]	[-0.127 -0.021 -0.022  0.02   0.15 ]	0.67	1.95	1.4	0.12	0.07	0.31	0.04	0.32	0.17	0.43	0.2	0.10043339533273088	0.322	0.071
1	['Ir', 'Pd', 'Pt', 'Rh', 'Ru']	4	[0.026 0.664 0.116 0.006 0.188]	[-0.002 -0.114 -0.028 -0.018  0.161]	0.67	1.95	1.4	0.12	0.07	0.31	0.04	0.32	0.17	0.43	0.2	0.13770994530287775	0.215	0.071
2	['Ir', 'Pd', 'Pt', 'Rh', 'Ru']	4	[0.007 0.423 0.351 0.046 0.173]	[ 0.013 -0.013 -0.121 -0.034  0.155]	0.67	1.95	1.4	0.12	0.07	0.31	0.04	0.32	0.17	0.43	0.2	0.12800857612332253	0.405	0.071
3	['Ir', 'Pd', 'Pt', 'Rh', 'Ru']	4	[0.101 0.233 0.176 0.31  0.18 ]	[-0.028  0.076 -0.01  -0.147  0.109]	0.67	1.95	1.4	0.12	0.07	0.31	0.04	0.32	0.17	0.43	0.2	0.07383546803150676	0.462	0.071
4	['Ir', 'Pd', 'Pt', 'Rh', 'Ru']	4	[0.004 0.313 0.078 0.081 0.524]	[-0.037  0.051 -0.077  0.145 -0.083]	0.67	1.95	1.4	0.12	0.07	0.31	0.04	0.32	0.17	0.43	0.2	0.10210876425180718	0.35	0.071
0	['Ir', 'Pd', 'Pt', 'Rh', 'Ru']	5	[0.147 0.51  0.116 0.034 0.193]	[-0.129  0.146 -0.042  0.021  0.004]	0.67	1.95	1.4	0.12	0.07	0.31	0.04	0.32	0.17	0.43	0.2	0.14446089281968158	0.17	0.071
1	['Ir', 'Pd', 'Pt', 'Rh', 'Ru']	5	[0.06  0.624 0.008 0.096 0.212]	[-0.101  0.009 -0.103  0.105  0.09 ]	0.67	1.95	1.4	0.12	0.07	0.31	0.04	0.32	0.17	0.43	0.2	0.15291709501757106	0.13	0.071
2	['Ir', 'Pd', 'Pt', 'Rh', 'Ru']	5	[0.001 0.555 0.221 0.014 0.209]	[-0.024  0.119 -0.153  0.037  0.02 ]	0.67	1.95	1.4	0.12	0.07	0.31	0.04	0.32	0.17	0.43	0.2	0.15041834636743592	0.261	0.071
3	['Ir', 'Pd', 'Pt', 'Rh', 'Ru']	5	[0.074 0.377 0.18  0.175 0.194]	[-0.027  0.144  0.004 -0.135  0.014]	0.67	1.95	1.4	0.12	0.07	0.31	0.04	0.32	0.17	0.43	0.2	0.12813605170013534	0.3	0.071
4	['Ir', 'Pd', 'Pt', 'Rh', 'Ru']	5	[0.007 0.459 0.082 0.064 0.388]	[ 0.003  0.146  0.004 -0.017 -0.136]	0.67	1.95	1.4	0.12	0.07	0.31	0.04	0.32	0.17	0.43	0.2	0.15177596198550658	0.178	0.071
0	['Ir', 'Pd', 'Pt', 'Rh', 'Ru']	6	[0.055 0.667 0.037 0.022 0.219]	[-0.092  0.157 -0.079 -0.012  0.026]	0.67	1.95	1.4	0.12	0.07	0.31	0.04	0.32	0.17	0.43	0.2	0.14553201708526103	0.156	0.071
1	['Ir', 'Pd', 'Pt', 'Rh', 'Ru']	6	[0.012 0.625 0.069 0.047 0.247]	[ 0.044 -0.02   0.06  -0.155  0.071]	0.67	1.95	1.4	0.12	0.07	0.31	0.04	0.32	0.17	0.43	0.2	0.15301814059998478	0.145	0.071
2	['Ir', 'Pd', 'Pt', 'Rh', 'Ru']	6	[0.021 0.661 0.055 0.04  0.223]	[ 0.02   0.105 -0.166  0.026  0.014]	0.67	1.95	1.4	0.12	0.07	0.31	0.04	0.32	0.17	0.43	0.2	0.1453171715338577	0.166	0.071
3	['Ir', 'Pd', 'Pt', 'Rh', 'Ru']	6	[0.152 0.252 0.151 0.128 0.317]	[ 0.078 -0.125 -0.029 -0.047  0.123]	0.67	1.95	1.4	0.12	0.07	0.31	0.04	0.32	0.17	0.43	0.2	0.08730382660142057	0.347	0.071
4	['Ir', 'Pd', 'Pt', 'Rh', 'Ru']	6	[0.028 0.613 0.031 0.056 0.272]	[ 0.021  0.154 -0.051 -0.008 -0.116]	0.67	1.95	1.4	0.12	0.07	0.31	0.04	0.32	0.17	0.43	0.2	0.15846184586217102	0.105	0.071
0	['Ir', 'Pd', 'Pt', 'Rh', 'Ru']	7	[0.006 0.733 0.01  0.038 0.213]	[ 0.057  0.11   0.003 -0.157 -0.013]	0.67	1.95	1.4	0.12	0.07	0.31	0.04	0.32	0.17	0.43	0.2	0.1177085713002296	0.224	0.071
1	['Ir', 'Pd', 'Pt', 'Rh', 'Ru']	7	[0.024 0.527 0.032 0.071 0.346]	[ 0.001 -0.13  -0.059  0.084  0.103]	0.67	1.95	1.4	0.12	0.07	0.31	0.04	0.32	0.17	0.43	0.2	0.16463154607492334	0.099	0.071
2	['Ir', 'Pd', 'Pt', 'Rh', 'Ru']	7	[0.008 0.668 0.009 0.003 0.312]	[-0.009 -0.025  0.042 -0.101  0.092]	0.67	1.95	1.4	0.12	0.07	0.31	0.04	0.32	0.17	0.43	0.2	0.1466173113470048	0.158	0.071
3	['Ir', 'Pd', 'Pt', 'Rh', 'Ru']	7	[0.086 0.429 0.122 0.102 0.261]	[-0.066  0.176 -0.029 -0.026 -0.056]	0.67	1.95	1.4	0.12	0.07	0.31	0.04	0.32	0.17	0.43	0.2	0.1478108701710392	0.184	0.071
4	['Ir', 'Pd', 'Pt', 'Rh', 'Ru']	7	[0.002 0.778 0.02  0.014 0.186]	[-0.037  0.158  0.032 -0.054 -0.099]	0.67	1.95	1.4	0.12	0.07	0.31	0.04	0.32	0.17	0.43	0.2	0.10182190154771933	0.276	0.071
0	['Ir', 'Pd', 'Pt', 'Rh', 'Ru']	8	[0.049 0.58  0.041 0.014 0.316]	[ 0.03  -0.171  0.018  0.032  0.092]	0.67	1.95	1.4	0.12	0.07	0.31	0.04	0.32	0.17	0.43	0.2	0.1669607060230687	0.082	0.071
1	['Ir', 'Pd', 'Pt', 'Rh', 'Ru']	8	[0.03  0.382 0.003 0.11  0.475]	[ 0.006 -0.145 -0.029  0.039  0.129]	0.67	1.95	1.4	0.12	0.07	0.31	0.04	0.32	0.17	0.43	0.2	0.12906007668486696	0.26	0.071
2	['Ir', 'Pd', 'Pt', 'Rh', 'Ru']	8	[0.009 0.526 0.15  0.009 0.306]	[ 0.001 -0.142  0.141  0.006 -0.006]	0.67	1.95	1.4	0.12	0.07	0.31	0.04	0.32	0.17	0.43	0.2	0.159475194702426	0.182	0.071
3	['Ir', 'Pd', 'Pt', 'Rh', 'Ru']	8	[0.121 0.524 0.012 0.004 0.339]	[-0.006  0.062 -0.171  0.072  0.043]	0.67	1.95	1.4	0.12	0.07	0.31	0.04	0.32	0.17	0.43	0.2	0.16084767296820618	0.07	0.071
4	['Ir', 'Pd', 'Pt', 'Rh', 'Ru']	8	[0.02  0.609 0.039 0.046 0.286]	[ 0.018 -0.168  0.019  0.032  0.1  ]	0.67	1.95	1.4	0.12	0.07	0.31	0.04	0.32	0.17	0.43	0.2	0.1588617410579629	0.108	0.071
0	['Ir', 'Pd', 'Pt', 'Rh', 'Ru']	9	[0.032 0.599 0.08  0.014 0.275]	[-0.023  0.016  0.037  0.018 -0.048]	0.67	1.95	1.4	0.12	0.07	0.31	0.04	0.32	0.17	0.43	0.2	0.1599886269926819	0.124	0.071
1	['Ir', 'Pd', 'Pt', 'Rh', 'Ru']	9	[0.037 0.528 0.032 0.041 0.362]	[ 0.007  0.146  0.029 -0.069 -0.113]	0.67	1.95	1.4	0.12	0.07	0.31	0.04	0.32	0.17	0.43	0.2	0.16825064913679524	0.097	0.071
2	['Ir', 'Pd', 'Pt', 'Rh', 'Ru']	9	[0.04  0.579 0.067 0.038 0.276]	[ 0.033  0.057 -0.089  0.03  -0.032]	0.67	1.95	1.4	0.12	0.07	0.31	0.04	0.32	0.17	0.43	0.2	0.16215840551503558	0.098	0.071
3	['Ir', 'Pd', 'Pt', 'Rh', 'Ru']	9	[0.005 0.644 0.028 0.021 0.302]	[-0.131  0.145  0.02   0.006 -0.039]	0.67	1.95	1.4	0.12	0.07	0.31	0.04	0.32	0.17	0.43	0.2	0.15197436165229283	0.14	0.071
4	['Ir', 'Pd', 'Pt', 'Rh', 'Ru']	9	[0.052 0.568 0.053 0.033 0.294]	[ 0.023 -0.075 -0.002  0.065 -0.01 ]	0.67	1.95	1.4	0.12	0.07	0.31	0.04	0.32	0.17	0.43	0.2	0.16391106867829275	0.076	0.071
0	['Ir', 'Pd', 'Pt', 'Rh', 'Ru']	10	[0.032 0.151 0.128 0.036 0.653]	[-0.085 -0.453  0.169 -0.117  0.485]	0.67	1.95	1.4	0.12	0.07	0.31	0.04	0.32	0.17	0.43	0.2	0.03230271843901605	0.552	0.071
1	['Ir', 'Pd', 'Pt', 'Rh', 'Ru']	10	[0.038 0.566 0.039 0.03  0.327]	[-0.017  0.034 -0.009  0.057 -0.066]	0.67	1.95	1.4	0.12	0.07	0.31	0.04	0.32	0.17	0.43	0.2	0.16596482511414454	0.082	0.071
2	['Ir', 'Pd', 'Pt', 'Rh', 'Ru']	10	[0.03  0.528 0.075 0.002 0.365]	[-0.04  -0.092  0.114 -0.074  0.092]	0.67	1.95	1.4	0.12	0.07	0.31	0.04	0.32	0.17	0.43	0.2	0.16643038159153944	0.132	0.071
3	['Ir', 'Pd', 'Pt', 'Rh', 'Ru']	10	[0.093 0.493 0.007 0.026 0.381]	[ 0.084 -0.16  -0.027  0.029  0.075]	0.67	1.95	1.4	0.12	0.07	0.31	0.04	0.32	0.17	0.43	0.2	0.1607107205353771	0.102	0.071
4	['Ir', 'Pd', 'Pt', 'Rh', 'Ru']	10	[0.096 0.501 0.055 0.097 0.251]	[ 0.044 -0.066  0.002  0.064 -0.043]	0.67	1.95	1.4	0.12	0.07	0.31	0.04	0.32	0.17	0.43	0.2	0.15799950552247538	0.1	0.071
0	['Ir', 'Pd', 'Pt', 'Rh', 'Ru']	11	[0.014 0.319 0.103 0.013 0.551]	[-0.018  0.168 -0.025 -0.023 -0.102]	0.67	1.95	1.4	0.12	0.07	0.31	0.04	0.32	0.17	0.43	0.2	0.10205362303000019	0.368	0.071
1	['Ir', 'Pd', 'Pt', 'Rh', 'Ru']	11	[0.055 0.577 0.032 0.005 0.331]	[ 0.017  0.011 -0.007 -0.025  0.004]	0.67	1.95	1.4	0.12	0.07	0.31	0.04	0.32	0.17	0.43	0.2	0.16606973257278626	0.082	0.071
2	['Ir', 'Pd', 'Pt', 'Rh', 'Ru']	11	[0.023 0.598 0.01  0.044 0.325]	[-0.003  0.098 -0.078  0.028 -0.044]	0.67	1.95	1.4	0.12	0.07	0.31	0.04	0.32	0.17	0.43	0.2	0.15792446750129213	0.095	0.071
3	['Ir', 'Pd', 'Pt', 'Rh', 'Ru']	11	[0.08  0.578 0.    0.09  0.252]	[-0.017  0.098 -0.01   0.081 -0.153]	0.67	1.95	1.4	0.12	0.07	0.31	0.04	0.32	0.17	0.43	0.2	0.16293469031782185	0.071	0.071
4	['Ir', 'Pd', 'Pt', 'Rh', 'Ru']	11	[0.081 0.393 0.129 0.018 0.379]	[-0.015 -0.108  0.074 -0.079  0.128]	0.67	1.95	1.4	0.12	0.07	0.31	0.04	0.32	0.17	0.43	0.2	0.13265295439994684	0.221	0.071
0	['Ir', 'Pd', 'Pt', 'Rh', 'Ru']	12	[0.018 0.387 0.029 0.012 0.554]	[-0.003  0.107 -0.164  0.028  0.032]	0.67	1.95	1.4	0.12	0.07	0.31	0.04	0.32	0.17	0.43	0.2	0.12157132419993501	0.316	0.071
1	['Ir', 'Pd', 'Pt', 'Rh', 'Ru']	12	[0.081 0.088 0.25  0.036 0.545]	[-0.077 -0.568  0.215  0.106  0.324]	0.67	1.95	1.4	0.12	0.07	0.31	0.04	0.32	0.17	0.43	0.2	0.02698967931024583	0.58	0.071
2	['Ir', 'Pd', 'Pt', 'Rh', 'Ru']	12	[0.028 0.573 0.041 0.066 0.292]	[ 0.026 -0.021 -0.09   0.118 -0.032]	0.67	1.95	1.4	0.12	0.07	0.31	0.04	0.32	0.17	0.43	0.2	0.1625412181255166	0.088	0.071
3	['Ir', 'Pd', 'Pt', 'Rh', 'Ru']	12	[0.013 0.676 0.036 0.149 0.126]	[-0.091  0.111  0.026  0.071 -0.117]	0.67	1.95	1.4	0.12	0.07	0.31	0.04	0.32	0.17	0.43	0.2	0.12796167610121145	0.255	0.071
4	['Ir', 'Pd', 'Pt', 'Rh', 'Ru']	12	[0.052 0.566 0.057 0.005 0.32 ]	[-0.036  0.167 -0.078  0.014 -0.066]	0.67	1.95	1.4	0.12	0.07	0.31	0.04	0.32	0.17	0.43	0.2	0.1647241504781402	0.091	0.071
0	['Ir', 'Pd', 'Pt', 'Rh', 'Ru']	13	[0.024 0.536 0.008 0.008 0.424]	[ 0.006  0.15  -0.021 -0.004 -0.13 ]	0.67	1.95	1.4	0.12	0.07	0.31	0.04	0.32	0.17	0.43	0.2	0.1624763004115774	0.152	0.071
1	['Ir', 'Pd', 'Pt', 'Rh', 'Ru']	13	[0.109 0.238 0.157 0.042 0.454]	[ 0.028  0.15  -0.093  0.006 -0.091]	0.67	1.95	1.4	0.12	0.07	0.31	0.04	0.32	0.17	0.43	0.2	0.07816542161149542	0.382	0.071
2	['Ir', 'Pd', 'Pt', 'Rh', 'Ru']	13	[0.006 0.527 0.009 0.04  0.418]	[-0.058 -0.068 -0.088  0.081  0.133]	0.67	1.95	1.4	0.12	0.07	0.31	0.04	0.32	0.17	0.43	0.2	0.15292677708153157	0.153	0.071
3	['Ir', 'Pd', 'Pt', 'Rh', 'Ru']	13	[0.052 0.656 0.009 0.019 0.264]	[ 0.026 -0.034  0.027 -0.146  0.126]	0.67	1.95	1.4	0.12	0.07	0.31	0.04	0.32	0.17	0.43	0.2	0.1520406009653389	0.126	0.071
4	['Ir', 'Pd', 'Pt', 'Rh', 'Ru']	13	[0.023 0.713 0.021 0.013 0.23 ]	[-0.048  0.143  0.053 -0.033 -0.115]	0.67	1.95	1.4	0.12	0.07	0.31	0.04	0.32	0.17	0.43	0.2	0.13084591806326362	0.198	0.071
0	['Ir', 'Pd', 'Pt', 'Rh', 'Ru']	14	[0.034 0.672 0.001 0.011 0.282]	[ 0.007  0.136 -0.01   0.011 -0.145]	0.67	1.95	1.4	0.12	0.07	0.31	0.04	0.32	0.17	0.43	0.2	0.15058282219915473	0.145	0.071
1	['Ir', 'Pd', 'Pt', 'Rh', 'Ru']	14	[0.068 0.411 0.071 0.027 0.423]	[-0.041  0.173 -0.086 -0.015 -0.03 ]	0.67	1.95	1.4	0.12	0.07	0.31	0.04	0.32	0.17	0.43	0.2	0.13554185226052962	0.203	0.071
2	['Ir', 'Pd', 'Pt', 'Rh', 'Ru']	14	[0.008 0.537 0.044 0.073 0.338]	[-0.003  0.023  0.04   0.059 -0.119]	0.67	1.95	1.4	0.12	0.07	0.31	0.04	0.32	0.17	0.43	0.2	0.16267465414326265	0.112	0.071
3	['Ir', 'Pd', 'Pt', 'Rh', 'Ru']	14	[0.027 0.538 0.003 0.026 0.406]	[-0.031 -0.131 -0.008  0.024  0.146]	0.67	1.95	1.4	0.12	0.07	0.31	0.04	0.32	0.17	0.43	0.2	0.16398361615829032	0.132	0.071
4	['Ir', 'Pd', 'Pt', 'Rh', 'Ru']	14	[0.026 0.557 0.044 0.023 0.35 ]	[-0.001 -0.159  0.02   0.022  0.118]	0.67	1.95	1.4	0.12	0.07	0.31	0.04	0.32	0.17	0.43	0.2	0.1647193661773898	0.103	0.071
0	['Ir', 'Pd', 'Pt', 'Rh', 'Ru']	15	[0.003 0.551 0.11  0.005 0.331]	[-0.031 -0.122  0.109 -0.006  0.049]	0.67	1.95	1.4	0.12	0.07	0.31	0.04	0.32	0.17	0.43	0.2	0.16393877397350054	0.157	0.071
1	['Ir', 'Pd', 'Pt', 'Rh', 'Ru']	15	[0.017 0.585 0.019 0.024 0.355]	[-0.051  0.174 -0.052 -0.003 -0.068]	0.67	1.95	1.4	0.12	0.07	0.31	0.04	0.32	0.17	0.43	0.2	0.16155153259936195	0.11	0.071
2	['Ir', 'Pd', 'Pt', 'Rh', 'Ru']	15	[0.003 0.607 0.02  0.084 0.286]	[-0.045  0.073 -0.061  0.136 -0.102]	0.67	1.95	1.4	0.12	0.07	0.31	0.04	0.32	0.17	0.43	0.2	0.15049198828163993	0.12	0.071
3	['Ir', 'Pd', 'Pt', 'Rh', 'Ru']	15	[0.005 0.538 0.003 0.03  0.424]	[-0.008 -0.033 -0.057  0.075  0.023]	0.67	1.95	1.4	0.12	0.07	0.31	0.04	0.32	0.17	0.43	0.2	0.1536716237554201	0.158	0.071
4	['Ir', 'Pd', 'Pt', 'Rh', 'Ru']	15	[0.044 0.551 0.062 0.029 0.314]	[ 0.015 -0.018  0.016  0.041 -0.054]	0.67	1.95	1.4	0.12	0.07	0.31	0.04	0.32	0.17	0.43	0.2	0.1664110952348591	0.087	0.071
0	['Ir', 'Pd', 'Pt', 'Rh', 'Ru']	16	[0.078 0.548 0.009 0.    0.365]	[ 0.075 -0.004 -0.101 -0.005  0.034]	0.67	1.95	1.4	0.12	0.07	0.31	0.04	0.32	0.17	0.43	0.2	0.16557698300960055	0.085	0.071
1	['Ir', 'Pd', 'Pt', 'Rh', 'Ru']	16	[0.061 0.584 0.038 0.036 0.281]	[ 0.044 -0.002  0.019  0.012 -0.074]	0.67	1.95	1.4	0.12	0.07	0.31	0.04	0.32	0.17	0.43	0.2	0.16424470433450297	0.068	0.071
2	['Ir', 'Pd', 'Pt', 'Rh', 'Ru']	16	[0.026 0.491 0.085 0.015 0.383]	[-0.015 -0.167  0.049  0.044  0.088]	0.67	1.95	1.4	0.12	0.07	0.31	0.04	0.32	0.17	0.43	0.2	0.15683944691393834	0.156	0.071
3	['Ir', 'Pd', 'Pt', 'Rh', 'Ru']	16	[0.082 0.551 0.026 0.029 0.312]	[ 0.073  0.004  0.014  0.038 -0.128]	0.67	1.95	1.4	0.12	0.07	0.31	0.04	0.32	0.17	0.43	0.2	0.16621967671780696	0.04	0.071
4	['Ir', 'Pd', 'Pt', 'Rh', 'Ru']	16	[0.065 0.574 0.083 0.009 0.269]	[ 0.021  0.023  0.021 -0.02  -0.045]	0.67	1.95	1.4	0.12	0.07	0.31	0.04	0.32	0.17	0.43	0.2	0.16042186931955812	0.106	0.071
0	['Ir', 'Pd', 'Pt', 'Rh', 'Ru']	17	[0.038 0.68  0.    0.035 0.247]	[-0.04   0.132 -0.009  0.035 -0.118]	0.67	1.95	1.4	0.12	0.07	0.31	0.04	0.32	0.17	0.43	0.2	0.14349071204857072	0.154	0.071
1	['Ir', 'Pd', 'Pt', 'Rh', 'Ru']	17	[0.076 0.501 0.008 0.017 0.398]	[ 0.    -0.1    0.028 -0.035  0.106]	0.67	1.95	1.4	0.12	0.07	0.31	0.04	0.32	0.17	0.43	0.2	0.16157136929192006	0.117	0.071
2	['Ir', 'Pd', 'Pt', 'Rh', 'Ru']	17	[0.081 0.562 0.03  0.003 0.324]	[ 0.033  0.053  0.089 -0.062 -0.112]	0.67	1.95	1.4	0.12	0.07	0.31	0.04	0.32	0.17	0.43	0.2	0.167171827423592	0.065	0.071
3	['Ir', 'Pd', 'Pt', 'Rh', 'Ru']	17	[0.186 0.501 0.028 0.017 0.268]	[ 0.098 -0.062 -0.008  0.029 -0.057]	0.67	1.95	1.4	0.12	0.07	0.31	0.04	0.32	0.17	0.43	0.2	0.15321156430249927	0.113	0.071
4	['Ir', 'Pd', 'Pt', 'Rh', 'Ru']	17	[0.069 0.298 0.407 0.055 0.171]	[-0.275 -0.207  0.58  -0.172  0.073]	0.67	1.95	1.4	0.12	0.07	0.31	0.04	0.32	0.17	0.43	0.2	0.09461675609011909	0.497	0.071
0	['Ir', 'Pd', 'Pt', 'Rh', 'Ru']	18	[0.001 0.573 0.011 0.03  0.385]	[-0.044 -0.119 -0.027  0.045  0.145]	0.67	1.95	1.4	0.12	0.07	0.31	0.04	0.32	0.17	0.43	0.2	0.15877771325366147	0.134	0.071
1	['Ir', 'Pd', 'Pt', 'Rh', 'Ru']	18	[0.017 0.637 0.01  0.007 0.329]	[-0.108  0.155  0.011  0.006 -0.064]	0.67	1.95	1.4	0.12	0.07	0.31	0.04	0.32	0.17	0.43	0.2	0.15384160405497999	0.131	0.071
2	['Ir', 'Pd', 'Pt', 'Rh', 'Ru']	18	[0.041 0.634 0.057 0.016 0.252]	[-0.066  0.126  0.074 -0.016 -0.119]	0.67	1.95	1.4	0.12	0.07	0.31	0.04	0.32	0.17	0.43	0.2	0.1536835013537079	0.131	0.071
3	['Ir', 'Pd', 'Pt', 'Rh', 'Ru']	18	[0.047 0.597 0.022 0.001 0.333]	[-0.167  0.09   0.024 -0.004  0.057]	0.67	1.95	1.4	0.12	0.07	0.31	0.04	0.32	0.17	0.43	0.2	0.16685831640348503	0.095	0.071
4	['Ir', 'Pd', 'Pt', 'Rh', 'Ru']	18	[0.041 0.418 0.278 0.012 0.251]	[-0.028  0.12  -0.129 -0.043  0.08 ]	0.67	1.95	1.4	0.12	0.07	0.31	0.04	0.32	0.17	0.43	0.2	0.1296880124849367	0.319	0.071
0	['Ir', 'Pd', 'Pt', 'Rh', 'Ru']	19	[0.098 0.516 0.001 0.011 0.374]	[ 0.091 -0.071 -0.023  0.026 -0.022]	0.67	1.95	1.4	0.12	0.07	0.31	0.04	0.32	0.17	0.43	0.2	0.16352745218829312	0.09	0.071
1	['Ir', 'Pd', 'Pt', 'Rh', 'Ru']	19	[0.011 0.575 0.008 0.032 0.374]	[-0.009 -0.066  0.011  0.022  0.043]	0.67	1.95	1.4	0.12	0.07	0.31	0.04	0.32	0.17	0.43	0.2	0.1614699251857442	0.12	0.071
2	['Ir', 'Pd', 'Pt', 'Rh', 'Ru']	19	[0.004 0.592 0.044 0.014 0.346]	[-0.106 -0.061  0.087 -0.045  0.124]	0.67	1.95	1.4	0.12	0.07	0.31	0.04	0.32	0.17	0.43	0.2	0.16018314340894302	0.128	0.071
3	['Ir', 'Pd', 'Pt', 'Rh', 'Ru']	19	[0.011 0.62  0.025 0.006 0.338]	[ 0.043  0.117 -0.133 -0.071  0.043]	0.67	1.95	1.4	0.12	0.07	0.31	0.04	0.32	0.17	0.43	0.2	0.1580881776076179	0.13	0.071
4	['Ir', 'Pd', 'Pt', 'Rh', 'Ru']	19	[0.04  0.534 0.122 0.004 0.3  ]	[-0.001  0.115 -0.156 -0.008  0.049]	0.67	1.95	1.4	0.12	0.07	0.31	0.04	0.32	0.17	0.43	0.2	0.16158191192193747	0.144	0.071
0	['Ir', 'Pd', 'Pt', 'Rh', 'Ru']	20	[0.137 0.576 0.016 0.024 0.247]	[ 0.038  0.06   0.013  0.021 -0.132]	0.67	1.95	1.4	0.12	0.07	0.31	0.04	0.32	0.17	0.43	0.2	0.16158247241787088	0.076	0.071
1	['Ir', 'Pd', 'Pt', 'Rh', 'Ru']	20	[0.158 0.445 0.019 0.001 0.377]	[ 0.147 -0.131  0.011 -0.031  0.003]	0.67	1.95	1.4	0.12	0.07	0.31	0.04	0.32	0.17	0.43	0.2	0.14746195057579556	0.152	0.071
2	['Ir', 'Pd', 'Pt', 'Rh', 'Ru']	20	[0.11  0.451 0.01  0.037 0.392]	[ 0.113 -0.142 -0.057  0.035  0.051]	0.67	1.95	1.4	0.12	0.07	0.31	0.04	0.32	0.17	0.43	0.2	0.15232999553336432	0.137	0.071
3	['Ir', 'Pd', 'Pt', 'Rh', 'Ru']	20	[0.077 0.513 0.015 0.055 0.34 ]	[ 0.105 -0.166  0.021  0.033  0.007]	0.67	1.95	1.4	0.12	0.07	0.31	0.04	0.32	0.17	0.43	0.2	0.162952917741733	0.061	0.071
4	['Ir', 'Pd', 'Pt', 'Rh', 'Ru']	20	[0.011 0.588 0.031 0.012 0.358]	[-0.137  0.024  0.134 -0.046  0.025]	0.67	1.95	1.4	0.12	0.07	0.31	0.04	0.32	0.17	0.43	0.2	0.16094748130634054	0.123	0.071
0	['Ir', 'Pd', 'Pt', 'Rh', 'Ru']	21	[0.031 0.591 0.032 0.016 0.33 ]	[ 0.153 -0.055 -0.055 -0.09   0.048]	0.67	1.95	1.4	0.12	0.07	0.31	0.04	0.32	0.17	0.43	0.2	0.16271280084792653	0.098	0.071
1	['Ir', 'Pd', 'Pt', 'Rh', 'Ru']	21	[0.015 0.566 0.025 0.057 0.337]	[-0.143  0.121  0.006  0.056 -0.04 ]	0.67	1.95	1.4	0.12	0.07	0.31	0.04	0.32	0.17	0.43	0.2	0.1634681683644478	0.098	0.071
2	['Ir', 'Pd', 'Pt', 'Rh', 'Ru']	21	[0.072 0.613 0.017 0.004 0.294]	[-0.041  0.162  0.016 -0.035 -0.102]	0.67	1.95	1.4	0.12	0.07	0.31	0.04	0.32	0.17	0.43	0.2	0.16309124465567912	0.085	0.071
3	['Ir', 'Pd', 'Pt', 'Rh', 'Ru']	21	[0.011 0.587 0.008 0.091 0.303]	[-0.102  0.09  -0.047  0.122 -0.062]	0.67	1.95	1.4	0.12	0.07	0.31	0.04	0.32	0.17	0.43	0.2	0.15512182567274682	0.105	0.071
4	['Ir', 'Pd', 'Pt', 'Rh', 'Ru']	21	[0.029 0.525 0.161 0.047 0.238]	[ 0.018 -0.062  0.13   0.035 -0.12 ]	0.67	1.95	1.4	0.12	0.07	0.31	0.04	0.32	0.17	0.43	0.2	0.15524653516752723	0.188	0.071
0	['Ir', 'Pd', 'Pt', 'Rh', 'Ru']	22	[0.077 0.522 0.013 0.04  0.348]	[ 0.058 -0.072 -0.053  0.042  0.025]	0.67	1.95	1.4	0.12	0.07	0.31	0.04	0.32	0.17	0.43	0.2	0.16451496017704648	0.062	0.071
1	['Ir', 'Pd', 'Pt', 'Rh', 'Ru']	22	[0.04  0.597 0.013 0.003 0.347]	[ 0.04   0.036 -0.017 -0.068  0.009]	0.67	1.95	1.4	0.12	0.07	0.31	0.04	0.32	0.17	0.43	0.2	0.1654861042649958	0.102	0.071
2	['Ir', 'Pd', 'Pt', 'Rh', 'Ru']	22	[0.    0.604 0.02  0.002 0.374]	[ 0.054 -0.051 -0.035 -0.033  0.066]	0.67	1.95	1.4	0.12	0.07	0.31	0.04	0.32	0.17	0.43	0.2	0.15622055101326968	0.145	0.071
3	['Ir', 'Pd', 'Pt', 'Rh', 'Ru']	22	[0.015 0.605 0.006 0.057 0.317]	[-0.096  0.013 -0.082  0.154  0.01 ]	0.67	1.95	1.4	0.12	0.07	0.31	0.04	0.32	0.17	0.43	0.2	0.15568441861099597	0.103	0.071
4	['Ir', 'Pd', 'Pt', 'Rh', 'Ru']	22	[0.045 0.586 0.005 0.021 0.343]	[ 0.016  0.062 -0.156 -0.026  0.105]	0.67	1.95	1.4	0.12	0.07	0.31	0.04	0.32	0.17	0.43	0.2	0.16602208664621176	0.084	0.071
0	['Ir', 'Pd', 'Pt', 'Rh', 'Ru']	23	[0.003 0.649 0.005 0.025 0.318]	[ 0.033  0.142 -0.096  0.018 -0.097]	0.67	1.95	1.4	0.12	0.07	0.31	0.04	0.32	0.17	0.43	0.2	0.14769892599743858	0.142	0.071
1	['Ir', 'Pd', 'Pt', 'Rh', 'Ru']	23	[0.072 0.518 0.013 0.011 0.386]	[ 0.032 -0.079 -0.     0.008  0.039]	0.67	1.95	1.4	0.12	0.07	0.31	0.04	0.32	0.17	0.43	0.2	0.1648199659185541	0.104	0.071
2	['Ir', 'Pd', 'Pt', 'Rh', 'Ru']	23	[0.15  0.512 0.013 0.014 0.311]	[ 0.156 -0.101  0.018 -0.001 -0.071]	0.67	1.95	1.4	0.12	0.07	0.31	0.04	0.32	0.17	0.43	0.2	0.1619272395643734	0.074	0.071
3	['Ir', 'Pd', 'Pt', 'Rh', 'Ru']	23	[0.012 0.552 0.024 0.058 0.354]	[-0.044 -0.078 -0.073  0.126  0.07 ]	0.67	1.95	1.4	0.12	0.07	0.31	0.04	0.32	0.17	0.43	0.2	0.16350772040968511	0.106	0.071
4	['Ir', 'Pd', 'Pt', 'Rh', 'Ru']	23	[0.04  0.575 0.015 0.056 0.314]	[-0.006 -0.012  0.013  0.036 -0.031]	0.67	1.95	1.4	0.12	0.07	0.31	0.04	0.32	0.17	0.43	0.2	0.1636271692462776	0.068	0.071
0	['Ir', 'Pd', 'Pt', 'Rh', 'Ru']	24	[0.115 0.496 0.014 0.014 0.361]	[ 0.105 -0.165  0.001  0.024  0.035]	0.67	1.95	1.4	0.12	0.07	0.31	0.04	0.32	0.17	0.43	0.2	0.1569493006217133	0.091	0.071
1	['Ir', 'Pd', 'Pt', 'Rh', 'Ru']	24	[0.029 0.532 0.029 0.034 0.376]	[-0.043  0.014  0.016  0.023 -0.01 ]	0.67	1.95	1.4	0.12	0.07	0.31	0.04	0.32	0.17	0.43	0.2	0.16728473978661265	0.111	0.071
2	['Ir', 'Pd', 'Pt', 'Rh', 'Ru']	24	[0.017 0.528 0.004 0.054 0.397]	[-0.138  0.011  0.01   0.035  0.082]	0.67	1.95	1.4	0.12	0.07	0.31	0.04	0.32	0.17	0.43	0.2	0.16129329727938158	0.13	0.071
3	['Ir', 'Pd', 'Pt', 'Rh', 'Ru']	24	[0.055 0.498 0.011 0.062 0.374]	[ 0.055 -0.139 -0.047  0.125  0.007]	0.67	1.95	1.4	0.12	0.07	0.31	0.04	0.32	0.17	0.43	0.2	0.16309174872158894	0.102	0.071
4	['Ir', 'Pd', 'Pt', 'Rh', 'Ru']	24	[0.112 0.018 0.248 0.317 0.305]	[-0.239  0.545  0.007  0.05  -0.364]	0.67	1.95	1.4	0.12	0.07	0.31	0.04	0.32	0.17	0.43	0.2	0.018367658596609875	0.645	0.071
0	['Ir', 'Pd', 'Pt', 'Rh', 'Ru']	25	[0.028 0.599 0.013 0.029 0.331]	[ 0.121  0.089 -0.094 -0.028 -0.088]	0.67	1.95	1.4	0.12	0.07	0.31	0.04	0.32	0.17	0.43	0.2	0.16122042649077098	0.096	0.071
1	['Ir', 'Pd', 'Pt', 'Rh', 'Ru']	25	[0.141 0.033 0.134 0.077 0.615]	[-0.179  0.575 -0.193 -0.287  0.084]	0.67	1.95	1.4	0.12	0.07	0.31	0.04	0.32	0.17	0.43	0.2	0.0067892202193085005	0.622	0.071
2	['Ir', 'Pd', 'Pt', 'Rh', 'Ru']	25	[0.002 0.629 0.015 0.043 0.311]	[-0.057  0.128 -0.048  0.083 -0.106]	0.67	1.95	1.4	0.12	0.07	0.31	0.04	0.32	0.17	0.43	0.2	0.15091510067763672	0.127	0.071
3	['Ir', 'Pd', 'Pt', 'Rh', 'Ru']	25	[0.002 0.622 0.003 0.036 0.337]	[-0.1    0.136 -0.033  0.07  -0.073]	0.67	1.95	1.4	0.12	0.07	0.31	0.04	0.32	0.17	0.43	0.2	0.1500672041416979	0.128	0.071
4	['Ir', 'Pd', 'Pt', 'Rh', 'Ru']	25	[0.08  0.192 0.195 0.241 0.292]	[-0.032  0.174 -0.053 -0.076 -0.013]	0.67	1.95	1.4	0.12	0.07	0.31	0.04	0.32	0.17	0.43	0.2	0.0691547514539072	0.451	0.071
0	['Ir', 'Pd', 'Pt', 'Rh', 'Ru']	26	[0.037 0.739 0.001 0.016 0.207]	[-0.005  0.135 -0.007  0.023 -0.146]	0.67	1.95	1.4	0.12	0.07	0.31	0.04	0.32	0.17	0.43	0.2	0.12426355448108758	0.222	0.071
1	['Ir', 'Pd', 'Pt', 'Rh', 'Ru']	26	[0.094 0.212 0.086 0.041 0.567]	[-0.047  0.179 -0.048 -0.036 -0.047]	0.67	1.95	1.4	0.12	0.07	0.31	0.04	0.32	0.17	0.43	0.2	0.05787930365819267	0.439	0.071
2	['Ir', 'Pd', 'Pt', 'Rh', 'Ru']	26	[0.046 0.722 0.039 0.006 0.187]	[ 0.038  0.098  0.018  0.014 -0.168]	0.67	1.95	1.4	0.12	0.07	0.31	0.04	0.32	0.17	0.43	0.2	0.1263542933482853	0.221	0.071
3	['Ir', 'Pd', 'Pt', 'Rh', 'Ru']	26	[0.01  0.745 0.006 0.025 0.214]	[-0.032  0.14  -0.028  0.048 -0.128]	0.67	1.95	1.4	0.12	0.07	0.31	0.04	0.32	0.17	0.43	0.2	0.11615466202068475	0.233	0.071
4	['Ir', 'Pd', 'Pt', 'Rh', 'Ru']	26	[0.058 0.363 0.135 0.157 0.287]	[-0.022  0.17  -0.06  -0.084 -0.005]	0.67	1.95	1.4	0.12	0.07	0.31	0.04	0.32	0.17	0.43	0.2	0.12833979771254858	0.258	0.071
0	['Ir', 'Pd', 'Pt', 'Rh', 'Ru']	27	[0.044 0.577 0.092 0.019 0.268]	[ 0.003 -0.169  0.087  0.021  0.057]	0.67	1.95	1.4	0.12	0.07	0.31	0.04	0.32	0.17	0.43	0.2	0.15986271834086432	0.12	0.071
1	['Ir', 'Pd', 'Pt', 'Rh', 'Ru']	27	[0.064 0.364 0.074 0.057 0.441]	[-0.03   0.152 -0.012  0.016 -0.125]	0.67	1.95	1.4	0.12	0.07	0.31	0.04	0.32	0.17	0.43	0.2	0.12227141249488738	0.248	0.071
2	['Ir', 'Pd', 'Pt', 'Rh', 'Ru']	27	[0.074 0.546 0.065 0.06  0.255]	[ 0.028 -0.176  0.026  0.054  0.068]	0.67	1.95	1.4	0.12	0.07	0.31	0.04	0.32	0.17	0.43	0.2	0.16361353987981206	0.084	0.071
3	['Ir', 'Pd', 'Pt', 'Rh', 'Ru']	27	[0.026 0.572 0.085 0.044 0.273]	[ 0.016 -0.172  0.079  0.019  0.059]	0.67	1.95	1.4	0.12	0.07	0.31	0.04	0.32	0.17	0.43	0.2	0.16324066809917484	0.118	0.071
4	['Ir', 'Pd', 'Pt', 'Rh', 'Ru']	27	[0.055 0.525 0.084 0.052 0.284]	[-0.003  0.162 -0.051 -0.105 -0.003]	0.67	1.95	1.4	0.12	0.07	0.31	0.04	0.32	0.17	0.43	0.2	0.16248741688114762	0.1	0.071
0	['Ir', 'Pd', 'Pt', 'Rh', 'Ru']	28	[0.037 0.552 0.012 0.036 0.363]	[-0.007 -0.025 -0.08   0.017  0.095]	0.67	1.95	1.4	0.12	0.07	0.31	0.04	0.32	0.17	0.43	0.2	0.166430045620677	0.091	0.071
1	['Ir', 'Pd', 'Pt', 'Rh', 'Ru']	28	[0.05  0.527 0.046 0.047 0.33 ]	[-0.014  0.163 -0.028 -0.01  -0.111]	0.67	1.95	1.4	0.12	0.07	0.31	0.04	0.32	0.17	0.43	0.2	0.1664148452925644	0.078	0.071
2	['Ir', 'Pd', 'Pt', 'Rh', 'Ru']	28	[0.074 0.524 0.009 0.023 0.37 ]	[-0.081 -0.118  0.031  0.038  0.13 ]	0.67	1.95	1.4	0.12	0.07	0.31	0.04	0.32	0.17	0.43	0.2	0.1654373814756432	0.084	0.071
3	['Ir', 'Pd', 'Pt', 'Rh', 'Ru']	28	[0.087 0.535 0.012 0.043 0.323]	[ 0.054 -0.178  0.049  0.047  0.028]	0.67	1.95	1.4	0.12	0.07	0.31	0.04	0.32	0.17	0.43	0.2	0.16676611186038426	0.033	0.071
4	['Ir', 'Pd', 'Pt', 'Rh', 'Ru']	28	[0.006 0.669 0.084 0.039 0.202]	[-0.073  0.139 -0.018  0.06  -0.108]	0.67	1.95	1.4	0.12	0.07	0.31	0.04	0.32	0.17	0.43	0.2	0.14058147297340806	0.199	0.071
0	['Ir', 'Pd', 'Pt', 'Rh', 'Ru']	29	[0.071 0.566 0.001 0.012 0.35 ]	[ 0.033 -0.004 -0.015  0.042 -0.055]	0.67	1.95	1.4	0.12	0.07	0.31	0.04	0.32	0.17	0.43	0.2	0.16775473127216764	0.071	0.071
1	['Ir', 'Pd', 'Pt', 'Rh', 'Ru']	29	[0.024 0.61  0.05  0.027 0.289]	[-0.072  0.113  0.079 -0.021 -0.098]	0.67	1.95	1.4	0.12	0.07	0.31	0.04	0.32	0.17	0.43	0.2	0.1593190071593409	0.112	0.071
2	['Ir', 'Pd', 'Pt', 'Rh', 'Ru']	29	[0.071 0.531 0.006 0.004 0.388]	[-0.003  0.008 -0.003 -0.019  0.018]	0.67	1.95	1.4	0.12	0.07	0.31	0.04	0.32	0.17	0.43	0.2	0.16718444497769364	0.105	0.071
3	['Ir', 'Pd', 'Pt', 'Rh', 'Ru']	29	[0.023 0.498 0.006 0.088 0.385]	[-0.095 -0.057 -0.035  0.109  0.077]	0.67	1.95	1.4	0.12	0.07	0.31	0.04	0.32	0.17	0.43	0.2	0.15911477237011948	0.132	0.071
4	['Ir', 'Pd', 'Pt', 'Rh', 'Ru']	29	[0.059 0.542 0.028 0.035 0.336]	[ 0.053 -0.127 -0.056 -0.004  0.134]	0.67	1.95	1.4	0.12	0.07	0.31	0.04	0.32	0.17	0.43	0.2	0.16606831596303684	0.064	0.071
0	['Ir', 'Pd', 'Pt', 'Rh', 'Ru']	30	[0.039 0.628 0.007 0.003 0.323]	[-0.037  0.062 -0.001  0.008 -0.032]	0.67	1.95	1.4	0.12	0.07	0.31	0.04	0.32	0.17	0.43	0.2	0.1593288482567515	0.112	0.071
1	['Ir', 'Pd', 'Pt', 'Rh', 'Ru']	30	[0.139 0.605 0.061 0.02  0.175]	[ 0.115 -0.005  0.011 -0.007 -0.114]	0.67	1.95	1.4	0.12	0.07	0.31	0.04	0.32	0.17	0.43	0.2	0.14666321967055704	0.157	0.071
2	['Ir', 'Pd', 'Pt', 'Rh', 'Ru']	30	[0.116 0.557 0.123 0.141 0.063]	[ 0.038 -0.569  0.281  0.291 -0.041]	0.67	1.95	1.4	0.12	0.07	0.31	0.04	0.32	0.17	0.43	0.2	0.12644808651770614	0.283	0.071
3	['Ir', 'Pd', 'Pt', 'Rh', 'Ru']	30	[0.01  0.602 0.015 0.045 0.328]	[-0.046  0.105 -0.066  0.109 -0.102]	0.67	1.95	1.4	0.12	0.07	0.31	0.04	0.32	0.17	0.43	0.2	0.1557838917438809	0.109	0.071
4	['Ir', 'Pd', 'Pt', 'Rh', 'Ru']	30	[0.058 0.543 0.005 0.056 0.338]	[-0.01  -0.007 -0.065  0.088 -0.006]	0.67	1.95	1.4	0.12	0.07	0.31	0.04	0.32	0.17	0.43	0.2	0.1647171694968786	0.058	0.071
