ID	Elements	Generation	Position	Velocity	F_damp	F_b_best	F_h_best	F_g_best	F_b_worst	F_h_worst	F_g_worst	mut_prob	flip_prob	mut_rate	v_max	Activity	Distance	v_min
0	['Ir', 'Pd', 'Pt', 'Rh', 'Ru']	0	[0.8  0.05 0.05 0.05 0.05]	[-0.179  0.045  0.045  0.045  0.045]	0.43	0.02	0.07	1.18	1.97	1.09	0.22	0.11	0.13	0.04	0.2	0.009720244224210991	0.897	0.071
1	['Ir', 'Pd', 'Pt', 'Rh', 'Ru']	0	[0.05 0.8  0.05 0.05 0.05]	[ 0.045 -0.179  0.045  0.045  0.045]	0.43	0.02	0.07	1.18	1.97	1.09	0.22	0.11	0.13	0.04	0.2	0.0893487361025907	0.361	0.071
2	['Ir', 'Pd', 'Pt', 'Rh', 'Ru']	0	[0.05 0.05 0.8  0.05 0.05]	[ 0.045  0.045 -0.179  0.045  0.045]	0.43	0.02	0.07	1.18	1.97	1.09	0.22	0.11	0.13	0.04	0.2	0.07213216891773018	0.977	0.071
3	['Ir', 'Pd', 'Pt', 'Rh', 'Ru']	0	[0.05 0.05 0.05 0.8  0.05]	[ 0.045  0.045  0.045 -0.179  0.045]	0.43	0.02	0.07	1.18	1.97	1.09	0.22	0.11	0.13	0.04	0.2	0.001931275295651623	0.938	0.071
4	['Ir', 'Pd', 'Pt', 'Rh', 'Ru']	0	[0.05 0.05 0.05 0.05 0.8 ]	[ 0.045  0.045  0.045  0.045 -0.179]	0.43	0.02	0.07	1.18	1.97	1.09	0.22	0.11	0.13	0.04	0.2	0.0030504979582336787	0.711	0.071
0	['Ir', 'Pd', 'Pt', 'Rh', 'Ru']	1	[0.749 0.145 0.007 0.092 0.007]	[-0.08   0.109 -0.07   0.11  -0.07 ]	0.43	0.02	0.07	1.18	1.97	1.09	0.22	0.11	0.13	0.04	0.2	0.007543393483085907	0.82	0.071
1	['Ir', 'Pd', 'Pt', 'Rh', 'Ru']	1	[0.005 0.889 0.005 0.096 0.005]	[-0.073  0.104 -0.073  0.116 -0.073]	0.43	0.02	0.07	1.18	1.97	1.09	0.22	0.11	0.13	0.04	0.2	0.05092249231533348	0.462	0.071
2	['Ir', 'Pd', 'Pt', 'Rh', 'Ru']	1	[0.007 0.147 0.748 0.091 0.007]	[-0.07   0.11  -0.08   0.109 -0.07 ]	0.43	0.02	0.07	1.18	1.97	1.09	0.22	0.11	0.13	0.04	0.2	0.05193477538453905	0.904	0.071
3	['Ir', 'Pd', 'Pt', 'Rh', 'Ru']	1	[0.053 0.187 0.053 0.654 0.053]	[ 0.003  0.137  0.003 -0.145  0.003]	0.43	0.02	0.07	1.18	1.97	1.09	0.22	0.11	0.13	0.04	0.2	0.01927351678573712	0.75	0.071
4	['Ir', 'Pd', 'Pt', 'Rh', 'Ru']	1	[0.007 0.147 0.007 0.091 0.748]	[-0.07   0.11  -0.07   0.109 -0.079]	0.43	0.02	0.07	1.18	1.97	1.09	0.22	0.11	0.13	0.04	0.2	0.023977473591017883	0.611	0.071
0	['Ir', 'Pd', 'Pt', 'Rh', 'Ru']	2	[0.617 0.292 0.018 0.064 0.009]	[-0.132  0.147  0.011 -0.028  0.002]	0.43	0.02	0.07	1.18	1.97	1.09	0.22	0.11	0.13	0.04	0.2	0.03279711848129159	0.647	0.071
1	['Ir', 'Pd', 'Pt', 'Rh', 'Ru']	2	[0.106 0.859 0.006 0.011 0.018]	[ 0.139 -0.142  0.016 -0.02   0.008]	0.43	0.02	0.07	1.18	1.97	1.09	0.22	0.11	0.13	0.04	0.2	0.08402262133365397	0.42	0.071
2	['Ir', 'Pd', 'Pt', 'Rh', 'Ru']	2	[0.087 0.184 0.66  0.027 0.042]	[ 0.103  0.112 -0.046 -0.103 -0.066]	0.43	0.02	0.07	1.18	1.97	1.09	0.22	0.11	0.13	0.04	0.2	0.06300151846926065	0.798	0.071
3	['Ir', 'Pd', 'Pt', 'Rh', 'Ru']	2	[0.051 0.315 0.042 0.558 0.034]	[ 0.071  0.127 -0.031 -0.128 -0.039]	0.43	0.02	0.07	1.18	1.97	1.09	0.22	0.11	0.13	0.04	0.2	0.044598577618309494	0.623	0.071
4	['Ir', 'Pd', 'Pt', 'Rh', 'Ru']	2	[0.089 0.204 0.052 0.01  0.645]	[ 0.096  0.123 -0.068 -0.078 -0.073]	0.43	0.02	0.07	1.18	1.97	1.09	0.22	0.11	0.13	0.04	0.2	0.04810855824557887	0.493	0.071
0	['Ir', 'Pd', 'Pt', 'Rh', 'Ru']	3	[0.489 0.441 0.026 0.028 0.016]	[-0.128  0.149  0.008 -0.036  0.007]	0.43	0.02	0.07	1.18	1.97	1.09	0.22	0.11	0.13	0.04	0.2	0.07224841732138645	0.495	0.071
1	['Ir', 'Pd', 'Pt', 'Rh', 'Ru']	3	[0.    0.922 0.002 0.061 0.015]	[-0.067 -0.134  0.036  0.12   0.044]	0.43	0.02	0.07	1.18	1.97	1.09	0.22	0.11	0.13	0.04	0.2	0.047437815178052754	0.479	0.071
2	['Ir', 'Pd', 'Pt', 'Rh', 'Ru']	3	[0.02  0.315 0.603 0.036 0.026]	[-0.119  0.143 -0.057  0.046 -0.013]	0.43	0.02	0.07	1.18	1.97	1.09	0.22	0.11	0.13	0.04	0.2	0.0695013212930625	0.707	0.071
3	['Ir', 'Pd', 'Pt', 'Rh', 'Ru']	3	[0.024 0.467 0.03  0.458 0.021]	[ 0.048  0.141 -0.032 -0.125 -0.033]	0.43	0.02	0.07	1.18	1.97	1.09	0.22	0.11	0.13	0.04	0.2	0.07248937497602267	0.508	0.071
4	['Ir', 'Pd', 'Pt', 'Rh', 'Ru']	3	[0.012 0.35  0.028 0.033 0.577]	[-0.103  0.155 -0.019  0.03  -0.063]	0.43	0.02	0.07	1.18	1.97	1.09	0.22	0.11	0.13	0.04	0.2	0.1057763314148523	0.354	0.071
0	['Ir', 'Pd', 'Pt', 'Rh', 'Ru']	4	[0.357 0.438 0.018 0.044 0.143]	[-0.147 -0.01  -0.016  0.045  0.127]	0.43	0.02	0.07	1.18	1.97	1.09	0.22	0.11	0.13	0.04	0.2	0.10373252022337083	0.322	0.071
1	['Ir', 'Pd', 'Pt', 'Rh', 'Ru']	4	[0.005 0.794 0.008 0.028 0.165]	[ 0.003 -0.127  0.006 -0.033  0.151]	0.43	0.02	0.07	1.18	1.97	1.09	0.22	0.11	0.13	0.04	0.2	0.09745835440992118	0.296	0.071
2	['Ir', 'Pd', 'Pt', 'Rh', 'Ru']	4	[0.001 0.258 0.526 0.032 0.183]	[-0.034 -0.072 -0.091  0.043  0.154]	0.43	0.02	0.07	1.18	1.97	1.09	0.22	0.11	0.13	0.04	0.2	0.08831029676499524	0.621	0.071
3	['Ir', 'Pd', 'Pt', 'Rh', 'Ru']	4	[0.02  0.527 0.025 0.3   0.128]	[-0.004  0.059 -0.005 -0.158  0.107]	0.43	0.02	0.07	1.18	1.97	1.09	0.22	0.11	0.13	0.04	0.2	0.12273520015901337	0.316	0.071
4	['Ir', 'Pd', 'Pt', 'Rh', 'Ru']	4	[0.02  0.3   0.044 0.023 0.613]	[-0.017 -0.03  -0.142  0.076  0.114]	0.43	0.02	0.07	1.18	1.97	1.09	0.22	0.11	0.13	0.04	0.2	0.0907643194267034	0.412	0.071
0	['Ir', 'Pd', 'Pt', 'Rh', 'Ru']	5	[0.212 0.548 0.059 0.027 0.154]	[-0.155  0.114  0.049 -0.019  0.01 ]	0.43	0.02	0.07	1.18	1.97	1.09	0.22	0.11	0.13	0.04	0.2	0.1416492418047107	0.195	0.071
1	['Ir', 'Pd', 'Pt', 'Rh', 'Ru']	5	[0.051 0.697 0.109 0.009 0.134]	[-0.09  -0.051  0.152 -0.06   0.05 ]	0.43	0.02	0.07	1.18	1.97	1.09	0.22	0.11	0.13	0.04	0.2	0.12341833324607525	0.255	0.071
2	['Ir', 'Pd', 'Pt', 'Rh', 'Ru']	5	[0.001 0.352 0.361 0.042 0.244]	[ 0.001  0.093 -0.166  0.01   0.061]	0.43	0.02	0.07	1.18	1.97	1.09	0.22	0.11	0.13	0.04	0.2	0.11949274715406422	0.427	0.071
3	['Ir', 'Pd', 'Pt', 'Rh', 'Ru']	5	[0.008 0.657 0.041 0.174 0.12 ]	[-0.035  0.136  0.044 -0.135 -0.011]	0.43	0.02	0.07	1.18	1.97	1.09	0.22	0.11	0.13	0.04	0.2	0.1274811119968809	0.263	0.071
4	['Ir', 'Pd', 'Pt', 'Rh', 'Ru']	5	[0.022 0.408 0.056 0.004 0.51 ]	[-0.062  0.125  0.077 -0.021 -0.119]	0.43	0.02	0.07	1.18	1.97	1.09	0.22	0.11	0.13	0.04	0.2	0.13075732690192973	0.275	0.071
0	['Ir', 'Pd', 'Pt', 'Rh', 'Ru']	6	[0.09  0.695 0.024 0.016 0.175]	[-0.133  0.14  -0.045  0.026  0.012]	0.43	0.02	0.07	1.18	1.97	1.09	0.22	0.11	0.13	0.04	0.2	0.135052674671637	0.196	0.071
1	['Ir', 'Pd', 'Pt', 'Rh', 'Ru']	6	[0.118 0.587 0.031 0.117 0.147]	[ 0.092 -0.125 -0.084  0.092  0.025]	0.43	0.02	0.07	1.18	1.97	1.09	0.22	0.11	0.13	0.04	0.2	0.15466239225775194	0.175	0.071
2	['Ir', 'Pd', 'Pt', 'Rh', 'Ru']	6	[0.034 0.454 0.207 0.004 0.301]	[ 0.033  0.102 -0.154 -0.038  0.057]	0.43	0.02	0.07	1.18	1.97	1.09	0.22	0.11	0.13	0.04	0.2	0.14418400249052546	0.242	0.071
3	['Ir', 'Pd', 'Pt', 'Rh', 'Ru']	6	[0.022 0.802 0.011 0.04  0.125]	[ 0.014  0.145 -0.03  -0.134  0.005]	0.43	0.02	0.07	1.18	1.97	1.09	0.22	0.11	0.13	0.04	0.2	0.09652810656972644	0.317	0.071
4	['Ir', 'Pd', 'Pt', 'Rh', 'Ru']	6	[0.026 0.546 0.005 0.036 0.387]	[ 0.009  0.146 -0.06   0.026 -0.12 ]	0.43	0.02	0.07	1.18	1.97	1.09	0.22	0.11	0.13	0.04	0.2	0.16588420338870347	0.115	0.071
0	['Ir', 'Pd', 'Pt', 'Rh', 'Ru']	7	[0.036 0.753 0.008 0.004 0.199]	[ 0.129  0.059 -0.125 -0.067  0.004]	0.43	0.02	0.07	1.18	1.97	1.09	0.22	0.11	0.13	0.04	0.2	0.11798307423644747	0.24	0.071
1	['Ir', 'Pd', 'Pt', 'Rh', 'Ru']	7	[0.168 0.428 0.032 0.114 0.258]	[ 0.05  -0.159  0.001 -0.003  0.111]	0.43	0.02	0.07	1.18	1.97	1.09	0.22	0.11	0.13	0.04	0.2	0.14120467811484186	0.162	0.071
2	['Ir', 'Pd', 'Pt', 'Rh', 'Ru']	7	[0.022 0.492 0.045 0.041 0.4  ]	[-0.01   0.042 -0.163  0.028  0.104]	0.43	0.02	0.07	1.18	1.97	1.09	0.22	0.11	0.13	0.04	0.2	0.15888214677408552	0.147	0.071
3	['Ir', 'Pd', 'Pt', 'Rh', 'Ru']	7	[0.011 0.821 0.035 0.066 0.067]	[-0.089  0.083 -0.096  0.124 -0.023]	0.43	0.02	0.07	1.18	1.97	1.09	0.22	0.11	0.13	0.04	0.2	0.08235539516050319	0.37	0.071
4	['Ir', 'Pd', 'Pt', 'Rh', 'Ru']	7	[0.002 0.7   0.015 0.009 0.274]	[-0.035  0.149  0.     0.013 -0.128]	0.43	0.02	0.07	1.18	1.97	1.09	0.22	0.11	0.13	0.04	0.2	0.13423490685897266	0.186	0.071
0	['Ir', 'Pd', 'Pt', 'Rh', 'Ru']	8	[0.032 0.737 0.052 0.021 0.158]	[ 0.122  0.062 -0.13  -0.067  0.012]	0.43	0.02	0.07	1.18	1.97	1.09	0.22	0.11	0.13	0.04	0.2	0.12044542830944009	0.252	0.071
1	['Ir', 'Pd', 'Pt', 'Rh', 'Ru']	8	[0.214 0.273 0.035 0.102 0.376]	[ 0.046 -0.155  0.003 -0.012  0.117]	0.43	0.02	0.07	1.18	1.97	1.09	0.22	0.11	0.13	0.04	0.2	0.08266295868795283	0.315	0.071
2	['Ir', 'Pd', 'Pt', 'Rh', 'Ru']	8	[0.006 0.459 0.07  0.025 0.44 ]	[-0.073 -0.013  0.117 -0.116  0.085]	0.43	0.02	0.07	1.18	1.97	1.09	0.22	0.11	0.13	0.04	0.2	0.14522873254457555	0.206	0.071
3	['Ir', 'Pd', 'Pt', 'Rh', 'Ru']	8	[0.03  0.878 0.004 0.052 0.036]	[-0.092  0.092 -0.092  0.118 -0.026]	0.43	0.02	0.07	1.18	1.97	1.09	0.22	0.11	0.13	0.04	0.2	0.06988254273961378	0.427	0.071
4	['Ir', 'Pd', 'Pt', 'Rh', 'Ru']	8	[0.007 0.831 0.016 0.008 0.138]	[-0.014  0.147 -0.013  0.012 -0.133]	0.43	0.02	0.07	1.18	1.97	1.09	0.22	0.11	0.13	0.04	0.2	0.08722552444842264	0.34	0.071
0	['Ir', 'Pd', 'Pt', 'Rh', 'Ru']	9	[0.076 0.742 0.009 0.03  0.143]	[ 0.13   0.05  -0.127 -0.065  0.012]	0.43	0.02	0.07	1.18	1.97	1.09	0.22	0.11	0.13	0.04	0.2	0.12269536623864319	0.25	0.071
1	['Ir', 'Pd', 'Pt', 'Rh', 'Ru']	9	[0.256 0.117 0.041 0.092 0.494]	[ 0.042 -0.156  0.006 -0.01   0.117]	0.43	0.02	0.07	1.18	1.97	1.09	0.22	0.11	0.13	0.04	0.2	0.018819502941710406	0.503	0.071
2	['Ir', 'Pd', 'Pt', 'Rh', 'Ru']	9	[0.028 0.429 0.029 0.    0.514]	[-0.114 -0.05   0.1   -0.047  0.111]	0.43	0.02	0.07	1.18	1.97	1.09	0.22	0.11	0.13	0.04	0.2	0.13286275952642193	0.263	0.071
3	['Ir', 'Pd', 'Pt', 'Rh', 'Ru']	9	[0.005 0.908 0.02  0.062 0.005]	[-0.02  -0.143  0.     0.137  0.026]	0.43	0.02	0.07	1.18	1.97	1.09	0.22	0.11	0.13	0.04	0.2	0.0485173189429368	0.474	0.071
4	['Ir', 'Pd', 'Pt', 'Rh', 'Ru']	9	[0.003 0.973 0.004 0.014 0.006]	[-0.006  0.148 -0.027  0.015 -0.13 ]	0.43	0.02	0.07	1.18	1.97	1.09	0.22	0.11	0.13	0.04	0.2	0.039131394441657336	0.525	0.071
0	['Ir', 'Pd', 'Pt', 'Rh', 'Ru']	10	[0.026 0.839 0.014 0.011 0.11 ]	[ 0.092  0.122 -0.103 -0.046 -0.064]	0.43	0.02	0.07	1.18	1.97	1.09	0.22	0.11	0.13	0.04	0.2	0.08769059781119198	0.356	0.071
1	['Ir', 'Pd', 'Pt', 'Rh', 'Ru']	10	[0.178 0.283 0.026 0.013 0.5  ]	[-0.078  0.166 -0.015 -0.079  0.005]	0.43	0.02	0.07	1.18	1.97	1.09	0.22	0.11	0.13	0.04	0.2	0.08503118486314641	0.346	0.071
2	['Ir', 'Pd', 'Pt', 'Rh', 'Ru']	10	[0.052 0.407 0.032 0.024 0.485]	[-0.151  0.053  0.102 -0.046  0.042]	0.43	0.02	0.07	1.18	1.97	1.09	0.22	0.11	0.13	0.04	0.2	0.13003814849339984	0.242	0.071
3	['Ir', 'Pd', 'Pt', 'Rh', 'Ru']	10	[0.022 0.894 0.005 0.078 0.001]	[ 0.028 -0.156 -0.004  0.122  0.012]	0.43	0.02	0.07	1.18	1.97	1.09	0.22	0.11	0.13	0.04	0.2	0.05478010638715893	0.463	0.071
4	['Ir', 'Pd', 'Pt', 'Rh', 'Ru']	10	[0.03  0.794 0.009 0.009 0.158]	[ 0.023 -0.164  0.01   0.02   0.111]	0.43	0.02	0.07	1.18	1.97	1.09	0.22	0.11	0.13	0.04	0.2	0.10383297105490968	0.294	0.071
0	['Ir', 'Pd', 'Pt', 'Rh', 'Ru']	11	[0.057 0.837 0.046 0.    0.06 ]	[ 0.121  0.073 -0.13  -0.058 -0.006]	0.43	0.02	0.07	1.18	1.97	1.09	0.22	0.11	0.13	0.04	0.2	0.08573397788215836	0.383	0.071
1	['Ir', 'Pd', 'Pt', 'Rh', 'Ru']	11	[0.055 0.244 0.038 0.085 0.578]	[-0.116 -0.018 -0.069  0.082  0.121]	0.43	0.02	0.07	1.18	1.97	1.09	0.22	0.11	0.13	0.04	0.2	0.07046672192205924	0.419	0.071
2	['Ir', 'Pd', 'Pt', 'Rh', 'Ru']	11	[0.018 0.346 0.066 0.029 0.541]	[-0.099 -0.067  0.1   -0.049  0.115]	0.43	0.02	0.07	1.18	1.97	1.09	0.22	0.11	0.13	0.04	0.2	0.11029320518114974	0.333	0.071
3	['Ir', 'Pd', 'Pt', 'Rh', 'Ru']	11	[0.001 0.921 0.013 0.061 0.004]	[-0.017 -0.141 -0.004  0.138  0.024]	0.43	0.02	0.07	1.18	1.97	1.09	0.22	0.11	0.13	0.04	0.2	0.04437378248314696	0.485	0.071
4	['Ir', 'Pd', 'Pt', 'Rh', 'Ru']	11	[0.002 0.932 0.02  0.024 0.022]	[-0.033  0.139  0.018  0.014 -0.138]	0.43	0.02	0.07	1.18	1.97	1.09	0.22	0.11	0.13	0.04	0.2	0.05003340772893976	0.484	0.071
0	['Ir', 'Pd', 'Pt', 'Rh', 'Ru']	12	[0.05  0.881 0.014 0.006 0.049]	[ 0.117  0.08  -0.128 -0.052 -0.017]	0.43	0.02	0.07	1.18	1.97	1.09	0.22	0.11	0.13	0.04	0.2	0.07598906139073286	0.421	0.071
1	['Ir', 'Pd', 'Pt', 'Rh', 'Ru']	12	[0.043 0.204 0.005 0.024 0.724]	[ 0.065 -0.065 -0.056 -0.088  0.143]	0.43	0.02	0.07	1.18	1.97	1.09	0.22	0.11	0.13	0.04	0.2	0.04263252708798698	0.551	0.071
2	['Ir', 'Pd', 'Pt', 'Rh', 'Ru']	12	[0.    0.299 0.038 0.02  0.643]	[-0.088 -0.083  0.087 -0.043  0.127]	0.43	0.02	0.07	1.18	1.97	1.09	0.22	0.11	0.13	0.04	0.2	0.08706433317882951	0.439	0.071
3	['Ir', 'Pd', 'Pt', 'Rh', 'Ru']	12	[0.004 0.888 0.012 0.093 0.003]	[-0.004 -0.14  -0.02   0.138  0.026]	0.43	0.02	0.07	1.18	1.97	1.09	0.22	0.11	0.13	0.04	0.2	0.04961948160092039	0.462	0.071
4	['Ir', 'Pd', 'Pt', 'Rh', 'Ru']	12	[0.002 0.855 0.005 0.004 0.134]	[ 0.012 -0.156 -0.004  0.029  0.12 ]	0.43	0.02	0.07	1.18	1.97	1.09	0.22	0.11	0.13	0.04	0.2	0.079685333006595	0.364	0.071
0	['Ir', 'Pd', 'Pt', 'Rh', 'Ru']	13	[0.066 0.911 0.011 0.008 0.004]	[ 0.121 -0.154  0.005  0.038 -0.009]	0.43	0.02	0.07	1.18	1.97	1.09	0.22	0.11	0.13	0.04	0.2	0.06553607013120502	0.47	0.071
1	['Ir', 'Pd', 'Pt', 'Rh', 'Ru']	13	[0.001 0.263 0.035 0.002 0.699]	[ 0.042  0.14  -0.128 -0.005 -0.049]	0.43	0.02	0.07	1.18	1.97	1.09	0.22	0.11	0.13	0.04	0.2	0.06996738203247098	0.505	0.071
2	['Ir', 'Pd', 'Pt', 'Rh', 'Ru']	13	[0.03  0.263 0.048 0.019 0.64 ]	[-0.119  0.003  0.127 -0.074  0.064]	0.43	0.02	0.07	1.18	1.97	1.09	0.22	0.11	0.13	0.04	0.2	0.07566380368527226	0.454	0.071
3	['Ir', 'Pd', 'Pt', 'Rh', 'Ru']	13	[0.006 0.923 0.003 0.031 0.037]	[ 0.012 -0.158 -0.004  0.118  0.032]	0.43	0.02	0.07	1.18	1.97	1.09	0.22	0.11	0.13	0.04	0.2	0.056862056497867776	0.466	0.071
4	['Ir', 'Pd', 'Pt', 'Rh', 'Ru']	13	[0.004 0.976 0.001 0.014 0.005]	[ 0.069 -0.129  0.068  0.08  -0.087]	0.43	0.02	0.07	1.18	1.97	1.09	0.22	0.11	0.13	0.04	0.2	0.03867099432407081	0.528	0.071
0	['Ir', 'Pd', 'Pt', 'Rh', 'Ru']	14	[0.067 0.898 0.019 0.008 0.008]	[ 0.126 -0.15  -0.022  0.012  0.033]	0.43	0.02	0.07	1.18	1.97	1.09	0.22	0.11	0.13	0.04	0.2	0.06842527988050524	0.458	0.071
1	['Ir', 'Pd', 'Pt', 'Rh', 'Ru']	14	[0.027 0.153 0.046 0.009 0.765]	[ 0.037 -0.09  -0.096  0.002  0.146]	0.43	0.02	0.07	1.18	1.97	1.09	0.22	0.11	0.13	0.04	0.2	0.023638807205306755	0.619	0.071
2	['Ir', 'Pd', 'Pt', 'Rh', 'Ru']	14	[0.004 0.19  0.046 0.018 0.742]	[-0.075 -0.096  0.077 -0.038  0.133]	0.43	0.02	0.07	1.18	1.97	1.09	0.22	0.11	0.13	0.04	0.2	0.036507380362441354	0.581	0.071
3	['Ir', 'Pd', 'Pt', 'Rh', 'Ru']	14	[0.025 0.855 0.012 0.104 0.004]	[-0.022 -0.14  -0.007  0.139  0.03 ]	0.43	0.02	0.07	1.18	1.97	1.09	0.22	0.11	0.13	0.04	0.2	0.06152540138169687	0.435	0.071
4	['Ir', 'Pd', 'Pt', 'Rh', 'Ru']	14	[0.001 0.803 0.01  0.009 0.177]	[ 0.005 -0.156  0.008  0.02   0.123]	0.43	0.02	0.07	1.18	1.97	1.09	0.22	0.11	0.13	0.04	0.2	0.09454891825117442	0.301	0.071
0	['Ir', 'Pd', 'Pt', 'Rh', 'Ru']	15	[0.053 0.896 0.009 0.018 0.024]	[ 0.108 -0.164 -0.002  0.026  0.03 ]	0.43	0.02	0.07	1.18	1.97	1.09	0.22	0.11	0.13	0.04	0.2	0.06902764007783899	0.446	0.071
1	['Ir', 'Pd', 'Pt', 'Rh', 'Ru']	15	[0.075 0.167 0.039 0.022 0.697]	[ 0.136  0.076 -0.055 -0.064 -0.093]	0.43	0.02	0.07	1.18	1.97	1.09	0.22	0.11	0.13	0.04	0.2	0.03360094534819489	0.554	0.071
2	['Ir', 'Pd', 'Pt', 'Rh', 'Ru']	15	[0.008 0.332 0.014 0.026 0.62 ]	[-0.014  0.148 -0.035  0.027 -0.127]	0.43	0.02	0.07	1.18	1.97	1.09	0.22	0.11	0.13	0.04	0.2	0.10201115173810164	0.399	0.071
3	['Ir', 'Pd', 'Pt', 'Rh', 'Ru']	15	[0.004 0.957 0.007 0.003 0.029]	[ 0.001 -0.156 -0.004  0.118  0.04 ]	0.43	0.02	0.07	1.18	1.97	1.09	0.22	0.11	0.13	0.04	0.2	0.05052626086386705	0.501	0.071
4	['Ir', 'Pd', 'Pt', 'Rh', 'Ru']	15	[0.001 0.949 0.007 0.    0.043]	[-0.002  0.148 -0.02   0.007 -0.133]	0.43	0.02	0.07	1.18	1.97	1.09	0.22	0.11	0.13	0.04	0.2	0.05514961997243795	0.487	0.071
0	['Ir', 'Pd', 'Pt', 'Rh', 'Ru']	16	[0.087 0.91  0.    0.003 0.   ]	[ 0.124 -0.153  0.006  0.033 -0.009]	0.43	0.02	0.07	1.18	1.97	1.09	0.22	0.11	0.13	0.04	0.2	0.07026525321413483	0.471	0.071
1	['Ir', 'Pd', 'Pt', 'Rh', 'Ru']	16	[0.008 0.273 0.008 0.036 0.675]	[ 0.033  0.136 -0.13   0.019 -0.057]	0.43	0.02	0.07	1.18	1.97	1.09	0.22	0.11	0.13	0.04	0.2	0.0736196718829049	0.475	0.071
2	['Ir', 'Pd', 'Pt', 'Rh', 'Ru']	16	[0.002 0.486 0.003 0.005 0.504]	[-0.002  0.154  0.01  -0.04  -0.121]	0.43	0.02	0.07	1.18	1.97	1.09	0.22	0.11	0.13	0.04	0.2	0.1430363330287084	0.239	0.071
3	['Ir', 'Pd', 'Pt', 'Rh', 'Ru']	16	[0.005 0.821 0.001 0.169 0.004]	[ 0.019 -0.152  0.017  0.128 -0.012]	0.43	0.02	0.07	1.18	1.97	1.09	0.22	0.11	0.13	0.04	0.2	0.06148889162701325	0.429	0.071
4	['Ir', 'Pd', 'Pt', 'Rh', 'Ru']	16	[0.019 0.846 0.008 0.005 0.122]	[ 0.013 -0.155  0.012  0.006  0.124]	0.43	0.02	0.07	1.18	1.97	1.09	0.22	0.11	0.13	0.04	0.2	0.08541753545697812	0.358	0.071
0	['Ir', 'Pd', 'Pt', 'Rh', 'Ru']	17	[0.03  0.899 0.022 0.036 0.013]	[ 0.114 -0.158 -0.018  0.032  0.03 ]	0.43	0.02	0.07	1.18	1.97	1.09	0.22	0.11	0.13	0.04	0.2	0.05914043705581881	0.458	0.071
1	['Ir', 'Pd', 'Pt', 'Rh', 'Ru']	17	[0.015 0.202 0.033 0.018 0.732]	[ 0.02  -0.083 -0.096  0.007  0.153]	0.43	0.02	0.07	1.18	1.97	1.09	0.22	0.11	0.13	0.04	0.2	0.041266745189452746	0.563	0.071
2	['Ir', 'Pd', 'Pt', 'Rh', 'Ru']	17	[0.05  0.517 0.001 0.055 0.377]	[-0.079  0.128 -0.044  0.085 -0.09 ]	0.43	0.02	0.07	1.18	1.97	1.09	0.22	0.11	0.13	0.04	0.2	0.16509867476794118	0.098	0.071
3	['Ir', 'Pd', 'Pt', 'Rh', 'Ru']	17	[0.002 0.942 0.006 0.014 0.036]	[ 0.001  0.121  0.003 -0.156  0.032]	0.43	0.02	0.07	1.18	1.97	1.09	0.22	0.11	0.13	0.04	0.2	0.053766400674943766	0.484	0.071
4	['Ir', 'Pd', 'Pt', 'Rh', 'Ru']	17	[0.    0.951 0.008 0.036 0.005]	[ 0.042 -0.139  0.059  0.105 -0.066]	0.43	0.02	0.07	1.18	1.97	1.09	0.22	0.11	0.13	0.04	0.2	0.04036129046507962	0.508	0.071
0	['Ir', 'Pd', 'Pt', 'Rh', 'Ru']	18	[0.085 0.879 0.002 0.021 0.013]	[ 0.137 -0.133 -0.01  -0.04   0.045]	0.43	0.02	0.07	1.18	1.97	1.09	0.22	0.11	0.13	0.04	0.2	0.07613710338212286	0.438	0.071
1	['Ir', 'Pd', 'Pt', 'Rh', 'Ru']	18	[0.025 0.103 0.021 0.008 0.843]	[ 0.029 -0.105 -0.076  0.002  0.15 ]	0.43	0.02	0.07	1.18	1.97	1.09	0.22	0.11	0.13	0.04	0.2	0.009477027335036768	0.709	0.071
2	['Ir', 'Pd', 'Pt', 'Rh', 'Ru']	18	[0.06  0.643 0.05  0.007 0.24 ]	[ 0.015  0.135  0.031 -0.045 -0.136]	0.43	0.02	0.07	1.18	1.97	1.09	0.22	0.11	0.13	0.04	0.2	0.1510791405289003	0.135	0.071
3	['Ir', 'Pd', 'Pt', 'Rh', 'Ru']	18	[0.014 0.828 0.018 0.135 0.005]	[-0.009 -0.143 -0.007  0.137  0.023]	0.43	0.02	0.07	1.18	1.97	1.09	0.22	0.11	0.13	0.04	0.2	0.0663311499055999	0.423	0.071
4	['Ir', 'Pd', 'Pt', 'Rh', 'Ru']	18	[0.004 0.825 0.007 0.002 0.162]	[ 0.016 -0.146  0.002 -0.007  0.135]	0.43	0.02	0.07	1.18	1.97	1.09	0.22	0.11	0.13	0.04	0.2	0.08876051281074665	0.326	0.071
0	['Ir', 'Pd', 'Pt', 'Rh', 'Ru']	19	[0.029 0.933 0.    0.005 0.033]	[ 0.105 -0.164 -0.001  0.025  0.036]	0.43	0.02	0.07	1.18	1.97	1.09	0.22	0.11	0.13	0.04	0.2	0.06257712558391049	0.474	0.071
1	['Ir', 'Pd', 'Pt', 'Rh', 'Ru']	19	[0.006 0.242 0.013 0.028 0.711]	[-0.013  0.148 -0.034  0.026 -0.126]	0.43	0.02	0.07	1.18	1.97	1.09	0.22	0.11	0.13	0.04	0.2	0.06092313313646811	0.523	0.071
2	['Ir', 'Pd', 'Pt', 'Rh', 'Ru']	19	[0.066 0.782 0.045 0.01  0.097]	[ 0.004  0.138 -0.007  0.01  -0.145]	0.43	0.02	0.07	1.18	1.97	1.09	0.22	0.11	0.13	0.04	0.2	0.10625798635471287	0.316	0.071
3	['Ir', 'Pd', 'Pt', 'Rh', 'Ru']	19	[0.007 0.963 0.002 0.    0.028]	[-0.023  0.149 -0.024 -0.127  0.026]	0.43	0.02	0.07	1.18	1.97	1.09	0.22	0.11	0.13	0.04	0.2	0.050933413212445044	0.506	0.071
4	['Ir', 'Pd', 'Pt', 'Rh', 'Ru']	19	[0.003 0.964 0.005 0.007 0.021]	[-0.007  0.145 -0.005  0.005 -0.138]	0.43	0.02	0.07	1.18	1.97	1.09	0.22	0.11	0.13	0.04	0.2	0.04661076141867588	0.51	0.071
0	['Ir', 'Pd', 'Pt', 'Rh', 'Ru']	20	[0.099 0.842 0.03  0.017 0.012]	[ 0.126 -0.15  -0.02   0.011  0.033]	0.43	0.02	0.07	1.18	1.97	1.09	0.22	0.11	0.13	0.04	0.2	0.08062118966678851	0.413	0.071
1	['Ir', 'Pd', 'Pt', 'Rh', 'Ru']	20	[0.021 0.169 0.002 0.019 0.789]	[-0.056 -0.089 -0.029  0.043  0.131]	0.43	0.02	0.07	1.18	1.97	1.09	0.22	0.11	0.13	0.04	0.2	0.027853301966610292	0.626	0.071
2	['Ir', 'Pd', 'Pt', 'Rh', 'Ru']	20	[0.027 0.908 0.028 0.012 0.025]	[-0.094  0.122 -0.065 -0.057  0.094]	0.43	0.02	0.07	1.18	1.97	1.09	0.22	0.11	0.13	0.04	0.2	0.06019456837572707	0.46	0.071
3	['Ir', 'Pd', 'Pt', 'Rh', 'Ru']	20	[0.02  0.803 0.006 0.166 0.005]	[-0.017 -0.142 -0.002  0.138  0.022]	0.43	0.02	0.07	1.18	1.97	1.09	0.22	0.11	0.13	0.04	0.2	0.07139273034240558	0.413	0.071
4	['Ir', 'Pd', 'Pt', 'Rh', 'Ru']	20	[0.007 0.816 0.007 0.024 0.146]	[ 0.008 -0.159  0.01   0.023  0.119]	0.43	0.02	0.07	1.18	1.97	1.09	0.22	0.11	0.13	0.04	0.2	0.08895420560920528	0.322	0.071
0	['Ir', 'Pd', 'Pt', 'Rh', 'Ru']	21	[0.003 0.972 0.013 0.001 0.011]	[ 0.106 -0.164  0.002  0.025  0.032]	0.43	0.02	0.07	1.18	1.97	1.09	0.22	0.11	0.13	0.04	0.2	0.041124157381741834	0.523	0.071
1	['Ir', 'Pd', 'Pt', 'Rh', 'Ru']	21	[0.002 0.32  0.008 0.004 0.666]	[-0.026  0.148 -0.003  0.012 -0.131]	0.43	0.02	0.07	1.18	1.97	1.09	0.22	0.11	0.13	0.04	0.2	0.09177892984858683	0.446	0.071
2	['Ir', 'Pd', 'Pt', 'Rh', 'Ru']	21	[0.005 0.866 0.004 0.012 0.113]	[ 0.002 -0.148 -0.003  0.016  0.133]	0.43	0.02	0.07	1.18	1.97	1.09	0.22	0.11	0.13	0.04	0.2	0.0763913751172429	0.381	0.071
3	['Ir', 'Pd', 'Pt', 'Rh', 'Ru']	21	[0.003 0.937 0.012 0.026 0.022]	[-0.025  0.146 -0.011 -0.132  0.022]	0.43	0.02	0.07	1.18	1.97	1.09	0.22	0.11	0.13	0.04	0.2	0.04970051650539612	0.487	0.071
4	['Ir', 'Pd', 'Pt', 'Rh', 'Ru']	21	[0.001 0.97  0.    0.009 0.02 ]	[-0.006  0.154 -0.007 -0.015 -0.126]	0.43	0.02	0.07	1.18	1.97	1.09	0.22	0.11	0.13	0.04	0.2	0.04504788756415112	0.516	0.071
0	['Ir', 'Pd', 'Pt', 'Rh', 'Ru']	22	[0.16  0.803 0.023 0.002 0.012]	[ 0.126 -0.15  -0.021  0.013  0.032]	0.43	0.02	0.07	1.18	1.97	1.09	0.22	0.11	0.13	0.04	0.2	0.09384464377533348	0.392	0.071
1	['Ir', 'Pd', 'Pt', 'Rh', 'Ru']	22	[0.024 0.287 0.02  0.044 0.625]	[-0.116  0.06  -0.096  0.109  0.043]	0.43	0.02	0.07	1.18	1.97	1.09	0.22	0.11	0.13	0.04	0.2	0.08640718266181287	0.425	0.071
2	['Ir', 'Pd', 'Pt', 'Rh', 'Ru']	22	[0.004 0.962 0.016 0.013 0.005]	[ 0.002 -0.159  0.016  0.022  0.118]	0.43	0.02	0.07	1.18	1.97	1.09	0.22	0.11	0.13	0.04	0.2	0.0399505837910327	0.517	0.071
3	['Ir', 'Pd', 'Pt', 'Rh', 'Ru']	22	[0.01  0.846 0.016 0.126 0.002]	[-0.004 -0.14  -0.02   0.138  0.026]	0.43	0.02	0.07	1.18	1.97	1.09	0.22	0.11	0.13	0.04	0.2	0.0587724705392006	0.437	0.071
4	['Ir', 'Pd', 'Pt', 'Rh', 'Ru']	22	[0.012 0.804 0.019 0.021 0.144]	[ 0.009 -0.161  0.013  0.023  0.116]	0.43	0.02	0.07	1.18	1.97	1.09	0.22	0.11	0.13	0.04	0.2	0.09684080943498403	0.313	0.071
0	['Ir', 'Pd', 'Pt', 'Rh', 'Ru']	23	[0.001 0.902 0.003 0.04  0.054]	[-0.16   0.105 -0.017  0.026  0.046]	0.43	0.02	0.07	1.18	1.97	1.09	0.22	0.11	0.13	0.04	0.2	0.06155098849506396	0.441	0.071
1	['Ir', 'Pd', 'Pt', 'Rh', 'Ru']	23	[0.001 0.239 0.024 0.027 0.709]	[-0.033 -0.057  0.029 -0.024  0.085]	0.43	0.02	0.07	1.18	1.97	1.09	0.22	0.11	0.13	0.04	0.2	0.05998203312696178	0.524	0.071
2	['Ir', 'Pd', 'Pt', 'Rh', 'Ru']	23	[0.    0.822 0.    0.002 0.176]	[ 0.005 -0.15  -0.007  0.022  0.13 ]	0.43	0.02	0.07	1.18	1.97	1.09	0.22	0.11	0.13	0.04	0.2	0.08790776720038207	0.319	0.071
3	['Ir', 'Pd', 'Pt', 'Rh', 'Ru']	23	[0.006 0.954 0.001 0.016 0.023]	[-0.089  0.09  -0.093  0.12  -0.028]	0.43	0.02	0.07	1.18	1.97	1.09	0.22	0.11	0.13	0.04	0.2	0.05003983145936345	0.5	0.071
4	['Ir', 'Pd', 'Pt', 'Rh', 'Ru']	23	[0.001 0.961 0.005 0.007 0.026]	[-0.019  0.151 -0.022  0.017 -0.126]	0.43	0.02	0.07	1.18	1.97	1.09	0.22	0.11	0.13	0.04	0.2	0.047645642666177976	0.506	0.071
0	['Ir', 'Pd', 'Pt', 'Rh', 'Ru']	24	[0.1   0.847 0.034 0.01  0.009]	[ 0.139 -0.133 -0.014 -0.035  0.043]	0.43	0.02	0.07	1.18	1.97	1.09	0.22	0.11	0.13	0.04	0.2	0.0790194085848748	0.419	0.071
1	['Ir', 'Pd', 'Pt', 'Rh', 'Ru']	24	[0.003 0.126 0.008 0.032 0.831]	[-0.016 -0.125 -0.043  0.041  0.144]	0.43	0.02	0.07	1.18	1.97	1.09	0.22	0.11	0.13	0.04	0.2	0.014115984357925136	0.687	0.071
2	['Ir', 'Pd', 'Pt', 'Rh', 'Ru']	24	[0.018 0.945 0.005 0.006 0.026]	[-0.017  0.145 -0.001  0.01  -0.137]	0.43	0.02	0.07	1.18	1.97	1.09	0.22	0.11	0.13	0.04	0.2	0.05587012964633531	0.49	0.071
3	['Ir', 'Pd', 'Pt', 'Rh', 'Ru']	24	[0.017 0.823 0.002 0.147 0.011]	[-0.004 -0.149  0.     0.132  0.02 ]	0.43	0.02	0.07	1.18	1.97	1.09	0.22	0.11	0.13	0.04	0.2	0.06726899618993078	0.418	0.071
4	['Ir', 'Pd', 'Pt', 'Rh', 'Ru']	24	[0.012 0.819 0.009 0.023 0.137]	[ 0.009 -0.16   0.011  0.022  0.117]	0.43	0.02	0.07	1.18	1.97	1.09	0.22	0.11	0.13	0.04	0.2	0.09167624224082273	0.328	0.071
0	['Ir', 'Pd', 'Pt', 'Rh', 'Ru']	25	[0.015 0.955 0.012 0.003 0.015]	[ 0.101 -0.166  0.002  0.028  0.035]	0.43	0.02	0.07	1.18	1.97	1.09	0.22	0.11	0.13	0.04	0.2	0.049604789422874475	0.505	0.071
1	['Ir', 'Pd', 'Pt', 'Rh', 'Ru']	25	[0.001 0.28  0.003 0.004 0.712]	[-0.001  0.155  0.007 -0.039 -0.121]	0.43	0.02	0.07	1.18	1.97	1.09	0.22	0.11	0.13	0.04	0.2	0.07381055918159418	0.505	0.071
2	['Ir', 'Pd', 'Pt', 'Rh', 'Ru']	25	[0.005 0.842 0.006 0.004 0.143]	[ 0.002 -0.15   0.006  0.012  0.131]	0.43	0.02	0.07	1.18	1.97	1.09	0.22	0.11	0.13	0.04	0.2	0.08268430741283056	0.348	0.071
3	['Ir', 'Pd', 'Pt', 'Rh', 'Ru']	25	[0.    0.961 0.007 0.012 0.02 ]	[-0.024  0.146 -0.012 -0.133  0.022]	0.43	0.02	0.07	1.18	1.97	1.09	0.22	0.11	0.13	0.04	0.2	0.0452346366887716	0.509	0.071
4	['Ir', 'Pd', 'Pt', 'Rh', 'Ru']	25	[0.008 0.973 0.002 0.007 0.01 ]	[-0.004  0.153 -0.007 -0.016 -0.127]	0.43	0.02	0.07	1.18	1.97	1.09	0.22	0.11	0.13	0.04	0.2	0.04306941664602939	0.523	0.071
0	['Ir', 'Pd', 'Pt', 'Rh', 'Ru']	26	[0.137 0.824 0.022 0.008 0.009]	[ 0.127 -0.149 -0.02   0.012  0.03 ]	0.43	0.02	0.07	1.18	1.97	1.09	0.22	0.11	0.13	0.04	0.2	0.08876725017084608	0.404	0.071
1	['Ir', 'Pd', 'Pt', 'Rh', 'Ru']	26	[0.027 0.196 0.023 0.05  0.704]	[-0.092 -0.037 -0.085  0.104  0.11 ]	0.43	0.02	0.07	1.18	1.97	1.09	0.22	0.11	0.13	0.04	0.2	0.04357750504472468	0.543	0.071
2	['Ir', 'Pd', 'Pt', 'Rh', 'Ru']	26	[0.005 0.973 0.014 0.005 0.003]	[-0.005  0.135  0.013  0.004 -0.146]	0.43	0.02	0.07	1.18	1.97	1.09	0.22	0.11	0.13	0.04	0.2	0.03790910349776214	0.528	0.071
3	['Ir', 'Pd', 'Pt', 'Rh', 'Ru']	26	[0.002 0.816 0.018 0.157 0.007]	[-0.006 -0.145 -0.006  0.136  0.021]	0.43	0.02	0.07	1.18	1.97	1.09	0.22	0.11	0.13	0.04	0.2	0.06460616847707822	0.422	0.071
4	['Ir', 'Pd', 'Pt', 'Rh', 'Ru']	26	[0.    0.803 0.012 0.024 0.161]	[-0.004 -0.156  0.014  0.027  0.121]	0.43	0.02	0.07	1.18	1.97	1.09	0.22	0.11	0.13	0.04	0.2	0.09373090657940077	0.307	0.071
0	['Ir', 'Pd', 'Pt', 'Rh', 'Ru']	27	[0.009 0.922 0.001 0.022 0.046]	[ 0.121  0.081 -0.122 -0.059 -0.021]	0.43	0.02	0.07	1.18	1.97	1.09	0.22	0.11	0.13	0.04	0.2	0.06090889856329284	0.46	0.071
1	['Ir', 'Pd', 'Pt', 'Rh', 'Ru']	27	[0.012 0.078 0.009 0.042 0.859]	[-0.024 -0.128  0.019 -0.016  0.149]	0.43	0.02	0.07	1.18	1.97	1.09	0.22	0.11	0.13	0.04	0.2	0.005426125239402724	0.737	0.071
2	['Ir', 'Pd', 'Pt', 'Rh', 'Ru']	27	[0.    0.806 0.001 0.014 0.179]	[ 0.005 -0.15  -0.006  0.022  0.13 ]	0.43	0.02	0.07	1.18	1.97	1.09	0.22	0.11	0.13	0.04	0.2	0.09217131101885782	0.302	0.071
3	['Ir', 'Pd', 'Pt', 'Rh', 'Ru']	27	[0.007 0.936 0.006 0.005 0.046]	[ 0.005  0.121 -0.013 -0.153  0.039]	0.43	0.02	0.07	1.18	1.97	1.09	0.22	0.11	0.13	0.04	0.2	0.05955814475193103	0.474	0.071
4	['Ir', 'Pd', 'Pt', 'Rh', 'Ru']	27	[0.006 0.952 0.004 0.002 0.036]	[-0.008  0.146 -0.008  0.005 -0.136]	0.43	0.02	0.07	1.18	1.97	1.09	0.22	0.11	0.13	0.04	0.2	0.054672290540641204	0.492	0.071
0	['Ir', 'Pd', 'Pt', 'Rh', 'Ru']	28	[0.132 0.86  0.001 0.001 0.006]	[ 0.117 -0.155  0.019  0.039 -0.019]	0.43	0.02	0.07	1.18	1.97	1.09	0.22	0.11	0.13	0.04	0.2	0.08588538073295382	0.431	0.071
1	['Ir', 'Pd', 'Pt', 'Rh', 'Ru']	28	[0.007 0.234 0.002 0.01  0.747]	[-0.021  0.144 -0.023  0.032 -0.131]	0.43	0.02	0.07	1.18	1.97	1.09	0.22	0.11	0.13	0.04	0.2	0.051709336451518643	0.557	0.071
2	['Ir', 'Pd', 'Pt', 'Rh', 'Ru']	28	[0.001 0.949 0.005 0.003 0.042]	[-0.003  0.148  0.005 -0.018 -0.133]	0.43	0.02	0.07	1.18	1.97	1.09	0.22	0.11	0.13	0.04	0.2	0.05499075264815502	0.488	0.071
3	['Ir', 'Pd', 'Pt', 'Rh', 'Ru']	28	[0.003 0.841 0.004 0.152 0.   ]	[ 0.009 -0.147  0.021  0.133 -0.016]	0.43	0.02	0.07	1.18	1.97	1.09	0.22	0.11	0.13	0.04	0.2	0.05600398120789423	0.441	0.071
4	['Ir', 'Pd', 'Pt', 'Rh', 'Ru']	28	[0.    0.842 0.003 0.021 0.134]	[-0.003 -0.152  0.009  0.019  0.128]	0.43	0.02	0.07	1.18	1.97	1.09	0.22	0.11	0.13	0.04	0.2	0.08019458382440986	0.352	0.071
0	['Ir', 'Pd', 'Pt', 'Rh', 'Ru']	29	[0.007 0.94  0.014 0.019 0.02 ]	[-0.069 -0.14   0.046  0.079  0.085]	0.43	0.02	0.07	1.18	1.97	1.09	0.22	0.11	0.13	0.04	0.2	0.050188388235108614	0.49	0.071
1	['Ir', 'Pd', 'Pt', 'Rh', 'Ru']	29	[0.    0.369 0.007 0.017 0.607]	[-0.015  0.143 -0.012  0.02  -0.137]	0.43	0.02	0.07	1.18	1.97	1.09	0.22	0.11	0.13	0.04	0.2	0.11537394979663898	0.372	0.071
2	['Ir', 'Pd', 'Pt', 'Rh', 'Ru']	29	[0.001 0.848 0.003 0.016 0.132]	[-0.    -0.151  0.007  0.014  0.13 ]	0.43	0.02	0.07	1.18	1.97	1.09	0.22	0.11	0.13	0.04	0.2	0.07928461742412654	0.358	0.071
3	['Ir', 'Pd', 'Pt', 'Rh', 'Ru']	29	[0.009 0.958 0.007 0.005 0.021]	[ 0.057 -0.135  0.06  -0.077  0.095]	0.43	0.02	0.07	1.18	1.97	1.09	0.22	0.11	0.13	0.04	0.2	0.049849726969346135	0.505	0.071
4	['Ir', 'Pd', 'Pt', 'Rh', 'Ru']	29	[0.003 0.99  0.001 0.003 0.003]	[ 0.     0.148  0.002 -0.019 -0.132]	0.43	0.02	0.07	1.18	1.97	1.09	0.22	0.11	0.13	0.04	0.2	0.03583053491059758	0.542	0.071
0	['Ir', 'Pd', 'Pt', 'Rh', 'Ru']	30	[0.134 0.833 0.009 0.02  0.004]	[ 0.132 -0.146 -0.022  0.002  0.033]	0.43	0.02	0.07	1.18	1.97	1.09	0.22	0.11	0.13	0.04	0.2	0.08791732835820423	0.412	0.071
1	['Ir', 'Pd', 'Pt', 'Rh', 'Ru']	30	[0.018 0.43  0.029 0.047 0.476]	[-0.056  0.134 -0.054  0.077 -0.101]	0.43	0.02	0.07	1.18	1.97	1.09	0.22	0.11	0.13	0.04	0.2	0.13698675275062866	0.23	0.071
2	['Ir', 'Pd', 'Pt', 'Rh', 'Ru']	30	[0.004 0.981 0.01  0.002 0.003]	[ 0.058 -0.13   0.074  0.083 -0.085]	0.43	0.02	0.07	1.18	1.97	1.09	0.22	0.11	0.13	0.04	0.2	0.0367160117406349	0.534	0.071
3	['Ir', 'Pd', 'Pt', 'Rh', 'Ru']	30	[0.01  0.813 0.016 0.156 0.005]	[-0.016 -0.136 -0.018  0.143  0.027]	0.43	0.02	0.07	1.18	1.97	1.09	0.22	0.11	0.13	0.04	0.2	0.066796667533886	0.419	0.071
4	['Ir', 'Pd', 'Pt', 'Rh', 'Ru']	30	[0.008 0.775 0.014 0.032 0.171]	[ 0.008 -0.16   0.01   0.024  0.117]	0.43	0.02	0.07	1.18	1.97	1.09	0.22	0.11	0.13	0.04	0.2	0.10202335844609275	0.276	0.071
