ID	Elements	Generation	Position	Velocity	F_damp	F_b_best	F_h_best	F_g_best	F_b_worst	F_h_worst	F_g_worst	mut_prob	flip_prob	mut_rate	v_max	Activity	Distance	v_min
0	['Ir', 'Pd', 'Pt', 'Rh', 'Ru']	0	[0.8  0.05 0.05 0.05 0.05]	[-0.179  0.045  0.045  0.045  0.045]	0.74	1.67	1.76	0.42	0.02	0.05	0.01	0.11	0.82	0.37	0.2	0.009720244224210991	0.897	0.071
1	['Ir', 'Pd', 'Pt', 'Rh', 'Ru']	0	[0.05 0.8  0.05 0.05 0.05]	[ 0.045 -0.179  0.045  0.045  0.045]	0.74	1.67	1.76	0.42	0.02	0.05	0.01	0.11	0.82	0.37	0.2	0.0893487361025907	0.361	0.071
2	['Ir', 'Pd', 'Pt', 'Rh', 'Ru']	0	[0.05 0.05 0.8  0.05 0.05]	[ 0.045  0.045 -0.179  0.045  0.045]	0.74	1.67	1.76	0.42	0.02	0.05	0.01	0.11	0.82	0.37	0.2	0.07213216891773018	0.977	0.071
3	['Ir', 'Pd', 'Pt', 'Rh', 'Ru']	0	[0.05 0.05 0.05 0.8  0.05]	[ 0.045  0.045  0.045 -0.179  0.045]	0.74	1.67	1.76	0.42	0.02	0.05	0.01	0.11	0.82	0.37	0.2	0.001931275295651623	0.938	0.071
4	['Ir', 'Pd', 'Pt', 'Rh', 'Ru']	0	[0.05 0.05 0.05 0.05 0.8 ]	[ 0.045  0.045  0.045  0.045 -0.179]	0.74	1.67	1.76	0.42	0.02	0.05	0.01	0.11	0.82	0.37	0.2	0.0030504979582336787	0.711	0.071
0	['Ir', 'Pd', 'Pt', 'Rh', 'Ru']	1	[0.873 0.122 0.001 0.003 0.001]	[ 0.116  0.101 -0.081 -0.056 -0.081]	0.74	1.67	1.76	0.42	0.02	0.05	0.01	0.11	0.82	0.37	0.2	0.0031525831824313526	0.934	0.071
1	['Ir', 'Pd', 'Pt', 'Rh', 'Ru']	1	[0.083 0.713 0.083 0.038 0.083]	[ 0.033 -0.088  0.033 -0.012  0.033]	0.74	1.67	1.76	0.42	0.02	0.05	0.01	0.11	0.82	0.37	0.2	0.11544669831562032	0.285	0.071
2	['Ir', 'Pd', 'Pt', 'Rh', 'Ru']	1	[0.053 0.189 0.656 0.049 0.053]	[ 0.003  0.139 -0.144 -0.001  0.003]	0.74	1.67	1.76	0.42	0.02	0.05	0.01	0.11	0.82	0.37	0.2	0.06072087736658209	0.79	0.071
3	['Ir', 'Pd', 'Pt', 'Rh', 'Ru']	1	[0.053 0.187 0.052 0.655 0.053]	[ 0.003  0.137  0.002 -0.145  0.003]	0.74	1.67	1.76	0.42	0.02	0.05	0.01	0.11	0.82	0.37	0.2	0.019234611078159703	0.751	0.071
4	['Ir', 'Pd', 'Pt', 'Rh', 'Ru']	1	[0.001 0.147 0.001 0.003 0.848]	[-0.061  0.176 -0.061 -0.038 -0.016]	0.74	1.67	1.76	0.42	0.02	0.05	0.01	0.11	0.82	0.37	0.2	0.01671456572723516	0.689	0.071
0	['Ir', 'Pd', 'Pt', 'Rh', 'Ru']	2	[0.713 0.24  0.022 0.003 0.022]	[-0.16   0.117  0.02   0.004  0.02 ]	0.74	1.67	1.76	0.42	0.02	0.05	0.01	0.11	0.82	0.37	0.2	0.020236733415983692	0.743	0.071
1	['Ir', 'Pd', 'Pt', 'Rh', 'Ru']	2	[0.069 0.682 0.113 0.023 0.113]	[-0.014 -0.031  0.03  -0.015  0.03 ]	0.74	1.67	1.76	0.42	0.02	0.05	0.01	0.11	0.82	0.37	0.2	0.12452276150626243	0.259	0.071
2	['Ir', 'Pd', 'Pt', 'Rh', 'Ru']	2	[0.056 0.326 0.511 0.045 0.062]	[ 0.003  0.137 -0.145 -0.004  0.009]	0.74	1.67	1.76	0.42	0.02	0.05	0.01	0.11	0.82	0.37	0.2	0.08133671265454606	0.608	0.071
3	['Ir', 'Pd', 'Pt', 'Rh', 'Ru']	2	[0.056 0.319 0.06  0.505 0.06 ]	[ 0.003  0.132  0.008 -0.15   0.007]	0.74	1.67	1.76	0.42	0.02	0.05	0.01	0.11	0.82	0.37	0.2	0.059626478831992236	0.569	0.071
4	['Ir', 'Pd', 'Pt', 'Rh', 'Ru']	2	[0.009 0.275 0.013 0.007 0.696]	[ 0.008  0.128  0.012  0.004 -0.153]	0.74	1.67	1.76	0.42	0.02	0.05	0.01	0.11	0.82	0.37	0.2	0.07430686506643308	0.493	0.071
0	['Ir', 'Pd', 'Pt', 'Rh', 'Ru']	3	[0.552 0.354 0.046 0.002 0.046]	[-0.161  0.114  0.024 -0.001  0.024]	0.74	1.67	1.76	0.42	0.02	0.05	0.01	0.11	0.82	0.37	0.2	0.053061878902910274	0.558	0.071
1	['Ir', 'Pd', 'Pt', 'Rh', 'Ru']	3	[0.307 0.399 0.136 0.022 0.136]	[ 0.427 -0.509  0.115 -0.148  0.115]	0.74	1.67	1.76	0.42	0.02	0.05	0.01	0.11	0.82	0.37	0.2	0.09788566406697284	0.334	0.071
2	['Ir', 'Pd', 'Pt', 'Rh', 'Ru']	3	[0.056 0.462 0.366 0.036 0.08 ]	[-0.     0.136 -0.145 -0.009  0.018]	0.74	1.67	1.76	0.42	0.02	0.05	0.01	0.11	0.82	0.37	0.2	0.1087580275306747	0.438	0.071
3	['Ir', 'Pd', 'Pt', 'Rh', 'Ru']	3	[0.056 0.441 0.077 0.349 0.077]	[-0.     0.123  0.017 -0.156  0.017]	0.74	1.67	1.76	0.42	0.02	0.05	0.01	0.11	0.82	0.37	0.2	0.10805732936286402	0.399	0.071
4	['Ir', 'Pd', 'Pt', 'Rh', 'Ru']	3	[0.021 0.392 0.04  0.01  0.537]	[ 0.012  0.117  0.027  0.003 -0.159]	0.74	1.67	1.76	0.42	0.02	0.05	0.01	0.11	0.82	0.37	0.2	0.1253488174065246	0.301	0.071
0	['Ir', 'Pd', 'Pt', 'Rh', 'Ru']	4	[0.4   0.375 0.047 0.003 0.175]	[-0.151  0.021  0.001  0.001  0.129]	0.74	1.67	1.76	0.42	0.02	0.05	0.01	0.11	0.82	0.37	0.2	0.0798821386747064	0.375	0.071
1	['Ir', 'Pd', 'Pt', 'Rh', 'Ru']	4	[0.187 0.411 0.109 0.002 0.291]	[-0.129  0.003 -0.036  0.014  0.147]	0.74	1.67	1.76	0.42	0.02	0.05	0.01	0.11	0.82	0.37	0.2	0.1280837710551178	0.203	0.071
2	['Ir', 'Pd', 'Pt', 'Rh', 'Ru']	4	[0.04  0.457 0.242 0.025 0.236]	[-0.016 -0.006 -0.124 -0.011  0.156]	0.74	1.67	1.76	0.42	0.02	0.05	0.01	0.11	0.82	0.37	0.2	0.14018553874505676	0.275	0.071
3	['Ir', 'Pd', 'Pt', 'Rh', 'Ru']	4	[0.041 0.441 0.067 0.221 0.23 ]	[-0.015  0.    -0.01  -0.128  0.153]	0.74	1.67	1.76	0.42	0.02	0.05	0.01	0.11	0.82	0.37	0.2	0.14411330336234873	0.232	0.071
4	['Ir', 'Pd', 'Pt', 'Rh', 'Ru']	4	[0.03  0.48  0.057 0.    0.433]	[ 0.009  0.089  0.017 -0.01  -0.104]	0.74	1.67	1.76	0.42	0.02	0.05	0.01	0.11	0.82	0.37	0.2	0.15412231053098205	0.182	0.071
0	['Ir', 'Pd', 'Pt', 'Rh', 'Ru']	5	[0.243 0.42  0.044 0.002 0.291]	[-0.157  0.045 -0.003 -0.001  0.116]	0.74	1.67	1.76	0.42	0.02	0.05	0.01	0.11	0.82	0.37	0.2	0.12699727654091134	0.204	0.071
1	['Ir', 'Pd', 'Pt', 'Rh', 'Ru']	5	[0.051 0.456 0.068 0.001 0.424]	[-0.136  0.046 -0.041 -0.001  0.133]	0.74	1.67	1.76	0.42	0.02	0.05	0.01	0.11	0.82	0.37	0.2	0.15022071393105801	0.183	0.071
2	['Ir', 'Pd', 'Pt', 'Rh', 'Ru']	5	[0.026 0.472 0.111 0.007 0.384]	[-0.014  0.016 -0.131 -0.018  0.148]	0.74	1.67	1.76	0.42	0.02	0.05	0.01	0.11	0.82	0.37	0.2	0.15319019645234347	0.181	0.071
3	['Ir', 'Pd', 'Pt', 'Rh', 'Ru']	5	[0.025 0.463 0.071 0.076 0.365]	[-0.016  0.022  0.004 -0.145  0.135]	0.74	1.67	1.76	0.42	0.02	0.05	0.01	0.11	0.82	0.37	0.2	0.15634423169358574	0.152	0.071
4	['Ir', 'Pd', 'Pt', 'Rh', 'Ru']	5	[0.059 0.401 0.116 0.025 0.399]	[ 0.029 -0.079  0.059  0.025 -0.034]	0.74	1.67	1.76	0.42	0.02	0.05	0.01	0.11	0.82	0.37	0.2	0.13564239209486995	0.219	0.071
0	['Ir', 'Pd', 'Pt', 'Rh', 'Ru']	6	[0.068 0.46  0.061 0.046 0.365]	[-0.175  0.04   0.017  0.044  0.074]	0.74	1.67	1.76	0.42	0.02	0.05	0.01	0.11	0.82	0.37	0.2	0.15579115435338192	0.131	0.071
1	['Ir', 'Pd', 'Pt', 'Rh', 'Ru']	6	[0.095 0.445 0.002 0.08  0.378]	[ 0.117 -0.028 -0.107  0.092 -0.074]	0.74	1.67	1.76	0.42	0.02	0.05	0.01	0.11	0.82	0.37	0.2	0.15103373914794382	0.134	0.071
2	['Ir', 'Pd', 'Pt', 'Rh', 'Ru']	6	[0.016 0.445 0.036 0.081 0.422]	[-0.115 -0.081  0.129  0.058  0.008]	0.74	1.67	1.76	0.42	0.02	0.05	0.01	0.11	0.82	0.37	0.2	0.14361969733807983	0.188	0.071
3	['Ir', 'Pd', 'Pt', 'Rh', 'Ru']	6	[0.005 0.42  0.068 0.035 0.472]	[-0.069 -0.082 -0.033  0.084  0.101]	0.74	1.67	1.76	0.42	0.02	0.05	0.01	0.11	0.82	0.37	0.2	0.13649755000004923	0.246	0.071
4	['Ir', 'Pd', 'Pt', 'Rh', 'Ru']	6	[0.088 0.519 0.019 0.044 0.33 ]	[-0.019  0.09   0.102 -0.032 -0.141]	0.74	1.67	1.76	0.42	0.02	0.05	0.01	0.11	0.82	0.37	0.2	0.16460635204005586	0.049	0.071
0	['Ir', 'Pd', 'Pt', 'Rh', 'Ru']	7	[0.022 0.587 0.004 0.034 0.353]	[ 0.046  0.136  0.014 -0.098 -0.098]	0.74	1.67	1.76	0.42	0.02	0.05	0.01	0.11	0.82	0.37	0.2	0.15988415349847357	0.103	0.071
1	['Ir', 'Pd', 'Pt', 'Rh', 'Ru']	7	[0.144 0.547 0.039 0.048 0.222]	[ 0.052  0.108  0.025 -0.03  -0.155]	0.74	1.67	1.76	0.42	0.02	0.05	0.01	0.11	0.82	0.37	0.2	0.158485948299515	0.098	0.071
2	['Ir', 'Pd', 'Pt', 'Rh', 'Ru']	7	[0.059 0.523 0.122 0.004 0.292]	[ 0.012  0.051  0.058  0.055 -0.176]	0.74	1.67	1.76	0.42	0.02	0.05	0.01	0.11	0.82	0.37	0.2	0.15790849921506567	0.14	0.071
3	['Ir', 'Pd', 'Pt', 'Rh', 'Ru']	7	[0.067 0.511 0.02  0.083 0.319]	[ 0.062  0.091 -0.048  0.048 -0.153]	0.74	1.67	1.76	0.42	0.02	0.05	0.01	0.11	0.82	0.37	0.2	0.16530810604271068	0.067	0.071
4	['Ir', 'Pd', 'Pt', 'Rh', 'Ru']	7	[0.079 0.605 0.091 0.013 0.212]	[-0.009  0.086  0.072 -0.031 -0.118]	0.74	1.67	1.76	0.42	0.02	0.05	0.01	0.11	0.82	0.37	0.2	0.1505364840378786	0.144	0.071
0	['Ir', 'Pd', 'Pt', 'Rh', 'Ru']	8	[0.134 0.537 0.044 0.062 0.223]	[ 0.112 -0.051  0.04   0.028 -0.13 ]	0.74	1.67	1.76	0.42	0.02	0.05	0.01	0.11	0.82	0.37	0.2	0.15612475622212793	0.097	0.071
1	['Ir', 'Pd', 'Pt', 'Rh', 'Ru']	8	[0.021 0.546 0.013 0.096 0.324]	[-0.123 -0.002 -0.026  0.048  0.102]	0.74	1.67	1.76	0.42	0.02	0.05	0.01	0.11	0.82	0.37	0.2	0.16319879681630708	0.095	0.071
2	['Ir', 'Pd', 'Pt', 'Rh', 'Ru']	8	[0.072 0.531 0.01  0.142 0.245]	[-0.043 -0.049  0.098  0.112 -0.117]	0.74	1.67	1.76	0.42	0.02	0.05	0.01	0.11	0.82	0.37	0.2	0.16068932360901828	0.113	0.071
3	['Ir', 'Pd', 'Pt', 'Rh', 'Ru']	8	[0.038 0.609 0.003 0.118 0.232]	[-0.038  0.091  0.014  0.028 -0.095]	0.74	1.67	1.76	0.42	0.02	0.05	0.01	0.11	0.82	0.37	0.2	0.15243862493541976	0.129	0.071
4	['Ir', 'Pd', 'Pt', 'Rh', 'Ru']	8	[0.082 0.507 0.012 0.043 0.356]	[ 0.002 -0.102 -0.082  0.035  0.147]	0.74	1.67	1.76	0.42	0.02	0.05	0.01	0.11	0.82	0.37	0.2	0.1633716955935105	0.074	0.071
0	['Ir', 'Pd', 'Pt', 'Rh', 'Ru']	9	[0.037 0.533 0.002 0.037 0.391]	[-0.097 -0.003 -0.042 -0.025  0.168]	0.74	1.67	1.76	0.42	0.02	0.05	0.01	0.11	0.82	0.37	0.2	0.16589588900982927	0.113	0.071
1	['Ir', 'Pd', 'Pt', 'Rh', 'Ru']	9	[0.052 0.455 0.006 0.023 0.464]	[ 0.027 -0.096  0.011 -0.078  0.136]	0.74	1.67	1.76	0.42	0.02	0.05	0.01	0.11	0.82	0.37	0.2	0.14618248570491874	0.197	0.071
2	['Ir', 'Pd', 'Pt', 'Rh', 'Ru']	9	[0.059 0.458 0.072 0.031 0.38 ]	[-0.013 -0.073  0.062 -0.111  0.135]	0.74	1.67	1.76	0.42	0.02	0.05	0.01	0.11	0.82	0.37	0.2	0.15159487277490868	0.149	0.071
3	['Ir', 'Pd', 'Pt', 'Rh', 'Ru']	9	[0.001 0.511 0.047 0.057 0.384]	[-0.037 -0.099  0.044 -0.061  0.152]	0.74	1.67	1.76	0.42	0.02	0.05	0.01	0.11	0.82	0.37	0.2	0.1589721796582748	0.144	0.071
4	['Ir', 'Pd', 'Pt', 'Rh', 'Ru']	9	[0.098 0.46  0.025 0.094 0.323]	[ 0.015 -0.054  0.024  0.052 -0.038]	0.74	1.67	1.76	0.42	0.02	0.05	0.01	0.11	0.82	0.37	0.2	0.15564900865179498	0.106	0.071
0	['Ir', 'Pd', 'Pt', 'Rh', 'Ru']	10	[0.018 0.486 0.011 0.024 0.461]	[ 0.055 -0.045 -0.022 -0.098  0.111]	0.74	1.67	1.76	0.42	0.02	0.05	0.01	0.11	0.82	0.37	0.2	0.1521217822822441	0.194	0.071
1	['Ir', 'Pd', 'Pt', 'Rh', 'Ru']	10	[0.019 0.583 0.011 0.067 0.32 ]	[-0.033  0.127  0.005  0.044 -0.144]	0.74	1.67	1.76	0.42	0.02	0.05	0.01	0.11	0.82	0.37	0.2	0.1624798762716096	0.092	0.071
2	['Ir', 'Pd', 'Pt', 'Rh', 'Ru']	10	[0.043 0.556 0.059 0.054 0.288]	[-0.048  0.092  0.097  0.    -0.142]	0.74	1.67	1.76	0.42	0.02	0.05	0.01	0.11	0.82	0.37	0.2	0.1642946744778004	0.083	0.071
3	['Ir', 'Pd', 'Pt', 'Rh', 'Ru']	10	[0.11  0.459 0.045 0.022 0.364]	[ 0.133 -0.12   0.06  -0.005 -0.067]	0.74	1.67	1.76	0.42	0.02	0.05	0.01	0.11	0.82	0.37	0.2	0.15285512976191185	0.124	0.071
4	['Ir', 'Pd', 'Pt', 'Rh', 'Ru']	10	[0.014 0.59  0.004 0.005 0.387]	[-0.133  0.106 -0.073  0.068  0.032]	0.74	1.67	1.76	0.42	0.02	0.05	0.01	0.11	0.82	0.37	0.2	0.1614405514580357	0.136	0.071
0	['Ir', 'Pd', 'Pt', 'Rh', 'Ru']	11	[0.068 0.58  0.034 0.024 0.294]	[ 0.05   0.094  0.023 -0.    -0.167]	0.74	1.67	1.76	0.42	0.02	0.05	0.01	0.11	0.82	0.37	0.2	0.1664387766512923	0.062	0.071
1	['Ir', 'Pd', 'Pt', 'Rh', 'Ru']	11	[0.047 0.552 0.098 0.108 0.195]	[ 0.028 -0.03   0.087  0.041 -0.125]	0.74	1.67	1.76	0.42	0.02	0.05	0.01	0.11	0.82	0.37	0.2	0.15632347819050949	0.164	0.071
2	['Ir', 'Pd', 'Pt', 'Rh', 'Ru']	11	[0.006 0.63  0.098 0.041 0.225]	[-0.037  0.074  0.039 -0.013 -0.063]	0.74	1.67	1.76	0.42	0.02	0.05	0.01	0.11	0.82	0.37	0.2	0.15038420397213184	0.175	0.071
3	['Ir', 'Pd', 'Pt', 'Rh', 'Ru']	11	[0.056 0.609 0.079 0.004 0.252]	[-0.063  0.143  0.026  0.016 -0.121]	0.74	1.67	1.76	0.42	0.02	0.05	0.01	0.11	0.82	0.37	0.2	0.15741840954608752	0.127	0.071
4	['Ir', 'Pd', 'Pt', 'Rh', 'Ru']	11	[0.061 0.533 0.04  0.12  0.246]	[ 0.047 -0.058  0.036  0.115 -0.141]	0.74	1.67	1.76	0.42	0.02	0.05	0.01	0.11	0.82	0.37	0.2	0.16119393474571245	0.106	0.071
0	['Ir', 'Pd', 'Pt', 'Rh', 'Ru']	12	[0.092 0.662 0.048 0.016 0.182]	[ 0.024  0.082  0.014 -0.008 -0.112]	0.74	1.67	1.76	0.42	0.02	0.05	0.01	0.11	0.82	0.37	0.2	0.13730836624152243	0.173	0.071
1	['Ir', 'Pd', 'Pt', 'Rh', 'Ru']	12	[0.041 0.568 0.004 0.033 0.354]	[-0.006  0.015 -0.094 -0.075  0.159]	0.74	1.67	1.76	0.42	0.02	0.05	0.01	0.11	0.82	0.37	0.2	0.16612774476147696	0.084	0.071
2	['Ir', 'Pd', 'Pt', 'Rh', 'Ru']	12	[0.096 0.539 0.003 0.022 0.34 ]	[ 0.057 -0.144  0.068 -0.065  0.085]	0.74	1.67	1.76	0.42	0.02	0.05	0.01	0.11	0.82	0.37	0.2	0.16468235248855767	0.05	0.071
3	['Ir', 'Pd', 'Pt', 'Rh', 'Ru']	12	[0.034 0.514 0.044 0.094 0.314]	[-0.059 -0.146  0.088  0.075  0.042]	0.74	1.67	1.76	0.42	0.02	0.05	0.01	0.11	0.82	0.37	0.2	0.16346350813099775	0.099	0.071
4	['Ir', 'Pd', 'Pt', 'Rh', 'Ru']	12	[0.102 0.542 0.001 0.045 0.31 ]	[-0.003 -0.053 -0.121  0.147  0.031]	0.74	1.67	1.76	0.42	0.02	0.05	0.01	0.11	0.82	0.37	0.2	0.16577503821249548	0.014	0.071
0	['Ir', 'Pd', 'Pt', 'Rh', 'Ru']	13	[0.043 0.567 0.014 0.028 0.348]	[-0.049 -0.094 -0.034  0.012  0.166]	0.74	1.67	1.76	0.42	0.02	0.05	0.01	0.11	0.82	0.37	0.2	0.165542232760099	0.081	0.071
1	['Ir', 'Pd', 'Pt', 'Rh', 'Ru']	13	[0.001 0.536 0.039 0.005 0.419]	[-0.076 -0.063  0.016  0.026  0.098]	0.74	1.67	1.76	0.42	0.02	0.05	0.01	0.11	0.82	0.37	0.2	0.15853680899826741	0.166	0.071
2	['Ir', 'Pd', 'Pt', 'Rh', 'Ru']	13	[0.045 0.532 0.112 0.011 0.3  ]	[-0.051 -0.006  0.109 -0.011 -0.04 ]	0.74	1.67	1.76	0.42	0.02	0.05	0.01	0.11	0.82	0.37	0.2	0.16257292369570375	0.132	0.071
3	['Ir', 'Pd', 'Pt', 'Rh', 'Ru']	13	[0.052 0.513 0.005 0.017 0.413]	[-0.06  -0.095 -0.032  0.094  0.092]	0.74	1.67	1.76	0.42	0.02	0.05	0.01	0.11	0.82	0.37	0.2	0.16198645593789981	0.132	0.071
4	['Ir', 'Pd', 'Pt', 'Rh', 'Ru']	13	[0.016 0.519 0.055 0.062 0.348]	[ 0.123 -0.134 -0.012 -0.018  0.041]	0.74	1.67	1.76	0.42	0.02	0.05	0.01	0.11	0.82	0.37	0.2	0.16186866827220978	0.116	0.071
0	['Ir', 'Pd', 'Pt', 'Rh', 'Ru']	14	[0.044 0.541 0.029 0.022 0.364]	[ 0.001 -0.027  0.015 -0.006  0.016]	0.74	1.67	1.76	0.42	0.02	0.05	0.01	0.11	0.82	0.37	0.2	0.16751608676010007	0.095	0.071
1	['Ir', 'Pd', 'Pt', 'Rh', 'Ru']	14	[0.083 0.569 0.028 0.056 0.264]	[ 0.072  0.022  0.042  0.04  -0.176]	0.74	1.67	1.76	0.42	0.02	0.05	0.01	0.11	0.82	0.37	0.2	0.16573171923585958	0.053	0.071
2	['Ir', 'Pd', 'Pt', 'Rh', 'Ru']	14	[0.041 0.554 0.043 0.029 0.333]	[-0.043 -0.005  0.154 -0.119  0.013]	0.74	1.67	1.76	0.42	0.02	0.05	0.01	0.11	0.82	0.37	0.2	0.1668316578881015	0.083	0.071
3	['Ir', 'Pd', 'Pt', 'Rh', 'Ru']	14	[0.058 0.548 0.017 0.127 0.25 ]	[ 0.006  0.035  0.012  0.11  -0.163]	0.74	1.67	1.76	0.42	0.02	0.05	0.01	0.11	0.82	0.37	0.2	0.15664424384560713	0.102	0.071
4	['Ir', 'Pd', 'Pt', 'Rh', 'Ru']	14	[0.114 0.465 0.068 0.073 0.28 ]	[ 0.1   -0.09  -0.005  0.102 -0.107]	0.74	1.67	1.76	0.42	0.02	0.05	0.01	0.11	0.82	0.37	0.2	0.15348010793082284	0.114	0.071
0	['Ir', 'Pd', 'Pt', 'Rh', 'Ru']	15	[0.162 0.179 0.06  0.054 0.545]	[ 0.176 -0.514 -0.107  0.018  0.427]	0.74	1.67	1.76	0.42	0.02	0.05	0.01	0.11	0.82	0.37	0.2	0.04547181231860266	0.453	0.071
1	['Ir', 'Pd', 'Pt', 'Rh', 'Ru']	15	[0.007 0.534 0.018 0.008 0.433]	[-0.102 -0.057 -0.033  0.04   0.154]	0.74	1.67	1.76	0.42	0.02	0.05	0.01	0.11	0.82	0.37	0.2	0.1560667648072659	0.169	0.071
2	['Ir', 'Pd', 'Pt', 'Rh', 'Ru']	15	[0.031 0.481 0.055 0.07  0.363]	[-0.095 -0.078  0.031  0.088  0.054]	0.74	1.67	1.76	0.42	0.02	0.05	0.01	0.11	0.82	0.37	0.2	0.1603248541303682	0.13	0.071
3	['Ir', 'Pd', 'Pt', 'Rh', 'Ru']	15	[0.045 0.524 0.033 0.01  0.388]	[-0.08  -0.093 -0.043  0.104  0.112]	0.74	1.67	1.76	0.42	0.02	0.05	0.01	0.11	0.82	0.37	0.2	0.16463381648164035	0.119	0.071
4	['Ir', 'Pd', 'Pt', 'Rh', 'Ru']	15	[0.095 0.531 0.05  0.03  0.294]	[-0.031  0.076  0.099 -0.153  0.01 ]	0.74	1.67	1.76	0.42	0.02	0.05	0.01	0.11	0.82	0.37	0.2	0.16515772898951697	0.058	0.071
0	['Ir', 'Pd', 'Pt', 'Rh', 'Ru']	16	[0.119 0.352 0.032 0.036 0.461]	[-0.043  0.173 -0.028 -0.018 -0.085]	0.74	1.67	1.76	0.42	0.02	0.05	0.01	0.11	0.82	0.37	0.2	0.11388960821592047	0.258	0.071
1	['Ir', 'Pd', 'Pt', 'Rh', 'Ru']	16	[0.091 0.551 0.024 0.07  0.264]	[ 0.084  0.017  0.006  0.062 -0.169]	0.74	1.67	1.76	0.42	0.02	0.05	0.01	0.11	0.82	0.37	0.2	0.16533649993849486	0.049	0.071
2	['Ir', 'Pd', 'Pt', 'Rh', 'Ru']	16	[0.017 0.65  0.048 0.008 0.277]	[-0.014  0.169 -0.007 -0.062 -0.086]	0.74	1.67	1.76	0.42	0.02	0.05	0.01	0.11	0.82	0.37	0.2	0.1522320818192478	0.147	0.071
3	['Ir', 'Pd', 'Pt', 'Rh', 'Ru']	16	[0.084 0.499 0.015 0.149 0.253]	[ 0.039 -0.026 -0.018  0.139 -0.135]	0.74	1.67	1.76	0.42	0.02	0.05	0.01	0.11	0.82	0.37	0.2	0.1588325612485222	0.123	0.071
4	['Ir', 'Pd', 'Pt', 'Rh', 'Ru']	16	[0.023 0.604 0.004 0.069 0.3  ]	[-0.091  0.085 -0.071  0.073  0.003]	0.74	1.67	1.76	0.42	0.02	0.05	0.01	0.11	0.82	0.37	0.2	0.15630161043459145	0.096	0.071
0	['Ir', 'Pd', 'Pt', 'Rh', 'Ru']	17	[0.073 0.512 0.025 0.038 0.352]	[-0.046  0.161 -0.007  0.002 -0.109]	0.74	1.67	1.76	0.42	0.02	0.05	0.01	0.11	0.82	0.37	0.2	0.1658573674756784	0.075	0.071
1	['Ir', 'Pd', 'Pt', 'Rh', 'Ru']	17	[0.016 0.567 0.025 0.094 0.298]	[-0.09   0.009  0.033  0.018  0.029]	0.74	1.67	1.76	0.42	0.02	0.05	0.01	0.11	0.82	0.37	0.2	0.16143220000190156	0.1	0.071
2	['Ir', 'Pd', 'Pt', 'Rh', 'Ru']	17	[0.124 0.503 0.001 0.068 0.304]	[ 0.091 -0.171  0.03   0.042  0.008]	0.74	1.67	1.76	0.42	0.02	0.05	0.01	0.11	0.82	0.37	0.2	0.1606577104048142	0.056	0.071
3	['Ir', 'Pd', 'Pt', 'Rh', 'Ru']	17	[0.134 0.42  0.072 0.017 0.357]	[ 0.05  -0.078  0.057 -0.132  0.104]	0.74	1.67	1.76	0.42	0.02	0.05	0.01	0.11	0.82	0.37	0.2	0.14006689726565907	0.166	0.071
4	['Ir', 'Pd', 'Pt', 'Rh', 'Ru']	17	[0.135 0.495 0.007 0.077 0.286]	[ 0.134 -0.147  0.011  0.017 -0.014]	0.74	1.67	1.76	0.42	0.02	0.05	0.01	0.11	0.82	0.37	0.2	0.16008115306084827	0.072	0.071
0	['Ir', 'Pd', 'Pt', 'Rh', 'Ru']	18	[0.021 0.664 0.011 0.006 0.298]	[ 0.065  0.142 -0.042 -0.079 -0.086]	0.74	1.67	1.76	0.42	0.02	0.05	0.01	0.11	0.82	0.37	0.2	0.14651204047513822	0.146	0.071
1	['Ir', 'Pd', 'Pt', 'Rh', 'Ru']	18	[0.011 0.519 0.022 0.005 0.443]	[-0.029 -0.116 -0.056  0.066  0.135]	0.74	1.67	1.76	0.42	0.02	0.05	0.01	0.11	0.82	0.37	0.2	0.1530181892050583	0.178	0.071
2	['Ir', 'Pd', 'Pt', 'Rh', 'Ru']	18	[0.001 0.503 0.082 0.003 0.411]	[ 0.098 -0.16   0.011 -0.014  0.066]	0.74	1.67	1.76	0.42	0.02	0.05	0.01	0.11	0.82	0.37	0.2	0.1557684059268447	0.182	0.071
3	['Ir', 'Pd', 'Pt', 'Rh', 'Ru']	18	[0.034 0.579 0.007 0.009 0.371]	[-0.1    0.16  -0.065 -0.008  0.014]	0.74	1.67	1.76	0.42	0.02	0.05	0.01	0.11	0.82	0.37	0.2	0.16395924469527942	0.109	0.071
4	['Ir', 'Pd', 'Pt', 'Rh', 'Ru']	18	[0.034 0.507 0.018 0.035 0.406]	[-0.148 -0.017 -0.019  0.078  0.107]	0.74	1.67	1.76	0.42	0.02	0.05	0.01	0.11	0.82	0.37	0.2	0.16007044153071034	0.134	0.071
0	['Ir', 'Pd', 'Pt', 'Rh', 'Ru']	19	[0.072 0.506 0.005 0.009 0.408]	[ 0.049 -0.16  -0.007  0.009  0.108]	0.74	1.67	1.76	0.42	0.02	0.05	0.01	0.11	0.82	0.37	0.2	0.16325062125371048	0.127	0.071
1	['Ir', 'Pd', 'Pt', 'Rh', 'Ru']	19	[0.098 0.46  0.021 0.107 0.314]	[ 0.081 -0.066  0.026  0.097 -0.138]	0.74	1.67	1.76	0.42	0.02	0.05	0.01	0.11	0.82	0.37	0.2	0.15734819928186894	0.109	0.071
2	['Ir', 'Pd', 'Pt', 'Rh', 'Ru']	19	[0.099 0.549 0.038 0.007 0.307]	[ 0.082  0.02   0.085 -0.03  -0.158]	0.74	1.67	1.76	0.42	0.02	0.05	0.01	0.11	0.82	0.37	0.2	0.16717468074839936	0.058	0.071
3	['Ir', 'Pd', 'Pt', 'Rh', 'Ru']	19	[0.013 0.574 0.012 0.102 0.299]	[-0.023 -0.007  0.012  0.092 -0.074]	0.74	1.67	1.76	0.42	0.02	0.05	0.01	0.11	0.82	0.37	0.2	0.15800196737235236	0.105	0.071
4	['Ir', 'Pd', 'Pt', 'Rh', 'Ru']	19	[0.027 0.644 0.027 0.034 0.268]	[-0.012  0.135  0.028 -0.005 -0.145]	0.74	1.67	1.76	0.42	0.02	0.05	0.01	0.11	0.82	0.37	0.2	0.15169525694781488	0.127	0.071
0	['Ir', 'Pd', 'Pt', 'Rh', 'Ru']	20	[0.063 0.546 0.11  0.036 0.245]	[-0.009  0.04   0.105  0.027 -0.163]	0.74	1.67	1.76	0.42	0.02	0.05	0.01	0.11	0.82	0.37	0.2	0.1583206481335073	0.129	0.071
1	['Ir', 'Pd', 'Pt', 'Rh', 'Ru']	20	[0.062 0.6   0.021 0.022 0.295]	[-0.093  0.121 -0.049  0.095 -0.073]	0.74	1.67	1.76	0.42	0.02	0.05	0.01	0.11	0.82	0.37	0.2	0.16638352095438544	0.072	0.071
2	['Ir', 'Pd', 'Pt', 'Rh', 'Ru']	20	[0.132 0.559 0.076 0.019 0.214]	[ 0.033  0.009  0.037  0.016 -0.096]	0.74	1.67	1.76	0.42	0.02	0.05	0.01	0.11	0.82	0.37	0.2	0.15387241672487664	0.123	0.071
3	['Ir', 'Pd', 'Pt', 'Rh', 'Ru']	20	[0.118 0.425 0.011 0.177 0.269]	[ 0.105 -0.15  -0.001  0.075 -0.03 ]	0.74	1.67	1.76	0.42	0.02	0.05	0.01	0.11	0.82	0.37	0.2	0.14627773231623312	0.182	0.071
4	['Ir', 'Pd', 'Pt', 'Rh', 'Ru']	20	[0.161 0.503 0.025 0.009 0.302]	[ 0.134 -0.142 -0.002 -0.025  0.034]	0.74	1.67	1.76	0.42	0.02	0.05	0.01	0.11	0.82	0.37	0.2	0.1597176755049885	0.091	0.071
0	['Ir', 'Pd', 'Pt', 'Rh', 'Ru']	21	[0.014 0.607 0.022 0.001 0.356]	[-0.112  0.026  0.098 -0.098  0.086]	0.74	1.67	1.76	0.42	0.02	0.05	0.01	0.11	0.82	0.37	0.2	0.15700498795486595	0.129	0.071
1	['Ir', 'Pd', 'Pt', 'Rh', 'Ru']	21	[0.011 0.661 0.003 0.062 0.263]	[ 0.056  0.049 -0.019  0.015 -0.1  ]	0.74	1.67	1.76	0.42	0.02	0.05	0.01	0.11	0.82	0.37	0.2	0.14191158873317808	0.148	0.071
2	['Ir', 'Pd', 'Pt', 'Rh', 'Ru']	21	[0.032 0.595 0.007 0.006 0.36 ]	[-0.139  0.005  0.054 -0.045  0.126]	0.74	1.67	1.76	0.42	0.02	0.05	0.01	0.11	0.82	0.37	0.2	0.16276749813576374	0.111	0.071
3	['Ir', 'Pd', 'Pt', 'Rh', 'Ru']	21	[0.076 0.549 0.023 0.035 0.317]	[-0.042  0.125  0.012 -0.142  0.048]	0.74	1.67	1.76	0.42	0.02	0.05	0.01	0.11	0.82	0.37	0.2	0.16487912507776298	0.04	0.071
4	['Ir', 'Pd', 'Pt', 'Rh', 'Ru']	21	[0.005 0.614 0.008 0.042 0.331]	[-0.167  0.103  0.02   0.024  0.02 ]	0.74	1.67	1.76	0.42	0.02	0.05	0.01	0.11	0.82	0.37	0.2	0.15222267693352604	0.119	0.071
0	['Ir', 'Pd', 'Pt', 'Rh', 'Ru']	22	[0.074 0.433 0.097 0.018 0.378]	[ 0.06  -0.173  0.075  0.017  0.022]	0.74	1.67	1.76	0.42	0.02	0.05	0.01	0.11	0.82	0.37	0.2	0.1462849958553504	0.176	0.071
1	['Ir', 'Pd', 'Pt', 'Rh', 'Ru']	22	[0.126 0.519 0.031 0.005 0.319]	[ 0.115 -0.14   0.028 -0.057  0.056]	0.74	1.67	1.76	0.42	0.02	0.05	0.01	0.11	0.82	0.37	0.2	0.16015107647663024	0.071	0.071
2	['Ir', 'Pd', 'Pt', 'Rh', 'Ru']	22	[0.019 0.704 0.017 0.054 0.206]	[-0.011  0.117  0.013  0.037 -0.157]	0.74	1.67	1.76	0.42	0.02	0.05	0.01	0.11	0.82	0.37	0.2	0.1306389384258084	0.199	0.071
3	['Ir', 'Pd', 'Pt', 'Rh', 'Ru']	22	[0.015 0.577 0.011 0.017 0.38 ]	[-0.082  0.019 -0.028  0.034  0.056]	0.74	1.67	1.76	0.42	0.02	0.05	0.01	0.11	0.82	0.37	0.2	0.16113735481415972	0.125	0.071
4	['Ir', 'Pd', 'Pt', 'Rh', 'Ru']	22	[0.145 0.477 0.037 0.037 0.304]	[ 0.14  -0.137  0.029 -0.005 -0.027]	0.74	1.67	1.76	0.42	0.02	0.05	0.01	0.11	0.82	0.37	0.2	0.15396742728326385	0.094	0.071
0	['Ir', 'Pd', 'Pt', 'Rh', 'Ru']	23	[0.008 0.586 0.009 0.019 0.378]	[-0.119  0.131  0.072 -0.042 -0.042]	0.74	1.67	1.76	0.42	0.02	0.05	0.01	0.11	0.82	0.37	0.2	0.1586338864834508	0.13	0.071
1	['Ir', 'Pd', 'Pt', 'Rh', 'Ru']	23	[0.029 0.568 0.011 0.018 0.374]	[ 0.148  0.015 -0.091 -0.095  0.023]	0.74	1.67	1.76	0.42	0.02	0.05	0.01	0.11	0.82	0.37	0.2	0.1661140899842213	0.109	0.071
2	['Ir', 'Pd', 'Pt', 'Rh', 'Ru']	23	[0.058 0.566 0.025 0.012 0.339]	[ 0.039 -0.138  0.008 -0.042  0.133]	0.74	1.67	1.76	0.42	0.02	0.05	0.01	0.11	0.82	0.37	0.2	0.16477139692211432	0.075	0.071
3	['Ir', 'Pd', 'Pt', 'Rh', 'Ru']	23	[0.044 0.624 0.014 0.056 0.262]	[ 0.04   0.061 -0.016  0.051 -0.135]	0.74	1.67	1.76	0.42	0.02	0.05	0.01	0.11	0.82	0.37	0.2	0.158381730582546	0.101	0.071
4	['Ir', 'Pd', 'Pt', 'Rh', 'Ru']	23	[0.012 0.576 0.014 0.003 0.395]	[-0.15   0.087  0.032 -0.048  0.08 ]	0.74	1.67	1.76	0.42	0.02	0.05	0.01	0.11	0.82	0.37	0.2	0.1615537097522659	0.141	0.071
0	['Ir', 'Pd', 'Pt', 'Rh', 'Ru']	24	[0.002 0.562 0.101 0.014 0.321]	[-0.016 -0.029  0.089  0.021 -0.065]	0.74	1.67	1.76	0.42	0.02	0.05	0.01	0.11	0.82	0.37	0.2	0.1642518664605994	0.147	0.071
1	['Ir', 'Pd', 'Pt', 'Rh', 'Ru']	24	[0.144 0.576 0.006 0.032 0.242]	[ 0.126  0.005 -0.002  0.026 -0.154]	0.74	1.67	1.76	0.42	0.02	0.05	0.01	0.11	0.82	0.37	0.2	0.16214512752390536	0.08	0.071
2	['Ir', 'Pd', 'Pt', 'Rh', 'Ru']	24	[0.171 0.484 0.082 0.037 0.226]	[ 0.113 -0.082  0.057  0.025 -0.113]	0.74	1.67	1.76	0.42	0.02	0.05	0.01	0.11	0.82	0.37	0.2	0.14660627240123597	0.148	0.071
3	['Ir', 'Pd', 'Pt', 'Rh', 'Ru']	24	[0.067 0.479 0.013 0.044 0.397]	[ 0.023 -0.145 -0.001 -0.012  0.135]	0.74	1.67	1.76	0.42	0.02	0.05	0.01	0.11	0.82	0.37	0.2	0.15859873046882939	0.125	0.071
4	['Ir', 'Pd', 'Pt', 'Rh', 'Ru']	24	[0.093 0.568 0.013 0.061 0.265]	[ 0.081 -0.007 -0.001  0.058 -0.13 ]	0.74	1.67	1.76	0.42	0.02	0.05	0.01	0.11	0.82	0.37	0.2	0.16639562016427778	0.043	0.071
0	['Ir', 'Pd', 'Pt', 'Rh', 'Ru']	25	[0.106 0.522 0.039 0.057 0.276]	[ 0.087 -0.1    0.108  0.009 -0.104]	0.74	1.67	1.76	0.42	0.02	0.05	0.01	0.11	0.82	0.37	0.2	0.16367375863911393	0.054	0.071
1	['Ir', 'Pd', 'Pt', 'Rh', 'Ru']	25	[0.03  0.581 0.031 0.058 0.3  ]	[ 0.169 -0.08  -0.048 -0.046  0.005]	0.74	1.67	1.76	0.42	0.02	0.05	0.01	0.11	0.82	0.37	0.2	0.16085963829455732	0.083	0.071
2	['Ir', 'Pd', 'Pt', 'Rh', 'Ru']	25	[0.208 0.503 0.051 0.018 0.22 ]	[ 0.016 -0.027  0.164 -0.067 -0.086]	0.74	1.67	1.76	0.42	0.02	0.05	0.01	0.11	0.82	0.37	0.2	0.146447009954594	0.155	0.071
3	['Ir', 'Pd', 'Pt', 'Rh', 'Ru']	25	[0.144 0.407 0.065 0.126 0.258]	[ 0.077 -0.072  0.052  0.082 -0.139]	0.74	1.67	1.76	0.42	0.02	0.05	0.01	0.11	0.82	0.37	0.2	0.14010835442022054	0.185	0.071
4	['Ir', 'Pd', 'Pt', 'Rh', 'Ru']	25	[0.13  0.571 0.014 0.081 0.204]	[ 0.037  0.003  0.001  0.02  -0.061]	0.74	1.67	1.76	0.42	0.02	0.05	0.01	0.11	0.82	0.37	0.2	0.16028977818462845	0.108	0.071
0	['Ir', 'Pd', 'Pt', 'Rh', 'Ru']	26	[0.037 0.534 0.002 0.008 0.419]	[-0.086 -0.004  0.025 -0.066  0.131]	0.74	1.67	1.76	0.42	0.02	0.05	0.01	0.11	0.82	0.37	0.2	0.16494687069022074	0.142	0.071
1	['Ir', 'Pd', 'Pt', 'Rh', 'Ru']	26	[0.196 0.5   0.005 0.009 0.29 ]	[ 0.151 -0.108 -0.051  0.042 -0.034]	0.74	1.67	1.76	0.42	0.02	0.05	0.01	0.11	0.82	0.37	0.2	0.1551718863924376	0.116	0.071
2	['Ir', 'Pd', 'Pt', 'Rh', 'Ru']	26	[0.043 0.551 0.074 0.014 0.318]	[-0.165  0.049  0.023 -0.004  0.098]	0.74	1.67	1.76	0.42	0.02	0.05	0.01	0.11	0.82	0.37	0.2	0.16625584814274064	0.102	0.071
3	['Ir', 'Pd', 'Pt', 'Rh', 'Ru']	26	[0.071 0.567 0.025 0.046 0.291]	[-0.073  0.16  -0.04  -0.08   0.033]	0.74	1.67	1.76	0.42	0.02	0.05	0.01	0.11	0.82	0.37	0.2	0.16624999946301233	0.043	0.071
4	['Ir', 'Pd', 'Pt', 'Rh', 'Ru']	26	[0.054 0.518 0.045 0.017 0.366]	[-0.076 -0.053  0.031 -0.064  0.162]	0.74	1.67	1.76	0.42	0.02	0.05	0.01	0.11	0.82	0.37	0.2	0.16404853622937443	0.103	0.071
0	['Ir', 'Pd', 'Pt', 'Rh', 'Ru']	27	[0.006 0.568 0.139 0.    0.287]	[ 0.023  0.018  0.124 -0.011 -0.154]	0.74	1.67	1.76	0.42	0.02	0.05	0.01	0.11	0.82	0.37	0.2	0.16136063503756765	0.176	0.071
1	['Ir', 'Pd', 'Pt', 'Rh', 'Ru']	27	[0.028 0.584 0.061 0.001 0.326]	[-0.168  0.085  0.056 -0.008  0.036]	0.74	1.67	1.76	0.42	0.02	0.05	0.01	0.11	0.82	0.37	0.2	0.16244733721537138	0.115	0.071
2	['Ir', 'Pd', 'Pt', 'Rh', 'Ru']	27	[0.004 0.591 0.001 0.006 0.398]	[-0.044  0.035 -0.079  0.012  0.076]	0.74	1.67	1.76	0.42	0.02	0.05	0.01	0.11	0.82	0.37	0.2	0.1546866116635277	0.15	0.071
3	['Ir', 'Pd', 'Pt', 'Rh', 'Ru']	27	[0.002 0.492 0.036 0.031 0.439]	[-0.089 -0.097 -0.005  0.049  0.142]	0.74	1.67	1.76	0.42	0.02	0.05	0.01	0.11	0.82	0.37	0.2	0.150524999110894	0.184	0.071
4	['Ir', 'Pd', 'Pt', 'Rh', 'Ru']	27	[0.032 0.645 0.061 0.032 0.23 ]	[-0.022  0.127  0.016  0.015 -0.136]	0.74	1.67	1.76	0.42	0.02	0.05	0.01	0.11	0.82	0.37	0.2	0.15086493861139325	0.15	0.071
0	['Ir', 'Pd', 'Pt', 'Rh', 'Ru']	28	[0.066 0.554 0.03  0.004 0.346]	[ 0.011 -0.101  0.155 -0.075  0.01 ]	0.74	1.67	1.76	0.42	0.02	0.05	0.01	0.11	0.82	0.37	0.2	0.16538277589808403	0.079	0.071
1	['Ir', 'Pd', 'Pt', 'Rh', 'Ru']	28	[0.032 0.645 0.008 0.012 0.303]	[ 0.041  0.061 -0.07   0.003 -0.036]	0.74	1.67	1.76	0.42	0.02	0.05	0.01	0.11	0.82	0.37	0.2	0.15782637042711656	0.123	0.071
2	['Ir', 'Pd', 'Pt', 'Rh', 'Ru']	28	[0.12  0.554 0.067 0.005 0.254]	[ 0.116 -0.037  0.066 -0.001 -0.144]	0.74	1.67	1.76	0.42	0.02	0.05	0.01	0.11	0.82	0.37	0.2	0.15775583815021432	0.095	0.071
3	['Ir', 'Pd', 'Pt', 'Rh', 'Ru']	28	[0.051 0.602 0.044 0.023 0.28 ]	[ 0.049  0.11   0.008 -0.008 -0.159]	0.74	1.67	1.76	0.42	0.02	0.05	0.01	0.11	0.82	0.37	0.2	0.16313751094294304	0.09	0.071
4	['Ir', 'Pd', 'Pt', 'Rh', 'Ru']	28	[0.009 0.698 0.043 0.004 0.246]	[-0.15   0.072  0.109 -0.024 -0.007]	0.74	1.67	1.76	0.42	0.02	0.05	0.01	0.11	0.82	0.37	0.2	0.13536967883017204	0.193	0.071
0	['Ir', 'Pd', 'Pt', 'Rh', 'Ru']	29	[0.004 0.448 0.131 0.022 0.395]	[-0.062 -0.106  0.103  0.016  0.05 ]	0.74	1.67	1.76	0.42	0.02	0.05	0.01	0.11	0.82	0.37	0.2	0.14748656939155189	0.216	0.071
1	['Ir', 'Pd', 'Pt', 'Rh', 'Ru']	29	[0.134 0.481 0.019 0.013 0.353]	[ 0.102 -0.164  0.011  0.001  0.05 ]	0.74	1.67	1.76	0.42	0.02	0.05	0.01	0.11	0.82	0.37	0.2	0.1558389041666372	0.102	0.071
2	['Ir', 'Pd', 'Pt', 'Rh', 'Ru']	29	[0.053 0.516 0.011 0.002 0.418]	[-0.098 -0.067  0.051 -0.035  0.149]	0.74	1.67	1.76	0.42	0.02	0.05	0.01	0.11	0.82	0.37	0.2	0.16130694978623059	0.14	0.071
3	['Ir', 'Pd', 'Pt', 'Rh', 'Ru']	29	[0.136 0.517 0.01  0.006 0.331]	[ 0.072 -0.123  0.028 -0.01   0.033]	0.74	1.67	1.76	0.42	0.02	0.05	0.01	0.11	0.82	0.37	0.2	0.16256283193665805	0.073	0.071
4	['Ir', 'Pd', 'Pt', 'Rh', 'Ru']	29	[0.042 0.764 0.001 0.003 0.19 ]	[-0.094  0.147  0.052 -0.027 -0.078]	0.74	1.67	1.76	0.42	0.02	0.05	0.01	0.11	0.82	0.37	0.2	0.1159366504651607	0.252	0.071
0	['Ir', 'Pd', 'Pt', 'Rh', 'Ru']	30	[0.156 0.388 0.02  0.053 0.383]	[ 0.152 -0.06  -0.111  0.031 -0.012]	0.74	1.67	1.76	0.42	0.02	0.05	0.01	0.11	0.82	0.37	0.2	0.1321047424135684	0.192	0.071
1	['Ir', 'Pd', 'Pt', 'Rh', 'Ru']	30	[0.062 0.631 0.019 0.012 0.276]	[-0.072  0.15  -0.    -0.001 -0.077]	0.74	1.67	1.76	0.42	0.02	0.05	0.01	0.11	0.82	0.37	0.2	0.15699356687632018	0.102	0.071
2	['Ir', 'Pd', 'Pt', 'Rh', 'Ru']	30	[0.154 0.525 0.062 0.006 0.253]	[ 0.101  0.009  0.051  0.005 -0.165]	0.74	1.67	1.76	0.42	0.02	0.05	0.01	0.11	0.82	0.37	0.2	0.15504381155761154	0.107	0.071
3	['Ir', 'Pd', 'Pt', 'Rh', 'Ru']	30	[0.049 0.522 0.063 0.048 0.318]	[-0.087  0.004  0.053  0.042 -0.013]	0.74	1.67	1.76	0.42	0.02	0.05	0.01	0.11	0.82	0.37	0.2	0.16432369449614573	0.088	0.071
4	['Ir', 'Pd', 'Pt', 'Rh', 'Ru']	30	[0.071 0.819 0.001 0.001 0.108]	[-0.134  0.139  0.018  0.021 -0.044]	0.74	1.67	1.76	0.42	0.02	0.05	0.01	0.11	0.82	0.37	0.2	0.10073950620619265	0.335	0.071
